% f evaluations | g evaluations | best noise-free fitness - Fopt (-1.000000000000e+03) + sum g_i+ | measured fitness | best measured fitness or single-digit g-values | x1 | x2...
1 0 +4.052703575e+01 -9.594729642e+02 -9.594729642e+02 +2.9654e+00 -3.1657e+00 +2.7969e+00 +9.6850e-01 -5.4167e-01
11 0 +2.424599599e+01 -9.757540040e+02 -9.757540040e+02 +3.4228e+00 -5.0246e-01 -1.0485e+00 +4.2666e+00 +2.2727e+00
30 0 +1.200819771e+01 -9.879918023e+02 -9.879918023e+02 -2.3322e+00 +4.7661e+00 -8.8963e-01 -4.6695e+00 -1.5493e+00
109 0 +8.527543358e+00 -9.914724566e+02 -9.914724566e+02 -2.2527e+00 -2.9277e+00 +3.7822e+00 +2.5700e+00 -4.5310e+00
641 0 +8.204294783e+00 -9.917957052e+02 -9.917957052e+02 +1.0843e+00 +7.2004e-01 +2.2535e+00 -2.0230e+00 -2.7264e+00
1018 0 +8.007543910e+00 -9.919924561e+02 -9.919924561e+02 -2.6006e+00 +1.8457e+00 -4.1213e+00 -3.6118e+00 -4.4712e+00
1039 0 +7.568187685e+00 -9.924318123e+02 -9.924318123e+02 +2.6831e+00 +3.9692e-01 +8.6751e-01 +2.2427e+00 +1.0703e+00
1208 0 +3.172175984e+00 -9.968278240e+02 -9.968278240e+02 -1.4361e-01 +2.5215e-02 +2.9726e+00 -3.2407e+00 -3.6986e+00
1348 0 +3.044154360e+00 -9.969558456e+02 -9.969558456e+02 -1.4361e-01 +2.5215e-02 +2.9726e+00 -3.2407e+00 -3.9821e+00
1629 0 +1.962812566e+00 -9.980371874e+02 -9.980371874e+02 +1.0843e+00 +1.0896e-01 +2.2535e+00 -2.0167e+00 -2.7264e+00
2132 0 +1.087573098e+00 -9.989124269e+02 -9.989124269e+02 +2.6831e+00 +3.9692e-01 +8.6751e-01 +2.2427e+00 +7.6950e-01
2294 0 +9.919292168e-01 -9.990080708e+02 -9.990080708e+02 +1.0843e+00 +1.0896e-01 +2.2535e+00 -2.0167e+00 -2.3294e+00
2394 0 +9.496442979e-01 -9.990503557e+02 -9.990503557e+02 +2.3229e+00 +1.0596e+00 +1.3825e+00 +1.5108e+00 -2.3405e-01
2551 0 +8.296455368e-01 -9.991703545e+02 -9.991703545e+02 +1.0843e+00 +1.0896e-01 +2.4910e+00 -2.0167e+00 -2.3294e+00
3708 0 +1.856206747e-01 -9.998143793e+02 -9.998143793e+02 +1.2410e+00 +6.1845e-01 +2.4889e+00 +7.7486e-01 -1.0777e+00
4473 0 +1.185399436e-01 -9.998814601e+02 -9.998814601e+02 +1.2410e+00 +6.1845e-01 +2.3492e+00 +7.7486e-01 -1.0777e+00
5211 0 +1.048815750e-01 -9.998951184e+02 -9.998951184e+02 +1.0843e+00 +1.0896e-01 +2.4910e+00 -2.0167e+00 -2.4903e+00
5494 0 +7.712879089e-02 -9.999228712e+02 -9.999228712e+02 +1.0843e+00 +6.7185e-02 +2.4910e+00 -2.0167e+00 -2.4903e+00
7942 0 +7.463629772e-02 -9.999253637e+02 -9.999253637e+02 +1.0843e+00 +6.1227e-02 +2.4910e+00 -2.0167e+00 -2.4903e+00
8204 0 +6.370426887e-02 -9.999362957e+02 -9.999362957e+02 +1.0843e+00 +6.1227e-02 +2.4910e+00 -1.9855e+00 -2.4903e+00
9234 0 +5.028092398e-02 -9.999497191e+02 -9.999497191e+02 +1.0398e+00 +4.1426e-01 +2.7763e+00 -4.4197e-01 -1.8989e+00
9288 0 +2.158981486e-02 -9.999784102e+02 -9.999784102e+02 +1.0398e+00 +4.1426e-01 +2.6132e+00 -4.4197e-01 -1.8989e+00
9446 0 +8.553105740e-03 -9.999914469e+02 -9.999914469e+02 +1.0398e+00 +4.1426e-01 +2.6132e+00 -5.4727e-01 -1.8989e+00
11199 0 +7.182248437e-03 -9.999928178e+02 -9.999928178e+02 +1.0398e+00 +4.2836e-01 +2.6132e+00 -5.4727e-01 -1.8989e+00
11854 0 +6.221164717e-03 -9.999937788e+02 -9.999937788e+02 +1.0525e+00 +4.2114e-01 +2.6132e+00 -5.4727e-01 -1.8989e+00
12563 0 +4.860651034e-03 -9.999951393e+02 -9.999951393e+02 +1.0525e+00 +4.4328e-01 +2.6132e+00 -5.4727e-01 -1.8989e+00
12749 0 +3.626212859e-03 -9.999963738e+02 -9.999963738e+02 +1.1000e+00 +4.4328e-01 +2.6132e+00 -5.4727e-01 -1.8989e+00
13544 0 +2.233072646e-03 -9.999977669e+02 -9.999977669e+02 +1.2554e+00 +4.8892e-01 +2.5227e+00 -4.1794e-01 -1.7863e+00
13851 0 +1.206966729e-03 -9.999987930e+02 -9.999987930e+02 +1.1944e+00 +4.8892e-01 +2.5227e+00 -4.1794e-01 -1.7863e+00
13947 0 +9.400986985e-04 -9.999990599e+02 -9.999990599e+02 +1.2300e+00 +4.8892e-01 +2.5231e+00 -4.1794e-01 -1.7612e+00
14311 0 +9.287295368e-04 -9.999990713e+02 -9.999990713e+02 +1.2391e+00 +4.9684e-01 +2.5150e+00 -3.8426e-01 -1.7400e+00
14608 0 +8.844558686e-04 -9.999991155e+02 -9.999991155e+02 +1.2637e+00 +4.9684e-01 +2.5150e+00 -3.8426e-01 -1.7400e+00
14656 0 +8.177380046e-04 -9.999991823e+02 -9.999991823e+02 +1.2637e+00 +5.0297e-01 +2.5150e+00 -3.8426e-01 -1.7400e+00
14761 0 +1.857248903e-04 -9.999998143e+02 -9.999998143e+02 +1.4545e+00 +7.6221e-01 +2.5039e+00 +2.1968e-01 -1.4533e+00
15060 0 +6.668655033e-05 -9.999999333e+02 -9.999999333e+02 +1.3286e+00 +6.3497e-01 +2.5792e+00 -1.6412e-01 -1.6655e+00
15074 0 +5.190870229e-05 -9.999999481e+02 -9.999999481e+02 +1.3286e+00 +6.3713e-01 +2.5792e+00 -1.6412e-01 -1.6655e+00
15185 0 +4.293768279e-05 -9.999999571e+02 -9.999999571e+02 +1.3242e+00 +6.3667e-01 +2.5792e+00 -1.7427e-01 -1.6740e+00
15198 0 +3.117632014e-05 -9.999999688e+02 -9.999999688e+02 +1.3257e+00 +6.3722e-01 +2.5832e+00 -1.9113e-01 -1.6840e+00
15259 0 +5.623724974e-06 -9.999999944e+02 -9.999999944e+02 +1.3652e+00 +7.4051e-01 +2.6118e+00 +6.3822e-03 -1.6045e+00
15843 0 +1.934111310e-06 -9.999999981e+02 -9.999999981e+02 +1.3667e+00 +7.1156e-01 +2.6015e+00 -6.0012e-02 -1.6227e+00
15942 0 +1.158623036e-06 -9.999999988e+02 -9.999999988e+02 +1.3603e+00 +7.0410e-01 +2.6015e+00 -9.0934e-02 -1.6402e+00
15962 0 +8.465900692e-07 -9.999999992e+02 -9.999999992e+02 +1.3204e+00 +7.1293e-01 +2.6713e+00 -2.1457e-01 -1.7399e+00
15965 0 +6.884603181e-07 -9.999999993e+02 -9.999999993e+02 +1.3841e+00 +7.4114e-01 +2.6125e+00 -3.5104e-02 -1.6229e+00
16023 0 +1.792103603e-07 -9.999999998e+02 -9.999999998e+02 +1.3204e+00 +7.1293e-01 +2.6713e+00 -2.1457e-01 -1.7449e+00
16132 0 +1.743368330e-07 -9.999999998e+02 -9.999999998e+02 +1.3363e+00 +7.1291e-01 +2.6615e+00 -1.9734e-01 -1.7262e+00
16192 0 +1.213204541e-07 -9.999999999e+02 -9.999999999e+02 +1.3415e+00 +7.2166e-01 +2.6615e+00 -1.7628e-01 -1.7172e+00
16242 0 +1.070691269e-07 -9.999999999e+02 -9.999999999e+02 +1.3415e+00 +7.2222e-01 +2.6615e+00 -1.7628e-01 -1.7172e+00
16304 0 +2.812350886e-08 -1.000000000e+03 -1.000000000e+03 +1.3304e+00 +7.1705e-01 +2.6495e+00 -1.6939e-01 -1.7127e+00
16307 0 +4.361254469e-09 -1.000000000e+03 -1.000000000e+03 +1.3404e+00 +7.2240e-01 +2.6481e+00 -1.5844e-01 -1.7050e+00
17242 0 +0.000000000e+00 -1.000000000e+03 -1.000000000e+03 +1.3496e+00 +7.1826e-01 +2.6349e+00 -1.4396e-01 -1.6890e+00
20002 0 +0.000000000e+00 -1.000000000e+03 -1.000000000e+03 +1.3496e+00 +7.1826e-01 +2.6349e+00 -1.4396e-01 -1.6890e+00
% f evaluations | g evaluations | best noise-free fitness - Fopt (1.000000000000e+03) + sum g_i+ | measured fitness | best measured fitness or single-digit g-values | x1 | x2...
1 0 +8.171448638e+01 +1.081714486e+03 +1.081714486e+03 +2.9654e+00 -3.1657e+00 +2.7969e+00 +9.6850e-01 -5.4167e-01
2 0 +7.847583976e+01 +1.078475840e+03 +1.078475840e+03 -4.0003e+00 -4.0751e-01 -1.6629e+00 -3.5713e+00 +1.5089e+00
4 0 +7.199136235e+01 +1.071991362e+03 +1.071991362e+03 +1.1748e+00 +1.1165e+00 -4.9293e+00 -4.7694e+00 +2.4775e-01
7 0 +5.468515405e+01 +1.054685154e+03 +1.054685154e+03 +1.8031e+00 -4.9501e-01 -4.8674e+00 +4.4220e+00 +6.3288e-01
22 0 +4.163150886e+01 +1.041631509e+03 +1.041631509e+03 +1.0442e+00 +3.9841e-01 -2.9694e+00 +4.4285e+00 +9.8865e-01
28 0 +3.963627130e+01 +1.039636271e+03 +1.039636271e+03 -2.8124e+00 +5.8102e-01 -9.6164e-01 -4.3511e+00 -2.4608e+00
40 0 +2.730765037e+01 +1.027307650e+03 +1.027307650e+03 +2.0036e+00 +3.4666e+00 +3.5632e+00 -9.5492e-01 +3.8777e+00
127 0 +2.238697786e+01 +1.022386978e+03 +1.022386978e+03 +1.8717e+00 +3.4444e+00 +2.4962e+00 -4.6953e+00 +3.6721e+00
278 0 +7.264629127e+00 +1.007264629e+03 +1.007264629e+03 -1.4585e+00 -1.0284e+00 -3.9513e+00 +2.3741e+00 -1.3290e+00
717 0 +2.468972904e+00 +1.002468973e+03 +1.002468973e+03 -1.4585e+00 -1.0284e+00 -3.3692e+00 +2.3741e+00 -1.3290e+00
1966 0 +1.939630659e+00 +1.001939631e+03 +1.001939631e+03 -1.4585e+00 -1.0284e+00 -3.3692e+00 +2.3741e+00 -1.8360e+00
3832 0 +1.738161800e+00 +1.001738162e+03 +1.001738162e+03 -1.6954e+00 -1.5715e+00 -3.3473e+00 +2.1711e+00 -9.9124e-01
4270 0 +1.659147068e+00 +1.001659147e+03 +1.001659147e+03 -1.3672e+00 -1.5715e+00 -3.3473e+00 +2.1711e+00 -9.9124e-01
4893 0 +6.444265750e-01 +1.000644427e+03 +1.000644427e+03 -1.3672e+00 -1.5715e+00 -3.3473e+00 +2.1711e+00 -1.5471e+00
4993 0 +5.372655556e-01 +1.000537266e+03 +1.000537266e+03 -1.5592e+00 -1.5715e+00 -3.3473e+00 +2.1711e+00 -1.5471e+00
5573 0 +5.108081992e-01 +1.000510808e+03 +1.000510808e+03 -5.0981e-01 -1.7345e+00 -1.9671e+00 +1.6599e+00 -4.8463e+00
7004 0 +4.106376999e-01 +1.000410638e+03 +1.000410638e+03 -6.0131e-01 -1.7345e+00 -1.9671e+00 +1.6611e+00 -4.8463e+00
7661 0 +3.711507132e-01 +1.000371151e+03 +1.000371151e+03 -6.0131e-01 -1.7345e+00 -2.0637e+00 +1.6611e+00 -4.8463e+00
8570 0 +1.304156999e-01 +1.000130416e+03 +1.000130416e+03 -7.5969e-01 -1.7345e+00 -2.0637e+00 +1.6611e+00 -4.8463e+00
9254 0 +1.283712598e-01 +1.000128371e+03 +1.000128371e+03 -7.5969e-01 -1.7345e+00 -2.1382e+00 +1.6611e+00 -4.8463e+00
9524 0 +8.383218122e-02 +1.000083832e+03 +1.000083832e+03 -4.9227e-01 -1.7102e+00 -1.6703e+00 +2.6340e+00 -2.2865e+00
10106 0 +8.005627084e-02 +1.000080056e+03 +1.000080056e+03 -4.9227e-01 -1.7102e+00 -1.6703e+00 +2.6340e+00 -2.2505e+00
11071 0 +7.621097725e-02 +1.000076211e+03 +1.000076211e+03 -5.0528e-01 -1.7102e+00 -1.6703e+00 +2.6340e+00 -2.2505e+00
11402 0 +7.010998473e-02 +1.000070110e+03 +1.000070110e+03 -5.5531e-01 -1.7102e+00 -1.6723e+00 +2.6340e+00 -2.2505e+00
11710 0 +4.910108541e-02 +1.000049101e+03 +1.000049101e+03 -5.5531e-01 -1.6699e+00 -1.6723e+00 +2.6340e+00 -2.2505e+00
12148 0 +1.687480955e-02 +1.000016875e+03 +1.000016875e+03 -7.2122e-01 -1.2152e+00 -2.0203e+00 +2.5348e+00 -3.1593e+00
12208 0 +1.557960962e-02 +1.000015580e+03 +1.000015580e+03 -7.2122e-01 -1.2152e+00 -2.0203e+00 +2.5348e+00 -3.1182e+00
12523 0 +1.527229232e-02 +1.000015272e+03 +1.000015272e+03 -7.2122e-01 -1.2234e+00 -2.0203e+00 +2.5208e+00 -3.1182e+00
13275 0 +1.291341274e-02 +1.000012913e+03 +1.000012913e+03 -7.2122e-01 -1.3583e+00 -1.9083e+00 +2.5208e+00 -3.1182e+00
13453 0 +3.950265676e-03 +1.000003950e+03 +1.000003950e+03 -6.3368e-01 -1.3583e+00 -1.9083e+00 +2.5208e+00 -3.1182e+00
13582 0 +3.754598790e-03 +1.000003755e+03 +1.000003755e+03 -6.3368e-01 -1.3449e+00 -1.9083e+00 +2.5208e+00 -3.1182e+00
13700 0 +8.950479212e-04 +1.000000895e+03 +1.000000895e+03 -8.2046e-01 -1.3497e+00 -2.2461e+00 +2.6633e+00 -1.9626e+00
14617 0 +8.819088529e-04 +1.000000882e+03 +1.000000882e+03 -8.2046e-01 -1.3553e+00 -2.2461e+00 +2.6633e+00 -1.9626e+00
14852 0 +8.637420866e-04 +1.000000864e+03 +1.000000864e+03 -6.4515e-01 -1.4087e+00 -1.9199e+00 +2.5183e+00 -2.8460e+00
15695 0 +8.087905475e-04 +1.000000809e+03 +1.000000809e+03 -8.1285e-01 -1.3553e+00 -2.2310e+00 +2.6633e+00 -1.9626e+00
15838 0 +7.451168591e-04 +1.000000745e+03 +1.000000745e+03 -8.1285e-01 -1.3553e+00 -2.2310e+00 +2.6633e+00 -1.9984e+00
15984 0 +3.751179935e-04 +1.000000375e+03 +1.000000375e+03 -6.4515e-01 -1.4210e+00 -1.9564e+00 +2.5183e+00 -2.7703e+00
16064 0 +3.009980918e-04 +1.000000301e+03 +1.000000301e+03 -6.7541e-01 -1.4210e+00 -1.9564e+00 +2.5183e+00 -2.7703e+00
16256 0 +2.709453554e-04 +1.000000271e+03 +1.000000271e+03 -6.3834e-01 -1.3765e+00 -1.9584e+00 +2.6901e+00 -2.3788e+00
16266 0 +3.122513431e-05 +1.000000031e+03 +1.000000031e+03 -6.3834e-01 -1.3765e+00 -1.9584e+00 +2.6721e+00 -2.3788e+00
16510 0 +2.727025958e-05 +1.000000027e+03 +1.000000027e+03 -6.9834e-01 -1.4457e+00 -1.9940e+00 +2.5800e+00 -2.4387e+00
16517 0 +2.691329951e-05 +1.000000027e+03 +1.000000027e+03 -7.3682e-01 -1.4868e+00 -2.0867e+00 +2.4760e+00 -2.5718e+00
16616 0 +8.022788279e-06 +1.000000008e+03 +1.000000008e+03 -7.2226e-01 -1.4469e+00 -2.0867e+00 +2.5457e+00 -2.4374e+00
16658 0 +7.243422601e-06 +1.000000007e+03 +1.000000007e+03 -7.2048e-01 -1.4626e+00 -2.0385e+00 +2.5735e+00 -2.3851e+00
16663 0 +1.922770593e-06 +1.000000002e+03 +1.000000002e+03 -7.4447e-01 -1.4434e+00 -2.0981e+00 +2.5801e+00 -2.3007e+00
16743 0 +1.734634111e-06 +1.000000002e+03 +1.000000002e+03 -7.4447e-01 -1.4415e+00 -2.0981e+00 +2.5801e+00 -2.3007e+00
16788 0 +1.660859084e-06 +1.000000002e+03 +1.000000002e+03 -7.4164e-01 -1.4300e+00 -2.1021e+00 +2.5588e+00 -2.3959e+00
16812 0 +1.641181484e-06 +1.000000002e+03 +1.000000002e+03 -7.4164e-01 -1.4300e+00 -2.1021e+00 +2.5595e+00 -2.3959e+00
16816 0 +3.812726845e-07 +1.000000000e+03 +1.000000000e+03 -6.9115e-01 -1.4011e+00 -2.0217e+00 +2.6278e+00 -2.3522e+00
16869 0 +5.046751994e-08 +1.000000000e+03 +1.000000000e+03 -7.2696e-01 -1.4073e+00 -2.0617e+00 +2.6024e+00 -2.3579e+00
16941 0 +4.215178251e-08 +1.000000000e+03 +1.000000000e+03 -7.2286e-01 -1.4073e+00 -2.0617e+00 +2.6038e+00 -2.3634e+00
16986 0 +3.811237548e-08 +1.000000000e+03 +1.000000000e+03 -7.1430e-01 -1.3953e+00 -2.0513e+00 +2.6158e+00 -2.3576e+00
16997 0 +3.801392268e-08 +1.000000000e+03 +1.000000000e+03 -7.2225e-01 -1.4073e+00 -2.0617e+00 +2.6038e+00 -2.3634e+00
17035 0 +1.648186299e-08 +1.000000000e+03 +1.000000000e+03 -7.1322e-01 -1.3947e+00 -2.0466e+00 +2.6246e+00 -2.3349e+00
17041 0 +1.073908606e-08 +1.000000000e+03 +1.000000000e+03 -7.2225e-01 -1.4073e+00 -2.0617e+00 +2.6038e+00 -2.3591e+00
17055 0 +7.846665540e-09 +1.000000000e+03 +1.000000000e+03 -7.2225e-01 -1.4114e+00 -2.0612e+00 +2.6015e+00 -2.3601e+00
17561 0 +4.547473509e-13 +1.000000000e+03 +1.000000000e+03 -7.1534e-01 -1.4044e+00 -2.0542e+00 +2.6153e+00 -2.3331e+00
17612 0 +0.000000000e+00 +1.000000000e+03 +1.000000000e+03 -7.1459e-01 -1.4028e+00 -2.0535e+00 +2.6175e+00 -2.3302e+00
20002 0 +0.000000000e+00 +1.000000000e+03 +1.000000000e+03 -7.1459e-01 -1.4028e+00 -2.0535e+00 +2.6175e+00 -2.3302e+00
% f evaluations | g evaluations | best noise-free fitness - Fopt (-4.913000000000e+01) + sum g_i+ | measured fitness | best measured fitness or single-digit g-values | x1 | x2...
1 0 +7.509872121e+01 +2.596872121e+01 +2.596872121e+01 +2.9654e+00 -3.1657e+00 +2.7969e+00 +9.6850e-01 -5.4167e-01
4 0 +7.470293129e+01 +2.557293129e+01 +2.557293129e+01 +1.1748e+00 +1.1165e+00 -4.9293e+00 -4.7694e+00 +2.4775e-01
17 0 +6.266000527e+01 +1.353000527e+01 +1.353000527e+01 +3.5004e+00 -5.0549e-01 -4.0459e+00 -1.2918e+00 +1.6884e+00
19 0 +2.557940668e+01 -2.355059332e+01 -2.355059332e+01 +4.7171e+00 +3.4891e+00 +2.2173e+00 -2.6402e+00 -2.4393e+00
223 0 +1.342961659e+01 -3.570038341e+01 -3.570038341e+01 +7.3367e-01 -3.7150e+00 +3.1120e+00 +3.2064e+00 +4.2930e-01
884 0 +6.610135777e+00 -4.251986422e+01 -4.251986422e+01 +2.9654e+00 -1.6859e+00 +2.5152e+00 +9.6850e-01 +1.1774e+00
1323 0 +1.351680985e+00 -4.777831901e+01 -4.777831901e+01 +3.3394e+00 +2.8749e+00 +4.2630e+00 +1.5108e+00 +5.7806e-01
1735 0 +7.375365616e-01 -4.839246344e+01 -4.839246344e+01 +3.3394e+00 +2.6747e+00 +4.2630e+00 +1.5108e+00 +5.7806e-01
2545 0 +5.164053206e-01 -4.861359468e+01 -4.861359468e+01 +3.4777e+00 +2.1885e+00 +3.1358e+00 +6.6541e-01 +9.9873e-01
2670 0 +4.985304643e-01 -4.863146954e+01 -4.863146954e+01 +3.4777e+00 +2.1885e+00 +3.1358e+00 -4.4994e-01 +9.9873e-01
2795 0 +1.298157722e-02 -4.911701842e+01 -4.911701842e+01 +3.4777e+00 +2.1885e+00 +2.8511e+00 -4.4994e-01 +9.9873e-01
5114 0 +1.093184900e-02 -4.911906815e+01 -4.911906815e+01 +3.4777e+00 +2.1885e+00 +2.8511e+00 -4.2456e-01 +9.9873e-01
8982 0 +9.816865612e-03 -4.912018313e+01 -4.912018313e+01 +3.4777e+00 +2.1885e+00 +2.8511e+00 -4.1129e-01 +9.9654e-01
9203 0 +7.608217316e-03 -4.912239178e+01 -4.912239178e+01 +3.4777e+00 +2.1885e+00 +2.8511e+00 -3.2284e-01 +9.9654e-01
10671 0 +7.302359613e-03 -4.912269764e+01 -4.912269764e+01 +3.4777e+00 +2.1885e+00 +2.8511e+00 -3.2284e-01 +1.0066e+00
10991 0 +6.875008700e-03 -4.912312499e+01 -4.912312499e+01 +3.5053e+00 +2.1885e+00 +2.8511e+00 -3.2284e-01 +1.0066e+00
11504 0 +5.419145386e-03 -4.912458085e+01 -4.912458085e+01 +3.5053e+00 +2.0937e+00 +2.8511e+00 -3.2284e-01 +1.0066e+00
13161 0 +4.881434391e-03 -4.912511857e+01 -4.912511857e+01 +3.5053e+00 +2.0626e+00 +2.8511e+00 -3.2284e-01 +1.0109e+00
13231 0 +4.322079690e-03 -4.912567792e+01 -4.912567792e+01 +3.5053e+00 +2.0626e+00 +2.8511e+00 -3.5071e-01 +1.0194e+00
13368 0 +3.990900033e-03 -4.912600910e+01 -4.912600910e+01 +3.5053e+00 +2.0626e+00 +2.8511e+00 -3.2029e-01 +1.0194e+00
13385 0 +3.910875280e-03 -4.912608912e+01 -4.912608912e+01 +3.7137e+00 +2.9036e+00 +3.3165e+00 +7.6948e-03 +8.8844e-01
13473 0 +1.067273187e-03 -4.912893273e+01 -4.912893273e+01 +3.7137e+00 +2.9036e+00 +3.3165e+00 -1.3816e-01 +8.8844e-01
13923 0 +9.547680064e-04 -4.912904523e+01 -4.912904523e+01 +3.7137e+00 +2.8764e+00 +3.3165e+00 -1.3816e-01 +8.8844e-01
14201 0 +9.239850119e-04 -4.912907601e+01 -4.912907601e+01 +3.7137e+00 +2.8425e+00 +3.3165e+00 -1.3816e-01 +8.8844e-01
14386 0 +7.659681318e-04 -4.912923403e+01 -4.912923403e+01 +3.6628e+00 +2.4480e+00 +3.2014e+00 -3.6009e-02 +9.3687e-01
14437 0 +5.092019495e-05 -4.912994908e+01 -4.912994908e+01 +3.6628e+00 +2.4480e+00 +3.2363e+00 -3.6009e-02 +9.6752e-01
14771 0 +3.030418006e-05 -4.912996970e+01 -4.912996970e+01 +3.6804e+00 +2.4797e+00 +3.2453e+00 -4.6166e-02 +9.6752e-01
14801 0 +1.235678196e-05 -4.912998764e+01 -4.912998764e+01 +3.6804e+00 +2.4797e+00 +3.2453e+00 -2.8085e-02 +9.6752e-01
14936 0 +9.673840331e-06 -4.912999033e+01 -4.912999033e+01 +3.7272e+00 +2.4666e+00 +3.2453e+00 -2.8085e-02 +9.9272e-01
15261 0 +8.958268097e-06 -4.912999104e+01 -4.912999104e+01 +3.6700e+00 +2.4551e+00 +3.3097e+00 +8.4537e-02 +9.4448e-01
15381 0 +8.198773216e-06 -4.912999180e+01 -4.912999180e+01 +3.7272e+00 +2.4703e+00 +3.2453e+00 -2.1369e-02 +9.9272e-01
15709 0 +7.441239596e-06 -4.912999256e+01 -4.912999256e+01 +3.7421e+00 +2.5403e+00 +3.3067e+00 +5.0230e-02 +9.6613e-01
15752 0 +7.286957654e-06 -4.912999271e+01 -4.912999271e+01 +3.7537e+00 +2.5126e+00 +3.2689e+00 -2.8085e-02 +9.8931e-01
15764 0 +6.711600307e-06 -4.912999329e+01 -4.912999329e+01 +3.7421e+00 +2.5482e+00 +3.3345e+00 +5.0230e-02 +9.6613e-01
15828 0 +6.563033686e-06 -4.912999344e+01 -4.912999344e+01 +3.8325e+00 +2.7255e+00 +3.3639e+00 -1.7873e-04 +9.7988e-01
15871 0 +5.350625401e-06 -4.912999465e+01 -4.912999465e+01 +3.7324e+00 +2.5219e+00 +3.2687e+00 -7.2761e-03 +9.8387e-01
15960 0 +1.390589723e-06 -4.912999861e+01 -4.912999861e+01 +3.7709e+00 +2.5949e+00 +3.3046e+00 -9.1071e-03 +9.7988e-01
15966 0 +1.217579353e-06 -4.912999878e+01 -4.912999878e+01 +3.7260e+00 +2.5865e+00 +3.3422e+00 +5.6741e-02 +9.4448e-01
16032 0 +2.516391646e-07 -4.912999975e+01 -4.912999975e+01 +3.7818e+00 +2.6917e+00 +3.3447e+00 -1.8014e-02 +9.5441e-01
16035 0 +7.244147326e-08 -4.912999993e+01 -4.912999993e+01 +3.7798e+00 +2.6809e+00 +3.3415e+00 -1.1899e-02 +9.6105e-01
16065 0 +4.567832690e-08 -4.912999995e+01 -4.912999995e+01 +3.7813e+00 +2.6757e+00 +3.3405e+00 -1.1429e-02 +9.6105e-01
16210 0 +1.816020045e-08 -4.912999998e+01 -4.912999998e+01 +3.7696e+00 +2.6535e+00 +3.3358e+00 +4.2693e-03 +9.6118e-01
16232 0 +6.536510000e-09 -4.912999999e+01 -4.912999999e+01 +3.7736e+00 +2.6688e+00 +3.3327e+00 -1.3401e-02 +9.5880e-01
17226 0 +9.379164112e-13 -4.913000000e+01 -4.913000000e+01 +3.7598e+00 +2.6380e+00 +3.3218e+00 -6.4573e-03 +9.5984e-01
17488 0 +0.000000000e+00 -4.913000000e+01 -4.913000000e+01 +3.7600e+00 +2.6391e+00 +3.3231e+00 -4.8958e-03 +9.5955e-01
20002 0 +0.000000000e+00 -4.913000000e+01 -4.913000000e+01 +3.7600e+00 +2.6391e+00 +3.3231e+00 -4.8958e-03 +9.5955e-01
% f evaluations | g evaluations | best noise-free fitness - Fopt (2.977300000000e+02) + sum g_i+ | measured fitness | best measured fitness or single-digit g-values | x1 | x2...
1 0 +6.650642617e+01 +3.642364262e+02 +3.642364262e+02 +2.9654e+00 -3.1657e+00 +2.7969e+00 +9.6850e-01 -5.4167e-01
9 0 +2.881888153e+01 +3.265488815e+02 +3.265488815e+02 +1.1000e+00 +3.3319e+00 -3.2664e+00 -1.0894e+00 -3.1776e+00
34 0 +1.575713772e+01 +3.134871377e+02 +3.134871377e+02 -3.4928e+00 +8.1988e-02 +1.9581e+00 +3.5836e+00 -1.7404e+00
137 0 +9.065811476e+00 +3.067958115e+02 +3.067958115e+02 +4.7507e+00 -9.2512e-02 +2.2290e+00 +3.2086e+00 +2.1846e+00
435 0 +7.884072190e+00 +3.056140722e+02 +3.056140722e+02 +2.3906e+00 -9.2512e-02 +2.2290e+00 +3.2086e+00 +2.1846e+00
581 0 +4.962137989e+00 +3.026921380e+02 +3.026921380e+02 +2.3906e+00 -9.2512e-02 +2.2290e+00 +3.2086e+00 +1.9938e+00
1619 0 +2.926273420e+00 +3.006562734e+02 +3.006562734e+02 +2.0036e+00 +3.4666e+00 +3.3179e+00 -3.2182e+00 +9.4659e-01
1755 0 +2.116134125e+00 +2.998461341e+02 +2.998461341e+02 +2.0036e+00 +3.4666e+00 +3.3179e+00 -3.2182e+00 +4.5337e-01
2539 0 +1.960398993e+00 +2.996903990e+02 +2.996903990e+02 +1.0486e+00 +2.6810e+00 +3.8264e+00 -3.1129e+00 +2.4293e-01
2540 0 +1.643975479e+00 +2.993739755e+02 +2.993739755e+02 +1.5114e+00 +3.4666e+00 +3.3179e+00 -3.2182e+00 +4.5337e-01
3153 0 +1.396334140e+00 +2.991263341e+02 +2.991263341e+02 +1.0486e+00 +2.9332e+00 +3.8264e+00 -3.1129e+00 +2.4293e-01
3962 0 +1.353216059e+00 +2.990832161e+02 +2.990832161e+02 +1.0486e+00 +2.9332e+00 +3.8264e+00 -3.1129e+00 +3.0923e-01
4604 0 +9.475231122e-01 +2.986775231e+02 +2.986775231e+02 +1.0486e+00 +3.1142e+00 +3.8264e+00 -3.1129e+00 +3.0923e-01
6117 0 +9.156238670e-01 +2.986456239e+02 +2.986456239e+02 +1.0909e+00 +3.1142e+00 +3.6865e+00 -3.1129e+00 +3.8730e-01
6205 0 +7.711099104e-01 +2.985011099e+02 +2.985011099e+02 +1.0039e+00 +1.5306e+00 +3.2852e+00 +2.0365e+00 +2.2940e-02
6290 0 +5.954869162e-01 +2.983254869e+02 +2.983254869e+02 -7.5299e-01 +1.5306e+00 +3.2852e+00 +2.0365e+00 +2.2940e-02
6374 0 +3.704993459e-01 +2.981004993e+02 +2.981004993e+02 -7.5299e-01 +1.5306e+00 +3.6129e+00 +2.0365e+00 +2.2940e-02
7809 0 +1.938580021e-01 +2.979238580e+02 +2.979238580e+02 -1.8956e+00 +1.5306e+00 +3.6129e+00 +2.0365e+00 +8.0544e-04
8639 0 +1.877073440e-01 +2.979177073e+02 +2.979177073e+02 -1.6808e+00 +1.5306e+00 +3.6129e+00 +2.0365e+00 +8.0544e-04
9368 0 +1.815667610e-01 +2.979115668e+02 +2.979115668e+02 -1.6808e+00 +1.5306e+00 +3.6252e+00 +2.0365e+00 +8.0544e-04
10061 0 +1.759197580e-01 +2.979059198e+02 +2.979059198e+02 -1.6808e+00 +1.5306e+00 +3.6412e+00 +2.0365e+00 +8.0544e-04
10153 0 +1.710590909e-01 +2.979010591e+02 +2.979010591e+02 -1.6808e+00 +1.5306e+00 +3.6708e+00 +2.0365e+00 +8.0544e-04
10461 0 +1.613250917e-01 +2.978913251e+02 +2.978913251e+02 -1.6808e+00 +1.5306e+00 +3.6708e+00 +2.0365e+00 -2.8478e-02
11759 0 +5.821041156e-02 +2.977882104e+02 +2.977882104e+02 -2.8107e+00 +2.8664e-01 +3.5454e+00 +2.5900e+00 +1.6674e+00
11889 0 +2.803705512e-02 +2.977580371e+02 +2.977580371e+02 -2.8107e+00 +2.8664e-01 +3.7300e+00 +2.5900e+00 +1.6674e+00
12400 0 +2.513935053e-02 +2.977551394e+02 +2.977551394e+02 -2.9083e+00 +2.8664e-01 +3.7484e+00 +2.5900e+00 +1.6674e+00
12647 0 +2.396618794e-02 +2.977539662e+02 +2.977539662e+02 -2.9307e+00 +2.8664e-01 +3.7484e+00 +2.5900e+00 +1.6674e+00
12723 0 +2.708266328e-03 +2.977327083e+02 +2.977327083e+02 -2.7634e+00 +8.4111e-01 +3.7092e+00 +2.3239e+00 +8.4501e-01
12902 0 +2.236992159e-03 +2.977322370e+02 +2.977322370e+02 -2.7634e+00 +8.4111e-01 +3.6992e+00 +2.3239e+00 +8.4501e-01
13420 0 +2.179689439e-03 +2.977321797e+02 +2.977321797e+02 -2.7634e+00 +8.4111e-01 +3.6978e+00 +2.3239e+00 +8.4501e-01
13464 0 +1.963008047e-03 +2.977319630e+02 +2.977319630e+02 -2.7514e+00 +8.4702e-01 +3.6978e+00 +2.3116e+00 +8.4501e-01
13486 0 +1.759370194e-03 +2.977317594e+02 +2.977317594e+02 -2.7514e+00 +8.4702e-01 +3.6978e+00 +2.3116e+00 +8.5487e-01
14347 0 +1.884012864e-04 +2.977301884e+02 +2.977301884e+02 -3.5536e+00 +5.7840e-01 +3.8026e+00 +2.3887e+00 +1.2461e+00
14483 0 +1.344163402e-04 +2.977301344e+02 +2.977301344e+02 -3.5536e+00 +5.7840e-01 +3.8026e+00 +2.3887e+00 +1.2414e+00
14531 0 +6.512222416e-05 +2.977300651e+02 +2.977300651e+02 -3.6105e+00 +5.6259e-01 +3.7922e+00 +2.4160e+00 +1.2414e+00
14627 0 +6.128314232e-05 +2.977300613e+02 +2.977300613e+02 -3.6519e+00 +5.5666e-01 +3.7922e+00 +2.4160e+00 +1.2414e+00
14691 0 +2.390738746e-05 +2.977300239e+02 +2.977300239e+02 -3.6519e+00 +6.4066e-01 +3.7922e+00 +2.4066e+00 +1.1204e+00
14824 0 +6.658295149e-06 +2.977300067e+02 +2.977300067e+02 -3.7123e+00 +6.8462e-01 +3.8085e+00 +2.3462e+00 +1.0569e+00
14874 0 +5.934407000e-06 +2.977300059e+02 +2.977300059e+02 -3.7481e+00 +6.4217e-01 +3.8484e+00 +2.3470e+00 +1.1325e+00
14943 0 +2.277878252e-06 +2.977300023e+02 +2.977300023e+02 -3.7123e+00 +6.8757e-01 +3.8085e+00 +2.3544e+00 +1.0569e+00
15003 0 +1.676880402e-06 +2.977300017e+02 +2.977300017e+02 -3.7481e+00 +6.4217e-01 +3.8484e+00 +2.3700e+00 +1.1325e+00
15059 0 +1.505237719e-06 +2.977300015e+02 +2.977300015e+02 -3.7481e+00 +6.4217e-01 +3.8484e+00 +2.3661e+00 +1.1325e+00
15101 0 +3.113001981e-07 +2.977300003e+02 +2.977300003e+02 -3.7481e+00 +6.4217e-01 +3.8415e+00 +2.3661e+00 +1.1325e+00
15467 0 +1.461444867e-07 +2.977300001e+02 +2.977300001e+02 -3.8151e+00 +6.4823e-01 +3.8488e+00 +2.3678e+00 +1.1311e+00
15503 0 +1.414646817e-07 +2.977300001e+02 +2.977300001e+02 -3.8151e+00 +6.4823e-01 +3.8495e+00 +2.3678e+00 +1.1311e+00
15527 0 +2.358274287e-08 +2.977300000e+02 +2.977300000e+02 -3.8151e+00 +6.4794e-01 +3.8495e+00 +2.3632e+00 +1.1302e+00
15699 0 +1.146878503e-08 +2.977300000e+02 +2.977300000e+02 -3.7734e+00 +6.5860e-01 +3.8451e+00 +2.3608e+00 +1.1164e+00
15796 0 +6.367997685e-09 +2.977300000e+02 +2.977300000e+02 -3.7463e+00 +6.6334e-01 +3.8399e+00 +2.3550e+00 +1.1066e+00
16394 0 +2.273736754e-13 +2.977300000e+02 +2.977300000e+02 -3.7828e+00 +6.6046e-01 +3.8435e+00 +2.3583e+00 +1.1103e+00
16600 0 +0.000000000e+00 +2.977300000e+02 +2.977300000e+02 -3.7825e+00 +6.6045e-01 +3.8435e+00 +2.3582e+00 +1.1102e+00
20002 0 +0.000000000e+00 +2.977300000e+02 +2.977300000e+02 -3.7825e+00 +6.6045e-01 +3.8435e+00 +2.3582e+00 +1.1102e+00
% f evaluations | g evaluations | best noise-free fitness - Fopt (5.157000000000e+01) + sum g_i+ | measured fitness | best measured fitness or single-digit g-values | x1 | x2...
1 0 +7.333472238e+01 +1.249047224e+02 +1.249047224e+02 +2.9654e+00 -3.1657e+00 +2.7969e+00 +9.6850e-01 -5.4167e-01
2 0 +6.100192822e+01 +1.125719282e+02 +1.125719282e+02 -4.0003e+00 -4.0751e-01 -1.6629e+00 -3.5713e+00 +1.5089e+00
17 0 +2.907214749e+01 +8.064214749e+01 +8.064214749e+01 +3.5004e+00 -5.0549e-01 -4.0459e+00 -1.2918e+00 +1.6884e+00
68 0 +2.051654971e+01 +7.208654971e+01 +7.208654971e+01 -1.8859e+00 +4.7951e+00 -3.2467e+00 -4.8284e+00 +2.6336e+00
100 0 +1.754618759e+01 +6.911618759e+01 +6.911618759e+01 -2.7061e+00 -2.3406e+00 -1.3965e+00 -2.4005e+00 -4.6759e-01
332 0 +1.521090338e+01 +6.678090338e+01 +6.678090338e+01 +3.8818e+00 -4.1915e+00 -1.3035e+00 -2.5784e+00 +3.0314e+00
619 0 +8.330321752e+00 +5.990032175e+01 +5.990032175e+01 -2.4723e+00 -1.4743e+00 -2.6011e-01 -3.3534e+00 +3.4089e-01
920 0 +6.624465637e+00 +5.819446564e+01 +5.819446564e+01 -3.1732e+00 +3.4802e+00 -2.1670e+00 -3.3112e+00 +3.6166e+00
942 0 +5.784033569e+00 +5.735403357e+01 +5.735403357e+01 +3.4949e+00 +2.1460e+00 -4.5893e+00 -5.4176e-01 +4.2578e-01
1315 0 +1.650480410e+00 +5.322048041e+01 +5.322048041e+01 +1.1000e+00 +3.8862e+00 -2.9528e+00 -1.3752e+00 +4.8929e-01
1454 0 +5.394732626e-01 +5.210947326e+01 +5.210947326e+01 +1.1000e+00 +3.8862e+00 -2.6448e+00 -1.3752e+00 +4.8929e-01
1995 0 +5.339804535e-01 +5.210398045e+01 +5.210398045e+01 +1.1000e+00 +3.8862e+00 -2.7010e+00 -1.3752e+00 +4.8929e-01
2199 0 +1.784016391e-01 +5.174840164e+01 +5.174840164e+01 +2.3060e+00 +3.5864e-01 -1.8566e+00 -1.8672e+00 +1.3949e+00
3680 0 +1.394018060e-01 +5.170940181e+01 +5.170940181e+01 +2.5563e+00 -3.9796e-01 -1.6722e+00 -2.1865e+00 +1.9446e+00
5348 0 +1.281328991e-01 +5.169813290e+01 +5.169813290e+01 +2.5563e+00 -4.8818e-01 -1.6722e+00 -2.1865e+00 +1.9446e+00
6485 0 +1.196638071e-01 +5.168966381e+01 +5.168966381e+01 +2.3060e+00 +3.5864e-01 -1.8566e+00 -1.8672e+00 +1.7122e+00
7265 0 +1.045944125e-01 +5.167459441e+01 +5.167459441e+01 +2.3060e+00 +3.5864e-01 -1.8566e+00 -1.8672e+00 +1.6984e+00
8097 0 +2.506908857e-02 +5.159506909e+01 +5.159506909e+01 +2.3060e+00 +3.5864e-01 -1.8566e+00 -2.0689e+00 +1.6984e+00
8415 0 +2.427281130e-02 +5.159427281e+01 +5.159427281e+01 +2.3060e+00 +3.5864e-01 -1.8566e+00 -2.0689e+00 +1.6770e+00
8832 0 +1.593963983e-02 +5.158593964e+01 +5.158593964e+01 +2.3060e+00 +3.5864e-01 -2.0338e+00 -2.0689e+00 +1.6770e+00
8946 0 +1.356277691e-02 +5.158356278e+01 +5.158356278e+01 +2.3060e+00 +3.5864e-01 -1.9139e+00 -2.0689e+00 +1.6770e+00
9224 0 +1.085647367e-02 +5.158085647e+01 +5.158085647e+01 +2.2740e+00 +3.5864e-01 -1.9139e+00 -2.0689e+00 +1.6770e+00
9740 0 +8.932387917e-03 +5.157893239e+01 +5.157893239e+01 +2.2740e+00 +3.5864e-01 -1.9139e+00 -2.0689e+00 +1.6684e+00
12393 0 +3.939762894e-03 +5.157393976e+01 +5.157393976e+01 +1.9370e+00 +3.5864e-01 -1.7784e+00 -2.3771e+00 +1.6684e+00
13419 0 +3.604848086e-03 +5.157360485e+01 +5.157360485e+01 +1.9839e+00 +3.5864e-01 -1.7784e+00 -2.3771e+00 +1.6684e+00
13557 0 +9.278889552e-04 +5.157092789e+01 +5.157092789e+01 +2.2988e+00 +8.1075e-01 -2.1542e+00 -1.8395e+00 +1.4499e+00
14866 0 +4.405833948e-04 +5.157044058e+01 +5.157044058e+01 +2.1082e+00 +1.6139e+00 -2.2686e+00 -1.5770e+00 +1.2818e+00
14953 0 +2.481662782e-04 +5.157024817e+01 +5.157024817e+01 +2.1101e+00 +1.6139e+00 -2.2686e+00 -1.5574e+00 +1.2643e+00
15267 0 +8.291885983e-05 +5.157008292e+01 +5.157008292e+01 +2.0786e+00 +1.2720e+00 -2.1342e+00 -1.7630e+00 +1.3620e+00
15293 0 +7.889259493e-05 +5.157007889e+01 +5.157007889e+01 +2.0869e+00 +1.2491e+00 -2.1352e+00 -1.7630e+00 +1.3652e+00
15306 0 +6.295624488e-05 +5.157006296e+01 +5.157006296e+01 +2.0869e+00 +1.2491e+00 -2.1503e+00 -1.7630e+00 +1.3652e+00
15674 0 +3.328150348e-05 +5.157003328e+01 +5.157003328e+01 +2.0869e+00 +1.2491e+00 -2.1503e+00 -1.7718e+00 +1.3652e+00
15946 0 +3.083331650e-05 +5.157003083e+01 +5.157003083e+01 +2.0697e+00 +1.1976e+00 -2.1201e+00 -1.8192e+00 +1.3786e+00
15961 0 +2.952165684e-05 +5.157002952e+01 +5.157002952e+01 +2.0869e+00 +1.2491e+00 -2.1503e+00 -1.7718e+00 +1.3517e+00
16095 0 +2.724897968e-05 +5.157002725e+01 +5.157002725e+01 +2.1299e+00 +1.0520e+00 -2.1425e+00 -1.8595e+00 +1.4116e+00
16139 0 +2.116501560e-05 +5.157002117e+01 +5.157002117e+01 +2.1060e+00 +1.0673e+00 -2.1428e+00 -1.8909e+00 +1.3975e+00
16187 0 +7.107160997e-06 +5.157000711e+01 +5.157000711e+01 +2.0545e+00 +1.1083e+00 -2.1241e+00 -1.8982e+00 +1.3997e+00
16237 0 +4.676894093e-06 +5.157000468e+01 +5.157000468e+01 +2.0545e+00 +1.1232e+00 -2.1275e+00 -1.8962e+00 +1.3920e+00
16259 0 +3.855850487e-06 +5.157000386e+01 +5.157000386e+01 +2.0817e+00 +1.0926e+00 -2.1462e+00 -1.8909e+00 +1.3895e+00
16415 0 +2.771632452e-06 +5.157000277e+01 +5.157000277e+01 +2.0586e+00 +1.1850e+00 -2.1512e+00 -1.8696e+00 +1.3751e+00
16433 0 +1.632369440e-06 +5.157000163e+01 +5.157000163e+01 +2.0555e+00 +1.1850e+00 -2.1511e+00 -1.8698e+00 +1.3751e+00
16478 0 +1.522760456e-06 +5.157000152e+01 +5.157000152e+01 +2.0570e+00 +1.1797e+00 -2.1527e+00 -1.8722e+00 +1.3753e+00
16523 0 +1.221463592e-06 +5.157000122e+01 +5.157000122e+01 +2.0570e+00 +1.1797e+00 -2.1527e+00 -1.8657e+00 +1.3753e+00
16570 0 +3.236207107e-07 +5.157000032e+01 +5.157000032e+01 +2.0447e+00 +1.2331e+00 -2.1713e+00 -1.8513e+00 +1.3563e+00
16579 0 +3.116931708e-07 +5.157000031e+01 +5.157000031e+01 +2.0453e+00 +1.2322e+00 -2.1713e+00 -1.8514e+00 +1.3566e+00
16720 0 +2.795242935e-07 +5.157000028e+01 +5.157000028e+01 +2.0453e+00 +1.2322e+00 -2.1713e+00 -1.8526e+00 +1.3566e+00
16832 0 +2.110452400e-07 +5.157000021e+01 +5.157000021e+01 +2.0491e+00 +1.2305e+00 -2.1727e+00 -1.8506e+00 +1.3566e+00
16880 0 +2.067058205e-07 +5.157000021e+01 +5.157000021e+01 +2.0491e+00 +1.2305e+00 -2.1748e+00 -1.8506e+00 +1.3566e+00
16914 0 +1.727749961e-07 +5.157000017e+01 +5.157000017e+01 +2.0600e+00 +1.2318e+00 -2.1892e+00 -1.8462e+00 +1.3481e+00
16922 0 +8.485356773e-08 +5.157000008e+01 +5.157000008e+01 +2.0563e+00 +1.2363e+00 -2.1892e+00 -1.8462e+00 +1.3490e+00
16930 0 +5.027989403e-08 +5.157000005e+01 +5.157000005e+01 +2.0722e+00 +1.2363e+00 -2.2054e+00 -1.8373e+00 +1.3468e+00
16946 0 +4.438146561e-08 +5.157000004e+01 +5.157000004e+01 +2.0694e+00 +1.2363e+00 -2.2021e+00 -1.8373e+00 +1.3468e+00
16962 0 +4.286469846e-08 +5.157000004e+01 +5.157000004e+01 +2.0694e+00 +1.2363e+00 -2.2021e+00 -1.8360e+00 +1.3468e+00
16977 0 +3.957698169e-08 +5.157000004e+01 +5.157000004e+01 +2.0593e+00 +1.2898e+00 -2.2120e+00 -1.8172e+00 +1.3345e+00
17024 0 +2.666534016e-08 +5.157000003e+01 +5.157000003e+01 +2.0677e+00 +1.2440e+00 -2.2028e+00 -1.8328e+00 +1.3449e+00
17062 0 +1.860410492e-08 +5.157000002e+01 +5.157000002e+01 +2.0585e+00 +1.2770e+00 -2.2048e+00 -1.8229e+00 +1.3372e+00
17068 0 +4.094580675e-09 +5.157000000e+01 +5.157000000e+01 +2.0710e+00 +1.2826e+00 -2.2145e+00 -1.8102e+00 +1.3338e+00
17688 0 +7.389644452e-13 +5.157000000e+01 +5.157000000e+01 +2.0758e+00 +1.2810e+00 -2.2134e+00 -1.8027e+00 +1.3351e+00
17915 0 +0.000000000e+00 +5.157000000e+01 +5.157000000e+01 +2.0759e+00 +1.2793e+00 -2.2135e+00 -1.8037e+00 +1.3353e+00
20002 0 +0.000000000e+00 +5.157000000e+01 +5.157000000e+01 +2.0759e+00 +1.2793e+00 -2.2135e+00 -1.8037e+00 +1.3353e+00
% f evaluations | g evaluations | best noise-free fitness - Fopt (3.943000000000e+01) + sum g_i+ | measured fitness | best measured fitness or single-digit g-values | x1 | x2...
1 0 +6.341074287e+01 +1.028407429e+02 +1.028407429e+02 +2.9654e+00 -3.1657e+00 +2.7969e+00 +9.6850e-01 -5.4167e-01
17 0 +6.044002074e+01 +9.987002074e+01 +9.987002074e+01 +3.5004e+00 -5.0549e-01 -4.0459e+00 -1.2918e+00 +1.6884e+00
31 0 +2.337282880e+01 +6.280282880e+01 +6.280282880e+01 +1.3435e+00 +1.8071e+00 +3.0935e-01 -5.2217e-01 +5.2893e-01
82 0 +2.284180406e+01 +6.227180406e+01 +6.227180406e+01 -4.0002e+00 -4.4651e+00 +4.5854e+00 +3.4714e+00 -1.4509e+00
88 0 +9.108719094e+00 +4.853871909e+01 +4.853871909e+01 -2.7742e+00 -1.0335e+00 +3.9190e+00 -3.5340e+00 +1.3326e-01
762 0 +8.808270246e+00 +4.823827025e+01 +4.823827025e+01 -1.9615e+00 -1.4370e+00 +4.0683e+00 -2.2787e+00 +1.4769e+00
906 0 +2.126996716e+00 +4.155699672e+01 +4.155699672e+01 -1.9615e+00 -6.5978e-01 +4.0683e+00 -2.2787e+00 +1.4769e+00
1049 0 +2.041169330e+00 +4.147116933e+01 +4.147116933e+01 -2.1726e+00 -6.5978e-01 +4.0683e+00 -2.2787e+00 +1.4769e+00
1930 0 +2.270893453e-01 +3.965708935e+01 +3.965708935e+01 -2.7742e+00 -1.7549e+00 +3.5855e+00 -3.5340e+00 +1.3326e-01
2195 0 +1.305136723e-01 +3.956051367e+01 +3.956051367e+01 -2.7742e+00 -1.7549e+00 +3.5855e+00 -3.3077e+00 +1.3326e-01
3661 0 +1.218228679e-01 +3.955182287e+01 +3.955182287e+01 -2.7742e+00 -1.5138e+00 +3.5855e+00 -3.3077e+00 +1.3326e-01
3996 0 +1.005809187e-01 +3.953058092e+01 +3.953058092e+01 -2.7742e+00 -1.5138e+00 +3.5855e+00 -3.1771e+00 +1.3326e-01
5139 0 +9.543496652e-02 +3.952543497e+01 +3.952543497e+01 -2.7742e+00 -1.5138e+00 +3.5855e+00 -3.1771e+00 +9.3184e-02
8093 0 +8.953231515e-02 +3.951953232e+01 +3.951953232e+01 -2.7742e+00 -1.5138e+00 +3.5855e+00 -3.0414e+00 +9.3184e-02
9058 0 +6.775030840e-02 +3.949775031e+01 +3.949775031e+01 -2.7742e+00 -1.5138e+00 +3.5855e+00 -3.0414e+00 -2.0853e-01
9168 0 +3.242581306e-02 +3.946242581e+01 +3.946242581e+01 -2.7742e+00 -1.5726e+00 +3.5855e+00 -3.0414e+00 -2.0853e-01
10765 0 +2.541227348e-02 +3.945541227e+01 +3.945541227e+01 -2.7742e+00 -1.5726e+00 +3.5855e+00 -2.9580e+00 -2.0853e-01
13169 0 +2.511662307e-02 +3.945511662e+01 +3.945511662e+01 -2.7742e+00 -1.5726e+00 +3.5855e+00 -2.9580e+00 -2.1801e-01
13284 0 +2.349620529e-02 +3.945349621e+01 +3.945349621e+01 -2.7742e+00 -1.5726e+00 +3.5814e+00 -2.8847e+00 -2.1801e-01
13646 0 +2.109513152e-02 +3.945109513e+01 +3.945109513e+01 -2.7019e+00 -1.6021e+00 +3.6953e+00 -2.5305e+00 -5.4885e-01
13688 0 +1.996890058e-02 +3.944996890e+01 +3.944996890e+01 -2.7019e+00 -1.5772e+00 +3.6151e+00 -2.5305e+00 -5.4885e-01
13808 0 +1.784656103e-02 +3.944784656e+01 +3.944784656e+01 -2.7019e+00 -1.5772e+00 +3.6151e+00 -2.5305e+00 -5.0636e-01
13821 0 +1.476796003e-02 +3.944476796e+01 +3.944476796e+01 -2.7285e+00 -1.5761e+00 +3.5954e+00 -2.8557e+00 -2.1476e-01
14186 0 +1.431749811e-02 +3.944431750e+01 +3.944431750e+01 -2.7175e+00 -1.6049e+00 +3.5901e+00 -2.5691e+00 -4.1685e-01
14240 0 +1.270019021e-02 +3.944270019e+01 +3.944270019e+01 -2.7247e+00 -1.6049e+00 +3.5964e+00 -2.6589e+00 -4.1685e-01
14258 0 +1.239287846e-02 +3.944239288e+01 +3.944239288e+01 -2.7301e+00 -1.6049e+00 +3.5964e+00 -2.6589e+00 -4.1685e-01
14377 0 +1.201195202e-02 +3.944201195e+01 +3.944201195e+01 -2.7301e+00 -1.6049e+00 +3.6061e+00 -2.6856e+00 -4.1685e-01
14428 0 +1.157117167e-02 +3.944157117e+01 +3.944157117e+01 -2.7334e+00 -1.6049e+00 +3.6143e+00 -2.7478e+00 -3.4995e-01
14832 0 +4.108505503e-04 +3.943041085e+01 +3.943041085e+01 -3.0086e+00 -2.0759e+00 +3.5383e+00 -2.8112e+00 -1.8098e+00
14862 0 +2.305579814e-04 +3.943023056e+01 +3.943023056e+01 -3.0086e+00 -2.0759e+00 +3.5383e+00 -2.6492e+00 -1.8098e+00
14922 0 +2.242986580e-04 +3.943022430e+01 +3.943022430e+01 -3.0086e+00 -2.0731e+00 +3.5383e+00 -2.6492e+00 -1.8098e+00
15251 0 +2.215876447e-04 +3.943022159e+01 +3.943022159e+01 -3.0086e+00 -2.0731e+00 +3.5383e+00 -2.7813e+00 -1.8098e+00
15329 0 +1.454906559e-04 +3.943014549e+01 +3.943014549e+01 -3.0086e+00 -2.0821e+00 +3.5657e+00 -2.8271e+00 -1.8098e+00
15492 0 +1.241227099e-04 +3.943012412e+01 +3.943012412e+01 -2.9550e+00 -1.9498e+00 +3.5641e+00 -2.8157e+00 -1.3698e+00
15509 0 +8.722598825e-05 +3.943008723e+01 +3.943008723e+01 -3.0400e+00 -2.1364e+00 +3.5917e+00 -2.8011e+00 -1.9730e+00
15562 0 +6.836775889e-05 +3.943006837e+01 +3.943006837e+01 -3.0004e+00 -2.0031e+00 +3.5268e+00 -2.8502e+00 -1.4973e+00
15581 0 +2.977581978e-05 +3.943002978e+01 +3.943002978e+01 -3.0979e+00 -2.1995e+00 +3.5354e+00 -2.8121e+00 -2.1229e+00
15596 0 +2.004460826e-05 +3.943002004e+01 +3.943002004e+01 -2.9684e+00 -2.0367e+00 +3.6251e+00 -2.9098e+00 -1.5512e+00
15680 0 +5.581004807e-06 +3.943000558e+01 +3.943000558e+01 -3.0073e+00 -2.0795e+00 +3.6057e+00 -2.9152e+00 -1.6832e+00
15778 0 +1.742219460e-06 +3.943000174e+01 +3.943000174e+01 -3.0443e+00 -2.1070e+00 +3.5442e+00 -2.8121e+00 -1.8568e+00
15782 0 +1.429693462e-06 +3.943000143e+01 +3.943000143e+01 -3.0218e+00 -2.1027e+00 +3.5739e+00 -2.8315e+00 -1.7938e+00
15870 0 +6.674379236e-07 +3.943000067e+01 +3.943000067e+01 -3.0272e+00 -2.1043e+00 +3.5739e+00 -2.8315e+00 -1.7938e+00
15888 0 +5.085572994e-07 +3.943000051e+01 +3.943000051e+01 -3.0417e+00 -2.1082e+00 +3.5442e+00 -2.8121e+00 -1.8425e+00
15940 0 +3.264044324e-07 +3.943000033e+01 +3.943000033e+01 -3.0157e+00 -2.0818e+00 +3.5800e+00 -2.8775e+00 -1.6947e+00
16023 0 +1.035305814e-07 +3.943000010e+01 +3.943000010e+01 -3.0306e+00 -2.0947e+00 +3.5554e+00 -2.8409e+00 -1.7778e+00
16143 0 +4.725515623e-08 +3.943000005e+01 +3.943000005e+01 -3.0306e+00 -2.0947e+00 +3.5554e+00 -2.8409e+00 -1.7521e+00
16155 0 +4.191716130e-08 +3.943000004e+01 +3.943000004e+01 -3.0338e+00 -2.0969e+00 +3.5488e+00 -2.8536e+00 -1.7512e+00
16175 0 +4.082824745e-08 +3.943000004e+01 +3.943000004e+01 -3.0338e+00 -2.0982e+00 +3.5488e+00 -2.8536e+00 -1.7512e+00
16193 0 +7.922224654e-09 +3.943000001e+01 +3.943000001e+01 -3.0306e+00 -2.0947e+00 +3.5474e+00 -2.8409e+00 -1.7521e+00
16965 0 +5.684341886e-14 +3.943000000e+01 +3.943000000e+01 -3.0310e+00 -2.1005e+00 +3.5564e+00 -2.8461e+00 -1.7664e+00
17542 0 +0.000000000e+00 +3.943000000e+01 +3.943000000e+01 -3.0308e+00 -2.1002e+00 +3.5564e+00 -2.8461e+00 -1.7660e+00
20002 0 +0.000000000e+00 +3.943000000e+01 +3.943000000e+01 -3.0308e+00 -2.1002e+00 +3.5564e+00 -2.8461e+00 -1.7660e+00
% f evaluations | g evaluations | best noise-free fitness - Fopt (1.322900000000e+02) + sum g_i+ | measured fitness | best measured fitness or single-digit g-values | x1 | x2...
1 0 +8.273064790e+01 +2.150206479e+02 +2.150206479e+02 +2.9654e+00 -3.1657e+00 +2.7969e+00 +9.6850e-01 -5.4167e-01
2 0 +7.617054393e+01 +2.084605439e+02 +2.084605439e+02 -4.0003e+00 -4.0751e-01 -1.6629e+00 -3.5713e+00 +1.5089e+00
8 0 +6.176500058e+01 +1.940550006e+02 +1.940550006e+02 -1.1458e+00 -4.8403e+00 -2.6911e+00 -2.5897e+00 +1.8326e+00
24 0 +5.658496174e+01 +1.888749617e+02 +1.888749617e+02 -4.3465e-01 -2.8156e+00 -8.3490e-01 +3.8328e+00 -1.7565e+00
30 0 +5.216524425e+01 +1.844552442e+02 +1.844552442e+02 -2.3322e+00 +4.7661e+00 -8.8963e-01 -4.6695e+00 -1.5493e+00
32 0 +4.914337534e+01 +1.814333753e+02 +1.814333753e+02 +9.2697e-01 -4.1915e+00 -1.3035e+00 -2.5784e+00 +3.0314e+00
75 0 +4.006301915e+01 +1.723530191e+02 +1.723530191e+02 -1.2274e+00 -4.6104e+00 +1.1825e+00 -1.6345e+00 +1.5572e+00
129 0 +3.528564924e+01 +1.675756492e+02 +1.675756492e+02 +6.3965e-01 +3.4071e+00 -4.1080e+00 +3.5336e-01 -2.6678e+00
130 0 +1.276497975e+01 +1.450549797e+02 +1.450549797e+02 -1.5707e+00 -2.6030e-01 -1.4490e+00 +1.4882e+00 -2.0418e-01
218 0 +1.094555540e+01 +1.432355554e+02 +1.432355554e+02 -1.8859e+00 +4.7951e+00 -4.3866e-01 -2.8405e+00 +2.6336e+00
332 0 +7.446803075e+00 +1.397368031e+02 +1.397368031e+02 +2.2149e+00 -4.1915e+00 -1.3035e+00 -2.5784e+00 +3.0314e+00
1337 0 +7.348846867e+00 +1.396388469e+02 +1.396388469e+02 +2.2149e+00 -4.1915e+00 -1.5813e+00 -2.5784e+00 +3.0314e+00
1748 0 +5.576455100e+00 +1.378664551e+02 +1.378664551e+02 +2.5098e+00 -4.1915e+00 -1.5813e+00 -2.5784e+00 +3.0314e+00
3148 0 +4.327162722e+00 +1.366171627e+02 +1.366171627e+02 +2.5098e+00 -4.1852e+00 -1.5813e+00 -2.4081e+00 +3.0478e+00
3527 0 +2.033882359e+00 +1.343238824e+02 +1.343238824e+02 -2.5138e+00 -2.2052e+00 -1.5209e+00 -3.4906e-01 -1.7335e+00
4197 0 +1.687053106e+00 +1.339770531e+02 +1.339770531e+02 -2.5138e+00 -2.2052e+00 -1.6874e+00 -3.4906e-01 -1.7335e+00
4398 0 +3.343302133e-01 +1.326243302e+02 +1.326243302e+02 -2.2099e+00 +1.0191e+00 -1.5660e+00 +2.7789e-01 -3.2418e+00
4607 0 +1.111444576e-01 +1.324011445e+02 +1.324011445e+02 -2.2099e+00 +1.0191e+00 -1.5660e+00 +2.7789e-01 -2.9779e+00
5206 0 +8.992907255e-02 +1.323799291e+02 +1.323799291e+02 -2.1920e+00 +1.0191e+00 -1.5660e+00 +2.7789e-01 -2.9779e+00
6857 0 +3.575111510e-02 +1.323257511e+02 +1.323257511e+02 -2.1228e+00 +1.0191e+00 -1.5660e+00 +2.7789e-01 -2.9779e+00
6935 0 +1.511390003e-02 +1.323051139e+02 +1.323051139e+02 -2.0450e+00 +1.0191e+00 -1.5660e+00 +2.7789e-01 -2.9779e+00
8005 0 +1.312734098e-02 +1.323031273e+02 +1.323031273e+02 -2.0450e+00 +9.6696e-01 -1.5574e+00 +2.7789e-01 -2.9779e+00
10460 0 +1.247423545e-02 +1.323024742e+02 +1.323024742e+02 -2.0450e+00 +9.4878e-01 -1.5582e+00 +2.7789e-01 -2.9779e+00
10503 0 +1.142453962e-02 +1.323014245e+02 +1.323014245e+02 -2.0349e+00 +9.4878e-01 -1.5582e+00 +2.7789e-01 -2.9779e+00
10546 0 +8.996183395e-03 +1.322989962e+02 +1.322989962e+02 -1.9883e+00 +9.4878e-01 -1.5582e+00 +2.7789e-01 -2.9779e+00
11468 0 +7.675036173e-03 +1.322976750e+02 +1.322976750e+02 -1.9883e+00 +9.0576e-01 -1.5582e+00 +2.7789e-01 -2.9779e+00
13944 0 +4.996513066e-03 +1.322949965e+02 +1.322949965e+02 -1.9883e+00 +9.0576e-01 -1.5582e+00 +2.7789e-01 -2.9362e+00
14511 0 +4.556558430e-03 +1.322945566e+02 +1.322945566e+02 -1.9883e+00 +9.0576e-01 -1.5483e+00 +2.7789e-01 -2.9362e+00
14618 0 +4.102307414e-03 +1.322941023e+02 +1.322941023e+02 -2.0227e+00 +8.2459e-01 -1.6009e+00 +6.1198e-01 -2.3538e+00
15019 0 +1.722359640e-03 +1.322917224e+02 +1.322917224e+02 -2.1136e+00 -1.6853e-01 -1.4929e+00 -4.6834e-01 -3.2980e+00
15086 0 +4.704290598e-04 +1.322904704e+02 +1.322904704e+02 -2.1917e+00 +1.4492e-01 -1.6272e+00 +1.8633e-02 -2.9374e+00
15158 0 +2.481967084e-04 +1.322902482e+02 +1.322902482e+02 -2.1557e+00 +1.1781e-01 -1.5910e+00 +1.4660e-01 -2.6788e+00
15466 0 +1.750876610e-04 +1.322901751e+02 +1.322901751e+02 -2.1542e+00 +1.7991e-01 -1.5910e+00 +1.4660e-01 -2.6788e+00
15574 0 +1.485623099e-04 +1.322901486e+02 +1.322901486e+02 -2.1542e+00 +1.7991e-01 -1.5910e+00 +1.4660e-01 -2.6911e+00
15697 0 +7.886072956e-05 +1.322900789e+02 +1.322900789e+02 -2.0910e+00 +1.2126e-01 -1.5579e+00 +2.9679e-02 -2.7914e+00
15824 0 +6.523170092e-05 +1.322900652e+02 +1.322900652e+02 -2.2403e+00 -3.0625e-01 -1.5962e+00 -1.3966e-01 -2.8597e+00
15836 0 +5.266815955e-05 +1.322900527e+02 +1.322900527e+02 -2.1542e+00 +4.0071e-02 -1.5909e+00 +6.6310e-02 -2.7344e+00
15857 0 +4.926060876e-05 +1.322900493e+02 +1.322900493e+02 -2.2551e+00 -4.9285e-01 -1.5977e+00 -2.7221e-01 -2.9745e+00
15890 0 +3.302648452e-05 +1.322900330e+02 +1.322900330e+02 -2.2551e+00 -4.1374e-01 -1.5977e+00 -2.7221e-01 -3.0079e+00
15900 0 +8.063395910e-06 +1.322900081e+02 +1.322900081e+02 -2.2184e+00 -2.4693e-01 -1.6137e+00 -9.5958e-02 -2.8760e+00
15973 0 +6.954559211e-06 +1.322900070e+02 +1.322900070e+02 -2.1801e+00 -2.3847e-01 -1.5810e+00 -1.5730e-01 -2.9026e+00
15993 0 +6.292235724e-06 +1.322900063e+02 +1.322900063e+02 -2.1479e+00 -1.3003e-01 -1.5650e+00 -1.3001e-01 -2.9026e+00
15997 0 +3.034596773e-06 +1.322900030e+02 +1.322900030e+02 -2.2042e+00 -3.0158e-01 -1.5830e+00 -2.3248e-01 -3.0010e+00
16005 0 +1.624514141e-06 +1.322900016e+02 +1.322900016e+02 -2.2005e+00 -1.6552e-01 -1.5887e+00 -1.2944e-01 -2.9162e+00
16075 0 +3.095670706e-07 +1.322900003e+02 +1.322900003e+02 -2.1877e+00 -1.7706e-01 -1.5819e+00 -1.5319e-01 -2.9417e+00
16165 0 +1.080502443e-07 +1.322900001e+02 +1.322900001e+02 -2.1877e+00 -1.7706e-01 -1.5819e+00 -1.3937e-01 -2.9349e+00
16321 0 +5.539348535e-08 +1.322900001e+02 +1.322900001e+02 -2.1866e+00 -1.7257e-01 -1.5814e+00 -1.3937e-01 -2.9349e+00
16410 0 +4.701445278e-08 +1.322900000e+02 +1.322900000e+02 -2.1631e+00 -9.0924e-02 -1.5743e+00 -1.1136e-01 -2.9297e+00
16438 0 +1.967978847e-08 +1.322900000e+02 +1.322900000e+02 -2.1820e+00 -1.7257e-01 -1.5814e+00 -1.3937e-01 -2.9349e+00
16565 0 +1.309865638e-08 +1.322900000e+02 +1.322900000e+02 -2.1749e+00 -1.4013e-01 -1.5823e+00 -1.1734e-01 -2.9236e+00
16619 0 +1.134341687e-08 +1.322900000e+02 +1.322900000e+02 -2.1788e+00 -1.4013e-01 -1.5823e+00 -1.1734e-01 -2.9236e+00
16682 0 +4.633591288e-10 +1.322900000e+02 +1.322900000e+02 -2.1750e+00 -1.1746e-01 -1.5822e+00 -1.1136e-01 -2.9272e+00
17092 0 +6.821210263e-13 +1.322900000e+02 +1.322900000e+02 -2.1778e+00 -1.3058e-01 -1.5831e+00 -1.1785e-01 -2.9286e+00
17571 0 +0.000000000e+00 +1.322900000e+02 +1.322900000e+02 -2.1784e+00 -1.3015e-01 -1.5837e+00 -1.1679e-01 -2.9282e+00
20002 0 +0.000000000e+00 +1.322900000e+02 +1.322900000e+02 -2.1784e+00 -1.3015e-01 -1.5837e+00 -1.1679e-01 -2.9282e+00
% f evaluations | g evaluations | best noise-free fitness - Fopt (-4.871000000000e+01) + sum g_i+ | measured fitness | best measured fitness or single-digit g-values | x1 | x2...
1 0 +7.295564549e+01 +2.424564549e+01 +2.424564549e+01 +2.9654e+00 -3.1657e+00 +2.7969e+00 +9.6850e-01 -5.4167e-01
8 0 +7.124037485e+01 +2.253037485e+01 +2.253037485e+01 -1.1458e+00 -4.8403e+00 -2.6911e+00 -2.5897e+00 +1.8326e+00
16 0 +4.904971353e+01 +3.397135335e-01 +3.397135335e-01 +2.9018e+00 +1.0596e+00 +4.2630e+00 +1.5108e+00 +4.1496e+00
19 0 +9.720848624e+00 -3.898915138e+01 -3.898915138e+01 +4.7171e+00 +3.4891e+00 +2.2173e+00 -2.6402e+00 -2.4393e+00
494 0 +3.355857977e+00 -4.535414202e+01 -4.535414202e+01 +2.4761e+00 +4.7889e+00 -1.3258e-01 +3.1413e+00 -6.5606e-01
785 0 +1.987080454e+00 -4.672291955e+01 -4.672291955e+01 +2.4761e+00 +4.7889e+00 +2.5926e-03 +3.1413e+00 -6.5606e-01
1844 0 +1.942639608e+00 -4.676736039e+01 -4.676736039e+01 +3.1882e+00 +3.9661e+00 +7.5998e-01 +2.7849e+00 -1.7635e+00
2793 0 +1.875351032e+00 -4.683464897e+01 -4.683464897e+01 +2.4761e+00 +4.7978e+00 +2.5926e-03 +3.1413e+00 -8.9617e-01
3160 0 +1.794329653e+00 -4.691567035e+01 -4.691567035e+01 +2.4761e+00 +4.7978e+00 +2.5926e-03 +2.7138e+00 -8.9617e-01
3384 0 +9.644232062e-01 -4.774557679e+01 -4.774557679e+01 +4.8978e+00 +3.0846e-01 +2.1227e+00 +2.3125e-01 +3.5734e+00
3501 0 +7.889719832e-01 -4.792102802e+01 -4.792102802e+01 +4.8978e+00 +3.0846e-01 +2.1227e+00 -6.4658e-02 +3.5734e+00
3731 0 +7.545298229e-01 -4.795547018e+01 -4.795547018e+01 +4.7661e+00 +3.0846e-01 +2.1227e+00 -6.4658e-02 +3.5734e+00
4494 0 +7.274699766e-01 -4.798253002e+01 -4.798253002e+01 +4.7661e+00 +1.5707e-01 +2.1227e+00 -6.4658e-02 +3.5734e+00
5206 0 +5.791660582e-01 -4.813083394e+01 -4.813083394e+01 +4.5546e+00 +2.1930e+00 +2.0792e+00 +1.5660e+00 -4.4428e+00
5674 0 +4.864582336e-01 -4.822354177e+01 -4.822354177e+01 +4.4642e+00 +2.1930e+00 +2.0792e+00 +1.5660e+00 -4.4428e+00
6059 0 +3.111698979e-01 -4.839883010e+01 -4.839883010e+01 +4.0769e+00 +2.4512e+00 +1.7548e+00 +1.8309e+00 -4.0456e+00
6883 0 +1.430762451e-01 -4.856692375e+01 -4.856692375e+01 +4.0769e+00 +2.5646e+00 +1.7548e+00 +1.8309e+00 -4.0456e+00
7447 0 +1.242891702e-01 -4.858571083e+01 -4.858571083e+01 +3.8512e+00 +3.8100e+00 +1.4091e+00 +4.6440e-01 -3.9451e+00
7549 0 +1.220203210e-01 -4.858797968e+01 -4.858797968e+01 +4.0769e+00 +2.6219e+00 +1.7548e+00 +1.8309e+00 -4.0456e+00
7932 0 +1.183277028e-01 -4.859167230e+01 -4.859167230e+01 +3.8512e+00 +3.8100e+00 +1.4091e+00 +4.9099e-01 -3.9451e+00
9032 0 +1.145368839e-01 -4.859546312e+01 -4.859546312e+01 +3.8512e+00 +3.8100e+00 +1.4051e+00 +4.9099e-01 -3.9451e+00
9566 0 +1.180181099e-02 -4.869819819e+01 -4.869819819e+01 +3.8512e+00 +3.8100e+00 +1.4051e+00 +1.4458e+00 -3.9451e+00
9716 0 +1.089351411e-02 -4.869910649e+01 -4.869910649e+01 +3.8512e+00 +3.8100e+00 +1.4051e+00 +1.4458e+00 -3.9661e+00
10724 0 +3.793750185e-03 -4.870620625e+01 -4.870620625e+01 +3.8782e+00 +3.2464e+00 +1.5925e+00 +1.4982e+00 -4.0759e+00
11749 0 +3.564210402e-03 -4.870643579e+01 -4.870643579e+01 +3.8782e+00 +3.2464e+00 +1.5925e+00 +1.4982e+00 -4.1460e+00
12129 0 +3.471063417e-03 -4.870652894e+01 -4.870652894e+01 +3.8782e+00 +3.2464e+00 +1.5925e+00 +1.4393e+00 -4.1460e+00
12867 0 +9.341552776e-04 -4.870906584e+01 -4.870906584e+01 +3.7885e+00 +3.7509e+00 +1.3782e+00 +1.3790e+00 -3.8701e+00
13277 0 +5.841532688e-04 -4.870941585e+01 -4.870941585e+01 +3.7885e+00 +3.6846e+00 +1.3782e+00 +1.3790e+00 -3.8701e+00
13434 0 +1.201111292e-04 -4.870987989e+01 -4.870987989e+01 +3.7643e+00 +3.6846e+00 +1.3782e+00 +1.4257e+00 -3.8701e+00
13943 0 +1.132090884e-04 -4.870988679e+01 -4.870988679e+01 +3.7797e+00 +3.5623e+00 +1.4361e+00 +1.3613e+00 -3.9562e+00
14201 0 +1.091721661e-04 -4.870989083e+01 -4.870989083e+01 +3.7797e+00 +3.5623e+00 +1.4365e+00 +1.3613e+00 -3.9514e+00
14560 0 +9.932451968e-05 -4.870990068e+01 -4.870990068e+01 +3.7643e+00 +3.6829e+00 +1.3844e+00 +1.4257e+00 -3.8809e+00
14698 0 +8.436494900e-05 -4.870991564e+01 -4.870991564e+01 +3.6362e+00 +3.9084e+00 +1.2467e+00 +1.3620e+00 -3.6410e+00
14713 0 +3.339644254e-05 -4.870996660e+01 -4.870996660e+01 +3.6362e+00 +3.9084e+00 +1.2467e+00 +1.3620e+00 -3.6710e+00
14743 0 +2.936518124e-05 -4.870997063e+01 -4.870997063e+01 +3.6362e+00 +3.9084e+00 +1.2467e+00 +1.4332e+00 -3.6710e+00
14803 0 +2.158101189e-05 -4.870997842e+01 -4.870997842e+01 +3.6362e+00 +3.8952e+00 +1.2495e+00 +1.4332e+00 -3.6710e+00
14878 0 +1.472182819e-05 -4.870998528e+01 -4.870998528e+01 +3.6334e+00 +3.8952e+00 +1.2495e+00 +1.4332e+00 -3.6710e+00
14951 0 +1.029084811e-05 -4.870998971e+01 -4.870998971e+01 +3.6334e+00 +3.8797e+00 +1.2495e+00 +1.4332e+00 -3.6710e+00
15213 0 +6.613745313e-06 -4.870999339e+01 -4.870999339e+01 +3.6286e+00 +3.8797e+00 +1.2495e+00 +1.4332e+00 -3.6710e+00
15397 0 +2.360929386e-06 -4.870999764e+01 -4.870999764e+01 +3.6481e+00 +3.8258e+00 +1.2757e+00 +1.5007e+00 -3.6801e+00
15566 0 +2.141807862e-06 -4.870999786e+01 -4.870999786e+01 +3.6481e+00 +3.8235e+00 +1.2757e+00 +1.5007e+00 -3.6801e+00
15593 0 +1.405288366e-06 -4.870999859e+01 -4.870999859e+01 +3.5971e+00 +3.8861e+00 +1.2324e+00 +1.3987e+00 -3.6266e+00
15677 0 +1.241090864e-06 -4.870999876e+01 -4.870999876e+01 +3.5987e+00 +3.8816e+00 +1.2341e+00 +1.3987e+00 -3.6266e+00
15755 0 +7.598779703e-07 -4.870999924e+01 -4.870999924e+01 +3.5987e+00 +3.8816e+00 +1.2341e+00 +1.4083e+00 -3.6266e+00
15821 0 +6.146863143e-07 -4.870999939e+01 -4.870999939e+01 +3.5987e+00 +3.8833e+00 +1.2329e+00 +1.4095e+00 -3.6245e+00
15865 0 +5.983782714e-07 -4.870999940e+01 -4.870999940e+01 +3.5987e+00 +3.8833e+00 +1.2329e+00 +1.4095e+00 -3.6123e+00
15906 0 +2.096513469e-07 -4.870999979e+01 -4.870999979e+01 +3.6168e+00 +3.8550e+00 +1.2539e+00 +1.4366e+00 -3.6525e+00
15917 0 +2.082707340e-07 -4.870999979e+01 -4.870999979e+01 +3.5873e+00 +3.8972e+00 +1.2236e+00 +1.4579e+00 -3.6005e+00
16005 0 +1.981278075e-07 -4.870999980e+01 -4.870999980e+01 +3.5973e+00 +3.8865e+00 +1.2304e+00 +1.4214e+00 -3.6123e+00
16025 0 +1.744437199e-07 -4.870999983e+01 -4.870999983e+01 +3.5973e+00 +3.8865e+00 +1.2304e+00 +1.4238e+00 -3.6123e+00
16062 0 +8.909255200e-08 -4.870999991e+01 -4.870999991e+01 +3.6150e+00 +3.8459e+00 +1.2514e+00 +1.4547e+00 -3.6403e+00
16112 0 +8.297273979e-08 -4.870999992e+01 -4.870999992e+01 +3.6154e+00 +3.8464e+00 +1.2515e+00 +1.4536e+00 -3.6412e+00
16142 0 +4.393235997e-08 -4.870999996e+01 -4.870999996e+01 +3.5955e+00 +3.8943e+00 +1.2272e+00 +1.4536e+00 -3.6073e+00
16270 0 +3.607843979e-08 -4.870999996e+01 -4.870999996e+01 +3.5827e+00 +3.9136e+00 +1.2126e+00 +1.4577e+00 -3.5793e+00
16280 0 +1.845106823e-08 -4.870999998e+01 -4.870999998e+01 +3.5843e+00 +3.9112e+00 +1.2144e+00 +1.4590e+00 -3.5793e+00
16288 0 +6.948418729e-09 -4.870999999e+01 -4.870999999e+01 +3.5978e+00 +3.8831e+00 +1.2308e+00 +1.4554e+00 -3.6052e+00
16915 0 +2.913225217e-13 -4.871000000e+01 -4.871000000e+01 +3.5997e+00 +3.8817e+00 +1.2299e+00 +1.4689e+00 -3.6002e+00
17336 0 +0.000000000e+00 -4.871000000e+01 -4.871000000e+01 +3.6002e+00 +3.8806e+00 +1.2305e+00 +1.4676e+00 -3.6010e+00
20002 0 +0.000000000e+00 -4.871000000e+01 -4.871000000e+01 +3.6002e+00 +3.8806e+00 +1.2305e+00 +1.4676e+00 -3.6010e+00
% f evaluations | g evaluations | best noise-free fitness - Fopt (-2.833000000000e+01) + sum g_i+ | measured fitness | best measured fitness or single-digit g-values | x1 | x2...
1 0 +7.430738194e+01 +4.597738194e+01 +4.597738194e+01 +2.9654e+00 -3.1657e+00 +2.7969e+00 +9.6850e-01 -5.4167e-01
2 0 +5.884570551e+01 +3.051570551e+01 +3.051570551e+01 -4.0003e+00 -4.0751e-01 -1.6629e+00 -3.5713e+00 +1.5089e+00
26 0 +4.117884530e+01 +1.284884530e+01 +1.284884530e+01 -4.9948e+00 -1.4743e+00 -1.9522e+00 -3.3534e+00 +3.4089e-01
27 0 +2.544387410e+01 -2.886125905e+00 -2.886125905e+00 -1.5170e-01 +1.9244e+00 -2.3059e+00 -2.5587e+00 -3.3171e+00
79 0 +1.333406827e+01 -1.499593173e+01 -1.499593173e+01 +2.3165e+00 -3.7231e+00 -2.4998e+00 +8.0544e-01 +3.6712e+00
379 0 +1.309314111e+01 -1.523685889e+01 -1.523685889e+01 +2.3165e+00 -3.7231e+00 -2.6345e+00 +8.0544e-01 +3.6712e+00
629 0 +1.042009773e+01 -1.790990227e+01 -1.790990227e+01 +4.4052e+00 -7.6282e-01 +1.7751e-01 -2.2134e-01 +1.7569e+00
682 0 +9.418250236e+00 -1.891174976e+01 -1.891174976e+01 +8.0857e-01 +2.0508e+00 +3.2545e+00 -1.6553e+00 -7.1590e-01
778 0 +7.427459527e+00 -2.090254047e+01 -2.090254047e+01 +3.5682e-01 +3.4666e+00 +3.5632e+00 -6.5539e-01 +3.0004e+00
922 0 +6.786385615e+00 -2.154361439e+01 -2.154361439e+01 +3.5682e-01 +3.4666e+00 +3.5632e+00 -7.4956e-01 +3.0004e+00
1405 0 +2.232470845e+00 -2.609752916e+01 -2.609752916e+01 -4.6318e+00 -3.6615e+00 -1.9855e+00 -4.2464e+00 +7.5026e-01
1814 0 +1.893712685e+00 -2.643628732e+01 -2.643628732e+01 -4.6318e+00 -3.6615e+00 -1.9855e+00 -3.4621e+00 +7.5026e-01
1973 0 +1.762945334e+00 -2.656705467e+01 -2.656705467e+01 +1.3068e+00 -1.1840e+00 +3.6437e+00 -4.1211e+00 +2.7535e+00
2325 0 +1.430515134e+00 -2.689948487e+01 -2.689948487e+01 +8.0857e-01 +2.0508e+00 +3.2545e+00 -1.6553e+00 +6.7478e-01
2453 0 +5.218243691e-01 -2.780817563e+01 -2.780817563e+01 +8.0857e-01 +2.0508e+00 +3.2545e+00 -1.6553e+00 +1.5457e+00
3757 0 +1.082282393e-01 -2.822177176e+01 -2.822177176e+01 +1.5711e+00 +7.7344e-01 +3.2533e+00 -2.5885e+00 +1.7763e+00
3982 0 +8.850059332e-02 -2.824149941e+01 -2.824149941e+01 +1.5711e+00 +7.7344e-01 +3.2533e+00 -2.4225e+00 +1.7763e+00
4200 0 +6.248641505e-02 -2.826751358e+01 -2.826751358e+01 +1.5711e+00 +7.7344e-01 +3.2533e+00 -2.4225e+00 +1.6562e+00
5125 0 +5.693324972e-02 -2.827306675e+01 -2.827306675e+01 +1.5711e+00 +7.7344e-01 +3.2533e+00 -2.4225e+00 +1.6105e+00
6133 0 +5.541700228e-02 -2.827458300e+01 -2.827458300e+01 +1.5711e+00 +7.7344e-01 +3.2533e+00 -2.4225e+00 +1.5942e+00
7001 0 +4.584889834e-02 -2.828415110e+01 -2.828415110e+01 +2.4314e+00 +7.8552e-01 +2.4883e+00 -2.2877e+00 +8.1136e-01
7323 0 +3.554650249e-02 -2.829445350e+01 -2.829445350e+01 +1.5711e+00 +8.0671e-01 +3.2533e+00 -2.4225e+00 +1.5942e+00
7680 0 +2.445007502e-02 -2.830554992e+01 -2.830554992e+01 +1.5711e+00 +8.0671e-01 +3.1883e+00 -2.4225e+00 +1.5942e+00
7952 0 +1.641434858e-02 -2.831358565e+01 -2.831358565e+01 +1.5711e+00 +8.0671e-01 +3.1883e+00 -2.4225e+00 +1.3211e+00
9159 0 +1.581476919e-02 -2.831418523e+01 -2.831418523e+01 +1.5908e+00 +8.0671e-01 +3.1883e+00 -2.4225e+00 +1.3281e+00
11646 0 +1.497586997e-02 -2.831502413e+01 -2.831502413e+01 +1.5908e+00 +7.9416e-01 +3.1883e+00 -2.4373e+00 +1.3281e+00
11972 0 +1.247785147e-02 -2.831752215e+01 -2.831752215e+01 +1.5908e+00 +7.9416e-01 +3.1174e+00 -2.4373e+00 +1.3505e+00
12390 0 +3.820551248e-03 -2.832617945e+01 -2.832617945e+01 +1.5908e+00 +7.9416e-01 +3.1174e+00 -2.4655e+00 +1.3505e+00
13165 0 +3.775676524e-03 -2.832622432e+01 -2.832622432e+01 +1.5959e+00 +7.9416e-01 +3.1174e+00 -2.4655e+00 +1.3505e+00
13209 0 +3.573582173e-03 -2.832642642e+01 -2.832642642e+01 +1.7496e+00 +1.3873e+00 +2.7769e+00 -2.0327e+00 +8.1845e-01
13255 0 +3.521058866e-03 -2.832647894e+01 -2.832647894e+01 +1.7496e+00 +1.3873e+00 +2.7769e+00 -2.0177e+00 +7.2950e-01
13564 0 +8.304581135e-04 -2.832916954e+01 -2.832916954e+01 +2.2733e+00 +1.4799e+00 +2.4016e+00 -1.7746e+00 +2.6918e-01
13606 0 +5.080155250e-04 -2.832949198e+01 -2.832949198e+01 +2.3188e+00 +1.4799e+00 +2.4016e+00 -1.7746e+00 +3.0399e-01
14343 0 +4.773293508e-04 -2.832952267e+01 -2.832952267e+01 +2.2244e+00 +1.5920e+00 +2.4778e+00 -1.6673e+00 +4.1703e-01
14543 0 +2.951602491e-04 -2.832970484e+01 -2.832970484e+01 +2.3126e+00 +1.6027e+00 +2.4121e+00 -1.6673e+00 +3.3090e-01
14778 0 +2.825660394e-04 -2.832971743e+01 -2.832971743e+01 +2.3126e+00 +1.6027e+00 +2.4121e+00 -1.6659e+00 +3.3090e-01
14942 0 +6.100570297e-05 -2.832993899e+01 -2.832993899e+01 +1.7567e+00 +1.2545e+00 +2.8903e+00 -2.0936e+00 +9.9334e-01
15691 0 +2.740512114e-05 -2.832997259e+01 -2.832997259e+01 +1.8134e+00 +1.2057e+00 +2.8607e+00 -2.1085e+00 +9.4647e-01
15753 0 +1.263430926e-05 -2.832998737e+01 -2.832998737e+01 +1.9459e+00 +1.2718e+00 +2.7556e+00 -2.0224e+00 +7.5371e-01
15775 0 +8.115988535e-06 -2.832999188e+01 -2.832999188e+01 +1.9459e+00 +1.2718e+00 +2.7546e+00 -2.0171e+00 +7.5397e-01
15830 0 +5.039696685e-06 -2.832999496e+01 -2.832999496e+01 +1.9459e+00 +1.2718e+00 +2.7301e+00 -2.0171e+00 +7.5397e-01
15841 0 +1.791422438e-06 -2.832999821e+01 -2.832999821e+01 +1.9459e+00 +1.2718e+00 +2.7301e+00 -2.0228e+00 +7.5397e-01
15940 0 +1.650967778e-06 -2.832999835e+01 -2.832999835e+01 +1.9479e+00 +1.2718e+00 +2.7301e+00 -2.0228e+00 +7.5397e-01
16083 0 +1.460791186e-06 -2.832999854e+01 -2.832999854e+01 +2.0362e+00 +1.3292e+00 +2.6520e+00 -1.9505e+00 +6.5498e-01
16093 0 +1.400823926e-06 -2.832999860e+01 -2.832999860e+01 +2.0362e+00 +1.3292e+00 +2.6520e+00 -1.9505e+00 +6.5830e-01
16251 0 +6.219606306e-07 -2.832999938e+01 -2.832999938e+01 +2.0541e+00 +1.3700e+00 +2.6350e+00 -1.9161e+00 +6.4022e-01
16262 0 +2.169326443e-07 -2.832999978e+01 -2.832999978e+01 +2.0296e+00 +1.3318e+00 +2.6618e+00 -1.9525e+00 +6.7243e-01
16354 0 +7.077175468e-08 -2.832999993e+01 -2.832999993e+01 +1.9975e+00 +1.3461e+00 +2.6816e+00 -1.9511e+00 +7.0807e-01
16381 0 +3.902965418e-08 -2.832999996e+01 -2.832999996e+01 +2.0114e+00 +1.3419e+00 +2.6816e+00 -1.9503e+00 +6.9738e-01
16507 0 +1.146121065e-08 -2.832999999e+01 -2.832999999e+01 +2.0114e+00 +1.3419e+00 +2.6789e+00 -1.9495e+00 +6.9395e-01
16693 0 +3.099632551e-09 -2.833000000e+01 -2.833000000e+01 +2.0038e+00 +1.3514e+00 +2.6862e+00 -1.9436e+00 +7.0817e-01
17225 0 +5.506706202e-13 -2.833000000e+01 -2.833000000e+01 +1.9939e+00 +1.3402e+00 +2.6936e+00 -1.9546e+00 +7.1899e-01
17638 0 +0.000000000e+00 -2.833000000e+01 -2.833000000e+01 +1.9926e+00 +1.3395e+00 +2.6945e+00 -1.9554e+00 +7.2050e-01
20002 0 +0.000000000e+00 -2.833000000e+01 -2.833000000e+01 +1.9926e+00 +1.3395e+00 +2.6945e+00 -1.9554e+00 +7.2050e-01
% f evaluations | g evaluations | best noise-free fitness - Fopt (-1.516100000000e+02) + sum g_i+ | measured fitness | best measured fitness or single-digit g-values | x1 | x2...
1 0 +7.955182774e+01 -7.205817226e+01 -7.205817226e+01 +2.9654e+00 -3.1657e+00 +2.7969e+00 +9.6850e-01 -5.4167e-01
9 0 +6.816798366e+01 -8.344201634e+01 -8.344201634e+01 +1.1000e+00 +3.3319e+00 -3.2664e+00 -1.0894e+00 -3.1776e+00
18 0 +6.758987712e+01 -8.402012288e+01 -8.402012288e+01 +1.6592e+00 +9.1298e-01 -2.2528e+00 +6.1243e-01 -1.1707e+00
19 0 +6.379775132e+01 -8.781224868e+01 -8.781224868e+01 +4.7171e+00 +3.4891e+00 +2.2173e+00 -2.6402e+00 -2.4393e+00
21 0 +5.528652943e+01 -9.632347057e+01 -9.632347057e+01 +3.9576e+00 -2.4630e-01 +6.3276e-01 +1.9552e+00 -3.6067e+00
23 0 +5.358496980e+01 -9.802503020e+01 -9.802503020e+01 +1.9478e+00 +3.8047e+00 +1.2435e+00 -2.0437e+00 -3.9451e+00
34 0 +2.941231614e+01 -1.221976839e+02 -1.221976839e+02 -3.4928e+00 +8.1988e-02 +1.9581e+00 +3.5836e+00 -1.7404e+00
81 0 +2.253312859e+01 -1.290768714e+02 -1.290768714e+02 -1.2227e+00 +3.4327e-01 -3.4388e-02 -1.1038e+00 -2.0236e+00
131 0 +2.210973929e+01 -1.295002607e+02 -1.295002607e+02 +8.4199e-01 +2.3682e+00 +5.7742e-01 +8.6535e-01 +6.4459e-01
231 0 +1.932089953e+01 -1.322891005e+02 -1.322891005e+02 -8.2597e-01 +3.4327e-01 -3.4388e-02 -1.1038e+00 -2.0236e+00
399 0 +1.832874239e+01 -1.332812576e+02 -1.332812576e+02 -4.6768e+00 +4.3704e-02 -8.8793e-01 +1.4406e+00 -3.4660e+00
730 0 +1.521586635e+01 -1.363941336e+02 -1.363941336e+02 +9.3883e-01 -1.3077e+00 -2.1402e+00 +1.5993e+00 +4.8922e-01
765 0 +8.855063557e+00 -1.427549364e+02 -1.427549364e+02 -4.6816e-02 +1.9244e+00 +1.1568e-01 -2.5587e+00 -2.3783e+00
924 0 +7.336487247e+00 -1.442735128e+02 -1.442735128e+02 -2.4419e+00 +2.4775e+00 +4.6997e+00 +2.1606e-01 -2.3064e+00
1206 0 +4.982474361e+00 -1.466275256e+02 -1.466275256e+02 -2.4419e+00 +2.7435e+00 +4.6997e+00 +2.1606e-01 -2.3064e+00
4008 0 +4.344351376e+00 -1.472656486e+02 -1.472656486e+02 +1.3531e+00 +3.9511e+00 +4.5870e+00 -2.7462e+00 -3.4381e+00
4097 0 +3.382912925e+00 -1.482270871e+02 -1.482270871e+02 +9.0077e-01 +1.5405e+00 +1.2791e+00 -1.6611e+00 -2.8541e+00
4312 0 +2.991789507e+00 -1.486182105e+02 -1.486182105e+02 +9.0077e-01 +1.5405e+00 +1.1306e+00 -1.6611e+00 -2.8541e+00
4832 0 +2.932095045e+00 -1.486779050e+02 -1.486779050e+02 +8.7222e-01 +1.5405e+00 +1.1306e+00 -1.6611e+00 -2.8541e+00
5033 0 +2.797890589e+00 -1.488121094e+02 -1.488121094e+02 +6.7039e-01 +1.5405e+00 +1.1306e+00 -1.6611e+00 -2.8541e+00
5528 0 +2.564474548e+00 -1.490455255e+02 -1.490455255e+02 +1.6623e+00 +3.4880e+00 +4.5870e+00 -2.7462e+00 -3.4795e+00
6032 0 +2.190141466e+00 -1.494198585e+02 -1.494198585e+02 -2.4365e+00 +2.7406e+00 +4.6997e+00 +2.1606e-01 -2.1015e+00
6456 0 +2.041193586e+00 -1.495688064e+02 -1.495688064e+02 -2.0653e+00 +2.7406e+00 +4.6997e+00 +2.1606e-01 -2.1015e+00
7553 0 +1.005681837e+00 -1.506043182e+02 -1.506043182e+02 +1.6623e+00 +3.4880e+00 +4.5870e+00 -2.7462e+00 -4.3482e+00
7831 0 +9.864127987e-01 -1.506235872e+02 -1.506235872e+02 +1.6623e+00 +3.4880e+00 +4.5870e+00 -2.6891e+00 -4.3482e+00
7965 0 +8.119181654e-01 -1.507980818e+02 -1.507980818e+02 +1.6623e+00 +3.4880e+00 +4.3839e+00 -2.6891e+00 -4.3482e+00
9115 0 +7.764751607e-01 -1.508335248e+02 -1.508335248e+02 +1.7229e+00 +3.3926e+00 +4.3839e+00 -2.6891e+00 -4.3482e+00
9542 0 +7.719903832e-01 -1.508380096e+02 -1.508380096e+02 +1.7229e+00 +3.3926e+00 +4.3187e+00 -2.6891e+00 -4.3482e+00
9983 0 +7.327031525e-01 -1.508772968e+02 -1.508772968e+02 +1.7229e+00 +3.3926e+00 +4.3187e+00 -2.6891e+00 -4.4037e+00
10929 0 +7.114177158e-01 -1.508985823e+02 -1.508985823e+02 +1.7229e+00 +3.3926e+00 +4.3187e+00 -2.6891e+00 -4.4494e+00
11725 0 +1.973547277e-01 -1.514126453e+02 -1.514126453e+02 -2.1791e+00 +1.8318e+00 +2.6970e+00 +1.0031e+00 -2.1578e-01
12777 0 +1.273637984e-01 -1.514826362e+02 -1.514826362e+02 -2.1791e+00 +1.9018e+00 +2.7161e+00 +1.0031e+00 -3.0174e-01
13778 0 +1.254704425e-01 -1.514845296e+02 -1.514845296e+02 -2.1759e+00 +1.9067e+00 +2.7264e+00 +1.0031e+00 -3.0460e-01
14011 0 +1.115769711e-01 -1.514984230e+02 -1.514984230e+02 -2.1759e+00 +1.9067e+00 +2.7264e+00 +9.9430e-01 -4.3103e-01
14049 0 +1.073574643e-01 -1.515026425e+02 -1.515026425e+02 -2.1817e+00 +1.9067e+00 +2.7264e+00 +9.9430e-01 -4.2312e-01
14123 0 +8.191194787e-02 -1.515280881e+02 -1.515280881e+02 -2.1817e+00 +1.9507e+00 +2.9081e+00 +9.9430e-01 -4.2312e-01
14283 0 +1.472175006e-02 -1.515952782e+02 -1.515952782e+02 -2.1922e+00 +2.3784e+00 +3.4025e+00 +9.2964e-01 -8.2547e-01
14799 0 +1.426661219e-02 -1.515957334e+02 -1.515957334e+02 -2.1922e+00 +2.3726e+00 +3.4025e+00 +9.2964e-01 -8.2547e-01
14933 0 +1.315711944e-02 -1.515968429e+02 -1.515968429e+02 -2.1922e+00 +2.3726e+00 +3.4025e+00 +9.2964e-01 -8.3768e-01
14961 0 +9.815745449e-03 -1.516001843e+02 -1.516001843e+02 -2.1922e+00 +2.3726e+00 +3.4025e+00 +8.8462e-01 -9.0000e-01
15190 0 +4.725406610e-03 -1.516052746e+02 -1.516052746e+02 -2.4872e+00 +2.0081e+00 +3.1792e+00 +9.4928e-01 -6.9308e-01
15235 0 +4.345246911e-03 -1.516056548e+02 -1.516056548e+02 -2.4049e+00 +2.2371e+00 +3.5706e+00 +7.9822e-01 -9.6608e-01
15352 0 +3.655329197e-03 -1.516063447e+02 -1.516063447e+02 -2.4049e+00 +2.1879e+00 +3.5706e+00 +7.9822e-01 -9.6608e-01
15803 0 +3.206703801e-03 -1.516067933e+02 -1.516067933e+02 -2.5199e+00 +1.9935e+00 +3.4864e+00 +7.9822e-01 -8.1211e-01
15825 0 +3.114027579e-03 -1.516068860e+02 -1.516068860e+02 -2.5199e+00 +1.9935e+00 +3.4864e+00 +7.9822e-01 -8.2512e-01
15847 0 +2.726047644e-03 -1.516072740e+02 -1.516072740e+02 -2.5199e+00 +2.0288e+00 +3.4864e+00 +7.9822e-01 -8.2512e-01
15935 0 +2.448500472e-03 -1.516075515e+02 -1.516075515e+02 -2.5199e+00 +2.0195e+00 +3.4864e+00 +7.9822e-01 -8.2512e-01
15978 0 +1.548893112e-03 -1.516084511e+02 -1.516084511e+02 -2.6575e+00 +1.9277e+00 +3.5355e+00 +7.8737e-01 -8.1529e-01
16012 0 +1.360455753e-03 -1.516086395e+02 -1.516086395e+02 -2.7865e+00 +1.8373e+00 +3.6291e+00 +7.2569e-01 -8.3554e-01
16025 0 +7.169666864e-04 -1.516092830e+02 -1.516092830e+02 -2.8561e+00 +1.8666e+00 +3.7113e+00 +7.2136e-01 -9.8035e-01
16035 0 +6.112083758e-04 -1.516093888e+02 -1.516093888e+02 -2.8561e+00 +1.9022e+00 +3.7113e+00 +7.2136e-01 -9.8035e-01
16078 0 +1.638018360e-04 -1.516098362e+02 -1.516098362e+02 -3.2405e+00 +1.5736e+00 +3.7169e+00 +7.0180e-01 -8.5947e-01
16124 0 +1.061202724e-04 -1.516098939e+02 -1.516098939e+02 -3.5477e+00 +1.3616e+00 +3.9628e+00 +5.5356e-01 -9.9015e-01
16184 0 +3.962963342e-05 -1.516099604e+02 -1.516099604e+02 -3.5836e+00 +1.3718e+00 +3.9513e+00 +5.8276e-01 -9.9015e-01
16188 0 +3.114882597e-05 -1.516099689e+02 -1.516099689e+02 -3.2405e+00 +1.5566e+00 +3.7169e+00 +6.9117e-01 -8.7481e-01
16264 0 +7.124928942e-06 -1.516099929e+02 -1.516099929e+02 -3.4939e+00 +1.4172e+00 +3.8944e+00 +6.1097e-01 -9.5875e-01
16284 0 +6.195138042e-06 -1.516099938e+02 -1.516099938e+02 -3.4939e+00 +1.4063e+00 +3.9061e+00 +6.1097e-01 -9.5497e-01
16458 0 +3.067312832e-06 -1.516099969e+02 -1.516099969e+02 -3.5333e+00 +1.4126e+00 +3.8801e+00 +6.4914e-01 -9.5874e-01
16507 0 +2.760687551e-06 -1.516099972e+02 -1.516099972e+02 -3.3251e+00 +1.5224e+00 +3.8258e+00 +6.5669e-01 -9.3784e-01
16584 0 +1.619956407e-06 -1.516099984e+02 -1.516099984e+02 -3.5333e+00 +1.4126e+00 +3.8801e+00 +6.4914e-01 -9.4296e-01
16618 0 +1.034699380e-06 -1.516099990e+02 -1.516099990e+02 -3.4176e+00 +1.4886e+00 +3.8523e+00 +6.5247e-01 -9.6526e-01
16632 0 +2.149741647e-07 -1.516099998e+02 -1.516099998e+02 -3.3592e+00 +1.5242e+00 +3.8184e+00 +6.7193e-01 -9.4573e-01
16656 0 +1.689794260e-07 -1.516099998e+02 -1.516099998e+02 -3.3592e+00 +1.5242e+00 +3.8184e+00 +6.7193e-01 -9.4479e-01
16664 0 +6.951145792e-08 -1.516099999e+02 -1.516099999e+02 -3.3703e+00 +1.5203e+00 +3.8235e+00 +6.7193e-01 -9.4479e-01
16699 0 +1.177207309e-08 -1.516100000e+02 -1.516100000e+02 -3.4366e+00 +1.4775e+00 +3.8430e+00 +6.6007e-01 -9.4986e-01
16747 0 +9.786589317e-09 -1.516100000e+02 -1.516100000e+02 -3.4366e+00 +1.4775e+00 +3.8430e+00 +6.6013e-01 -9.4917e-01
17611 0 +7.958078641e-13 -1.516100000e+02 -1.516100000e+02 -3.4121e+00 +1.4883e+00 +3.8248e+00 +6.6726e-01 -9.3882e-01
17888 0 +0.000000000e+00 -1.516100000e+02 -1.516100000e+02 -3.4158e+00 +1.4865e+00 +3.8263e+00 +6.6698e-01 -9.3919e-01
20002 0 +0.000000000e+00 -1.516100000e+02 -1.516100000e+02 -3.4158e+00 +1.4865e+00 +3.8263e+00 +6.6698e-01 -9.3919e-01
% f evaluations | g evaluations | best noise-free fitness - Fopt (-1.069900000000e+02) + sum g_i+ | measured fitness | best measured fitness or single-digit g-values | x1 | x2...
1 0 +6.646222742e+01 -4.052777258e+01 -4.052777258e+01 +2.9654e+00 -3.1657e+00 +2.7969e+00 +9.6850e-01 -5.4167e-01
5 0 +6.630430783e+01 -4.068569217e+01 -4.068569217e+01 -1.0014e+00 -4.5333e+00 +4.7376e+00 -2.6723e+00 -4.0939e+00
9 0 +3.636510267e+01 -7.062489733e+01 -7.062489733e+01 +1.1000e+00 +3.3319e+00 -3.2664e+00 -1.0894e+00 -3.1776e+00
22 0 +3.497103180e+01 -7.201896820e+01 -7.201896820e+01 +1.0442e+00 +3.9841e-01 -2.9694e+00 +4.4285e+00 +9.8865e-01
73 0 +2.384274011e+01 -8.314725989e+01 -8.314725989e+01 +7.3367e-01 -3.7150e+00 +3.1120e+00 +3.2064e+00 +1.2594e+00
124 0 +2.154331241e+01 -8.544668759e+01 -8.544668759e+01 -1.2271e+00 -4.9740e+00 +3.6830e+00 -4.1548e+00 +9.7278e-01
166 0 +1.463684415e+01 -9.235315585e+01 -9.235315585e+01 +2.9018e+00 +1.0596e+00 +4.2630e+00 +1.5108e+00 +3.3348e+00
373 0 +1.562605225e+00 -1.054273948e+02 -1.054273948e+02 +7.3367e-01 -3.7150e+00 +3.1120e+00 +3.2064e+00 +5.4455e-01
2007 0 +1.247606566e+00 -1.057423934e+02 -1.057423934e+02 -1.4444e+00 -1.6269e+00 +3.5682e-01 +3.4113e+00 -1.4645e-01
2652 0 +1.188290363e+00 -1.058017096e+02 -1.058017096e+02 -1.4444e+00 -1.6500e+00 +3.5682e-01 +3.4113e+00 -1.4645e-01
2663 0 +4.725411248e-01 -1.065174589e+02 -1.065174589e+02 +7.7348e-01 -2.7953e+00 +2.5994e+00 +3.3771e+00 +5.0959e-01
2788 0 +4.462131667e-01 -1.065437868e+02 -1.065437868e+02 +7.7348e-01 -2.7953e+00 +2.5045e+00 +3.3771e+00 +5.0959e-01
3274 0 +4.066520059e-01 -1.065833480e+02 -1.065833480e+02 +7.7348e-01 -2.7953e+00 +2.3338e+00 +3.3771e+00 +5.0959e-01
5469 0 +3.521400675e-01 -1.066378599e+02 -1.066378599e+02 -1.0731e-01 -2.0632e-02 -1.5001e-01 +3.8713e+00 +6.9001e-01
5573 0 +1.437717035e-01 -1.068462283e+02 -1.068462283e+02 -2.1465e+00 -1.9165e+00 +3.5682e-01 +3.4113e+00 +3.1105e-02
5745 0 +1.026137836e-01 -1.068873862e+02 -1.068873862e+02 -1.2418e-01 -3.7556e-01 -1.5001e-01 +3.8713e+00 +6.9001e-01
5835 0 +5.418724776e-02 -1.069358128e+02 -1.069358128e+02 -1.0554e+00 -3.7556e-01 -1.5001e-01 +3.8713e+00 +6.9001e-01
6012 0 +5.176678167e-02 -1.069382332e+02 -1.069382332e+02 -1.0554e+00 -3.7556e-01 -4.6846e-01 +3.8713e+00 +6.9001e-01
6185 0 +4.808501384e-02 -1.069419150e+02 -1.069419150e+02 -7.1363e-01 -3.7556e-01 -4.6846e-01 +3.8713e+00 +6.9001e-01
6436 0 +3.777086496e-02 -1.069522291e+02 -1.069522291e+02 -7.1363e-01 -3.7556e-01 -3.6635e-01 +3.8713e+00 +6.9001e-01
7294 0 +3.533656647e-02 -1.069546634e+02 -1.069546634e+02 -7.1363e-01 -3.7556e-01 -3.3425e-01 +3.8713e+00 +6.9001e-01
8057 0 +3.264699740e-02 -1.069573530e+02 -1.069573530e+02 -7.1363e-01 -3.7556e-01 -2.8988e-01 +3.8713e+00 +6.9001e-01
8856 0 +3.175372381e-02 -1.069582463e+02 -1.069582463e+02 -7.1363e-01 -3.7556e-01 -2.8988e-01 +3.8713e+00 +5.5780e-01
9954 0 +2.376883277e-02 -1.069662312e+02 -1.069662312e+02 -7.1363e-01 -3.7556e-01 -2.8988e-01 +3.8713e+00 +6.6502e-01
10276 0 +2.226797594e-02 -1.069677320e+02 -1.069677320e+02 -7.1363e-01 -3.7556e-01 -1.6013e-01 +3.8713e+00 +6.6502e-01
12548 0 +2.065539639e-02 -1.069693446e+02 -1.069693446e+02 -8.9671e-01 -5.4352e-01 -1.7668e-01 +3.8415e+00 +6.6443e-01
12656 0 +1.922917808e-02 -1.069707708e+02 -1.069707708e+02 -8.5822e-01 -5.4352e-01 -1.7668e-01 +3.8415e+00 +6.6443e-01
12811 0 +1.823300303e-02 -1.069717670e+02 -1.069717670e+02 -7.8866e-01 -3.7556e-01 -1.6013e-01 +3.8713e+00 +5.9514e-01
12839 0 +1.456987744e-02 -1.069754301e+02 -1.069754301e+02 -1.7625e+00 -5.4352e-01 -3.9704e-01 +3.6948e+00 +3.4526e-01
12914 0 +5.675035695e-03 -1.069843250e+02 -1.069843250e+02 -1.7625e+00 -8.9410e-01 -2.0002e-02 +3.6948e+00 +3.4526e-01
12989 0 +1.176916779e-03 -1.069888231e+02 -1.069888231e+02 -1.2783e+00 -8.7379e-01 -2.0002e-02 +3.6948e+00 +3.4526e-01
13014 0 +1.162703847e-03 -1.069888373e+02 -1.069888373e+02 -1.2783e+00 -8.7379e-01 -2.7920e-01 +3.6948e+00 +3.4526e-01
13205 0 +6.398289712e-04 -1.069893602e+02 -1.069893602e+02 -1.3259e+00 -8.7379e-01 -2.7920e-01 +3.6948e+00 +4.0580e-01
13807 0 +1.604985013e-04 -1.069898395e+02 -1.069898395e+02 -1.3259e+00 -1.0517e+00 -6.7815e-02 +3.6948e+00 +4.0580e-01
13982 0 +1.323539981e-04 -1.069898676e+02 -1.069898676e+02 -1.3259e+00 -1.0517e+00 -6.7815e-02 +3.6948e+00 +3.8941e-01
14428 0 +6.039051573e-05 -1.069899396e+02 -1.069899396e+02 -1.3705e+00 -8.9813e-01 -2.2469e-01 +3.6948e+00 +3.9053e-01
14527 0 +1.611352251e-05 -1.069899839e+02 -1.069899839e+02 -1.3705e+00 -7.8368e-01 -2.2469e-01 +3.7197e+00 +3.9053e-01
14718 0 +6.334979830e-06 -1.069899937e+02 -1.069899937e+02 -1.3705e+00 -7.9671e-01 -2.2469e-01 +3.7197e+00 +3.9287e-01
14763 0 +3.882872747e-06 -1.069899961e+02 -1.069899961e+02 -1.3836e+00 -7.9671e-01 -2.2469e-01 +3.7197e+00 +3.9287e-01
14942 0 +4.585386222e-07 -1.069899995e+02 -1.069899995e+02 -1.3836e+00 -8.4284e-01 -2.2469e-01 +3.7197e+00 +3.9287e-01
14970 0 +4.381497263e-07 -1.069899996e+02 -1.069899996e+02 -1.3845e+00 -8.4284e-01 -2.2469e-01 +3.7197e+00 +3.9287e-01
15152 0 +2.991417745e-07 -1.069899997e+02 -1.069899997e+02 -1.3845e+00 -8.4284e-01 -2.2469e-01 +3.7197e+00 +3.9766e-01
15461 0 +1.380280850e-07 -1.069899999e+02 -1.069899999e+02 -1.3845e+00 -8.4284e-01 -2.0913e-01 +3.7197e+00 +3.9766e-01
15843 0 +1.206370825e-08 -1.069900000e+02 -1.069900000e+02 -1.4323e+00 -8.5637e-01 -2.0913e-01 +3.7108e+00 +3.8026e-01
15898 0 +1.138299410e-08 -1.069900000e+02 -1.069900000e+02 -1.4018e+00 -8.6454e-01 -2.0726e-01 +3.7112e+00 +3.8617e-01
15928 0 +1.476252010e-09 -1.069900000e+02 -1.069900000e+02 -1.4051e+00 -8.5653e-01 -2.0748e-01 +3.7123e+00 +3.8830e-01
16578 0 +2.700062396e-13 -1.069900000e+02 -1.069900000e+02 -1.4254e+00 -8.4824e-01 -2.2059e-01 +3.7135e+00 +3.8531e-01
16930 0 +0.000000000e+00 -1.069900000e+02 -1.069900000e+02 -1.4228e+00 -8.5039e-01 -2.1834e-01 +3.7132e+00 +3.8559e-01
20002 0 +0.000000000e+00 -1.069900000e+02 -1.069900000e+02 -1.4228e+00 -8.5039e-01 -2.1834e-01 +3.7132e+00 +3.8559e-01
% f evaluations | g evaluations | best noise-free fitness - Fopt (1.000300000000e+02) + sum g_i+ | measured fitness | best measured fitness or single-digit g-values | x1 | x2...
1 0 +5.878008256e+01 +1.588100826e+02 +1.588100826e+02 +2.9654e+00 -3.1657e+00 +2.7969e+00 +9.6850e-01 -5.4167e-01
11 0 +1.975792989e+01 +1.197879299e+02 +1.197879299e+02 +3.4228e+00 -5.0246e-01 -1.0485e+00 +4.2666e+00 +2.2727e+00
18 0 +8.373038969e+00 +1.084030390e+02 +1.084030390e+02 +1.6592e+00 +9.1298e-01 -2.2528e+00 +6.1243e-01 -1.1707e+00
224 0 +5.811123964e+00 +1.058411240e+02 +1.058411240e+02 +3.2043e+00 +1.5148e+00 -2.9332e+00 +6.9535e-01 -2.8541e+00
310 0 +3.010352920e+00 +1.030403529e+02 +1.030403529e+02 +3.4228e+00 -5.0246e-01 -1.0485e+00 +1.8210e+00 +2.2727e+00
832 0 +2.656030583e+00 +1.026860306e+02 +1.026860306e+02 -2.8319e+00 -2.0551e+00 +2.8990e-01 +2.5210e+00 -1.1580e+00
1258 0 +1.873753394e+00 +1.019037534e+02 +1.019037534e+02 -2.8319e+00 -2.0551e+00 +2.8990e-01 +2.5210e+00 -1.5813e+00
1376 0 +1.643162700e+00 +1.016731627e+02 +1.016731627e+02 +3.2043e+00 +1.5148e+00 -2.3171e+00 +6.9535e-01 -1.6923e+00
1515 0 +1.583906942e+00 +1.016139069e+02 +1.016139069e+02 +2.6586e+00 +1.5148e+00 -2.3171e+00 +6.9535e-01 -1.6923e+00
1652 0 +1.502119606e+00 +1.015321196e+02 +1.015321196e+02 +3.1387e+00 +1.5148e+00 -2.3171e+00 +6.9535e-01 -1.6923e+00
1941 0 +4.939820385e-01 +1.005239820e+02 +1.005239820e+02 -2.8319e+00 -2.0551e+00 +2.8990e-01 +2.2437e+00 -1.5813e+00
3200 0 +4.315736776e-01 +1.004615737e+02 +1.004615737e+02 -2.8319e+00 -2.0551e+00 +2.8990e-01 +2.2437e+00 -2.0090e+00
4576 0 +9.260978355e-02 +1.001226098e+02 +1.001226098e+02 -1.7145e+00 -2.1663e+00 +7.3195e-01 +3.0984e+00 -1.9081e+00
6514 0 +4.662605894e-02 +1.000766261e+02 +1.000766261e+02 -1.7145e+00 -2.1663e+00 +7.3195e-01 +3.0018e+00 -1.9039e+00
6835 0 +3.946785664e-02 +1.000694679e+02 +1.000694679e+02 -1.7145e+00 -2.1132e+00 +7.3195e-01 +3.0018e+00 -1.9039e+00
7290 0 +3.814972441e-02 +1.000681497e+02 +1.000681497e+02 -1.7145e+00 -2.1132e+00 +6.9873e-01 +3.0018e+00 -1.9039e+00
8558 0 +3.783050515e-02 +1.000678305e+02 +1.000678305e+02 -1.7145e+00 -2.1132e+00 +6.9873e-01 +3.0018e+00 -1.9069e+00
8618 0 +3.143164397e-02 +1.000614316e+02 +1.000614316e+02 -1.7145e+00 -2.1132e+00 +6.9873e-01 +2.9559e+00 -1.9069e+00
8737 0 +2.563707897e-02 +1.000556371e+02 +1.000556371e+02 -1.7145e+00 -2.0917e+00 +6.9873e-01 +2.9559e+00 -1.9069e+00
8967 0 +2.348485509e-02 +1.000534849e+02 +1.000534849e+02 -1.7145e+00 -2.0917e+00 +6.9873e-01 +2.9559e+00 -1.9276e+00
9403 0 +2.203876821e-02 +1.000520388e+02 +1.000520388e+02 -1.7145e+00 -2.0917e+00 +6.9873e-01 +2.9559e+00 -2.0309e+00
9659 0 +2.114990501e-02 +1.000511499e+02 +1.000511499e+02 -1.7145e+00 -2.0917e+00 +6.9873e-01 +2.9559e+00 -1.9721e+00
12516 0 +2.085279857e-02 +1.000508528e+02 +1.000508528e+02 -1.7157e+00 -2.0917e+00 +6.9763e-01 +2.9559e+00 -1.9837e+00
12934 0 +1.967806495e-02 +1.000496781e+02 +1.000496781e+02 -1.7222e+00 -2.0917e+00 +6.9154e-01 +2.9524e+00 -1.9837e+00
13033 0 +1.932913364e-02 +1.000493291e+02 +1.000493291e+02 -1.7384e+00 -2.0917e+00 +6.9154e-01 +2.9524e+00 -1.9837e+00
13105 0 +1.886099131e-02 +1.000488610e+02 +1.000488610e+02 -1.7384e+00 -2.0917e+00 +6.8560e-01 +2.9524e+00 -1.9837e+00
13822 0 +1.802085826e-02 +1.000480209e+02 +1.000480209e+02 -1.7384e+00 -2.0917e+00 +6.8560e-01 +2.9470e+00 -1.9900e+00
13898 0 +8.678182150e-03 +1.000386782e+02 +1.000386782e+02 -2.1387e+00 -2.1136e+00 +5.3734e-01 +2.7660e+00 -1.9395e+00
14285 0 +4.419720303e-03 +1.000344197e+02 +1.000344197e+02 -2.1387e+00 -2.1136e+00 +5.3734e-01 +2.6704e+00 -1.9395e+00
14319 0 +3.655072378e-03 +1.000336551e+02 +1.000336551e+02 -2.1387e+00 -2.1136e+00 +5.3734e-01 +2.6972e+00 -1.9395e+00
14924 0 +3.630723244e-03 +1.000336307e+02 +1.000336307e+02 -2.0043e+00 -2.0739e+00 +5.2950e-01 +2.7968e+00 -2.0719e+00
14997 0 +3.352652098e-03 +1.000333527e+02 +1.000333527e+02 -1.8498e+00 -1.9954e+00 +5.9024e-01 +2.7498e+00 -2.0622e+00
15067 0 +3.155824420e-03 +1.000331558e+02 +1.000331558e+02 -1.8498e+00 -1.9954e+00 +5.9024e-01 +2.7647e+00 -2.0622e+00
15143 0 +3.049644134e-03 +1.000330496e+02 +1.000330496e+02 -1.6957e+00 -1.8760e+00 +5.6060e-01 +2.7545e+00 -2.1621e+00
15193 0 +2.479278816e-03 +1.000324793e+02 +1.000324793e+02 -1.8258e+00 -1.9696e+00 +5.4015e-01 +2.7846e+00 -2.1239e+00
15284 0 +2.359298804e-03 +1.000323593e+02 +1.000323593e+02 -1.8258e+00 -1.9696e+00 +5.4355e-01 +2.7834e+00 -2.1255e+00
15318 0 +2.279374569e-03 +1.000322794e+02 +1.000322794e+02 -1.9048e+00 -2.0029e+00 +5.2974e-01 +2.7709e+00 -2.0940e+00
15331 0 +2.236605128e-03 +1.000322366e+02 +1.000322366e+02 -1.9042e+00 -2.0019e+00 +5.2318e-01 +2.7714e+00 -2.0982e+00
15370 0 +1.756714294e-03 +1.000317567e+02 +1.000317567e+02 -1.9042e+00 -2.0019e+00 +5.2318e-01 +2.7714e+00 -2.1264e+00
15383 0 +1.566312579e-03 +1.000315663e+02 +1.000315663e+02 -1.9042e+00 -2.0019e+00 +5.2318e-01 +2.7615e+00 -2.1264e+00
15405 0 +9.186585734e-04 +1.000309187e+02 +1.000309187e+02 -1.9445e+00 -1.9908e+00 +4.2927e-01 +2.7645e+00 -2.2509e+00
15514 0 +9.009441349e-04 +1.000309009e+02 +1.000309009e+02 -1.9368e+00 -1.9803e+00 +4.2274e-01 +2.7448e+00 -2.2509e+00
15553 0 +8.847313549e-04 +1.000308847e+02 +1.000308847e+02 -1.8840e+00 -1.9478e+00 +3.9666e-01 +2.7801e+00 -2.3103e+00
15625 0 +8.489209670e-04 +1.000308489e+02 +1.000308489e+02 -1.8840e+00 -1.9478e+00 +3.9666e-01 +2.7598e+00 -2.3103e+00
15626 0 +7.747237298e-04 +1.000307747e+02 +1.000307747e+02 -1.8414e+00 -1.9275e+00 +4.2157e-01 +2.7656e+00 -2.3107e+00
15638 0 +6.350427019e-04 +1.000306350e+02 +1.000306350e+02 -1.8414e+00 -1.9275e+00 +4.2157e-01 +2.7656e+00 -2.3386e+00
15725 0 +6.193428653e-04 +1.000306193e+02 +1.000306193e+02 -1.7666e+00 -1.8818e+00 +4.4815e-01 +2.7615e+00 -2.3375e+00
15733 0 +1.795831036e-04 +1.000301796e+02 +1.000301796e+02 -1.6354e+00 -1.7583e+00 +3.9073e-01 +2.7486e+00 -2.5336e+00
15777 0 +1.612059376e-04 +1.000301612e+02 +1.000301612e+02 -1.6860e+00 -1.8091e+00 +3.7840e-01 +2.7486e+00 -2.5336e+00
15843 0 +1.485119583e-04 +1.000301485e+02 +1.000301485e+02 -1.6860e+00 -1.8091e+00 +3.7840e-01 +2.7529e+00 -2.5336e+00
15865 0 +1.449972071e-04 +1.000301450e+02 +1.000301450e+02 -1.6860e+00 -1.8091e+00 +3.7840e-01 +2.7573e+00 -2.5336e+00
15876 0 +1.131970860e-04 +1.000301132e+02 +1.000301132e+02 -1.6466e+00 -1.7812e+00 +3.7451e-01 +2.7550e+00 -2.5775e+00
15895 0 +3.420290048e-05 +1.000300342e+02 +1.000300342e+02 -1.6783e+00 -1.7614e+00 +2.5510e-01 +2.7656e+00 -2.7127e+00
15972 0 +3.263497233e-05 +1.000300326e+02 +1.000300326e+02 -1.6751e+00 -1.7614e+00 +2.5662e-01 +2.7655e+00 -2.7127e+00
16002 0 +5.964970413e-06 +1.000300060e+02 +1.000300060e+02 -1.5167e+00 -1.6621e+00 +2.5662e-01 +2.7630e+00 -2.8435e+00
16124 0 +4.395597102e-06 +1.000300044e+02 +1.000300044e+02 -1.4865e+00 -1.6343e+00 +2.5521e-01 +2.7632e+00 -2.8654e+00
16184 0 +2.482929830e-06 +1.000300025e+02 +1.000300025e+02 -1.4865e+00 -1.6343e+00 +2.5521e-01 +2.7609e+00 -2.8654e+00
16186 0 +6.465414373e-07 +1.000300006e+02 +1.000300006e+02 -1.5161e+00 -1.6321e+00 +2.0676e-01 +2.7465e+00 -2.9148e+00
16206 0 +2.575473417e-07 +1.000300003e+02 +1.000300003e+02 -1.5161e+00 -1.6315e+00 +2.1321e-01 +2.7483e+00 -2.9087e+00
16216 0 +2.413358544e-07 +1.000300002e+02 +1.000300002e+02 -1.5161e+00 -1.6315e+00 +2.1321e-01 +2.7477e+00 -2.9087e+00
16236 0 +2.385448852e-07 +1.000300002e+02 +1.000300002e+02 -1.5161e+00 -1.6315e+00 +2.1321e-01 +2.7476e+00 -2.9087e+00
16636 0 +1.623693464e-07 +1.000300002e+02 +1.000300002e+02 -1.5029e+00 -1.6222e+00 +2.1321e-01 +2.7476e+00 -2.9257e+00
16657 0 +6.185632628e-08 +1.000300001e+02 +1.000300001e+02 -1.4744e+00 -1.5960e+00 +1.9225e-01 +2.7466e+00 -2.9749e+00
16689 0 +5.407247272e-08 +1.000300001e+02 +1.000300001e+02 -1.4744e+00 -1.5960e+00 +1.9225e-01 +2.7450e+00 -2.9749e+00
16710 0 +5.090531374e-08 +1.000300001e+02 +1.000300001e+02 -1.4470e+00 -1.5702e+00 +1.9399e-01 +2.7314e+00 -2.9921e+00
16718 0 +4.639049678e-08 +1.000300000e+02 +1.000300000e+02 -1.4470e+00 -1.5702e+00 +1.9399e-01 +2.7389e+00 -2.9946e+00
16726 0 +4.386043884e-08 +1.000300000e+02 +1.000300000e+02 -1.4470e+00 -1.5702e+00 +1.9399e-01 +2.7317e+00 -2.9946e+00
16766 0 +1.930675353e-08 +1.000300000e+02 +1.000300000e+02 -1.4470e+00 -1.5702e+00 +1.9691e-01 +2.7317e+00 -2.9946e+00
16816 0 +3.772555601e-10 +1.000300000e+02 +1.000300000e+02 -1.4656e+00 -1.5876e+00 +2.1067e-01 +2.7342e+00 -2.9578e+00
17553 0 +6.963318810e-13 +1.000300000e+02 +1.000300000e+02 -1.4656e+00 -1.5879e+00 +2.0850e-01 +2.7359e+00 -2.9575e+00
17832 0 +0.000000000e+00 +1.000300000e+02 +1.000300000e+02 -1.4640e+00 -1.5873e+00 +2.0924e-01 +2.7361e+00 -2.9579e+00
20002 0 +0.000000000e+00 +1.000300000e+02 +1.000300000e+02 -1.4640e+00 -1.5873e+00 +2.0924e-01 +2.7361e+00 -2.9579e+00
% f evaluations | g evaluations | best noise-free fitness - Fopt (-2.788900000000e+02) + sum g_i+ | measured fitness | best measured fitness or single-digit g-values | x1 | x2...
1 0 +7.010094921e+01 -2.087890508e+02 -2.087890508e+02 +2.9654e+00 -3.1657e+00 +2.7969e+00 +9.6850e-01 -5.4167e-01
15 0 +5.872270025e+01 -2.201672997e+02 -2.201672997e+02 -1.0512e+00 -2.0651e+00 -4.8592e+00 -3.0116e+00 +2.1134e+00
22 0 +5.469080298e+01 -2.241991970e+02 -2.241991970e+02 +1.0442e+00 +3.9841e-01 -2.9694e+00 +4.4285e+00 +9.8865e-01
35 0 +1.053736972e+01 -2.683526303e+02 -2.683526303e+02 -2.7976e+00 +2.1115e+00 +3.0950e+00 -1.5133e+00 -4.0382e+00
124 0 +7.379180290e+00 -2.715108197e+02 -2.715108197e+02 -1.2271e+00 -4.9740e+00 +3.6830e+00 -4.1548e+00 +9.7278e-01
667 0 +2.657790294e+00 -2.762322097e+02 -2.762322097e+02 -1.2274e+00 -4.1465e+00 +1.1825e+00 -1.6345e+00 +1.8953e+00
1097 0 +2.182894928e+00 -2.767071051e+02 -2.767071051e+02 -1.8811e+00 -4.1465e+00 +1.1825e+00 -1.6345e+00 +1.8953e+00
1237 0 +2.015673497e+00 -2.768743265e+02 -2.768743265e+02 -1.8811e+00 -3.9231e+00 +1.1825e+00 -1.6345e+00 +1.8953e+00
1516 0 +6.693956841e-01 -2.782206043e+02 -2.782206043e+02 -1.8811e+00 -3.9231e+00 +1.1825e+00 -1.6345e+00 +1.6765e+00
1680 0 +4.981876528e-01 -2.783918123e+02 -2.783918123e+02 -3.7707e+00 -3.6615e+00 -1.5462e-01 -1.1834e+00 +1.9171e+00
2470 0 +4.152039199e-01 -2.784747961e+02 -2.784747961e+02 -3.7707e+00 -3.6615e+00 +4.7146e-02 -1.1834e+00 +1.9171e+00
3090 0 +2.902708981e-01 -2.785997291e+02 -2.785997291e+02 -3.7707e+00 -3.6615e+00 +4.7146e-02 -1.1834e+00 +1.8851e+00
3676 0 +2.601387680e-01 -2.786298612e+02 -2.786298612e+02 -3.7050e+00 -3.6615e+00 +4.7146e-02 -1.1834e+00 +1.8851e+00
4650 0 +2.039939945e-01 -2.786860060e+02 -2.786860060e+02 -3.7050e+00 -3.4248e+00 +4.7146e-02 -1.1834e+00 +1.8851e+00
4854 0 +2.576685731e-03 -2.788874233e+02 -2.788874233e+02 -3.7050e+00 -3.4248e+00 +4.7146e-02 -1.7256e+00 +1.8851e+00
5344 0 +9.424618523e-04 -2.788890575e+02 -2.788890575e+02 -3.5940e+00 -3.4248e+00 +4.7146e-02 -1.7256e+00 +1.8851e+00
6968 0 +8.595095187e-04 -2.788891405e+02 -2.788891405e+02 -3.5940e+00 -3.4248e+00 +4.7146e-02 -1.5587e+00 +1.8851e+00
7628 0 +5.226939599e-04 -2.788894773e+02 -2.788894773e+02 -3.5940e+00 -3.4248e+00 +4.7146e-02 -1.5876e+00 +1.8851e+00
8294 0 +2.033139912e-04 -2.788897967e+02 -2.788897967e+02 -3.5471e+00 -3.4248e+00 +4.7146e-02 -1.5876e+00 +1.8851e+00
8543 0 +1.918515636e-04 -2.788898081e+02 -2.788898081e+02 -3.5471e+00 -3.4248e+00 +4.7146e-02 -1.6252e+00 +1.8851e+00
9496 0 +1.833501493e-04 -2.788898166e+02 -2.788898166e+02 -3.5471e+00 -3.4248e+00 +4.7146e-02 -1.6165e+00 +1.8851e+00
9748 0 +1.692510614e-04 -2.788898307e+02 -2.788898307e+02 -3.5039e+00 -3.4248e+00 +4.7146e-02 -1.6165e+00 +1.8851e+00
9893 0 +9.337984153e-05 -2.788899066e+02 -2.788899066e+02 -3.5039e+00 -3.4443e+00 +4.7146e-02 -1.6165e+00 +1.8851e+00
11853 0 +6.013782223e-05 -2.788899399e+02 -2.788899399e+02 -3.5039e+00 -3.4443e+00 +4.7146e-02 -1.5495e+00 +1.8851e+00
12563 0 +4.230284401e-05 -2.788899577e+02 -2.788899577e+02 -3.5039e+00 -3.4443e+00 +4.7146e-02 -1.5840e+00 +1.8851e+00
12978 0 +4.147263189e-05 -2.788899585e+02 -2.788899585e+02 -3.5039e+00 -3.4475e+00 +4.7146e-02 -1.5840e+00 +1.8851e+00
14200 0 +3.323767720e-05 -2.788899668e+02 -2.788899668e+02 -3.7563e+00 -3.4096e+00 -8.9137e-02 -1.4145e+00 +1.8727e+00
14357 0 +9.537920334e-06 -2.788899905e+02 -2.788899905e+02 -3.7563e+00 -3.4096e+00 -8.9137e-02 -1.4453e+00 +1.8727e+00
14408 0 +8.649132496e-06 -2.788899914e+02 -2.788899914e+02 -3.7563e+00 -3.4096e+00 -8.9137e-02 -1.4651e+00 +1.8727e+00
14865 0 +6.323330012e-06 -2.788899937e+02 -2.788899937e+02 -3.8029e+00 -3.3976e+00 -8.9137e-02 -1.4651e+00 +1.8727e+00
14880 0 +2.645990321e-06 -2.788899974e+02 -2.788899974e+02 -3.7748e+00 -3.4001e+00 -8.0725e-02 -1.4732e+00 +1.8727e+00
15107 0 +2.118216003e-06 -2.788899979e+02 -2.788899979e+02 -3.8271e+00 -3.3896e+00 -1.0710e-01 -1.4732e+00 +1.8715e+00
15215 0 +1.492542367e-06 -2.788899985e+02 -2.788899985e+02 -3.8560e+00 -3.3909e+00 -1.0647e-01 -1.4683e+00 +1.8614e+00
15494 0 +1.146080251e-06 -2.788899989e+02 -2.788899989e+02 -3.8596e+00 -3.3946e+00 -1.0178e-01 -1.4683e+00 +1.8614e+00
15542 0 +8.763373671e-08 -2.788899999e+02 -2.788899999e+02 -3.8596e+00 -3.4030e+00 -1.0178e-01 -1.4683e+00 +1.8614e+00
15554 0 +8.682758335e-08 -2.788899999e+02 -2.788899999e+02 -3.8632e+00 -3.4030e+00 -1.0178e-01 -1.4683e+00 +1.8614e+00
15697 0 +8.077415714e-08 -2.788899999e+02 -2.788899999e+02 -3.8632e+00 -3.4041e+00 -1.0178e-01 -1.4683e+00 +1.8614e+00
15743 0 +5.657665270e-08 -2.788899999e+02 -2.788899999e+02 -3.9219e+00 -3.4213e+00 -6.3486e-02 -1.4795e+00 +1.8245e+00
15839 0 +3.911566182e-08 -2.788900000e+02 -2.788900000e+02 -3.8323e+00 -3.4177e+00 -5.8630e-02 -1.5005e+00 +1.8493e+00
16037 0 +1.055190069e-08 -2.788900000e+02 -2.788900000e+02 -3.8888e+00 -3.4161e+00 -7.0451e-02 -1.4849e+00 +1.8366e+00
16067 0 +2.651745490e-09 -2.788900000e+02 -2.788900000e+02 -3.8759e+00 -3.4150e+00 -7.0451e-02 -1.4887e+00 +1.8420e+00
16964 0 +1.705302566e-13 -2.788900000e+02 -2.788900000e+02 -3.8875e+00 -3.4131e+00 -7.9214e-02 -1.4781e+00 +1.8430e+00
17085 0 +0.000000000e+00 -2.788900000e+02 -2.788900000e+02 -3.8866e+00 -3.4131e+00 -7.8549e-02 -1.4784e+00 +1.8426e+00
20002 0 +0.000000000e+00 -2.788900000e+02 -2.788900000e+02 -3.8866e+00 -3.4131e+00 -7.8549e-02 -1.4784e+00 +1.8426e+00
% f evaluations | g evaluations | best noise-free fitness - Fopt (5.142200000000e+02) + sum g_i+ | measured fitness | best measured fitness or single-digit g-values | x1 | x2...
1 0 +6.538699746e+01 +5.796069975e+02 +5.796069975e+02 +2.9654e+00 -3.1657e+00 +2.7969e+00 +9.6850e-01 -5.4167e-01
4 0 +3.160627229e+01 +5.458262723e+02 +5.458262723e+02 +1.1748e+00 +1.1165e+00 -4.9293e+00 -4.7694e+00 +2.4775e-01
44 0 +2.482793536e+01 +5.390479354e+02 +5.390479354e+02 -6.1063e-02 -3.2118e+00 -1.3353e+00 +2.4417e+00 +2.2094e+00
213 0 +1.827365942e+01 +5.324936594e+02 +5.324936594e+02 +2.4404e+00 -2.4914e+00 -2.0093e+00 -4.1913e+00 -7.1686e-01
598 0 +1.786905045e+01 +5.320890505e+02 +5.320890505e+02 +1.1748e+00 +5.4531e-01 -4.7321e+00 -4.7694e+00 +2.4775e-01
655 0 +8.310803131e+00 +5.225308031e+02 +5.225308031e+02 +2.4404e+00 -2.8443e+00 -2.0093e+00 -4.1913e+00 -7.1686e-01
1085 0 +2.496768693e+00 +5.167167687e+02 +5.167167687e+02 +2.4404e+00 -2.8443e+00 -2.0093e+00 -4.1913e+00 -1.2466e+00
2123 0 +2.106385930e+00 +5.163263859e+02 +5.163263859e+02 +1.1748e+00 +5.4531e-01 -4.1384e+00 -4.7694e+00 +1.9156e+00
3007 0 +1.390223692e+00 +5.156102237e+02 +5.156102237e+02 +1.1748e+00 +5.4531e-01 -4.1384e+00 -4.7694e+00 +2.8172e+00
4582 0 +1.118076362e+00 +5.153380764e+02 +5.153380764e+02 +1.1748e+00 +5.4531e-01 -4.1384e+00 -4.6579e+00 +2.8172e+00
4619 0 +3.203671676e-01 +5.145403672e+02 +5.145403672e+02 +2.4223e+00 -2.8443e+00 -2.0093e+00 -4.1913e+00 -2.1143e+00
6697 0 +6.046773909e-02 +5.142804677e+02 +5.142804677e+02 +3.9214e-01 -2.0388e+00 -2.1709e+00 -2.9891e+00 -2.8814e+00
7666 0 +9.977502761e-03 +5.142299775e+02 +5.142299775e+02 +3.9214e-01 -2.0388e+00 -2.3091e+00 -2.9891e+00 -2.8814e+00
9672 0 +5.313042893e-03 +5.142253130e+02 +5.142253130e+02 +3.9214e-01 -2.0388e+00 -2.3091e+00 -2.9891e+00 -3.3036e+00
9964 0 +4.135870828e-03 +5.142241359e+02 +5.142241359e+02 +3.7563e-01 -2.0388e+00 -2.3091e+00 -2.9891e+00 -3.3036e+00
10671 0 +3.921057517e-03 +5.142239211e+02 +5.142239211e+02 +3.6742e-01 -2.0388e+00 -2.3091e+00 -2.9891e+00 -3.3036e+00
12328 0 +1.290007420e-03 +5.142212900e+02 +5.142212900e+02 +3.6742e-01 -2.0388e+00 -2.3091e+00 -2.9891e+00 -3.1553e+00
15224 0 +1.267560715e-03 +5.142212676e+02 +5.142212676e+02 +9.6421e-01 -2.0006e+00 -2.6539e+00 -3.4067e+00 -3.1774e+00
15342 0 +7.865883151e-04 +5.142207866e+02 +5.142207866e+02 +4.9372e-01 -1.8225e+00 -2.6617e+00 -3.0657e+00 -3.3013e+00
15575 0 +4.536482895e-04 +5.142204536e+02 +5.142204536e+02 +4.9372e-01 -1.8225e+00 -2.7064e+00 -3.0657e+00 -3.3013e+00
15960 0 +4.256797786e-05 +5.142200426e+02 +5.142200426e+02 +8.6468e-01 -2.2158e+00 -2.3076e+00 -3.2618e+00 -3.0081e+00
16061 0 +3.653389297e-05 +5.142200365e+02 +5.142200365e+02 +8.3762e-01 -2.2158e+00 -2.3076e+00 -3.2618e+00 -3.0081e+00
16111 0 +2.930701908e-05 +5.142200293e+02 +5.142200293e+02 +8.6044e-01 -2.2323e+00 -2.2971e+00 -3.2618e+00 -3.0081e+00
16163 0 +2.417572193e-05 +5.142200242e+02 +5.142200242e+02 +8.9750e-01 -2.1768e+00 -2.3908e+00 -3.2680e+00 -3.0558e+00
16213 0 +2.342605569e-05 +5.142200234e+02 +5.142200234e+02 +8.9253e-01 -2.1823e+00 -2.3771e+00 -3.2680e+00 -3.0558e+00
16263 0 +2.154501090e-05 +5.142200215e+02 +5.142200215e+02 +8.9253e-01 -2.1823e+00 -2.3781e+00 -3.2680e+00 -3.0558e+00
16309 0 +1.403829151e-05 +5.142200140e+02 +5.142200140e+02 +1.1282e+00 -2.2709e+00 -2.3814e+00 -3.4329e+00 -3.0056e+00
16328 0 +1.433800094e-06 +5.142200014e+02 +5.142200014e+02 +9.5494e-01 -2.2078e+00 -2.3810e+00 -3.3111e+00 -3.0470e+00
16403 0 +5.429054681e-07 +5.142200005e+02 +5.142200005e+02 +9.2012e-01 -2.1382e+00 -2.4553e+00 -3.3053e+00 -3.0747e+00
16412 0 +5.258453939e-07 +5.142200005e+02 +5.142200005e+02 +9.2303e-01 -2.1387e+00 -2.4553e+00 -3.3081e+00 -3.0747e+00
16466 0 +4.195860583e-07 +5.142200004e+02 +5.142200004e+02 +9.1835e-01 -2.1430e+00 -2.4465e+00 -3.3043e+00 -3.0718e+00
16529 0 +2.776628207e-07 +5.142200003e+02 +5.142200003e+02 +9.1331e-01 -2.1388e+00 -2.4510e+00 -3.3043e+00 -3.0775e+00
16668 0 +1.770072231e-07 +5.142200002e+02 +5.142200002e+02 +9.1331e-01 -2.1388e+00 -2.4510e+00 -3.3043e+00 -3.0925e+00
16687 0 +6.133564057e-08 +5.142200001e+02 +5.142200001e+02 +9.3016e-01 -2.1622e+00 -2.4327e+00 -3.3068e+00 -3.0803e+00
16780 0 +4.521336905e-08 +5.142200000e+02 +5.142200000e+02 +9.5388e-01 -2.1718e+00 -2.4280e+00 -3.3227e+00 -3.0779e+00
16860 0 +2.183003289e-08 +5.142200000e+02 +5.142200000e+02 +9.5388e-01 -2.1718e+00 -2.4280e+00 -3.3243e+00 -3.0779e+00
16913 0 +1.483692813e-08 +5.142200000e+02 +5.142200000e+02 +9.8839e-01 -2.2001e+00 -2.4064e+00 -3.3449e+00 -3.0549e+00
16957 0 +1.010675987e-08 +5.142200000e+02 +5.142200000e+02 +9.7438e-01 -2.1929e+00 -2.4111e+00 -3.3344e+00 -3.0625e+00
16977 0 +2.988031156e-09 +5.142200000e+02 +5.142200000e+02 +9.5764e-01 -2.1799e+00 -2.4195e+00 -3.3268e+00 -3.0700e+00
17617 0 +9.094947018e-13 +5.142200000e+02 +5.142200000e+02 +9.5378e-01 -2.1885e+00 -2.4048e+00 -3.3244e+00 -3.0642e+00
17794 0 +0.000000000e+00 +5.142200000e+02 +5.142200000e+02 +9.5272e-01 -2.1875e+00 -2.4058e+00 -3.3241e+00 -3.0644e+00
20002 0 +0.000000000e+00 +5.142200000e+02 +5.142200000e+02 +9.5272e-01 -2.1875e+00 -2.4058e+00 -3.3241e+00 -3.0644e+00
% f evaluations | g evaluations | best noise-free fitness - Fopt (6.098800000000e+02) + sum g_i+ | measured fitness | best measured fitness or single-digit g-values | x1 | x2...
1 0 +7.132273072e+01 +6.812027307e+02 +6.812027307e+02 +2.9654e+00 -3.1657e+00 +2.7969e+00 +9.6850e-01 -5.4167e-01
2 0 +6.618701899e+01 +6.760670190e+02 +6.760670190e+02 -4.0003e+00 -4.0751e-01 -1.6629e+00 -3.5713e+00 +1.5089e+00
6 0 +5.770151946e+01 +6.675815195e+02 +6.675815195e+02 +1.1839e+00 -1.1754e+00 +4.8323e+00 -3.3237e-01 +3.5994e+00
8 0 +5.453055862e+01 +6.644105586e+02 +6.644105586e+02 -1.1458e+00 -4.8403e+00 -2.6911e+00 -2.5897e+00 +1.8326e+00
25 0 +4.540897154e+01 +6.552889715e+02 +6.552889715e+02 -3.7791e+00 -1.4370e+00 +4.0683e+00 -2.2787e+00 +1.4769e+00
88 0 +3.686282261e+01 +6.467428226e+02 +6.467428226e+02 -2.7742e+00 -1.0335e+00 +3.9190e+00 -3.5340e+00 +1.3326e-01
100 0 +2.923450250e+01 +6.391145025e+02 +6.391145025e+02 -2.7061e+00 -2.3406e+00 -1.3965e+00 -2.4005e+00 -4.6759e-01
238 0 +2.608245543e+01 +6.359624554e+02 +6.359624554e+02 -2.7742e+00 -1.0335e+00 +2.2849e+00 -3.5340e+00 +1.3326e-01
507 0 +2.519917760e+01 +6.350791776e+02 +6.350791776e+02 -3.0562e+00 -8.8646e-01 +1.9951e+00 -3.6165e+00 -1.7693e+00
545 0 +2.336062682e+01 +6.332406268e+02 +6.332406268e+02 -2.7061e+00 -2.3406e+00 -6.8534e-01 -2.4005e+00 -4.6759e-01
564 0 +2.012238043e+01 +6.300023804e+02 +6.300023804e+02 +3.9364e+00 -3.1993e+00 +2.9924e+00 -8.8339e-01 +7.6702e-01
583 0 +1.786731842e+01 +6.277473184e+02 +6.277473184e+02 +2.1095e+00 -3.0049e+00 +2.7768e+00 +2.9840e-01 +2.0723e+00
696 0 +7.018088937e+00 +6.168980889e+02 +6.168980889e+02 -4.6318e+00 -1.2437e+00 -4.8633e+00 -4.2464e+00 +3.3298e+00
1330 0 +2.194037366e+00 +6.120740374e+02 +6.120740374e+02 -3.7791e+00 -1.4370e+00 +4.0683e+00 -2.2787e+00 -2.2625e-01
1606 0 +2.133492758e+00 +6.120134928e+02 +6.120134928e+02 -3.7791e+00 -1.4370e+00 +4.0683e+00 -2.2796e+00 -4.2104e-01
1690 0 +1.911156607e+00 +6.117911566e+02 +6.117911566e+02 +2.3654e+00 -3.1993e+00 +2.9924e+00 -1.3237e+00 +7.6702e-01
1825 0 +1.243898398e+00 +6.111238984e+02 +6.111238984e+02 +2.3654e+00 -3.2751e+00 +2.9924e+00 -1.3237e+00 +7.6702e-01
2351 0 +1.097811586e+00 +6.109778116e+02 +6.109778116e+02 +2.3654e+00 -3.2751e+00 +2.9924e+00 -1.4370e+00 +7.6702e-01
2479 0 +6.605702200e-01 +6.105405702e+02 +6.105405702e+02 +2.3654e+00 -3.3412e+00 +2.9924e+00 -1.4370e+00 +7.6702e-01
2978 0 +1.483783971e-01 +6.100283784e+02 +6.100283784e+02 +1.5731e+00 -3.3412e+00 +2.9924e+00 -1.4370e+00 +7.6702e-01
3291 0 +1.006444369e-01 +6.099806444e+02 +6.099806444e+02 -2.3514e-01 -3.0573e+00 +2.9748e+00 -1.6002e+00 -2.2892e-02
4518 0 +5.278790754e-02 +6.099327879e+02 +6.099327879e+02 -2.3514e-01 -3.1212e+00 +2.9748e+00 -1.6002e+00 -2.2892e-02
6297 0 +4.413798741e-02 +6.099241380e+02 +6.099241380e+02 -2.3514e-01 -3.1212e+00 +2.9748e+00 -1.6172e+00 -2.2892e-02
7018 0 +4.314456301e-02 +6.099231446e+02 +6.099231446e+02 -2.3514e-01 -3.1212e+00 +2.9812e+00 -1.6172e+00 -2.2892e-02
8076 0 +3.140103794e-02 +6.099114010e+02 +6.099114010e+02 -2.3514e-01 -3.1212e+00 +2.9812e+00 -1.6425e+00 -2.2892e-02
9409 0 +1.478559524e-02 +6.098947856e+02 +6.098947856e+02 +1.3256e+00 -3.7886e+00 +2.7220e+00 -1.6245e+00 +2.0260e-01
9764 0 +1.172114649e-02 +6.098917211e+02 +6.098917211e+02 +1.0074e+00 -3.7634e+00 +2.7220e+00 -1.6245e+00 +2.0260e-01
10981 0 +8.546726516e-04 +6.098808547e+02 +6.098808547e+02 +6.4575e-01 -3.9074e+00 +2.6019e+00 -1.9206e+00 -2.5909e-01
11495 0 +1.975299102e-04 +6.098801975e+02 +6.098801975e+02 +6.4575e-01 -3.9074e+00 +2.6019e+00 -1.9206e+00 -3.3008e-01
11666 0 +1.639456341e-04 +6.098801639e+02 +6.098801639e+02 +6.4575e-01 -3.9074e+00 +2.5960e+00 -1.9206e+00 -3.3008e-01
13620 0 +1.217572625e-04 +6.098801218e+02 +6.098801218e+02 +6.4575e-01 -3.9074e+00 +2.5960e+00 -1.9130e+00 -3.3008e-01
14035 0 +8.174637128e-05 +6.098800817e+02 +6.098800817e+02 +6.4575e-01 -3.9074e+00 +2.5960e+00 -1.8928e+00 -3.3008e-01
14277 0 +2.479767500e-05 +6.098800248e+02 +6.098800248e+02 +4.1355e-01 -3.5977e+00 +2.7582e+00 -1.8186e+00 -1.3770e-01
14593 0 +2.435078045e-05 +6.098800244e+02 +6.098800244e+02 +4.1355e-01 -3.5977e+00 +2.7582e+00 -1.8252e+00 -1.4377e-01
14625 0 +2.193332887e-05 +6.098800219e+02 +6.098800219e+02 +4.3367e-01 -3.6212e+00 +2.7582e+00 -1.8252e+00 -1.4595e-01
14649 0 +6.629297673e-06 +6.098800066e+02 +6.098800066e+02 +7.6248e-01 -3.8727e+00 +2.6022e+00 -1.7769e+00 -1.5430e-01
14866 0 +3.075952691e-06 +6.098800031e+02 +6.098800031e+02 +6.7272e-01 -3.8672e+00 +2.6150e+00 -1.8465e+00 -2.4344e-01
15177 0 +2.030794349e-06 +6.098800020e+02 +6.098800020e+02 +6.7272e-01 -3.8672e+00 +2.6150e+00 -1.8404e+00 -2.4344e-01
15246 0 +1.399872758e-06 +6.098800014e+02 +6.098800014e+02 +6.2677e-01 -3.8493e+00 +2.6142e+00 -1.8289e+00 -2.4411e-01
15417 0 +1.306437298e-06 +6.098800013e+02 +6.098800013e+02 +5.7340e-01 -3.8142e+00 +2.6349e+00 -1.8327e+00 -2.2006e-01
15452 0 +3.477173323e-07 +6.098800003e+02 +6.098800003e+02 +6.4352e-01 -3.8144e+00 +2.6391e+00 -1.8292e+00 -2.1416e-01
15464 0 +1.959115252e-07 +6.098800002e+02 +6.098800002e+02 +6.4352e-01 -3.8144e+00 +2.6417e+00 -1.8292e+00 -2.1416e-01
15607 0 +1.474012379e-07 +6.098800001e+02 +6.098800001e+02 +6.5354e-01 -3.8130e+00 +2.6427e+00 -1.8087e+00 -1.7864e-01
15620 0 +1.299297310e-07 +6.098800001e+02 +6.098800001e+02 +6.2466e-01 -3.8159e+00 +2.6396e+00 -1.8292e+00 -2.2297e-01
15659 0 +9.624000086e-08 +6.098800001e+02 +6.098800001e+02 +6.6042e-01 -3.8133e+00 +2.6426e+00 -1.8120e+00 -1.9190e-01
15714 0 +9.229881925e-08 +6.098800001e+02 +6.098800001e+02 +6.2466e-01 -3.8195e+00 +2.6357e+00 -1.8286e+00 -2.2296e-01
15717 0 +7.975290828e-08 +6.098800001e+02 +6.098800001e+02 +6.6042e-01 -3.8133e+00 +2.6424e+00 -1.8125e+00 -1.9190e-01
15724 0 +1.379282821e-08 +6.098800000e+02 +6.098800000e+02 +6.4174e-01 -3.8250e+00 +2.6336e+00 -1.8161e+00 -1.9927e-01
15856 0 +8.821075426e-09 +6.098800000e+02 +6.098800000e+02 +6.4174e-01 -3.8250e+00 +2.6336e+00 -1.8161e+00 -2.0216e-01
17038 0 +5.684341886e-13 +6.098800000e+02 +6.098800000e+02 +6.0648e-01 -3.7975e+00 +2.6493e+00 -1.8213e+00 -2.0248e-01
17141 0 +0.000000000e+00 +6.098800000e+02 +6.098800000e+02 +6.0593e-01 -3.7968e+00 +2.6497e+00 -1.8213e+00 -2.0186e-01
20002 0 +0.000000000e+00 +6.098800000e+02 +6.098800000e+02 +6.0593e-01 -3.7968e+00 +2.6497e+00 -1.8213e+00 -2.0186e-01
