% f evaluations | g evaluations | best noise-free fitness - Fopt (-1.000000000000e+03) + sum g_i+ | measured fitness | best measured fitness or single-digit g-values | x1 | x2...
1 0 +8.257786981e+01 -9.174221302e+02 -9.174221302e+02 -4.7252e+00 -2.3549e+00 -3.1874e+00 +1.6941e+00 +1.0045e+00
3 0 +6.205843853e+01 -9.379415615e+02 -9.379415615e+02 -1.3452e+00 -1.8317e+00 -2.3015e+00 -6.9353e-01 +2.4144e+00
5 0 +5.746830249e+01 -9.425316975e+02 -9.425316975e+02 -1.1130e+00 -1.8964e+00 -1.2063e+00 -4.1021e+00 -7.6230e-01
26 0 +4.683587087e+01 -9.531641291e+02 -9.531641291e+02 +2.3197e+00 +1.2472e+00 +4.0811e+00 -1.8837e+00 -2.0882e+00
35 0 +2.494855923e+01 -9.750514408e+02 -9.750514408e+02 -3.8340e+00 +4.4565e+00 +6.2825e-01 -4.6187e+00 -1.0466e+00
76 0 +1.190157697e+01 -9.880984230e+02 -9.880984230e+02 -1.2725e+00 -9.0317e-01 +3.6929e+00 -4.2410e+00 -4.2948e+00
109 0 +9.596001510e+00 -9.904039985e+02 -9.904039985e+02 -5.0000e+00 +2.5316e+00 +3.7565e+00 -5.0000e+00 -2.3350e+00
171 0 +3.568108886e+00 -9.964318911e+02 -9.964318911e+02 -5.0000e+00 +2.7530e+00 +3.3117e+00 -4.4588e+00 -1.3182e+00
331 0 +2.700558566e+00 -9.972994414e+02 -9.972994414e+02 -4.3886e+00 +2.3125e+00 +4.0475e+00 -5.0000e+00 -1.0452e+00
343 0 +2.554027426e+00 -9.974459726e+02 -9.974459726e+02 -4.3259e+00 +2.2369e+00 +3.7552e+00 -5.0000e+00 -1.0995e+00
525 0 +2.247005741e+00 -9.977529943e+02 -9.977529943e+02 -4.5099e+00 +2.8198e+00 +4.0485e+00 -5.0000e+00 -1.0762e+00
1400 0 +2.205066351e+00 -9.977949336e+02 -9.977949336e+02 -4.6374e+00 +2.7317e+00 +3.3793e+00 -5.0000e+00 -9.9703e-01
1680 0 +1.998918004e+00 -9.980010820e+02 -9.980010820e+02 -4.6208e+00 +2.8285e+00 +3.5606e+00 -4.4582e+00 -8.9838e-01
2860 0 +1.956553843e+00 -9.980434462e+02 -9.980434462e+02 -3.8946e+00 +4.3411e+00 -1.0467e-01 -2.4722e+00 -1.5597e+00
3659 0 +1.612332984e+00 -9.983876670e+02 -9.983876670e+02 -3.9015e+00 +4.1267e+00 -2.4428e-01 -3.1761e+00 -1.1513e+00
3818 0 +1.570899515e+00 -9.984291005e+02 -9.984291005e+02 -3.3928e+00 +4.0605e+00 -8.0736e-01 -2.7373e+00 -8.0257e-01
4928 0 +1.114385970e+00 -9.988856140e+02 -9.988856140e+02 -3.4213e+00 +4.2019e+00 -7.1022e-01 -2.8703e+00 -9.9091e-01
5332 0 +1.068094235e+00 -9.989319058e+02 -9.989319058e+02 -3.1234e+00 +4.0499e+00 -5.7135e-01 -3.3133e+00 -1.1693e+00
5560 0 +9.056833569e-01 -9.990943166e+02 -9.990943166e+02 -3.6757e+00 +4.0217e+00 -4.6563e-01 -2.7007e+00 -1.0923e+00
6689 0 +8.629470519e-01 -9.991370529e+02 -9.991370529e+02 -3.5598e+00 +4.0501e+00 -4.5471e-01 -3.1345e+00 -1.0968e+00
7399 0 +8.316377376e-01 -9.991683623e+02 -9.991683623e+02 -3.2571e+00 +4.2140e+00 -4.1504e-01 -3.2126e+00 -1.1333e+00
7811 0 +7.962457827e-01 -9.992037542e+02 -9.992037542e+02 -3.4000e+00 +4.1716e+00 -3.9743e-01 -3.1848e+00 -1.2607e+00
8323 0 +7.907770293e-01 -9.992092230e+02 -9.992092230e+02 -3.4855e+00 +4.0857e+00 -4.9035e-01 -3.0549e+00 -1.3039e+00
9432 0 +7.537961977e-01 -9.992462038e+02 -9.992462038e+02 -3.6875e+00 +4.0807e+00 -4.8233e-01 -3.0448e+00 -1.2172e+00
14073 0 +7.316553354e-01 -9.992683447e+02 -9.992683447e+02 -3.3663e+00 +4.0942e+00 -5.6341e-01 -3.0852e+00 -1.1464e+00
14349 0 +7.128038109e-01 -9.992871962e+02 -9.992871962e+02 -3.5529e+00 +4.0710e+00 -5.4942e-01 -3.0360e+00 -1.1750e+00
15161 0 +7.077921743e-01 -9.992922078e+02 -9.992922078e+02 -3.4704e+00 +4.1313e+00 -5.3558e-01 -2.9512e+00 -1.1405e+00
20051 0 +6.918729400e-01 -9.993081271e+02 -9.993081271e+02 -3.5061e+00 +4.1427e+00 -4.6997e-01 -2.9823e+00 -1.1645e+00
% f evaluations | g evaluations | best noise-free fitness - Fopt (1.000000000000e+03) + sum g_i+ | measured fitness | best measured fitness or single-digit g-values | x1 | x2...
1 0 +8.304729837e+01 +1.083047298e+03 +1.083047298e+03 +1.9477e-03 -3.5265e+00 +3.1280e+00 +3.6737e+00 -2.4927e+00
4 0 +7.776351475e+01 +1.077763515e+03 +1.077763515e+03 +2.3817e+00 -2.8855e+00 -2.1544e+00 +1.8729e+00 -5.6061e-01
9 0 +7.231479361e+01 +1.072314794e+03 +1.072314794e+03 -1.6052e+00 +2.9070e+00 -4.0459e-01 +1.6475e+00 +3.6849e+00
13 0 +4.919522765e+01 +1.049195228e+03 +1.049195228e+03 +4.5378e+00 +2.2879e+00 -2.9374e-01 +3.6815e+00 +3.0375e+00
61 0 +4.665336400e+01 +1.046653364e+03 +1.046653364e+03 -2.4265e-01 +3.7840e+00 -1.2877e+00 +1.7639e+00 +1.8796e+00
78 0 +4.002969330e+01 +1.040029693e+03 +1.040029693e+03 +5.0000e+00 +4.5257e+00 -3.4292e-01 +2.3537e+00 +2.0271e+00
109 0 +2.834682735e+01 +1.028346827e+03 +1.028346827e+03 +1.4630e+00 +2.9133e+00 -4.8561e-01 +2.1375e+00 +2.6253e+00
111 0 +1.860394468e+01 +1.018603945e+03 +1.018603945e+03 +3.7284e+00 +3.1448e+00 -3.7333e-01 +3.2859e+00 +5.1964e-01
156 0 +1.636287623e+01 +1.016362876e+03 +1.016362876e+03 +2.3272e+00 +3.3987e+00 -3.1386e+00 +4.0867e+00 +1.9650e+00
174 0 +6.505105451e+00 +1.006505105e+03 +1.006505105e+03 +1.3702e+00 +3.2399e+00 -1.3428e+00 +3.3635e+00 +8.4141e-01
259 0 +2.562891068e+00 +1.002562891e+03 +1.002562891e+03 +1.5876e+00 +2.5650e+00 -1.9031e+00 +3.1260e+00 +1.3181e+00
262 0 +2.480772512e+00 +1.002480773e+03 +1.002480773e+03 +2.2919e+00 +3.0008e+00 -1.3624e+00 +3.6640e+00 +7.7922e-01
516 0 +2.275195450e+00 +1.002275195e+03 +1.002275195e+03 +2.0055e+00 +3.1347e+00 -1.7650e+00 +3.1923e+00 +1.5933e+00
712 0 +2.064175282e+00 +1.002064175e+03 +1.002064175e+03 +1.9802e+00 +2.6025e+00 -1.9615e+00 +3.7904e+00 +1.6942e+00
1307 0 +2.019495298e+00 +1.002019495e+03 +1.002019495e+03 +2.3265e+00 +2.6543e+00 -1.6914e+00 +3.8367e+00 +1.3728e+00
1652 0 +1.990834148e+00 +1.001990834e+03 +1.001990834e+03 +2.3332e+00 +2.8732e+00 -1.8557e+00 +3.5801e+00 +1.4583e+00
20051 0 +1.954999883e+00 +1.001955000e+03 +1.001955000e+03 +2.1395e+00 +2.7579e+00 -1.7910e+00 +3.5804e+00 +1.3873e+00
% f evaluations | g evaluations | best noise-free fitness - Fopt (-4.913000000000e+01) + sum g_i+ | measured fitness | best measured fitness or single-digit g-values | x1 | x2...
1 0 +6.398998328e+01 +1.485998328e+01 +1.485998328e+01 -4.6008e+00 -3.3538e+00 +8.5719e-01 -2.2787e+00 +2.6904e+00
8 0 +3.611524328e+01 -1.301475672e+01 -1.301475672e+01 +1.1812e+00 -4.2496e+00 +4.3040e+00 -4.1737e+00 +2.2895e+00
10 0 +3.254930172e+01 -1.658069828e+01 -1.658069828e+01 -3.9928e+00 +1.7893e+00 +2.6065e+00 -6.6975e-01 +3.4119e+00
16 0 +1.035221946e+01 -3.877778054e+01 -3.877778054e+01 +2.9443e-01 -3.2680e+00 +7.0872e-01 +5.3627e-01 +8.6163e-01
21 0 +8.188085731e+00 -4.094191427e+01 -4.094191427e+01 +1.5372e-01 -3.8484e+00 +1.6402e+00 +1.4033e+00 +4.3089e-01
331 0 +2.366590719e+00 -4.676340928e+01 -4.676340928e+01 +1.2132e+00 -3.4888e+00 +1.0164e+00 +2.9112e-01 +1.1701e+00
779 0 +1.919782584e+00 -4.721021742e+01 -4.721021742e+01 +1.7148e+00 -1.2750e+00 +2.0586e+00 +1.2327e+00 +7.5492e-01
807 0 +1.340133612e+00 -4.778986639e+01 -4.778986639e+01 +1.5940e+00 -1.3495e+00 +2.4145e+00 +1.2963e+00 +5.3234e-01
827 0 +1.305887116e+00 -4.782411288e+01 -4.782411288e+01 +1.9583e+00 -1.9445e+00 +1.9138e+00 +9.6342e-01 +9.5303e-01
871 0 +6.639373650e-01 -4.846606263e+01 -4.846606263e+01 +2.9855e+00 +1.9042e+00 +3.4193e+00 +1.2471e+00 +7.0975e-01
1118 0 +5.987024327e-01 -4.853129757e+01 -4.853129757e+01 +2.3878e+00 -6.9429e-01 +2.5029e+00 +3.9265e-01 +9.1476e-01
1194 0 +5.373443891e-01 -4.859265561e+01 -4.859265561e+01 +2.3467e+00 -5.7258e-01 +2.7839e+00 +9.2879e-01 +6.9819e-01
1279 0 +3.843939922e-01 -4.874560601e+01 -4.874560601e+01 +3.4577e+00 +1.3806e+00 +3.5957e+00 +1.2584e+00 +8.4750e-01
1354 0 +1.840808523e-01 -4.894591915e+01 -4.894591915e+01 +3.3887e+00 +2.0136e+00 +3.4719e+00 +1.0245e+00 +8.6261e-01
1474 0 +9.771010153e-02 -4.903228990e+01 -4.903228990e+01 +3.1570e+00 +1.1140e+00 +3.3782e+00 +8.0856e-01 +8.3647e-01
2085 0 +1.261799220e-02 -4.911738201e+01 -4.911738201e+01 +3.0736e+00 +1.2323e+00 +2.9695e+00 +3.8797e-01 +9.0083e-01
3718 0 +3.578513849e-03 -4.912642149e+01 -4.912642149e+01 +3.3849e+00 +1.8016e+00 +3.2665e+00 +4.5018e-01 +8.9806e-01
6234 0 +2.086303199e-03 -4.912791370e+01 -4.912791370e+01 +3.4583e+00 +2.0896e+00 +3.2163e+00 +2.4906e-01 +8.7699e-01
6994 0 +8.851732075e-04 -4.912911483e+01 -4.912911483e+01 +3.4898e+00 +2.1469e+00 +3.2481e+00 +2.7284e-01 +9.1742e-01
9284 0 +7.238246688e-04 -4.912927618e+01 -4.912927618e+01 +3.4557e+00 +1.9574e+00 +3.1756e+00 +2.1916e-01 +9.2403e-01
9994 0 +7.069031795e-04 -4.912929310e+01 -4.912929310e+01 +3.5093e+00 +2.2591e+00 +3.2726e+00 +2.3899e-01 +8.9682e-01
12630 0 +6.371612548e-04 -4.912936284e+01 -4.912936284e+01 +3.7502e+00 +2.3829e+00 +3.3474e+00 +1.9134e-01 +9.8711e-01
15695 0 +2.401375132e-04 -4.912975986e+01 -4.912975986e+01 +3.7220e+00 +2.6865e+00 +3.4713e+00 +2.0787e-01 +9.0034e-01
16605 0 +1.720759471e-04 -4.912982792e+01 -4.912982792e+01 +3.7554e+00 +2.6955e+00 +3.4604e+00 +1.9752e-01 +9.1925e-01
16921 0 +1.343819456e-04 -4.912986562e+01 -4.912986562e+01 +3.6292e+00 +2.3167e+00 +3.3221e+00 +1.9868e-01 +9.2962e-01
18579 0 +1.243225364e-04 -4.912987568e+01 -4.912987568e+01 +3.6194e+00 +2.3910e+00 +3.3338e+00 +1.9911e-01 +9.1145e-01
18614 0 +1.225143983e-04 -4.912987749e+01 -4.912987749e+01 +3.6322e+00 +2.4138e+00 +3.3655e+00 +2.0536e-01 +9.1338e-01
18805 0 +1.166578645e-04 -4.912988334e+01 -4.912988334e+01 +3.6589e+00 +2.3639e+00 +3.3453e+00 +1.9512e-01 +9.3533e-01
18984 0 +9.499806637e-05 -4.912990500e+01 -4.912990500e+01 +3.6578e+00 +2.4473e+00 +3.3772e+00 +1.9350e-01 +9.1617e-01
19206 0 +9.237092592e-05 -4.912990763e+01 -4.912990763e+01 +3.6857e+00 +2.4710e+00 +3.3674e+00 +1.9261e-01 +9.3159e-01
19222 0 +8.994957455e-05 -4.912991005e+01 -4.912991005e+01 +3.6403e+00 +2.3939e+00 +3.3494e+00 +1.8933e-01 +9.1972e-01
19401 0 +8.553225660e-05 -4.912991447e+01 -4.912991447e+01 +3.6750e+00 +2.4574e+00 +3.3763e+00 +1.9252e-01 +9.2361e-01
19440 0 +7.915004520e-05 -4.912992085e+01 -4.912992085e+01 +3.6676e+00 +2.4555e+00 +3.3651e+00 +1.9000e-01 +9.2637e-01
19963 0 +7.738149090e-05 -4.912992262e+01 -4.912992262e+01 +3.6850e+00 +2.4987e+00 +3.3862e+00 +1.8906e-01 +9.2254e-01
20051 0 +7.738149090e-05 -4.912992262e+01 -4.912992262e+01 +3.6850e+00 +2.4987e+00 +3.3862e+00 +1.8906e-01 +9.2254e-01
% f evaluations | g evaluations | best noise-free fitness - Fopt (2.977300000000e+02) + sum g_i+ | measured fitness | best measured fitness or single-digit g-values | x1 | x2...
1 0 +2.368522926e+01 +3.214152293e+02 +3.214152293e+02 -7.5169e-01 +1.1341e+00 +1.3983e+00 +2.0239e+00 -1.7338e+00
44 0 +9.466685999e+00 +3.071966860e+02 +3.071966860e+02 +1.6865e+00 +3.1050e+00 +2.3205e+00 -3.5633e+00 +5.4675e-01
53 0 +6.914877078e+00 +3.046448771e+02 +3.046448771e+02 +1.8917e+00 +1.6324e+00 +3.4066e+00 +2.2612e+00 -3.6778e-01
67 0 +4.998414209e+00 +3.027284142e+02 +3.027284142e+02 -3.2462e+00 +1.2616e+00 +2.8571e+00 +2.2153e+00 +1.2323e-01
179 0 +4.481284218e+00 +3.022112842e+02 +3.022112842e+02 -1.3779e+00 +1.9887e-01 +2.3725e+00 +2.6980e+00 +1.1224e+00
250 0 +1.795376238e+00 +2.995253762e+02 +2.995253762e+02 -1.0371e+00 +7.4203e-01 +4.1339e+00 +2.1594e+00 +1.4889e+00
270 0 +1.716232088e+00 +2.994462321e+02 +2.994462321e+02 -2.0079e+00 +6.5570e-01 +3.7905e+00 +2.3811e+00 +8.9177e-01
313 0 +4.964510858e-01 +2.982264511e+02 +2.982264511e+02 -1.0618e+00 +5.4767e-01 +2.8806e+00 +2.5519e+00 +1.0979e+00
387 0 +1.395167881e-01 +2.978695168e+02 +2.978695168e+02 -2.3411e+00 +7.4906e-01 +3.4277e+00 +2.6851e+00 +8.4380e-01
784 0 +8.183365010e-02 +2.978118337e+02 +2.978118337e+02 -1.2132e+00 +6.8979e-01 +3.2381e+00 +2.5189e+00 +9.3040e-01
846 0 +4.073766957e-02 +2.977707377e+02 +2.977707377e+02 -3.0860e+00 +7.3574e-01 +3.7081e+00 +2.5605e+00 +1.0341e+00
936 0 +3.020115830e-03 +2.977330201e+02 +2.977330201e+02 -3.5896e+00 +5.0927e-01 +3.7486e+00 +2.5370e+00 +1.3047e+00
1465 0 +8.796198928e-04 +2.977308796e+02 +2.977308796e+02 -3.6890e+00 +5.9623e-01 +3.8765e+00 +2.3038e+00 +1.2346e+00
9482 0 +2.208953038e-04 +2.977302209e+02 +2.977302209e+02 -3.9437e+00 +5.1668e-01 +3.8791e+00 +2.4371e+00 +1.3176e+00
14012 0 +9.567582015e-05 +2.977300957e+02 +2.977300957e+02 -3.6077e+00 +6.0874e-01 +3.8144e+00 +2.3485e+00 +1.1786e+00
16530 0 +1.464150762e-05 +2.977300146e+02 +2.977300146e+02 -3.7948e+00 +6.2713e-01 +3.8728e+00 +2.3527e+00 +1.1812e+00
17943 0 +1.940203276e-06 +2.977300019e+02 +2.977300019e+02 -3.9633e+00 +6.2338e-01 +3.8763e+00 +2.3625e+00 +1.1653e+00
17956 0 +3.027947173e-07 +2.977300003e+02 +2.977300003e+02 -3.7854e+00 +6.6120e-01 +3.8492e+00 +2.3448e+00 +1.1116e+00
19174 0 +1.456178893e-07 +2.977300001e+02 +2.977300001e+02 -3.8376e+00 +6.6255e-01 +3.8598e+00 +2.3506e+00 +1.1063e+00
19440 0 +1.014535087e-07 +2.977300001e+02 +2.977300001e+02 -3.7614e+00 +6.5393e-01 +3.8274e+00 +2.3674e+00 +1.1106e+00
19609 0 +7.943981473e-09 +2.977300000e+02 +2.977300000e+02 -3.8114e+00 +6.6783e-01 +3.8480e+00 +2.3551e+00 +1.1003e+00
20051 0 +1.330136001e-11 +2.977300000e+02 +2.977300000e+02 -3.7854e+00 +6.6173e-01 +3.8430e+00 +2.3580e+00 +1.1080e+00
% f evaluations | g evaluations | best noise-free fitness - Fopt (5.157000000000e+01) + sum g_i+ | measured fitness | best measured fitness or single-digit g-values | x1 | x2...
1 0 +8.412133193e+01 +1.356913319e+02 +1.356913319e+02 -1.9959e-01 +3.5058e+00 +2.3660e+00 +4.0734e+00 -2.3626e+00
2 0 +6.435904443e+01 +1.159290444e+02 +1.159290444e+02 +3.3500e+00 -4.6363e+00 -1.0887e+00 -2.8757e+00 -4.2412e+00
24 0 +4.940506050e+01 +1.009750605e+02 +1.009750605e+02 +4.7516e+00 +2.0173e+00 -2.7837e+00 +8.5054e-01 +1.7961e+00
42 0 +4.266422184e+01 +9.423422184e+01 +9.423422184e+01 +1.9322e+00 -9.1896e-01 -3.9086e+00 -8.7822e-01 +4.0233e+00
49 0 +3.882882365e+01 +9.039882365e+01 +9.039882365e+01 +5.9475e-01 +2.4089e+00 -4.5413e+00 -8.1022e-02 +2.9741e+00
62 0 +3.397831012e+01 +8.554831012e+01 +8.554831012e+01 +2.2805e+00 +1.2540e-02 -2.7382e+00 -1.9290e+00 +3.7070e+00
78 0 +1.894901207e+01 +7.051901207e+01 +7.051901207e+01 +4.0556e+00 -4.4246e-01 -2.7211e+00 -8.2801e-01 +2.3167e+00
128 0 +8.417296260e+00 +5.998729626e+01 +5.998729626e+01 +4.1479e+00 -1.3814e-01 -2.8636e+00 -1.1299e-01 +9.8339e-01
168 0 +8.112131767e+00 +5.968213177e+01 +5.968213177e+01 +2.8293e+00 +5.4207e-01 -2.3284e+00 -1.8707e+00 +2.2158e+00
178 0 +5.768667859e+00 +5.733866786e+01 +5.733866786e+01 +1.9048e+00 +3.5953e-01 -1.8130e+00 -2.4375e+00 +1.0741e+00
229 0 +6.704595562e-01 +5.224045956e+01 +5.224045956e+01 +3.2812e+00 -5.2883e-01 -2.4372e+00 -1.4585e+00 +1.5521e+00
310 0 +5.748199022e-02 +5.162748199e+01 +5.162748199e+01 +1.9641e+00 +4.5284e-01 -1.7059e+00 -2.1313e+00 +1.4808e+00
902 0 +5.317470589e-02 +5.162317471e+01 +5.162317471e+01 +2.0552e+00 +1.3674e-01 -1.8632e+00 -2.4515e+00 +1.5270e+00
1031 0 +2.316124592e-02 +5.159316125e+01 +5.159316125e+01 +1.7496e+00 +7.8887e-01 -1.8317e+00 -2.2193e+00 +1.4665e+00
1252 0 +1.326500586e-02 +5.158326501e+01 +5.158326501e+01 +2.4263e+00 +6.0135e-01 -2.1948e+00 -1.9248e+00 +1.5815e+00
1525 0 +5.491241507e-03 +5.157549124e+01 +5.157549124e+01 +1.7978e+00 +9.7945e-01 -2.0305e+00 -2.2121e+00 +1.3809e+00
1561 0 +4.395382201e-03 +5.157439538e+01 +5.157439538e+01 +2.1624e+00 +8.7542e-01 -2.2447e+00 -2.0988e+00 +1.4441e+00
3552 0 +3.775025596e-03 +5.157377503e+01 +5.157377503e+01 +2.3199e+00 +9.8145e-01 -2.1248e+00 -1.6359e+00 +1.4086e+00
8200 0 +1.671408491e-03 +5.157167141e+01 +5.157167141e+01 +2.2427e+00 +8.4645e-01 -2.1054e+00 -1.8165e+00 +1.4806e+00
9080 0 +8.339658712e-04 +5.157083397e+01 +5.157083397e+01 +2.1800e+00 +1.1699e+00 -2.2784e+00 -1.8269e+00 +1.4065e+00
9361 0 +1.475814312e-04 +5.157014758e+01 +5.157014758e+01 +2.0366e+00 +1.4569e+00 -2.2106e+00 -1.7534e+00 +1.3349e+00
10695 0 +1.032528584e-04 +5.157010325e+01 +5.157010325e+01 +2.1717e+00 +1.3084e+00 -2.2978e+00 -1.7363e+00 +1.3054e+00
11392 0 +8.518110958e-05 +5.157008518e+01 +5.157008518e+01 +1.9533e+00 +1.4944e+00 -2.1581e+00 -1.7681e+00 +1.2909e+00
14827 0 +6.323758281e-05 +5.157006324e+01 +5.157006324e+01 +2.0709e+00 +1.3455e+00 -2.2081e+00 -1.7349e+00 +1.3308e+00
16035 0 +3.174893031e-05 +5.157003175e+01 +5.157003175e+01 +2.0458e+00 +1.4836e+00 -2.2651e+00 -1.7290e+00 +1.3010e+00
16685 0 +2.626523580e-05 +5.157002627e+01 +5.157002627e+01 +2.0554e+00 +1.2874e+00 -2.1653e+00 -1.7793e+00 +1.3499e+00
17163 0 +7.679968604e-06 +5.157000768e+01 +5.157000768e+01 +2.0632e+00 +1.4456e+00 -2.2529e+00 -1.7349e+00 +1.3051e+00
17796 0 +2.523764024e-06 +5.157000252e+01 +5.157000252e+01 +2.0837e+00 +1.3932e+00 -2.2605e+00 -1.7242e+00 +1.2885e+00
18251 0 +1.508068756e-06 +5.157000151e+01 +5.157000151e+01 +2.0827e+00 +1.3796e+00 -2.2328e+00 -1.7384e+00 +1.3133e+00
18832 0 +9.803621666e-07 +5.157000098e+01 +5.157000098e+01 +2.0937e+00 +1.3872e+00 -2.2560e+00 -1.7208e+00 +1.2971e+00
19569 0 +6.672058532e-07 +5.157000067e+01 +5.157000067e+01 +2.0828e+00 +1.3596e+00 -2.2351e+00 -1.7404e+00 +1.3071e+00
19612 0 +6.040426825e-07 +5.157000060e+01 +5.157000060e+01 +2.0840e+00 +1.3781e+00 -2.2378e+00 -1.7365e+00 +1.3090e+00
19645 0 +5.603748434e-07 +5.157000056e+01 +5.157000056e+01 +2.0882e+00 +1.3787e+00 -2.2451e+00 -1.7363e+00 +1.3089e+00
19666 0 +5.058180363e-07 +5.157000051e+01 +5.157000051e+01 +2.0880e+00 +1.3863e+00 -2.2633e+00 -1.7404e+00 +1.2997e+00
19733 0 +2.698305437e-07 +5.157000027e+01 +5.157000027e+01 +2.0828e+00 +1.3789e+00 -2.2508e+00 -1.7432e+00 +1.3032e+00
19843 0 +2.685018785e-07 +5.157000027e+01 +5.157000027e+01 +2.0787e+00 +1.3791e+00 -2.2498e+00 -1.7459e+00 +1.3029e+00
19903 0 +2.103930612e-07 +5.157000021e+01 +5.157000021e+01 +2.0819e+00 +1.3731e+00 -2.2466e+00 -1.7467e+00 +1.3062e+00
20051 0 +2.103930612e-07 +5.157000021e+01 +5.157000021e+01 +2.0819e+00 +1.3731e+00 -2.2466e+00 -1.7467e+00 +1.3062e+00
% f evaluations | g evaluations | best noise-free fitness - Fopt (-1.000000000000e+03) + sum g_i+ | measured fitness | best measured fitness or single-digit g-values | x1 | x2...
1 0 +5.626783290e+01 -9.437321671e+02 -9.437321671e+02 +1.1196e+00 +2.1848e-01 +2.4519e+00 -4.1108e+00 -2.9999e+00
10 0 +2.135140350e+01 -9.786485965e+02 -9.786485965e+02 -4.1914e+00 -2.4852e+00 +2.9320e+00 +2.9915e+00 -3.2351e+00
60 0 +1.585283984e+01 -9.841471602e+02 -9.841471602e+02 -3.6844e+00 -1.8596e+00 +4.2618e+00 +6.9233e-01 -3.2133e+00
120 0 +1.442734033e+01 -9.855726597e+02 -9.855726597e+02 -2.3933e+00 -3.5956e+00 +4.2193e+00 +2.2485e+00 -5.0000e+00
167 0 +1.250303966e+01 -9.874969603e+02 -9.874969603e+02 -1.4225e+00 -3.1220e+00 +4.5828e+00 +1.3492e+00 -5.0000e+00
220 0 +8.894324929e+00 -9.911056751e+02 -9.911056751e+02 -2.1923e+00 -2.5303e+00 +5.0000e+00 +4.5723e-01 -5.0000e+00
261 0 +8.017101021e+00 -9.919828990e+02 -9.919828990e+02 -2.6325e+00 -2.4077e+00 +5.0000e+00 -8.2897e-02 -5.0000e+00
280 0 +6.292189744e+00 -9.937078103e+02 -9.937078103e+02 -2.3246e+00 -2.6969e+00 +4.7086e+00 +6.5812e-01 -5.0000e+00
380 0 +5.662571938e+00 -9.943374281e+02 -9.943374281e+02 -2.3778e+00 -1.9138e+00 +4.4341e+00 +6.9205e-01 -4.0755e+00
669 0 +3.752101574e+00 -9.962478984e+02 -9.962478984e+02 -2.3907e+00 -2.5839e+00 +4.5497e+00 +1.6995e-01 -5.0000e+00
1836 0 +3.589655312e+00 -9.964103447e+02 -9.964103447e+02 -2.9625e+00 -2.3837e+00 +4.2835e+00 +7.3899e-01 -4.2906e+00
2014 0 +3.492807133e+00 -9.965071929e+02 -9.965071929e+02 -2.7029e+00 -2.4550e+00 +4.2227e+00 +4.5540e-01 -4.7068e+00
3787 0 +2.872855047e+00 -9.971271450e+02 -9.971271450e+02 -2.5283e+00 -2.4339e+00 +4.4019e+00 +8.0910e-01 -4.2250e+00
6618 0 +2.817904296e+00 -9.971820957e+02 -9.971820957e+02 -2.5456e+00 -2.6371e+00 +4.2560e+00 +1.1418e+00 -4.1649e+00
9298 0 +2.628661511e+00 -9.973713385e+02 -9.973713385e+02 -2.6319e+00 -2.5925e+00 +4.2579e+00 +9.5212e-01 -4.4472e+00
20051 0 +2.590734480e+00 -9.974092655e+02 -9.974092655e+02 -2.5486e+00 -2.5162e+00 +4.2294e+00 +1.0625e+00 -4.2831e+00
% f evaluations | g evaluations | best noise-free fitness - Fopt (1.000000000000e+03) + sum g_i+ | measured fitness | best measured fitness or single-digit g-values | x1 | x2...
1 0 +6.630948524e+01 +1.066309485e+03 +1.066309485e+03 +4.7815e+00 +3.0310e+00 +1.3669e+00 +4.8117e+00 +4.2282e-01
4 0 +5.583125745e+01 +1.055831257e+03 +1.055831257e+03 +1.6850e+00 +1.4383e+00 -4.2746e+00 +1.3218e+00 +1.0308e+00
32 0 +4.076458305e+01 +1.040764583e+03 +1.040764583e+03 -2.4480e+00 +2.9717e+00 +9.8748e-01 +5.7503e-01 -4.5589e+00
56 0 +2.812661982e+01 +1.028126620e+03 +1.028126620e+03 -1.4790e+00 -1.3643e+00 -4.7377e+00 +1.3959e+00 -3.0391e+00
87 0 +2.020380599e+01 +1.020203806e+03 +1.020203806e+03 -9.1964e-01 -7.6376e-01 -1.1518e+00 +2.3960e+00 -5.0000e+00
114 0 +9.102230568e+00 +1.009102231e+03 +1.009102231e+03 -1.2220e+00 -1.3045e+00 -1.4491e+00 +3.1084e+00 -1.9398e+00
187 0 +4.807157081e+00 +1.004807157e+03 +1.004807157e+03 -7.9905e-01 -5.8798e-01 -2.1818e+00 +3.2144e+00 -7.2159e-01
273 0 +4.521849867e-01 +1.000452185e+03 +1.000452185e+03 -6.0956e-01 -1.8499e+00 -1.5403e+00 +2.4890e+00 -2.9552e+00
328 0 +1.119268963e-01 +1.000111927e+03 +1.000111927e+03 -1.1442e+00 -1.4790e+00 -2.6393e+00 +2.1173e+00 -2.7002e+00
887 0 +8.848705316e-02 +1.000088487e+03 +1.000088487e+03 -3.4495e-01 -1.3308e+00 -1.8475e+00 +2.5802e+00 -2.9159e+00
915 0 +1.897167789e-02 +1.000018972e+03 +1.000018972e+03 -8.1607e-01 -1.4315e+00 -1.9228e+00 +2.6776e+00 -2.2404e+00
1663 0 +1.543051191e-02 +1.000015431e+03 +1.000015431e+03 -5.3047e-01 -1.2513e+00 -2.0298e+00 +2.6206e+00 -2.7041e+00
2273 0 +7.676392910e-03 +1.000007676e+03 +1.000007676e+03 -5.0240e-01 -1.4871e+00 -1.8188e+00 +2.5732e+00 -2.6267e+00
2284 0 +8.814084174e-05 +1.000000088e+03 +1.000000088e+03 -7.1896e-01 -1.3463e+00 -2.0586e+00 +2.6006e+00 -2.5159e+00
10780 0 +3.682812019e-05 +1.000000037e+03 +1.000000037e+03 -7.9416e-01 -1.4927e+00 -2.1643e+00 +2.5124e+00 -2.3097e+00
11430 0 +2.749615965e-05 +1.000000027e+03 +1.000000027e+03 -7.6585e-01 -1.4641e+00 -2.1024e+00 +2.5242e+00 -2.4952e+00
14540 0 +4.153008263e-06 +1.000000004e+03 +1.000000004e+03 -7.1913e-01 -1.4141e+00 -2.0544e+00 +2.5601e+00 -2.5084e+00
17436 0 +1.545303803e-06 +1.000000002e+03 +1.000000002e+03 -6.8520e-01 -1.3999e+00 -2.0205e+00 +2.6194e+00 -2.3719e+00
18402 0 +1.142085239e-06 +1.000000001e+03 +1.000000001e+03 -7.0644e-01 -1.3971e+00 -2.0281e+00 +2.6397e+00 -2.3208e+00
18495 0 +3.732246796e-07 +1.000000000e+03 +1.000000000e+03 -6.8998e-01 -1.3715e+00 -2.0319e+00 +2.6616e+00 -2.2660e+00
19333 0 +5.533229341e-08 +1.000000000e+03 +1.000000000e+03 -6.9893e-01 -1.3829e+00 -2.0420e+00 +2.6458e+00 -2.3000e+00
19614 0 +4.211983651e-08 +1.000000000e+03 +1.000000000e+03 -7.0169e-01 -1.3894e+00 -2.0332e+00 +2.6420e+00 -2.3080e+00
19657 0 +2.974059043e-08 +1.000000000e+03 +1.000000000e+03 -6.9904e-01 -1.3919e+00 -2.0327e+00 +2.6374e+00 -2.3150e+00
19721 0 +2.929198217e-08 +1.000000000e+03 +1.000000000e+03 -7.0173e-01 -1.3862e+00 -2.0439e+00 +2.6389e+00 -2.3017e+00
19758 0 +8.172833077e-09 +1.000000000e+03 +1.000000000e+03 -7.0223e-01 -1.3916e+00 -2.0396e+00 +2.6377e+00 -2.3047e+00
20051 0 +2.152432899e-09 +1.000000000e+03 +1.000000000e+03 -7.0587e-01 -1.3965e+00 -2.0428e+00 +2.6296e+00 -2.3190e+00
% f evaluations | g evaluations | best noise-free fitness - Fopt (-4.913000000000e+01) + sum g_i+ | measured fitness | best measured fitness or single-digit g-values | x1 | x2...
1 0 +5.815753160e+01 +9.027531599e+00 +9.027531599e+00 +2.7723e+00 -7.4964e-01 +3.4944e-02 -2.6690e+00 -4.4152e-01
57 0 +5.634448229e+01 +7.214482285e+00 +7.214482285e+00 +2.8955e+00 -4.2489e+00 +1.7759e+00 +2.3999e+00 +2.4547e+00
66 0 +4.849177217e+01 -6.382278277e-01 -6.382278277e-01 -7.9245e-01 -1.4224e+00 +5.0000e+00 -4.2553e+00 +6.0531e-01
81 0 +3.971834300e+01 -9.411657004e+00 -9.411657004e+00 +4.1002e+00 +2.6329e+00 +4.1981e+00 +2.9268e+00 +1.3695e+00
105 0 +7.003354617e+00 -4.212664538e+01 -4.212664538e+01 +3.8027e+00 -4.4392e+00 +4.1159e+00 -5.0000e+00 +2.3059e+00
172 0 +2.434890780e+00 -4.669510922e+01 -4.669510922e+01 +3.2933e+00 -5.0000e+00 +5.0000e+00 -5.0000e+00 +1.9346e+00
203 0 +1.743484917e+00 -4.738651508e+01 -4.738651508e+01 +3.5609e+00 -4.4428e+00 +5.0000e+00 -5.0000e+00 +1.1917e+00
239 0 +1.698309076e+00 -4.743169092e+01 -4.743169092e+01 +3.4524e+00 -5.0000e+00 +5.0000e+00 -5.0000e+00 +8.9718e-01
259 0 +1.091402619e+00 -4.803859738e+01 -4.803859738e+01 +3.9167e+00 -5.0000e+00 +4.6725e+00 -4.5375e+00 +1.2879e+00
590 0 +1.050656341e+00 -4.807934366e+01 -4.807934366e+01 +3.7537e+00 -4.6341e+00 +5.0000e+00 -4.6195e+00 +1.1424e+00
621 0 +9.262093993e-01 -4.820379060e+01 -4.820379060e+01 +3.4568e+00 -5.0000e+00 +4.5928e+00 -4.6391e+00 +1.1355e+00
5460 0 +8.824824479e-01 -4.824751755e+01 -4.824751755e+01 +3.4796e+00 -4.9932e+00 +4.7803e+00 -4.6850e+00 +1.0413e+00
7297 0 +8.034135833e-01 -4.832658642e+01 -4.832658642e+01 +3.5639e+00 -5.0000e+00 +4.6723e+00 -4.6081e+00 +1.2153e+00
10204 0 +7.906352174e-01 -4.833936478e+01 -4.833936478e+01 +3.6991e+00 -5.0000e+00 +4.7877e+00 -4.6301e+00 +1.2446e+00
11362 0 +7.746945856e-01 -4.835530541e+01 -4.835530541e+01 +3.5745e+00 -5.0000e+00 +4.6959e+00 -4.6711e+00 +1.1637e+00
13440 0 +7.374978985e-01 -4.839250210e+01 -4.839250210e+01 +3.7596e+00 -4.7663e+00 +4.6714e+00 -4.6694e+00 +1.1559e+00
16174 0 +7.133141190e-01 -4.841668588e+01 -4.841668588e+01 +3.6449e+00 -4.8287e+00 +4.7237e+00 -4.7698e+00 +1.1330e+00
16466 0 +7.064903387e-01 -4.842350966e+01 -4.842350966e+01 +3.6763e+00 -4.7895e+00 +4.7693e+00 -4.6855e+00 +1.1154e+00
20051 0 +6.919560977e-01 -4.843804390e+01 -4.843804390e+01 +3.6490e+00 -4.8296e+00 +4.7304e+00 -4.6785e+00 +1.1757e+00
% f evaluations | g evaluations | best noise-free fitness - Fopt (2.977300000000e+02) + sum g_i+ | measured fitness | best measured fitness or single-digit g-values | x1 | x2...
1 0 +6.036827602e+01 +3.580982760e+02 +3.580982760e+02 -4.1574e+00 -2.3788e+00 +1.1028e+00 +2.2414e+00 -3.4834e-01
13 0 +4.974271108e+01 +3.474727111e+02 +3.474727111e+02 -1.2051e+00 +2.1937e+00 +7.0170e-01 +2.0338e-01 -1.9856e+00
14 0 +3.160044298e+01 +3.293304430e+02 +3.293304430e+02 -4.6586e+00 +1.8512e+00 -5.5669e-01 +1.6230e+00 -1.1292e+00
23 0 +1.855630234e+01 +3.162863023e+02 +3.162863023e+02 -2.7090e+00 -2.5035e+00 +2.2050e+00 +2.2199e+00 -4.4268e+00
63 0 +1.709631163e+01 +3.148263116e+02 +3.148263116e+02 -5.0000e+00 -1.5924e-01 +1.5946e+00 +1.8511e+00 -2.6626e+00
91 0 +1.109373198e+01 +3.088237320e+02 +3.088237320e+02 -3.8351e+00 -1.8388e+00 +1.5011e+00 +1.5048e+00 -5.0000e+00
163 0 +1.014305359e+01 +3.078730536e+02 +3.078730536e+02 -3.0783e+00 -8.2021e-02 +8.4074e-01 +1.3416e+00 -3.1559e+00
185 0 +9.451682132e+00 +3.071816821e+02 +3.071816821e+02 -3.4147e+00 -7.7547e-01 +1.9779e+00 +1.7643e+00 -4.2338e+00
248 0 +8.699361237e+00 +3.064293612e+02 +3.064293612e+02 -4.1493e+00 -1.2699e+00 +1.9435e+00 +1.6300e+00 -3.3734e+00
335 0 +7.455648311e+00 +3.051856483e+02 +3.051856483e+02 -4.1109e+00 -1.4214e+00 +2.1060e+00 +2.0449e+00 -3.6930e+00
406 0 +7.012991102e+00 +3.047429911e+02 +3.047429911e+02 -3.5059e+00 +3.4387e-01 +1.0329e+00 +2.4567e+00 -3.0087e+00
418 0 +5.180514524e+00 +3.029105145e+02 +3.029105145e+02 -3.9509e+00 -3.0156e-03 +1.6102e+00 +1.9967e+00 -3.3585e+00
752 0 +4.304441680e+00 +3.020344417e+02 +3.020344417e+02 -4.0824e+00 -2.5690e-01 +1.0951e+00 +1.5244e+00 -2.9831e+00
865 0 +4.004031537e+00 +3.017340315e+02 +3.017340315e+02 -3.9272e+00 -2.3023e-01 +1.2213e+00 +2.5310e+00 -2.7579e+00
1039 0 +3.494627141e+00 +3.012246271e+02 +3.012246271e+02 -3.7335e+00 -7.8651e-02 +1.1378e+00 +1.9888e+00 -3.1243e+00
1879 0 +3.384186863e+00 +3.011141869e+02 +3.011141869e+02 -3.6697e+00 -8.0095e-01 +1.2327e+00 +1.6773e+00 -3.2439e+00
1987 0 +3.168311368e+00 +3.008983114e+02 +3.008983114e+02 -3.9979e+00 -6.1258e-01 +1.6010e+00 +2.4617e+00 -3.3190e+00
2393 0 +2.933395227e+00 +3.006633952e+02 +3.006633952e+02 -3.8539e+00 -1.5228e-01 +1.2519e+00 +2.0966e+00 -3.1038e+00
5692 0 +2.844811836e+00 +3.005748118e+02 +3.005748118e+02 -3.9956e+00 -4.9561e-01 +1.2758e+00 +1.9934e+00 -3.1275e+00
6469 0 +2.779390088e+00 +3.005093901e+02 +3.005093901e+02 -3.7804e+00 -3.3743e-01 +1.2376e+00 +2.1648e+00 -2.9944e+00
8559 0 +2.704184703e+00 +3.004341847e+02 +3.004341847e+02 -3.7931e+00 -5.5104e-01 +1.2454e+00 +2.0738e+00 -3.0043e+00
9193 0 +2.669176760e+00 +3.003991768e+02 +3.003991768e+02 -3.8639e+00 -7.0281e-01 +1.4752e+00 +2.2251e+00 -3.1163e+00
11527 0 +2.613059760e+00 +3.003430598e+02 +3.003430598e+02 -3.8790e+00 -5.4461e-01 +1.3985e+00 +2.1582e+00 -3.1024e+00
20051 0 +2.590575860e+00 +3.003205759e+02 +3.003205759e+02 -3.8292e+00 -6.0043e-01 +1.4001e+00 +2.1385e+00 -3.1593e+00
% f evaluations | g evaluations | best noise-free fitness - Fopt (5.157000000000e+01) + sum g_i+ | measured fitness | best measured fitness or single-digit g-values | x1 | x2...
1 0 +7.452370991e+01 +1.260937099e+02 +1.260937099e+02 -2.0070e+00 +9.5035e-02 -4.1841e+00 -5.7404e-01 +2.0252e+00
4 0 +4.888612701e+01 +1.004561270e+02 +1.004561270e+02 +2.2938e+00 -2.3394e+00 +4.4605e+00 +3.4163e-02 -3.9340e+00
17 0 +2.638814619e+01 +7.795814619e+01 +7.795814619e+01 +3.8020e+00 -7.1363e-01 -4.1582e+00 -1.2800e+00 +4.3406e+00
55 0 +2.332109067e+01 +7.489109067e+01 +7.489109067e+01 +2.2885e+00 +3.6310e-01 -1.8785e+00 -2.4307e+00 +2.6774e+00
117 0 +2.018715449e+00 +5.358871545e+01 +5.358871545e+01 +2.4101e+00 -2.8233e-01 -1.9693e+00 -2.4461e+00 +1.3758e+00
317 0 +1.960664240e+00 +5.353066424e+01 +5.353066424e+01 +1.2083e+00 +6.2015e-01 -1.3909e+00 -2.9967e+00 +2.0816e+00
346 0 +9.703199100e-01 +5.254031991e+01 +5.254031991e+01 +2.3547e+00 +1.5421e-01 -1.7285e+00 -1.6152e+00 +1.5977e+00
386 0 +7.600886062e-01 +5.233008861e+01 +5.233008861e+01 +1.9367e+00 -1.5492e+00 -1.4512e+00 -3.5513e+00 +2.3526e+00
478 0 +1.498434478e-01 +5.171984345e+01 +5.171984345e+01 +2.0932e+00 +1.1069e-01 -2.2589e+00 -2.6445e+00 +1.6860e+00
805 0 +1.319376339e-01 +5.170193763e+01 +5.170193763e+01 +2.4114e+00 -6.2094e-02 -2.2833e+00 -2.2202e+00 +1.5691e+00
811 0 +6.527445591e-02 +5.163527446e+01 +5.163527446e+01 +1.9402e+00 +2.8283e-01 -1.5744e+00 -2.3899e+00 +1.6254e+00
893 0 +1.535480374e-02 +5.158535480e+01 +5.158535480e+01 +2.3265e+00 +4.5407e-01 -2.0971e+00 -2.1271e+00 +1.6578e+00
1187 0 +4.615253481e-03 +5.157461525e+01 +5.157461525e+01 +1.8063e+00 +7.3221e-01 -1.7843e+00 -2.3617e+00 +1.5685e+00
5034 0 +3.698278896e-03 +5.157369828e+01 +5.157369828e+01 +2.1097e+00 +5.8876e-01 -2.1147e+00 -2.2068e+00 +1.5682e+00
5641 0 +3.249658036e-03 +5.157324966e+01 +5.157324966e+01 +2.2387e+00 +8.4557e-01 -2.2176e+00 -1.9376e+00 +1.5063e+00
6870 0 +1.380273015e-03 +5.157138027e+01 +5.157138027e+01 +2.1264e+00 +8.7323e-01 -2.0308e+00 -1.9579e+00 +1.5326e+00
7236 0 +9.063328852e-04 +5.157090633e+01 +5.157090633e+01 +1.8703e+00 +1.1697e+00 -2.0398e+00 -2.0240e+00 +1.3514e+00
9631 0 +8.127428461e-04 +5.157081274e+01 +5.157081274e+01 +2.1475e+00 +1.0386e+00 -2.3072e+00 -1.9270e+00 +1.3694e+00
11484 0 +6.979517142e-05 +5.157006980e+01 +5.157006980e+01 +1.9511e+00 +1.1635e+00 -2.0751e+00 -1.9813e+00 +1.3944e+00
13843 0 +6.421478417e-06 +5.157000642e+01 +5.157000642e+01 +2.1125e+00 +1.0883e+00 -2.1916e+00 -1.8825e+00 +1.3876e+00
17229 0 +4.697598889e-06 +5.157000470e+01 +5.157000470e+01 +2.0514e+00 +1.2062e+00 -2.1476e+00 -1.8423e+00 +1.3583e+00
18071 0 +3.602666240e-06 +5.157000360e+01 +5.157000360e+01 +2.1189e+00 +1.2077e+00 -2.2335e+00 -1.8197e+00 +1.3587e+00
18175 0 +9.409951502e-07 +5.157000094e+01 +5.157000094e+01 +2.1082e+00 +1.1634e+00 -2.1963e+00 -1.8345e+00 +1.3617e+00
18627 0 +6.530806047e-07 +5.157000065e+01 +5.157000065e+01 +2.0787e+00 +1.2058e+00 -2.1908e+00 -1.8488e+00 +1.3671e+00
19074 0 +6.099839283e-07 +5.157000061e+01 +5.157000061e+01 +2.1018e+00 +1.1948e+00 -2.2052e+00 -1.8205e+00 +1.3552e+00
19408 0 +1.730712711e-07 +5.157000017e+01 +5.157000017e+01 +2.0748e+00 +1.2237e+00 -2.2006e+00 -1.8357e+00 +1.3539e+00
19510 0 +8.905932702e-08 +5.157000009e+01 +5.157000009e+01 +2.0705e+00 +1.2259e+00 -2.1829e+00 -1.8308e+00 +1.3554e+00
19787 0 +5.523169477e-08 +5.157000006e+01 +5.157000006e+01 +2.0762e+00 +1.2170e+00 -2.1917e+00 -1.8368e+00 +1.3576e+00
19814 0 +5.185403751e-08 +5.157000005e+01 +5.157000005e+01 +2.0802e+00 +1.2266e+00 -2.1933e+00 -1.8263e+00 +1.3553e+00
19853 0 +4.731369785e-08 +5.157000005e+01 +5.157000005e+01 +2.0747e+00 +1.2185e+00 -2.1924e+00 -1.8352e+00 +1.3537e+00
19868 0 +3.859234710e-08 +5.157000004e+01 +5.157000004e+01 +2.0768e+00 +1.2214e+00 -2.1914e+00 -1.8332e+00 +1.3540e+00
19952 0 +3.712931829e-08 +5.157000004e+01 +5.157000004e+01 +2.0731e+00 +1.2206e+00 -2.1906e+00 -1.8378e+00 +1.3540e+00
19961 0 +2.235803009e-08 +5.157000002e+01 +5.157000002e+01 +2.0745e+00 +1.2236e+00 -2.1930e+00 -1.8347e+00 +1.3525e+00
20051 0 +2.196286175e-08 +5.157000002e+01 +5.157000002e+01 +2.0737e+00 +1.2235e+00 -2.1932e+00 -1.8356e+00 +1.3528e+00
% f evaluations | g evaluations | best noise-free fitness - Fopt (-1.000000000000e+03) + sum g_i+ | measured fitness | best measured fitness or single-digit g-values | x1 | x2...
1 0 +8.234726898e+01 -9.176527310e+02 -9.176527310e+02 +4.6288e+00 -4.9451e+00 -4.3153e+00 -8.0595e-01 -1.4532e+00
2 0 +7.992514066e+01 -9.200748593e+02 -9.200748593e+02 -1.7714e+00 +4.3689e+00 -7.7465e-01 -4.7290e-01 +4.8526e+00
3 0 +6.637340394e+01 -9.336265961e+02 -9.336265961e+02 +1.6176e+00 -8.2789e-01 -2.0203e+00 +9.3277e-01 +3.7823e+00
26 0 +6.372189645e+01 -9.362781035e+02 -9.362781035e+02 -7.0373e-01 +5.8163e-01 -3.9572e+00 -2.2163e+00 -3.8128e+00
27 0 +5.090004596e+01 -9.490999540e+02 -9.490999540e+02 +4.0851e+00 -4.0405e+00 +2.1011e+00 +6.7638e-01 +1.0920e-02
45 0 +3.662190482e+01 -9.633780952e+02 -9.633780952e+02 +4.2702e+00 -2.9065e-01 -2.0137e+00 +2.9079e+00 +2.1689e+00
99 0 +2.178511050e+01 -9.782148895e+02 -9.782148895e+02 +4.2128e+00 -4.3156e+00 -7.5582e-01 -3.4479e+00 +1.0312e+00
183 0 +1.378263922e+01 -9.862173608e+02 -9.862173608e+02 +3.8988e+00 -4.0504e+00 -2.4144e-01 -2.7784e+00 +1.8145e+00
243 0 +1.102699493e+01 -9.889730051e+02 -9.889730051e+02 +4.6508e+00 -3.8782e+00 -4.8783e-01 -2.6547e+00 +9.8742e-01
279 0 +1.092316233e+01 -9.890768377e+02 -9.890768377e+02 +3.8751e+00 -2.5312e+00 -2.0323e+00 -3.2402e+00 +8.7810e-01
305 0 +8.056989196e+00 -9.919430108e+02 -9.919430108e+02 +3.8412e+00 -3.3039e+00 +5.4191e-02 -2.8252e+00 +1.6579e+00
574 0 +7.058771411e+00 -9.929412286e+02 -9.929412286e+02 +4.0048e+00 -3.1640e+00 -6.1865e-01 -2.8086e+00 +9.7940e-01
744 0 +6.195942290e+00 -9.938040577e+02 -9.938040577e+02 +3.8887e+00 -3.3839e+00 -3.1633e-01 -2.8670e+00 +1.1413e+00
774 0 +5.974583778e+00 -9.940254162e+02 -9.940254162e+02 +4.2741e+00 -3.8055e+00 +8.1674e-02 -2.9024e+00 +1.3423e+00
2570 0 +5.848170877e+00 -9.941518291e+02 -9.941518291e+02 +3.9673e+00 -3.7818e+00 +1.0182e-01 -3.0609e+00 +1.7357e+00
7173 0 +5.722568823e+00 -9.942774312e+02 -9.942774312e+02 +4.1631e+00 -3.7529e+00 +7.8180e-02 -2.8739e+00 +1.3357e+00
7259 0 +5.548606852e+00 -9.944513931e+02 -9.944513931e+02 +4.0739e+00 -3.5588e+00 +7.1440e-02 -2.9271e+00 +1.3275e+00
9609 0 +5.445668276e+00 -9.945543317e+02 -9.945543317e+02 +4.0337e+00 -3.6342e+00 +8.3213e-02 -3.0929e+00 +1.5902e+00
18580 0 +5.367560902e+00 -9.946324391e+02 -9.946324391e+02 +4.0046e+00 -3.6057e+00 +1.1293e-01 -3.0258e+00 +1.5174e+00
20051 0 +5.363779363e+00 -9.946362206e+02 -9.946362206e+02 +4.0056e+00 -3.6190e+00 +1.1587e-01 -3.0284e+00 +1.5279e+00
% f evaluations | g evaluations | best noise-free fitness - Fopt (1.000000000000e+03) + sum g_i+ | measured fitness | best measured fitness or single-digit g-values | x1 | x2...
1 0 +5.697981976e+01 +1.056979820e+03 +1.056979820e+03 +2.6460e+00 +3.5616e+00 -2.4901e+00 +5.8897e-01 +3.1201e+00
7 0 +3.295337540e+01 +1.032953375e+03 +1.032953375e+03 -2.0898e+00 +1.1234e+00 +3.2568e+00 +1.6625e+00 -4.8046e+00
13 0 +3.031264787e+01 +1.030312648e+03 +1.030312648e+03 +1.8539e+00 +1.2153e+00 -4.4597e+00 +1.7149e+00 +4.6436e+00
106 0 +1.340991075e+01 +1.013409911e+03 +1.013409911e+03 +1.6420e+00 +2.9586e+00 -6.5194e-01 +5.0000e+00 +1.6172e+00
116 0 +9.269298728e+00 +1.009269299e+03 +1.009269299e+03 +7.1319e-01 +2.2013e+00 -1.9555e+00 +2.9512e+00 +2.2198e+00
263 0 +5.846517980e+00 +1.005846518e+03 +1.005846518e+03 +1.2026e+00 +2.5090e+00 -2.1340e+00 +2.8816e+00 +1.4559e+00
308 0 +5.380787557e+00 +1.005380788e+03 +1.005380788e+03 +2.0845e+00 +2.3487e+00 -1.0953e+00 +3.3218e+00 +1.2653e+00
314 0 +3.015165434e+00 +1.003015165e+03 +1.003015165e+03 +2.4321e+00 +2.1675e+00 -1.8244e+00 +3.5862e+00 +1.5230e+00
389 0 +2.802013699e+00 +1.002802014e+03 +1.002802014e+03 +8.0800e-01 -9.6977e-02 -6.5701e-01 +5.0000e+00 +1.5120e+00
542 0 +2.501093622e+00 +1.002501094e+03 +1.002501094e+03 +1.9688e+00 +2.3702e+00 -2.3817e+00 +3.1866e+00 +1.6359e+00
987 0 +1.580586814e+00 +1.001580587e+03 +1.001580587e+03 +5.4715e-01 -2.8715e-01 -6.4501e-01 +5.0000e+00 +1.5223e+00
1301 0 +1.391373808e+00 +1.001391374e+03 +1.001391374e+03 -1.0964e-01 +1.0832e-01 -1.7925e+00 +4.5365e+00 +1.0676e+00
1325 0 +6.893004064e-01 +1.000689300e+03 +1.000689300e+03 +1.0434e-01 +2.1824e-01 -1.1763e+00 +5.0000e+00 +8.7913e-01
1642 0 +6.395081435e-01 +1.000639508e+03 +1.000639508e+03 +1.9531e-02 +1.9951e-01 -1.4195e+00 +5.0000e+00 +1.4184e+00
1675 0 +6.107848997e-01 +1.000610785e+03 +1.000610785e+03 -2.3066e-02 +1.7411e-01 -1.4001e+00 +4.7167e+00 +7.2465e-01
1913 0 +5.641231484e-01 +1.000564123e+03 +1.000564123e+03 +6.0064e-02 +1.2619e-01 -1.3967e+00 +5.0000e+00 +1.6308e+00
2355 0 +5.199577037e-01 +1.000519958e+03 +1.000519958e+03 +5.6800e-02 +1.5850e-01 -1.4247e+00 +4.7790e+00 +8.9270e-01
2472 0 +5.080679385e-01 +1.000508068e+03 +1.000508068e+03 +7.5149e-02 +4.5215e-02 -1.2327e+00 +4.9134e+00 +1.1190e+00
2695 0 +4.927010331e-01 +1.000492701e+03 +1.000492701e+03 +4.3546e-02 +7.5220e-02 -1.3011e+00 +4.6426e+00 +4.3809e-01
2752 0 +4.264303854e-01 +1.000426430e+03 +1.000426430e+03 +1.0236e-01 -6.2234e-02 -1.2278e+00 +4.6936e+00 +7.6412e-01
3533 0 +3.913786509e-01 +1.000391379e+03 +1.000391379e+03 +1.0635e-01 -1.0860e-01 -1.2350e+00 +4.5037e+00 +3.3090e-01
4247 0 +3.574490730e-01 +1.000357449e+03 +1.000357449e+03 +1.1743e-01 -1.2721e-01 -1.1873e+00 +4.4963e+00 +2.4491e-01
4340 0 +2.413485599e-01 +1.000241349e+03 +1.000241349e+03 +1.1472e-01 -2.8876e-01 -1.3059e+00 +4.4636e+00 +4.9392e-01
4521 0 +2.356919456e-01 +1.000235692e+03 +1.000235692e+03 +5.3761e-02 -2.8997e-01 -1.2842e+00 +4.5128e+00 +6.6740e-01
4625 0 +1.936724578e-01 +1.000193672e+03 +1.000193672e+03 +5.6151e-02 -3.3027e-01 -1.3676e+00 +4.4053e+00 +4.8832e-01
4670 0 +1.839052868e-01 +1.000183905e+03 +1.000183905e+03 +1.0224e-01 -3.5812e-01 -1.2215e+00 +4.3581e+00 +2.6721e-01
4695 0 +1.712183468e-01 +1.000171218e+03 +1.000171218e+03 +4.0039e-02 -2.9767e-01 -1.4032e+00 +4.3495e+00 +2.5604e-01
5275 0 +1.562470859e-01 +1.000156247e+03 +1.000156247e+03 +5.3254e-02 -3.6756e-01 -1.2382e+00 +4.3669e+00 +2.1910e-01
6385 0 +1.282892222e-01 +1.000128289e+03 +1.000128289e+03 +3.6845e-03 -6.0651e-01 -1.3770e+00 +4.0875e+00 +6.1228e-02
6902 0 +1.160157028e-01 +1.000116016e+03 +1.000116016e+03 +2.4043e-02 -5.3753e-01 -1.2480e+00 +4.0574e+00 -3.5241e-01
7510 0 +1.140968972e-01 +1.000114097e+03 +1.000114097e+03 -4.0464e-04 -5.4894e-01 -1.2632e+00 +4.1066e+00 -1.8723e-01
7691 0 +1.013862693e-01 +1.000101386e+03 +1.000101386e+03 -3.3281e-02 -6.4342e-01 -1.3426e+00 +4.0136e+00 -3.2516e-01
8079 0 +9.814802438e-02 +1.000098148e+03 +1.000098148e+03 +6.1372e-03 -6.1161e-01 -1.3567e+00 +3.9589e+00 -4.2847e-01
8272 0 +7.921672657e-02 +1.000079217e+03 +1.000079217e+03 -3.8652e-02 -6.1607e-01 -1.3964e+00 +3.9470e+00 -4.1990e-01
9353 0 +7.535739371e-02 +1.000075357e+03 +1.000075357e+03 -5.1043e-02 -6.7125e-01 -1.3851e+00 +3.8505e+00 -5.6200e-01
9850 0 +6.723309253e-02 +1.000067233e+03 +1.000067233e+03 -3.7261e-02 -7.1453e-01 -1.3543e+00 +3.8365e+00 -7.1328e-01
9925 0 +6.333670650e-02 +1.000063337e+03 +1.000063337e+03 -5.1246e-02 -6.2162e-01 -1.2952e+00 +3.8599e+00 -9.3512e-01
9973 0 +5.182958014e-02 +1.000051830e+03 +1.000051830e+03 -9.7071e-02 -7.8759e-01 -1.2846e+00 +3.7061e+00 -1.0824e+00
10229 0 +4.394705169e-02 +1.000043947e+03 +1.000043947e+03 -9.8105e-02 -8.8829e-01 -1.4266e+00 +3.5420e+00 -1.2453e+00
10924 0 +3.842521850e-02 +1.000038425e+03 +1.000038425e+03 -1.2576e-01 -7.7016e-01 -1.4943e+00 +3.6411e+00 -1.0701e+00
11238 0 +3.577620704e-02 +1.000035776e+03 +1.000035776e+03 -1.5821e-01 -8.1551e-01 -1.5672e+00 +3.5524e+00 -1.0761e+00
11284 0 +2.394697345e-02 +1.000023947e+03 +1.000023947e+03 -2.4016e-01 -7.8058e-01 -1.5179e+00 +3.5238e+00 -1.2607e+00
11354 0 +1.639583863e-02 +1.000016396e+03 +1.000016396e+03 -2.2101e-01 -9.6545e-01 -1.5281e+00 +3.3763e+00 -1.4132e+00
11477 0 +1.495285334e-02 +1.000014953e+03 +1.000014953e+03 -4.1399e-01 -1.1394e+00 -1.7271e+00 +3.2887e+00 -1.1987e+00
11563 0 +1.017332454e-02 +1.000010173e+03 +1.000010173e+03 -3.9790e-01 -8.9034e-01 -1.7625e+00 +3.3246e+00 -1.5401e+00
11737 0 +4.068794730e-03 +1.000004069e+03 +1.000004069e+03 -4.9142e-01 -1.0110e+00 -1.8858e+00 +3.1825e+00 -1.5913e+00
11817 0 +2.797373647e-04 +1.000000280e+03 +1.000000280e+03 -6.4115e-01 -1.3390e+00 -2.0349e+00 +2.7622e+00 -1.9410e+00
12269 0 +2.749952966e-05 +1.000000027e+03 +1.000000027e+03 -7.0282e-01 -1.4401e+00 -1.9969e+00 +2.5640e+00 -2.5049e+00
15793 0 +3.789276661e-06 +1.000000004e+03 +1.000000004e+03 -6.8078e-01 -1.4108e+00 -2.0027e+00 +2.6333e+00 -2.3404e+00
16820 0 +1.447906698e-06 +1.000000001e+03 +1.000000001e+03 -6.9756e-01 -1.3876e+00 -2.0453e+00 +2.6352e+00 -2.3373e+00
18622 0 +5.015901934e-07 +1.000000001e+03 +1.000000001e+03 -6.9060e-01 -1.3661e+00 -2.0301e+00 +2.6794e+00 -2.2429e+00
18787 0 +1.999405868e-07 +1.000000000e+03 +1.000000000e+03 -7.2182e-01 -1.4000e+00 -2.0629e+00 +2.6118e+00 -2.3256e+00
19348 0 +1.173043529e-08 +1.000000000e+03 +1.000000000e+03 -7.1454e-01 -1.4039e+00 -2.0590e+00 +2.6103e+00 -2.3407e+00
19654 0 +3.400373316e-09 +1.000000000e+03 +1.000000000e+03 -7.2217e-01 -1.4082e+00 -2.0616e+00 +2.6133e+00 -2.3216e+00
20051 0 +3.785771696e-11 +1.000000000e+03 +1.000000000e+03 -7.1780e-01 -1.4051e+00 -2.0569e+00 +2.6133e+00 -2.3342e+00
% f evaluations | g evaluations | best noise-free fitness - Fopt (-4.913000000000e+01) + sum g_i+ | measured fitness | best measured fitness or single-digit g-values | x1 | x2...
1 0 +8.404720747e+01 +3.491720747e+01 +3.491720747e+01 -3.2961e+00 -3.6374e+00 +6.8993e-01 -4.2775e+00 +2.4443e-01
2 0 +7.169007223e+01 +2.256007223e+01 +2.256007223e+01 +2.9172e+00 +1.2944e+00 +1.4780e+00 -4.7252e+00 +1.1639e+00
5 0 +5.669578089e+01 +7.565780893e+00 +7.565780893e+00 +3.5206e+00 -1.9503e+00 -1.4733e+00 -1.8983e+00 -9.2413e-01
53 0 +5.216043463e+01 +3.030434626e+00 +3.030434626e+00 -3.6038e+00 +3.7630e+00 -3.1072e+00 +4.2547e+00 +1.0413e+00
72 0 +2.650032646e+01 -2.262967354e+01 -2.262967354e+01 -2.4358e+00 +2.4774e+00 +5.0000e+00 -1.2792e+00 +4.1448e+00
128 0 +1.457786168e+01 -3.455213832e+01 -3.455213832e+01 -2.0225e+00 +1.8263e+00 -7.6266e-01 +2.3790e+00 +9.5274e-01
181 0 +9.202219169e+00 -3.992778083e+01 -3.992778083e+01 -3.2260e+00 +2.4550e+00 +5.0000e+00 +1.0684e+00 +4.4901e+00
213 0 +8.401544785e+00 -4.072845521e+01 -4.072845521e+01 -3.2987e+00 +2.8538e+00 +5.0000e+00 +4.9272e-01 +5.0000e+00
274 0 +4.465069272e+00 -4.466493073e+01 -4.466493073e+01 -3.0670e+00 +2.5334e+00 +4.3804e+00 +4.3286e-01 +3.8148e+00
882 0 +2.983704178e+00 -4.614629582e+01 -4.614629582e+01 -3.1007e+00 +2.7034e+00 +4.2016e+00 +3.6036e-01 +4.0818e+00
2873 0 +2.904148499e+00 -4.622585150e+01 -4.622585150e+01 -3.0829e+00 +2.5490e+00 +4.0447e+00 +4.3689e-01 +4.3937e+00
8260 0 +2.692220925e+00 -4.643777907e+01 -4.643777907e+01 -2.8228e+00 +2.7755e+00 +4.0824e+00 +5.5297e-01 +4.4010e+00
10763 0 +2.642760544e+00 -4.648723946e+01 -4.648723946e+01 -2.8654e+00 +2.6315e+00 +4.0603e+00 +5.2687e-01 +4.3383e+00
13089 0 +2.603617294e+00 -4.652638271e+01 -4.652638271e+01 -2.9426e+00 +2.7166e+00 +4.0362e+00 +4.8957e-01 +4.2812e+00
20051 0 +2.590574868e+00 -4.653942513e+01 -4.653942513e+01 -2.9039e+00 +2.7261e+00 +4.0406e+00 +5.1824e-01 +4.2358e+00
% f evaluations | g evaluations | best noise-free fitness - Fopt (2.977300000000e+02) + sum g_i+ | measured fitness | best measured fitness or single-digit g-values | x1 | x2...
1 0 +6.557206536e+01 +3.633020654e+02 +3.633020654e+02 -6.0554e-01 -4.6775e+00 +5.8901e-01 +7.9478e-01 -1.4192e-01
4 0 +4.254543672e+01 +3.402754367e+02 +3.402754367e+02 -4.7044e+00 +9.9204e-01 +2.5736e+00 +4.4927e+00 -4.3487e+00
29 0 +3.510848604e+01 +3.328384860e+02 +3.328384860e+02 +1.8640e+00 -3.3513e+00 -1.0686e+00 -2.9663e+00 -1.6072e+00
45 0 +2.995084818e+01 +3.276808482e+02 +3.276808482e+02 -3.6314e+00 -5.4166e-01 +2.1425e-01 +3.0057e+00 -1.4595e+00
53 0 +2.743085933e+01 +3.251608593e+02 +3.251608593e+02 +1.6328e+00 -8.2300e-01 +2.0357e+00 +5.0572e-03 +6.0489e-01
55 0 +2.024740409e+01 +3.179774041e+02 +3.179774041e+02 -2.9461e-01 -1.2587e+00 +9.4295e-01 -1.7514e+00 +1.6863e+00
101 0 +1.567644659e+01 +3.134064466e+02 +3.134064466e+02 -1.1782e+00 -1.6035e+00 +1.2150e-01 -1.1795e+00 +6.3923e-01
119 0 +1.326117909e+01 +3.109911791e+02 +3.109911791e+02 +6.9098e-01 -2.3843e+00 +6.3938e-01 -1.1855e+00 +3.5458e-02
155 0 +9.044426403e+00 +3.067744264e+02 +3.067744264e+02 +4.1077e-01 -2.4153e+00 +1.0679e+00 -6.3683e-01 +3.1116e-01
229 0 +8.826509869e+00 +3.065565099e+02 +3.065565099e+02 -9.3503e-01 -1.4446e+00 +8.5199e-01 -6.8192e-01 +9.0767e-01
233 0 +8.340658161e+00 +3.060706582e+02 +3.060706582e+02 +4.4354e-01 -1.9796e+00 +1.0239e+00 -4.6697e-01 +7.7032e-01
255 0 +7.974863070e+00 +3.057048631e+02 +3.057048631e+02 -4.2590e-01 -1.5274e+00 +1.2462e+00 -6.7454e-01 +7.2329e-01
301 0 +7.904098390e+00 +3.056340984e+02 +3.056340984e+02 -3.9863e-01 -1.9582e+00 +1.5794e+00 -4.8466e-01 +5.3006e-01
320 0 +7.478514500e+00 +3.052085145e+02 +3.052085145e+02 -4.0689e-01 -2.0556e+00 +1.1650e+00 -7.7548e-01 +6.6204e-01
381 0 +7.390953813e+00 +3.051209538e+02 +3.051209538e+02 -5.0858e-01 -1.7949e+00 +1.2096e+00 -4.6975e-01 +7.6993e-01
542 0 +2.100520309e+00 +2.998305203e+02 +2.998305203e+02 -3.3699e-02 +5.6556e-01 +3.2411e+00 +2.1859e+00 +9.8398e-01
757 0 +6.087717521e-01 +2.983387718e+02 +2.983387718e+02 -5.1976e-01 +8.6801e-01 +3.8822e+00 +2.2346e+00 +1.1602e+00
760 0 +3.497815009e-01 +2.980797815e+02 +2.980797815e+02 -5.0478e-01 +1.0490e+00 +3.6562e+00 +2.2732e+00 +7.6604e-01
2177 0 +1.636747693e-01 +2.978936748e+02 +2.978936748e+02 -1.1029e+00 +8.4845e-01 +3.6151e+00 +2.2297e+00 +1.0403e+00
2307 0 +1.581534629e-01 +2.978881535e+02 +2.978881535e+02 -6.0447e-01 +5.4853e-01 +3.2171e+00 +2.5007e+00 +1.1680e+00
2824 0 +1.353004364e-01 +2.978653004e+02 +2.978653004e+02 -2.0815e+00 +4.6493e-01 +3.8412e+00 +2.2590e+00 +1.4785e+00
3374 0 +5.054724779e-02 +2.977805472e+02 +2.977805472e+02 -2.5347e+00 +7.0459e-01 +3.9588e+00 +2.1916e+00 +1.1700e+00
4423 0 +3.789104901e-02 +2.977678910e+02 +2.977678910e+02 -2.3710e+00 +5.4494e-01 +3.5621e+00 +2.4069e+00 +1.1521e+00
4555 0 +3.494387003e-02 +2.977649439e+02 +2.977649439e+02 -3.8106e+00 +4.3309e-01 +3.8417e+00 +2.6396e+00 +1.3952e+00
4688 0 +9.527691455e-03 +2.977395277e+02 +2.977395277e+02 -2.9095e+00 +8.5190e-01 +3.6126e+00 +2.2441e+00 +8.0984e-01
5188 0 +4.787219103e-03 +2.977347872e+02 +2.977347872e+02 -3.7011e+00 +9.5629e-01 +3.9975e+00 +2.1989e+00 +7.4528e-01
6946 0 +4.131665021e-03 +2.977341317e+02 +2.977341317e+02 -4.4083e+00 +7.2806e-01 +4.0462e+00 +2.3545e+00 +1.0319e+00
8491 0 +1.631770036e-03 +2.977316318e+02 +2.977316318e+02 -4.0672e+00 +7.8502e-01 +3.8998e+00 +2.3538e+00 +9.7538e-01
8709 0 +8.946844041e-04 +2.977308947e+02 +2.977308947e+02 -4.0210e+00 +6.7013e-01 +3.9158e+00 +2.2696e+00 +1.1425e+00
9797 0 +7.547604228e-04 +2.977307548e+02 +2.977307548e+02 -4.5677e+00 +5.3138e-01 +3.9603e+00 +2.3747e+00 +1.2747e+00
10127 0 +7.259524298e-04 +2.977307260e+02 +2.977307260e+02 -3.5138e+00 +6.2793e-01 +3.8113e+00 +2.3844e+00 +1.1145e+00
10503 0 +4.220046015e-04 +2.977304220e+02 +2.977304220e+02 -3.8226e+00 +6.1668e-01 +3.7838e+00 +2.3475e+00 +1.1589e+00
11514 0 +1.725117441e-04 +2.977301725e+02 +2.977301725e+02 -3.3817e+00 +6.8564e-01 +3.7653e+00 +2.3408e+00 +1.0885e+00
13560 0 +3.413249988e-05 +2.977300341e+02 +2.977300341e+02 -3.3808e+00 +7.0674e-01 +3.7570e+00 +2.3622e+00 +1.0345e+00
16596 0 +5.709996344e-06 +2.977300057e+02 +2.977300057e+02 -3.8886e+00 +6.2270e-01 +3.8463e+00 +2.3721e+00 +1.1672e+00
16758 0 +2.489363965e-06 +2.977300025e+02 +2.977300025e+02 -3.6451e+00 +6.8685e-01 +3.8225e+00 +2.3656e+00 +1.0765e+00
17268 0 +1.969303980e-06 +2.977300020e+02 +2.977300020e+02 -3.7892e+00 +6.5302e-01 +3.8274e+00 +2.3711e+00 +1.1233e+00
17685 0 +1.711557331e-06 +2.977300017e+02 +2.977300017e+02 -3.7097e+00 +6.3182e-01 +3.8343e+00 +2.3612e+00 +1.1509e+00
18566 0 +8.674627452e-07 +2.977300009e+02 +2.977300009e+02 -3.7453e+00 +6.5084e-01 +3.8145e+00 +2.3714e+00 +1.1086e+00
18778 0 +1.861478722e-07 +2.977300002e+02 +2.977300002e+02 -3.7584e+00 +6.4768e-01 +3.8419e+00 +2.3680e+00 +1.1333e+00
19323 0 +2.765699492e-08 +2.977300000e+02 +2.977300000e+02 -3.7454e+00 +6.5714e-01 +3.8421e+00 +2.3625e+00 +1.1160e+00
19635 0 +2.296798129e-08 +2.977300000e+02 +2.977300000e+02 -3.7730e+00 +6.5580e-01 +3.8348e+00 +2.3671e+00 +1.1143e+00
19681 0 +1.289953389e-08 +2.977300000e+02 +2.977300000e+02 -3.7837e+00 +6.5481e-01 +3.8438e+00 +2.3633e+00 +1.1208e+00
19683 0 +1.135856564e-08 +2.977300000e+02 +2.977300000e+02 -3.7570e+00 +6.6018e-01 +3.8462e+00 +2.3566e+00 +1.1128e+00
19800 0 +8.650999916e-10 +2.977300000e+02 +2.977300000e+02 -3.7731e+00 +6.5810e-01 +3.8434e+00 +2.3601e+00 +1.1131e+00
20051 0 +8.498091120e-11 +2.977300000e+02 +2.977300000e+02 -3.7823e+00 +6.5864e-01 +3.8452e+00 +2.3589e+00 +1.1135e+00
% f evaluations | g evaluations | best noise-free fitness - Fopt (5.157000000000e+01) + sum g_i+ | measured fitness | best measured fitness or single-digit g-values | x1 | x2...
1 0 +6.555968579e+01 +1.171296858e+02 +1.171296858e+02 -2.5146e+00 -8.5737e-01 -4.8273e-01 +1.6359e+00 +1.1741e+00
2 0 +6.284541319e+01 +1.144154132e+02 +1.144154132e+02 +2.5425e+00 +4.6482e+00 -1.0168e+00 +2.1050e+00 -4.5610e+00
3 0 +5.744895260e+01 +1.090189526e+02 +1.090189526e+02 +2.6250e-01 -2.0711e+00 -1.5140e+00 -2.6451e-01 -1.3475e+00
4 0 +5.507763442e+01 +1.066476344e+02 +1.066476344e+02 -1.5356e+00 -3.6984e+00 +2.8620e-01 -4.9808e-01 -1.4311e+00
25 0 +5.075465771e+01 +1.023246577e+02 +1.023246577e+02 -3.5802e+00 +2.8142e+00 -1.4280e+00 -5.3844e-02 -5.5563e-01
65 0 +4.337100817e+01 +9.494100817e+01 +9.494100817e+01 -1.6843e+00 -5.9132e-01 +5.7557e-01 -3.2674e+00 -6.3149e-01
74 0 +3.866753908e+01 +9.023753908e+01 +9.023753908e+01 -1.4732e+00 -3.9536e+00 -5.2839e-01 +3.6593e-01 -2.8272e+00
105 0 +3.070053955e+01 +8.227053955e+01 +8.227053955e+01 -1.9992e+00 -9.2057e-01 -7.2446e-01 -2.4621e+00 +2.9719e-01
142 0 +2.805409869e+01 +7.962409869e+01 +7.962409869e+01 -3.7894e+00 -3.8366e+00 -6.6053e-01 -1.2990e+00 -1.3351e+00
201 0 +2.418094930e+01 +7.575094930e+01 +7.575094930e+01 -3.0352e+00 -3.1368e+00 -8.4723e-01 -1.1273e+00 +2.2502e-01
241 0 +2.303026631e+01 +7.460026631e+01 +7.460026631e+01 -2.9312e-01 -5.0000e+00 -7.6284e-01 -9.9448e-01 -4.7898e+00
260 0 +1.751060709e+01 +6.908060709e+01 +6.908060709e+01 +4.3171e-02 -3.0213e+00 -7.9517e-01 -6.3594e-01 -2.7529e+00
294 0 +1.028602230e+01 +6.185602230e+01 +6.185602230e+01 -5.6364e-02 -4.6429e+00 -6.9350e-01 -1.5632e+00 -3.7485e+00
326 0 +8.536516385e+00 +6.010651639e+01 +6.010651639e+01 +8.6454e-01 -4.5127e+00 -5.9191e-01 -4.6677e-01 -3.3852e+00
430 0 +8.220927239e+00 +5.979092724e+01 +5.979092724e+01 +7.4531e-01 -4.2671e+00 -3.4056e-01 -9.0702e-01 -2.8233e+00
433 0 +7.920053820e+00 +5.949005382e+01 +5.949005382e+01 +9.2447e-01 -4.5707e+00 -7.8395e-01 -1.0844e+00 -2.9315e+00
1100 0 +7.754220353e+00 +5.932422035e+01 +5.932422035e+01 +5.8802e-01 -3.9426e+00 -7.5467e-01 -9.6040e-01 -3.3528e+00
2358 0 +7.580304723e+00 +5.915030472e+01 +5.915030472e+01 +6.3754e-01 -4.3758e+00 -9.5488e-01 -1.3164e+00 -3.2690e+00
4306 0 +7.339521042e+00 +5.890952104e+01 +5.890952104e+01 +5.7978e-01 -4.5026e+00 -8.0259e-01 -1.0639e+00 -3.2251e+00
20051 0 +7.271633028e+00 +5.884163303e+01 +5.884163303e+01 +5.5938e-01 -4.3525e+00 -7.5792e-01 -1.0460e+00 -3.2157e+00
