% f evaluations | g evaluations | best noise-free fitness - Fopt (7.627000000000e+01) + sum g_i+ | measured fitness | best measured fitness or single-digit g-values | x1 | x2...
1 0 +1.632819332e+06 +1.632895602e+06 +1.632895602e+06 +2.9654e+00 -3.1657e+00
3 0 +3.996416849e+05 +3.997179549e+05 +3.997179549e+05 -5.4167e-01 -4.0003e+00
7 0 +2.563115961e+04 +2.570742961e+04 +2.570742961e+04 +4.3855e+00 -4.9922e+00
104 0 +1.463400777e+04 +1.471027777e+04 +1.471027777e+04 +9.1298e-01 -3.8602e+00
109 0 +1.303300303e+04 +1.310927303e+04 +1.310927303e+04 +1.7592e+00 -3.8911e+00
127 0 +6.971156880e+03 +7.047426880e+03 +7.047426880e+03 +4.3855e+00 -4.9286e+00
169 0 +3.071630571e+03 +3.147900571e+03 +3.147900571e+03 -6.0663e-01 -3.3146e+00
280 0 +9.420441383e+02 +1.018314138e+03 +1.018314138e+03 -4.0459e+00 -2.1337e+00
299 0 +4.343526116e+02 +5.106226116e+02 +5.106226116e+02 +1.2190e+00 -3.8546e+00
300 0 +4.801247429e+00 +8.107124743e+01 +8.107124743e+01 -4.0751e-01 -3.3162e+00
1170 0 +1.448237589e+00 +7.771823759e+01 +7.771823759e+01 -3.4975e-01 -3.3377e+00
1410 0 +1.097329705e+00 +7.736732970e+01 +7.736732970e+01 -3.4911e-01 -3.3377e+00
1923 0 +4.911278472e-01 +7.676112785e+01 +7.676112785e+01 -4.8210e-01 -3.2942e+00
2124 0 +2.227477772e-01 +7.649274778e+01 +7.649274778e+01 -4.8210e-01 -3.2947e+00
3722 0 +5.771369188e-02 +7.632771369e+01 +7.632771369e+01 -1.1397e+00 -3.0866e+00
4046 0 +5.608330609e-02 +7.632608331e+01 +7.632608331e+01 -1.1386e+00 -3.0870e+00
4418 0 +2.740001415e-02 +7.629740001e+01 +7.629740001e+01 -9.4082e-01 -3.1498e+00
4763 0 +1.736492728e-02 +7.628736493e+01 +7.628736493e+01 -8.0777e-01 -3.1917e+00
4799 0 +2.782623204e-03 +7.627278262e+01 +7.627278262e+01 -9.8123e-01 -3.1369e+00
4994 0 +1.846848847e-03 +7.627184685e+01 +7.627184685e+01 -9.6567e-01 -3.1418e+00
5094 0 +1.282180704e-03 +7.627128218e+01 +7.627128218e+01 -9.6877e-01 -3.1408e+00
5186 0 +3.921729487e-04 +7.627039217e+01 +7.627039217e+01 -9.2043e-01 -3.1561e+00
5229 0 +3.155596510e-04 +7.627031556e+01 +7.627031556e+01 -9.5440e-01 -3.1453e+00
5253 0 +3.073139171e-04 +7.627030731e+01 +7.627030731e+01 -9.5396e-01 -3.1455e+00
5341 0 +5.909336653e-05 +7.627005909e+01 +7.627005909e+01 -9.4528e-01 -3.1482e+00
5557 0 +1.668809585e-05 +7.627001669e+01 +7.627001669e+01 -9.4199e-01 -3.1493e+00
5577 0 +5.516566517e-06 +7.627000552e+01 +7.627000552e+01 -9.3974e-01 -3.1500e+00
5809 0 +3.491431158e-06 +7.627000349e+01 +7.627000349e+01 -9.3906e-01 -3.1502e+00
5889 0 +2.941648034e-06 +7.627000294e+01 +7.627000294e+01 -9.3933e-01 -3.1501e+00
5912 0 +2.622398398e-06 +7.627000262e+01 +7.627000262e+01 -9.3973e-01 -3.1500e+00
5921 0 +1.978628504e-06 +7.627000198e+01 +7.627000198e+01 -9.3952e-01 -3.1500e+00
5923 0 +6.842332851e-07 +7.627000068e+01 +7.627000068e+01 -9.3923e-01 -3.1501e+00
5976 0 +4.998891541e-07 +7.627000050e+01 +7.627000050e+01 -9.3905e-01 -3.1502e+00
5979 0 +7.474149299e-08 +7.627000007e+01 +7.627000007e+01 -9.3861e-01 -3.1503e+00
6035 0 +6.272429687e-08 +7.627000006e+01 +7.627000006e+01 -9.3858e-01 -3.1503e+00
6045 0 +1.974414943e-08 +7.627000002e+01 +7.627000002e+01 -9.3852e-01 -3.1504e+00
6076 0 +1.798476035e-08 +7.627000002e+01 +7.627000002e+01 -9.3833e-01 -3.1504e+00
6093 0 +1.001077976e-08 +7.627000001e+01 +7.627000001e+01 -9.3833e-01 -3.1504e+00
6122 0 +2.062449767e-09 +7.627000000e+01 +7.627000000e+01 -9.3837e-01 -3.1504e+00
6380 0 +5.258016245e-13 +7.627000000e+01 +7.627000000e+01 -9.3840e-01 -3.1504e+00
6697 0 +0.000000000e+00 +7.627000000e+01 +7.627000000e+01 -9.3840e-01 -3.1504e+00
8001 0 +0.000000000e+00 +7.627000000e+01 +7.627000000e+01 -9.3840e-01 -3.1504e+00
% f evaluations | g evaluations | best noise-free fitness - Fopt (-2.255000000000e+01) + sum g_i+ | measured fitness | best measured fitness or single-digit g-values | x1 | x2...
1 0 +2.042866766e+06 +2.042844216e+06 +2.042844216e+06 +2.9654e+00 -3.1657e+00
2 0 +9.392731267e+04 +9.390476267e+04 +9.390476267e+04 +2.7969e+00 +9.6850e-01
26 0 +3.158986881e+04 +3.156731881e+04 +3.156731881e+04 +3.4228e+00 -5.0246e-01
41 0 +1.251999248e+04 +1.249744248e+04 +1.249744248e+04 +3.5004e+00 -5.0549e-01
127 0 +3.246303604e+03 +3.223753604e+03 +3.223753604e+03 +4.3855e+00 -2.9541e+00
292 0 +3.145224163e+03 +3.122674163e+03 +3.122674163e+03 +2.2829e+00 +3.2562e+00
297 0 +3.518050085e+02 +3.292550085e+02 +3.292550085e+02 +3.4967e+00 -1.1198e-01
467 0 +2.447999725e+02 +2.222499725e+02 +2.222499725e+02 +2.3337e+00 +3.3122e+00
493 0 +1.931838110e+02 +1.706338110e+02 +1.706338110e+02 +2.2727e+00 +3.4021e+00
519 0 +2.445194710e+01 +1.901947096e+00 +1.901947096e+00 +3.0260e+00 +1.2070e+00
558 0 +1.520253469e+01 -7.347465310e+00 -7.347465310e+00 +2.3244e+00 +3.2805e+00
607 0 +1.447609375e+01 -8.073906246e+00 -8.073906246e+00 +3.3165e+00 +3.7221e-01
657 0 +1.328171348e+01 -9.268286521e+00 -9.268286521e+00 +3.4228e+00 +4.0873e-02
720 0 +1.158485751e+01 -1.096514249e+01 -1.096514249e+01 +3.5022e+00 -1.7939e-01
724 0 +6.095646749e+00 -1.645435325e+01 -1.645435325e+01 +1.8557e+00 +4.6788e+00
1351 0 +5.480040173e+00 -1.706995983e+01 -1.706995983e+01 +3.2868e+00 +4.5305e-01
1577 0 +2.479641064e+00 -2.007035894e+01 -2.007035894e+01 +3.0260e+00 +1.2200e+00
2334 0 +2.426165304e+00 -2.012383470e+01 -2.012383470e+01 +3.0214e+00 +1.2339e+00
2350 0 +1.347614909e+00 -2.120238509e+01 -2.120238509e+01 +2.4691e+00 +2.8616e+00
2472 0 +1.050751184e+00 -2.149924882e+01 -2.149924882e+01 +2.2452e+00 +3.5268e+00
2940 0 +5.428604577e-01 -2.200713954e+01 -2.200713954e+01 +2.3131e+00 +3.3259e+00
3270 0 +3.985958618e-01 -2.215140414e+01 -2.215140414e+01 +2.6336e+00 +2.3809e+00
3655 0 +2.408204756e-01 -2.230917952e+01 -2.230917952e+01 +2.4326e+00 +2.9718e+00
3692 0 +1.247850355e-01 -2.242521496e+01 -2.242521496e+01 +2.4691e+00 +2.8654e+00
4375 0 +1.061614202e-01 -2.244383858e+01 -2.244383858e+01 +2.4690e+00 +2.8654e+00
4411 0 +3.068832507e-02 -2.251931167e+01 -2.251931167e+01 +2.5821e+00 +2.5318e+00
4698 0 +2.618215735e-02 -2.252381784e+01 -2.252381784e+01 +2.5346e+00 +2.6720e+00
4754 0 +2.443731817e-02 -2.252556268e+01 -2.252556268e+01 +2.5145e+00 +2.7308e+00
4894 0 +1.134466170e-02 -2.253865534e+01 -2.253865534e+01 +2.5339e+00 +2.6736e+00
4987 0 +1.517037198e-04 -2.254984830e+01 -2.254984830e+01 +2.5648e+00 +2.5825e+00
5414 0 +3.640882698e-05 -2.254996359e+01 -2.254996359e+01 +2.5663e+00 +2.5781e+00
5605 0 +4.764963887e-06 -2.254999524e+01 -2.254999524e+01 +2.5654e+00 +2.5805e+00
5847 0 +2.135914258e-06 -2.254999786e+01 -2.254999786e+01 +2.5651e+00 +2.5815e+00
5859 0 +1.635326747e-06 -2.254999836e+01 -2.254999836e+01 +2.5660e+00 +2.5789e+00
5878 0 +3.034248799e-07 -2.254999970e+01 -2.254999970e+01 +2.5654e+00 +2.5805e+00
5883 0 +1.946132180e-07 -2.254999981e+01 -2.254999981e+01 +2.5655e+00 +2.5804e+00
6011 0 +6.147056197e-08 -2.254999994e+01 -2.254999994e+01 +2.5655e+00 +2.5802e+00
6054 0 +2.148382805e-09 -2.255000000e+01 -2.255000000e+01 +2.5656e+00 +2.5800e+00
6664 0 +5.471179065e-13 -2.255000000e+01 -2.255000000e+01 +2.5656e+00 +2.5800e+00
6822 0 +0.000000000e+00 -2.255000000e+01 -2.255000000e+01 +2.5656e+00 +2.5800e+00
8001 0 +0.000000000e+00 -2.255000000e+01 -2.255000000e+01 +2.5656e+00 +2.5800e+00
% f evaluations | g evaluations | best noise-free fitness - Fopt (1.366000000000e+01) + sum g_i+ | measured fitness | best measured fitness or single-digit g-values | x1 | x2...
1 0 +2.402727575e+07 +2.402728941e+07 +2.402728941e+07 +2.9654e+00 -3.1657e+00
2 0 +7.593567902e+06 +7.593581562e+06 +7.593581562e+06 +2.7969e+00 +9.6850e-01
3 0 +6.378217727e+06 +6.378231387e+06 +6.378231387e+06 -5.4167e-01 -4.0003e+00
4 0 +1.919346953e+06 +1.919360613e+06 +1.919360613e+06 -4.0751e-01 -1.6629e+00
21 0 +2.898059921e+01 +4.264059921e+01 +4.264059921e+01 +1.1000e+00 +3.3319e+00
316 0 +6.376496198e+00 +2.003649620e+01 +2.003649620e+01 +1.1000e+00 +3.3464e+00
373 0 +2.032164568e+00 +1.569216457e+01 +1.569216457e+01 +1.1000e+00 +3.3415e+00
909 0 +1.924813727e-01 +1.385248137e+01 +1.385248137e+01 +6.4395e-01 +2.5846e+00
3403 0 +1.200000433e-02 +1.367200000e+01 +1.367200000e+01 +4.1809e-01 +2.2087e+00
4290 0 +6.513774752e-04 +1.366065138e+01 +1.366065138e+01 +4.1809e-01 +2.2089e+00
5075 0 +2.400518871e-04 +1.366024005e+01 +1.366024005e+01 +4.3093e-01 +2.2302e+00
5269 0 +5.426440799e-05 +1.366005426e+01 +1.366005426e+01 +4.2308e-01 +2.2172e+00
5281 0 +4.907691367e-05 +1.366004908e+01 +1.366004908e+01 +4.2364e-01 +2.2181e+00
5313 0 +2.180764237e-05 +1.366002181e+01 +1.366002181e+01 +4.2697e-01 +2.2236e+00
5647 0 +1.355250172e-05 +1.366001355e+01 +1.366001355e+01 +4.2625e-01 +2.2224e+00
5728 0 +4.469068365e-06 +1.366000447e+01 +1.366000447e+01 +4.2626e-01 +2.2224e+00
5842 0 +1.831546948e-06 +1.366000183e+01 +1.366000183e+01 +4.2650e-01 +2.2228e+00
5908 0 +1.691552898e-06 +1.366000169e+01 +1.366000169e+01 +4.2653e-01 +2.2229e+00
5916 0 +9.697152592e-07 +1.366000097e+01 +1.366000097e+01 +4.2667e-01 +2.2231e+00
5960 0 +1.772210272e-07 +1.366000018e+01 +1.366000018e+01 +4.2707e-01 +2.2238e+00
6080 0 +8.057248202e-08 +1.366000008e+01 +1.366000008e+01 +4.2733e-01 +2.2242e+00
6081 0 +4.938865317e-08 +1.366000005e+01 +1.366000005e+01 +4.2725e-01 +2.2241e+00
6183 0 +3.972986207e-08 +1.366000004e+01 +1.366000004e+01 +4.2710e-01 +2.2238e+00
6187 0 +3.669379822e-08 +1.366000004e+01 +1.366000004e+01 +4.2711e-01 +2.2239e+00
6196 0 +2.050710890e-08 +1.366000002e+01 +1.366000002e+01 +4.2723e-01 +2.2240e+00
6225 0 +1.118396753e-08 +1.366000001e+01 +1.366000001e+01 +4.2716e-01 +2.2239e+00
6239 0 +9.796709222e-09 +1.366000001e+01 +1.366000001e+01 +4.2716e-01 +2.2239e+00
6646 0 +8.260059303e-13 +1.366000000e+01 +1.366000000e+01 +4.2720e-01 +2.2240e+00
6943 0 +0.000000000e+00 +1.366000000e+01 +1.366000000e+01 +4.2720e-01 +2.2240e+00
8001 0 +0.000000000e+00 +1.366000000e+01 +1.366000000e+01 +4.2720e-01 +2.2240e+00
% f evaluations | g evaluations | best noise-free fitness - Fopt (9.378400000000e+02) + sum g_i+ | measured fitness | best measured fitness or single-digit g-values | x1 | x2...
1 0 +3.602459222e+07 +3.602553006e+07 +3.602553006e+07 +2.9654e+00 -3.1657e+00
2 0 +1.617596735e+07 +1.617690519e+07 +1.617690519e+07 +2.7969e+00 +9.6850e-01
3 0 +1.490467356e+07 +1.490561140e+07 +1.490561140e+07 -5.4167e-01 -4.0003e+00
4 0 +6.899481309e+06 +6.900419149e+06 +6.900419149e+06 -4.0751e-01 -1.6629e+00
5 0 +2.325405552e+06 +2.326343392e+06 +2.326343392e+06 -3.5713e+00 +1.5089e+00
14 0 +2.014262535e+06 +2.015200375e+06 +2.015200375e+06 -1.1754e+00 +4.8323e+00
15 0 +1.625438181e+03 +2.563278181e+03 +2.563278181e+03 -3.3237e-01 +3.5994e+00
22 0 +8.900147777e+01 +1.026841478e+03 +1.026841478e+03 -3.2664e+00 -1.0894e+00
299 0 +3.468641399e+01 +9.725264140e+02 +9.725264140e+02 -1.8813e+00 +1.0896e+00
658 0 +9.343634931e+00 +9.471836349e+02 +9.471836349e+02 -3.9397e-01 +3.4313e+00
933 0 +9.155762391e+00 +9.469957624e+02 +9.469957624e+02 -1.8691e+00 +1.1011e+00
1144 0 +6.078683760e+00 +9.439186838e+02 +9.439186838e+02 -1.3502e+00 +1.9147e+00
1169 0 +9.093116570e-01 +9.387493117e+02 +9.387493117e+02 +2.1871e-01 +4.3908e+00
3561 0 +7.686644254e-01 +9.386086644e+02 +9.386086644e+02 -6.1508e-01 +3.0778e+00
3567 0 +5.734391998e-01 +9.384134392e+02 +9.384134392e+02 -6.0755e-01 +3.0894e+00
3867 0 +4.179752950e-01 +9.382579753e+02 +9.382579753e+02 -6.8890e-02 +3.9387e+00
4074 0 +1.057528653e-01 +9.379457529e+02 +9.379457529e+02 -4.6756e-01 +3.3092e+00
4382 0 +5.961291933e-02 +9.378996129e+02 +9.378996129e+02 -4.1221e-01 +3.3962e+00
4581 0 +1.763587036e-02 +9.378576359e+02 +9.378576359e+02 -2.3036e-01 +3.6832e+00
4852 0 +5.650270081e-03 +9.378456503e+02 +9.378456503e+02 -2.9080e-01 +3.5877e+00
5056 0 +4.371629840e-03 +9.378443716e+02 +9.378443716e+02 -3.1752e-01 +3.5458e+00
5091 0 +2.118735576e-03 +9.378421187e+02 +9.378421187e+02 -2.8228e-01 +3.6014e+00
5185 0 +1.373323957e-03 +9.378413733e+02 +9.378413733e+02 -3.1409e-01 +3.5512e+00
5236 0 +1.545403541e-05 +9.378400155e+02 +9.378400155e+02 -2.9544e-01 +3.5805e+00
5521 0 +1.376535124e-05 +9.378400138e+02 +9.378400138e+02 -2.9564e-01 +3.5802e+00
5578 0 +6.914350251e-06 +9.378400069e+02 +9.378400069e+02 -2.9747e-01 +3.5774e+00
5894 0 +6.636812486e-07 +9.378400007e+02 +9.378400007e+02 -2.9691e-01 +3.5782e+00
6116 0 +5.490520607e-07 +9.378400005e+02 +9.378400005e+02 -2.9686e-01 +3.5783e+00
6169 0 +3.328506182e-07 +9.378400003e+02 +9.378400003e+02 -2.9694e-01 +3.5782e+00
6204 0 +2.493364946e-07 +9.378400002e+02 +9.378400002e+02 -2.9704e-01 +3.5780e+00
6224 0 +1.591183718e-07 +9.378400002e+02 +9.378400002e+02 -2.9662e-01 +3.5787e+00
6231 0 +1.082696599e-07 +9.378400001e+02 +9.378400001e+02 -2.9690e-01 +3.5782e+00
6281 0 +8.823280950e-08 +9.378400001e+02 +9.378400001e+02 -2.9670e-01 +3.5786e+00
6285 0 +5.330355179e-08 +9.378400001e+02 +9.378400001e+02 -2.9667e-01 +3.5786e+00
6308 0 +5.022343430e-08 +9.378400001e+02 +9.378400001e+02 -2.9691e-01 +3.5782e+00
6362 0 +6.492768989e-09 +9.378400000e+02 +9.378400000e+02 -2.9684e-01 +3.5783e+00
6811 0 +9.094947018e-13 +9.378400000e+02 +9.378400000e+02 -2.9680e-01 +3.5784e+00
6890 0 +0.000000000e+00 +9.378400000e+02 +9.378400000e+02 -2.9680e-01 +3.5784e+00
8001 0 +0.000000000e+00 +9.378400000e+02 +9.378400000e+02 -2.9680e-01 +3.5784e+00
% f evaluations | g evaluations | best noise-free fitness - Fopt (-7.872000000000e+01) + sum g_i+ | measured fitness | best measured fitness or single-digit g-values | x1 | x2...
1 0 +1.511330441e+06 +1.511251721e+06 +1.511251721e+06 +2.9654e+00 -3.1657e+00
3 0 +4.005391640e+04 +3.997519640e+04 +3.997519640e+04 -5.4167e-01 -4.0003e+00
11 0 +9.352517324e+02 +8.565317324e+02 +8.565317324e+02 -1.0014e+00 -4.5333e+00
122 0 +1.148091473e+02 +3.608914730e+01 +3.608914730e+01 +2.1883e+00 -2.2815e+00
194 0 +1.037772154e+02 +2.505721538e+01 +2.505721538e+01 +1.8031e+00 -2.5823e+00
339 0 +5.125774626e+01 -2.746225374e+01 -2.746225374e+01 +7.9125e-01 -3.2835e+00
546 0 +1.324420971e+01 -6.547579029e+01 -6.547579029e+01 +6.7700e-01 -3.3751e+00
574 0 +1.229082265e+01 -6.642917735e+01 -6.642917735e+01 +6.0158e-01 -3.4280e+00
1299 0 +8.459473189e+00 -7.026052681e+01 -7.026052681e+01 +4.5493e+00 -6.0623e-01
1301 0 +5.440078057e+00 -7.327992194e+01 -7.327992194e+01 +2.8110e+00 -1.8529e+00
1605 0 +2.803631145e+00 -7.591636885e+01 -7.591636885e+01 +4.5039e+00 -6.4281e-01
1706 0 +2.484871818e+00 -7.623512818e+01 -7.623512818e+01 +3.9829e+00 -1.0117e+00
1882 0 +2.301825899e+00 -7.641817410e+01 -7.641817410e+01 +4.5493e+00 -6.0982e-01
1959 0 +1.766976487e+00 -7.695302351e+01 -7.695302351e+01 +3.9875e+00 -1.0117e+00
2671 0 +3.118355456e-01 -7.840816445e+01 -7.840816445e+01 +3.0091e+00 -1.7090e+00
3134 0 +2.937756502e-01 -7.842622435e+01 -7.842622435e+01 +3.2772e+00 -1.5166e+00
4052 0 +1.032608712e-01 -7.861673913e+01 -7.861673913e+01 +3.2276e+00 -1.5523e+00
4275 0 +7.698649468e-02 -7.864301351e+01 -7.864301351e+01 +3.6333e+00 -1.2631e+00
4381 0 +1.923898269e-02 -7.870076102e+01 -7.870076102e+01 +3.5291e+00 -1.3375e+00
4717 0 +1.492021822e-02 -7.870507978e+01 -7.870507978e+01 +3.3345e+00 -1.4764e+00
4767 0 +9.391690141e-03 -7.871060831e+01 -7.871060831e+01 +3.3388e+00 -1.4733e+00
4793 0 +2.165827862e-03 -7.871783417e+01 -7.871783417e+01 +3.4116e+00 -1.4214e+00
4825 0 +1.090869143e-03 -7.871890913e+01 -7.871890913e+01 +3.3856e+00 -1.4399e+00
4909 0 +4.372087751e-04 -7.871956279e+01 -7.871956279e+01 +3.4191e+00 -1.4160e+00
5091 0 +2.475057917e-04 -7.871975249e+01 -7.871975249e+01 +3.4099e+00 -1.4225e+00
5263 0 +5.586365951e-05 -7.871994414e+01 -7.871994414e+01 +3.4069e+00 -1.4246e+00
5517 0 +5.441564190e-05 -7.871994558e+01 -7.871994558e+01 +3.4151e+00 -1.4188e+00
5518 0 +2.153821805e-05 -7.871997846e+01 -7.871997846e+01 +3.4146e+00 -1.4192e+00
5627 0 +1.017450344e-05 -7.871998983e+01 -7.871998983e+01 +3.4138e+00 -1.4197e+00
5644 0 +9.401499753e-06 -7.871999060e+01 -7.871999060e+01 +3.4136e+00 -1.4199e+00
5671 0 +7.889551782e-06 -7.871999211e+01 -7.871999211e+01 +3.4136e+00 -1.4199e+00
5793 0 +6.011179877e-06 -7.871999399e+01 -7.871999399e+01 +3.4122e+00 -1.4209e+00
5820 0 +1.970901465e-06 -7.871999803e+01 -7.871999803e+01 +3.4124e+00 -1.4207e+00
5856 0 +3.760377751e-07 -7.871999962e+01 -7.871999962e+01 +3.4117e+00 -1.4213e+00
5872 0 +2.785501891e-07 -7.871999972e+01 -7.871999972e+01 +3.4115e+00 -1.4214e+00
5930 0 +2.720123149e-07 -7.871999973e+01 -7.871999973e+01 +3.4116e+00 -1.4213e+00
6069 0 +2.173673010e-07 -7.871999978e+01 -7.871999978e+01 +3.4114e+00 -1.4215e+00
6084 0 +6.033666011e-08 -7.871999994e+01 -7.871999994e+01 +3.4114e+00 -1.4215e+00
6162 0 +3.230861978e-08 -7.871999997e+01 -7.871999997e+01 +3.4110e+00 -1.4217e+00
6218 0 +1.427478935e-08 -7.871999999e+01 -7.871999999e+01 +3.4112e+00 -1.4216e+00
6233 0 +5.429683370e-09 -7.871999999e+01 -7.871999999e+01 +3.4113e+00 -1.4216e+00
6683 0 +2.557953849e-13 -7.872000000e+01 -7.872000000e+01 +3.4112e+00 -1.4216e+00
6779 0 +0.000000000e+00 -7.872000000e+01 -7.872000000e+01 +3.4112e+00 -1.4216e+00
8001 0 +0.000000000e+00 -7.872000000e+01 -7.872000000e+01 +3.4112e+00 -1.4216e+00
% f evaluations | g evaluations | best noise-free fitness - Fopt (-5.984300000000e+02) + sum g_i+ | measured fitness | best measured fitness or single-digit g-values | x1 | x2...
1 0 +4.196076775e+07 +4.196016932e+07 +4.196016932e+07 +2.9654e+00 -3.1657e+00
2 0 +3.099403223e+07 +3.099343380e+07 +3.099343380e+07 +2.7969e+00 +9.6850e-01
3 0 +8.533398592e+06 +8.532800162e+06 +8.532800162e+06 -5.4167e-01 -4.0003e+00
4 0 +7.913841975e+06 +7.913243545e+06 +7.913243545e+06 -4.0751e-01 -1.6629e+00
5 0 +5.165966027e+05 +5.159981727e+05 +5.159981727e+05 -3.5713e+00 +1.5089e+00
20 0 +2.077215431e+04 +2.017372431e+04 +2.017372431e+04 -2.5897e+00 +1.8326e+00
22 0 +1.972044324e+04 +1.912201324e+04 +1.912201324e+04 -3.2664e+00 -1.0894e+00
80 0 +3.570314077e+03 +2.971884077e+03 +2.971884077e+03 -2.8052e+00 +1.8326e+00
139 0 +8.172258924e+01 -5.167074108e+02 -5.167074108e+02 -2.8052e+00 +1.4249e+00
295 0 +4.045983407e+01 -5.579701659e+02 -5.579701659e+02 -2.8156e+00 +1.3238e+00
434 0 +3.437322259e+01 -5.640567774e+02 -5.640567774e+02 -2.5386e+00 +3.3007e+00
793 0 +3.932462974e+00 -5.944975370e+02 -5.944975370e+02 -2.6372e+00 +2.5964e+00
905 0 +1.548957452e+00 -5.968810425e+02 -5.968810425e+02 -2.8389e+00 +1.0909e+00
972 0 +1.349364780e+00 -5.970806352e+02 -5.970806352e+02 -2.8003e+00 +1.3969e+00
1356 0 +4.426476246e-01 -5.979873524e+02 -5.979873524e+02 -2.8581e+00 +9.6021e-01
3444 0 +4.089797229e-01 -5.980210203e+02 -5.980210203e+02 -2.8750e+00 +8.3294e-01
3878 0 +2.474702324e-01 -5.981825298e+02 -5.981825298e+02 -2.7509e+00 +1.7559e+00
4301 0 +1.892510079e-01 -5.982407490e+02 -5.982407490e+02 -2.8662e+00 +8.9582e-01
4401 0 +1.468180194e-01 -5.982831820e+02 -5.982831820e+02 -2.8464e+00 +1.0458e+00
4428 0 +1.155603287e-01 -5.983144397e+02 -5.983144397e+02 -2.7756e+00 +1.5714e+00
4432 0 +7.377596045e-02 -5.983562240e+02 -5.983562240e+02 -2.8286e+00 +1.1747e+00
4549 0 +6.362128328e-02 -5.983663787e+02 -5.983663787e+02 -2.7910e+00 +1.4564e+00
4613 0 +1.253376076e-02 -5.984174662e+02 -5.984174662e+02 -2.8159e+00 +1.2708e+00
4800 0 +9.575074830e-03 -5.984204249e+02 -5.984204249e+02 -2.8028e+00 +1.3688e+00
4890 0 +6.230703767e-03 -5.984237693e+02 -5.984237693e+02 -2.8044e+00 +1.3568e+00
4992 0 +4.254445739e-03 -5.984257456e+02 -5.984257456e+02 -2.8199e+00 +1.2419e+00
4994 0 +7.689735693e-04 -5.984292310e+02 -5.984292310e+02 -2.8075e+00 +1.3344e+00
5113 0 +2.073951581e-04 -5.984297926e+02 -5.984297926e+02 -2.8123e+00 +1.2988e+00
5262 0 +1.833301193e-04 -5.984298167e+02 -5.984298167e+02 -2.8118e+00 +1.3019e+00
5344 0 +1.398295653e-04 -5.984298602e+02 -5.984298602e+02 -2.8090e+00 +1.3230e+00
5395 0 +2.144173993e-05 -5.984299786e+02 -5.984299786e+02 -2.8104e+00 +1.3128e+00
5512 0 +1.752859544e-05 -5.984299825e+02 -5.984299825e+02 -2.8102e+00 +1.3143e+00
5520 0 +7.122022794e-06 -5.984299929e+02 -5.984299929e+02 -2.8107e+00 +1.3109e+00
5572 0 +1.773233748e-06 -5.984299982e+02 -5.984299982e+02 -2.8106e+00 +1.3117e+00
5741 0 +1.737110779e-06 -5.984299983e+02 -5.984299983e+02 -2.8106e+00 +1.3117e+00
5750 0 +1.227670964e-06 -5.984299988e+02 -5.984299988e+02 -2.8106e+00 +1.3117e+00
5891 0 +1.001355827e-06 -5.984299990e+02 -5.984299990e+02 -2.8105e+00 +1.3120e+00
5978 0 +6.797101832e-07 -5.984299993e+02 -5.984299993e+02 -2.8105e+00 +1.3122e+00
5983 0 +6.574399549e-07 -5.984299993e+02 -5.984299993e+02 -2.8105e+00 +1.3120e+00
5989 0 +6.070154086e-07 -5.984299994e+02 -5.984299994e+02 -2.8104e+00 +1.3126e+00
6037 0 +5.367538733e-07 -5.984299995e+02 -5.984299995e+02 -2.8104e+00 +1.3126e+00
6046 0 +4.138458962e-07 -5.984299996e+02 -5.984299996e+02 -2.8105e+00 +1.3122e+00
6079 0 +4.533012543e-08 -5.984300000e+02 -5.984300000e+02 -2.8104e+00 +1.3126e+00
6155 0 +2.914453034e-08 -5.984300000e+02 -5.984300000e+02 -2.8104e+00 +1.3126e+00
6190 0 +2.382728326e-08 -5.984300000e+02 -5.984300000e+02 -2.8104e+00 +1.3126e+00
6228 0 +1.370665359e-08 -5.984300000e+02 -5.984300000e+02 -2.8104e+00 +1.3127e+00
6239 0 +1.295825314e-08 -5.984300000e+02 -5.984300000e+02 -2.8104e+00 +1.3128e+00
6246 0 +1.146315753e-08 -5.984300000e+02 -5.984300000e+02 -2.8104e+00 +1.3128e+00
6264 0 +2.546698852e-09 -5.984300000e+02 -5.984300000e+02 -2.8104e+00 +1.3128e+00
6601 0 +5.684341886e-13 -5.984300000e+02 -5.984300000e+02 -2.8104e+00 +1.3128e+00
6688 0 +0.000000000e+00 -5.984300000e+02 -5.984300000e+02 -2.8104e+00 +1.3128e+00
8001 0 +0.000000000e+00 -5.984300000e+02 -5.984300000e+02 -2.8104e+00 +1.3128e+00
% f evaluations | g evaluations | best noise-free fitness - Fopt (-8.542000000000e+01) + sum g_i+ | measured fitness | best measured fitness or single-digit g-values | x1 | x2...
1 0 +2.351365020e+06 +2.351279600e+06 +2.351279600e+06 +2.9654e+00 -3.1657e+00
2 0 +4.606319755e+05 +4.605465555e+05 +4.605465555e+05 +2.7969e+00 +9.6850e-01
9 0 +2.865981559e+05 +2.865127359e+05 +2.865127359e+05 +1.1165e+00 -4.9293e+00
25 0 +3.226769098e+03 +3.141349098e+03 +3.141349098e+03 +6.7700e-01 -4.6869e+00
150 0 +2.076708830e+03 +1.991288830e+03 +1.991288830e+03 +3.2621e+00 +3.9692e-01
165 0 +5.821894800e+02 +4.967694800e+02 +4.967694800e+02 +4.8242e+00 +3.4891e+00
203 0 +3.696315954e+02 +2.842115954e+02 +2.842115954e+02 +6.3204e-01 -4.6869e+00
349 0 +4.885504840e+00 -8.053449516e+01 -8.053449516e+01 +3.5003e+00 +9.5941e-01
800 0 +1.513573635e+00 -8.390642636e+01 -8.390642636e+01 +3.1891e+00 +3.4684e-01
1648 0 +6.144101640e-01 -8.480558984e+01 -8.480558984e+01 +2.8948e+00 -2.2838e-01
3908 0 +2.267188998e-01 -8.519328110e+01 -8.519328110e+01 +2.8943e+00 -2.2838e-01
4086 0 +5.284026325e-03 -8.541471597e+01 -8.541471597e+01 +2.6809e+00 -6.4465e-01
4814 0 +2.066822379e-03 -8.541793318e+01 -8.541793318e+01 +2.7177e+00 -5.7275e-01
4995 0 +2.005164688e-03 -8.541799484e+01 -8.541799484e+01 +2.7358e+00 -5.3729e-01
5087 0 +1.475507428e-03 -8.541852449e+01 -8.541852449e+01 +2.7320e+00 -5.4472e-01
5180 0 +5.432408743e-04 -8.541945676e+01 -8.541945676e+01 +2.7231e+00 -5.6227e-01
5426 0 +3.779234286e-04 -8.541962208e+01 -8.541962208e+01 +2.7147e+00 -5.7850e-01
5488 0 +3.079346568e-04 -8.541969207e+01 -8.541969207e+01 +2.7138e+00 -5.8018e-01
5539 0 +2.944363872e-04 -8.541970556e+01 -8.541970556e+01 +2.7217e+00 -5.6486e-01
5552 0 +1.692102189e-04 -8.541983079e+01 -8.541983079e+01 +2.7118e+00 -5.8417e-01
5587 0 +1.356381479e-04 -8.541986436e+01 -8.541986436e+01 +2.7212e+00 -5.6583e-01
5604 0 +1.280315659e-04 -8.541987197e+01 -8.541987197e+01 +2.7211e+00 -5.6604e-01
5614 0 +8.258595102e-06 -8.541999174e+01 -8.541999174e+01 +2.7171e+00 -5.7376e-01
5754 0 +6.727394208e-06 -8.541999327e+01 -8.541999327e+01 +2.7172e+00 -5.7375e-01
5760 0 +9.585789940e-09 -8.541999999e+01 -8.541999999e+01 +2.7160e+00 -5.7599e-01
6805 0 +2.273736754e-13 -8.542000000e+01 -8.542000000e+01 +2.7160e+00 -5.7600e-01
6874 0 +0.000000000e+00 -8.542000000e+01 -8.542000000e+01 +2.7160e+00 -5.7600e-01
8001 0 +0.000000000e+00 -8.542000000e+01 -8.542000000e+01 +2.7160e+00 -5.7600e-01
% f evaluations | g evaluations | best noise-free fitness - Fopt (1.932500000000e+02) + sum g_i+ | measured fitness | best measured fitness or single-digit g-values | x1 | x2...
1 0 +4.039587971e+06 +4.039781221e+06 +4.039781221e+06 +2.9654e+00 -3.1657e+00
3 0 +2.004466339e+06 +2.004659589e+06 +2.004659589e+06 -5.4167e-01 -4.0003e+00
4 0 +3.631898959e+02 +5.564398959e+02 +5.564398959e+02 -4.0751e-01 -1.6629e+00
385 0 +3.586793851e+02 +5.519293851e+02 +5.519293851e+02 -6.4865e-02 -2.2400e+00
439 0 +2.471474847e+02 +4.403974847e+02 +4.403974847e+02 -1.6561e+00 +1.9566e-01
472 0 +1.912047055e+02 +3.844547055e+02 +3.844547055e+02 -4.0751e-01 -1.6727e+00
474 0 +1.727493260e+02 +3.659993260e+02 +3.659993260e+02 -2.9809e+00 +2.1234e+00
592 0 +1.649304961e+02 +3.581804961e+02 +3.581804961e+02 -4.5156e-01 -1.6500e+00
643 0 +9.972226401e+01 +2.929722640e+02 +2.929722640e+02 +3.2663e-01 -2.7785e+00
658 0 +1.777311720e+01 +2.110231172e+02 +2.110231172e+02 -3.1776e+00 +2.4471e+00
733 0 +1.542315801e+01 +2.086731580e+02 +2.086731580e+02 -1.6987e+00 +2.3608e-01
770 0 +1.227718687e+01 +2.055271869e+02 +2.055271869e+02 -1.6561e+00 +1.6843e-01
1598 0 +2.581365905e+00 +1.958313659e+02 +1.958313659e+02 -2.8625e+00 +1.9683e+00
2894 0 +1.966178942e+00 +1.952161789e+02 +1.952161789e+02 -2.9548e+00 +2.1069e+00
2977 0 +1.851452016e+00 +1.951014520e+02 +1.951014520e+02 -3.3771e+00 +2.7357e+00
3499 0 +3.091808995e-01 +1.935591809e+02 +1.935591809e+02 -3.3771e+00 +2.7386e+00
4330 0 +2.713123486e-01 +1.935213123e+02 +1.935213123e+02 -3.8970e+00 +3.5137e+00
4367 0 +2.022169411e-01 +1.934522169e+02 +1.934522169e+02 -3.5851e+00 +3.0493e+00
4470 0 +1.596777704e-02 +1.932659678e+02 +1.932659678e+02 -3.5856e+00 +3.0493e+00
4701 0 +8.581013347e-03 +1.932585810e+02 +1.932585810e+02 -3.6988e+00 +3.2182e+00
5009 0 +4.508843477e-03 +1.932545088e+02 +1.932545088e+02 -3.6856e+00 +3.1985e+00
5280 0 +4.241383407e-03 +1.932542414e+02 +1.932542414e+02 -3.6692e+00 +3.1740e+00
5334 0 +1.599277834e-03 +1.932515993e+02 +1.932515993e+02 -3.6619e+00 +3.1630e+00
5508 0 +7.811384342e-04 +1.932507811e+02 +1.932507811e+02 -3.6314e+00 +3.1176e+00
5624 0 +8.886433667e-05 +1.932500889e+02 +1.932500889e+02 -3.6436e+00 +3.1359e+00
5652 0 +3.220674972e-05 +1.932500322e+02 +1.932500322e+02 -3.6420e+00 +3.1334e+00
5823 0 +4.808221661e-07 +1.932500005e+02 +1.932500005e+02 -3.6445e+00 +3.1371e+00
5991 0 +3.329922720e-07 +1.932500003e+02 +1.932500003e+02 -3.6448e+00 +3.1376e+00
6011 0 +4.470786052e-08 +1.932500000e+02 +1.932500000e+02 -3.6449e+00 +3.1378e+00
6075 0 +1.400692895e-08 +1.932500000e+02 +1.932500000e+02 -3.6447e+00 +3.1375e+00
6148 0 +6.425864285e-10 +1.932500000e+02 +1.932500000e+02 -3.6448e+00 +3.1376e+00
6549 0 +9.947598301e-13 +1.932500000e+02 +1.932500000e+02 -3.6448e+00 +3.1376e+00
6689 0 +0.000000000e+00 +1.932500000e+02 +1.932500000e+02 -3.6448e+00 +3.1376e+00
8001 0 +0.000000000e+00 +1.932500000e+02 +1.932500000e+02 -3.6448e+00 +3.1376e+00
% f evaluations | g evaluations | best noise-free fitness - Fopt (-1.815000000000e+02) + sum g_i+ | measured fitness | best measured fitness or single-digit g-values | x1 | x2...
1 0 +8.653721701e+06 +8.653540201e+06 +8.653540201e+06 +2.9654e+00 -3.1657e+00
3 0 +4.119157085e+05 +4.117342085e+05 +4.117342085e+05 -5.4167e-01 -4.0003e+00
4 0 +2.796987325e+02 +9.819873249e+01 +9.819873249e+01 -4.0751e-01 -1.6629e+00
146 0 +3.269427846e+00 -1.782305722e+02 -1.782305722e+02 -1.6525e+00 +4.2666e+00
892 0 +8.012879247e-01 -1.806987121e+02 -1.806987121e+02 -1.2102e+00 +2.1267e+00
2720 0 +3.231885716e-01 -1.811768114e+02 -1.811768114e+02 -1.2851e+00 +2.4919e+00
3629 0 +1.727940048e-01 -1.813272060e+02 -1.813272060e+02 -1.4653e+00 +3.3591e+00
3718 0 +1.514521854e-01 -1.813485478e+02 -1.813485478e+02 -1.3219e+00 +2.6687e+00
4104 0 +1.201418327e-01 -1.813798582e+02 -1.813798582e+02 -1.3820e+00 +2.9555e+00
4469 0 +2.058576356e-02 -1.814794142e+02 -1.814794142e+02 -1.3505e+00 +2.8055e+00
4727 0 +3.664505869e-03 -1.814963355e+02 -1.814963355e+02 -1.3842e+00 +2.9672e+00
4876 0 +3.318108025e-03 -1.814966819e+02 -1.814966819e+02 -1.3717e+00 +2.9078e+00
4936 0 +5.262248555e-05 -1.814999474e+02 -1.814999474e+02 -1.3763e+00 +2.9294e+00
5373 0 +3.942275859e-05 -1.814999606e+02 -1.814999606e+02 -1.3762e+00 +2.9290e+00
5465 0 +1.301721241e-05 -1.814999870e+02 -1.814999870e+02 -1.3761e+00 +2.9288e+00
5641 0 +1.265818253e-05 -1.814999873e+02 -1.814999873e+02 -1.3762e+00 +2.9292e+00
5711 0 +6.283112924e-06 -1.814999937e+02 -1.814999937e+02 -1.3763e+00 +2.9297e+00
5848 0 +6.898610536e-07 -1.814999993e+02 -1.814999993e+02 -1.3770e+00 +2.9328e+00
5855 0 +1.576428019e-07 -1.814999998e+02 -1.814999998e+02 -1.3769e+00 +2.9323e+00
5955 0 +1.362810167e-07 -1.814999999e+02 -1.814999999e+02 -1.3767e+00 +2.9317e+00
6007 0 +7.037829164e-08 -1.814999999e+02 -1.814999999e+02 -1.3767e+00 +2.9317e+00
6021 0 +4.437595180e-09 -1.815000000e+02 -1.815000000e+02 -1.3768e+00 +2.9319e+00
6451 0 +5.115907697e-13 -1.815000000e+02 -1.815000000e+02 -1.3768e+00 +2.9320e+00
6623 0 +0.000000000e+00 -1.815000000e+02 -1.815000000e+02 -1.3768e+00 +2.9320e+00
8001 0 +0.000000000e+00 -1.815000000e+02 -1.815000000e+02 -1.3768e+00 +2.9320e+00
% f evaluations | g evaluations | best noise-free fitness - Fopt (4.526200000000e+02) + sum g_i+ | measured fitness | best measured fitness or single-digit g-values | x1 | x2...
1 0 +2.183661816e+07 +2.183707078e+07 +2.183707078e+07 +2.9654e+00 -3.1657e+00
2 0 +7.768128396e+05 +7.772654596e+05 +7.772654596e+05 +2.7969e+00 +9.6850e-01
22 0 +3.617179239e+04 +3.662441239e+04 +3.662441239e+04 -3.2664e+00 -1.0894e+00
42 0 +1.211376580e+03 +1.663996580e+03 +1.663996580e+03 -4.0459e+00 -1.2918e+00
118 0 +9.985015643e+02 +1.451121564e+03 +1.451121564e+03 -2.3906e+00 -4.3465e-01
124 0 +3.836595747e+02 +8.362795747e+02 +8.362795747e+02 -1.8976e-01 +5.4615e-01
334 0 +5.048649339e+01 +5.031064934e+02 +5.031064934e+02 +1.0596e+00 +1.1660e+00
593 0 +3.997117958e+01 +4.925911796e+02 +4.925911796e+02 -3.2812e-01 +4.9525e-01
774 0 +5.521234125e-01 +4.531721234e+02 +4.531721234e+02 -9.5600e-01 +2.0473e-01
2676 0 +5.408451783e-01 +4.531608452e+02 +4.531608452e+02 -1.8511e+00 -2.1789e-01
2951 0 +2.013765256e-01 +4.528213765e+02 +4.528213765e+02 -1.6139e+00 -1.0557e-01
3789 0 +1.586022247e-01 +4.527786022e+02 +4.527786022e+02 -1.0028e+00 +1.8372e-01
4080 0 +1.148313150e-01 +4.527348313e+02 +4.527348313e+02 -1.4960e+00 -4.9763e-02
4182 0 +7.999232856e-02 +4.526999923e+02 +4.526999923e+02 -1.1068e+00 +1.3454e-01
4302 0 +2.865904246e-02 +4.526486590e+02 +4.526486590e+02 -1.3147e+00 +3.6062e-02
4391 0 +4.376984740e-03 +4.526243770e+02 +4.526243770e+02 -1.1737e+00 +1.0254e-01
4486 0 +3.327944066e-03 +4.526233279e+02 +4.526233279e+02 -1.2414e+00 +7.0584e-02
4829 0 +1.640074429e-03 +4.526216401e+02 +4.526216401e+02 -1.1665e+00 +1.0594e-01
4843 0 +1.301641221e-03 +4.526213016e+02 +4.526213016e+02 -1.1690e+00 +1.0478e-01
5004 0 +8.977563342e-04 +4.526208978e+02 +4.526208978e+02 -1.1690e+00 +1.0482e-01
5371 0 +6.851369599e-04 +4.526206851e+02 +4.526206851e+02 -1.1853e+00 +9.7059e-02
5403 0 +5.627224613e-04 +4.526205627e+02 +4.526205627e+02 -1.1746e+00 +1.0218e-01
5434 0 +4.415360307e-04 +4.526204415e+02 +4.526204415e+02 -1.2023e+00 +8.9025e-02
5445 0 +4.284292424e-04 +4.526204284e+02 +4.526204284e+02 -1.1984e+00 +9.0864e-02
5446 0 +1.031609141e-04 +4.526201032e+02 +4.526201032e+02 -1.2021e+00 +8.9146e-02
5711 0 +3.458684046e-05 +4.526200346e+02 +4.526200346e+02 -1.2000e+00 +9.0141e-02
5810 0 +1.798632604e-05 +4.526200180e+02 +4.526200180e+02 -1.1917e+00 +9.4076e-02
5828 0 +3.599727165e-07 +4.526200004e+02 +4.526200004e+02 -1.1945e+00 +9.2764e-02
6145 0 +2.037512559e-08 +4.526200000e+02 +4.526200000e+02 -1.1943e+00 +9.2845e-02
6194 0 +8.641279692e-09 +4.526200000e+02 +4.526200000e+02 -1.1945e+00 +9.2772e-02
6572 0 +4.547473509e-13 +4.526200000e+02 +4.526200000e+02 -1.1944e+00 +9.2800e-02
6853 0 +0.000000000e+00 +4.526200000e+02 +4.526200000e+02 -1.1944e+00 +9.2800e-02
8001 0 +0.000000000e+00 +4.526200000e+02 +4.526200000e+02 -1.1944e+00 +9.2800e-02
% f evaluations | g evaluations | best noise-free fitness - Fopt (-1.184600000000e+02) + sum g_i+ | measured fitness | best measured fitness or single-digit g-values | x1 | x2...
1 0 +1.685866595e+07 +1.685854749e+07 +1.685854749e+07 +2.9654e+00 -3.1657e+00
3 0 +8.988161176e+05 +8.986976576e+05 +8.986976576e+05 -5.4167e-01 -4.0003e+00
10 0 +5.269757770e+05 +5.268573170e+05 +5.268573170e+05 -4.7694e+00 +2.4775e-01
11 0 +7.631297501e+04 +7.619451501e+04 +7.619451501e+04 -1.0014e+00 -4.5333e+00
35 0 +1.321106436e+03 +1.202646436e+03 +1.202646436e+03 -4.8436e+00 -7.6599e-01
161 0 +8.689543995e+02 +7.504943995e+02 +7.504943995e+02 -4.3663e+00 -1.2918e+00
213 0 +2.286453227e+02 +1.101853227e+02 +1.101853227e+02 -4.9165e+00 -7.6599e-01
431 0 +5.406337480e+01 -6.439662520e+01 -6.439662520e+01 -3.1031e+00 -2.6733e+00
488 0 +1.908355706e+01 -9.937644294e+01 -9.937644294e+01 -3.1031e+00 -2.6898e+00
669 0 +1.137113350e+01 -1.070888665e+02 -1.070888665e+02 -2.9303e+00 -2.8736e+00
1119 0 +6.958451410e+00 -1.115015486e+02 -1.115015486e+02 -2.9303e+00 -2.8647e+00
1223 0 +4.027129751e+00 -1.144328702e+02 -1.144328702e+02 -3.1031e+00 -2.6869e+00
1383 0 +7.442538239e-01 -1.177157462e+02 -1.177157462e+02 -3.0293e+00 -2.7619e+00
2354 0 +6.788754580e-01 -1.177811245e+02 -1.177811245e+02 -2.7430e+00 -3.0703e+00
2403 0 +6.195789421e-01 -1.178404211e+02 -1.178404211e+02 -3.0997e+00 -2.6869e+00
2694 0 +1.902021954e-01 -1.182697978e+02 -1.182697978e+02 -2.9040e+00 -2.8972e+00
3527 0 +9.320138967e-02 -1.183667986e+02 -1.183667986e+02 -2.5287e+00 -3.2978e+00
3717 0 +3.889303118e-02 -1.184211070e+02 -1.184211070e+02 -2.5287e+00 -3.2981e+00
4114 0 +2.883987861e-02 -1.184311601e+02 -1.184311601e+02 -2.7377e+00 -3.0746e+00
4171 0 +2.783647578e-02 -1.184321635e+02 -1.184321635e+02 -2.7372e+00 -3.0751e+00
4568 0 +2.343631108e-03 -1.184576564e+02 -1.184576564e+02 -2.6833e+00 -3.1329e+00
4647 0 +6.997320330e-04 -1.184593003e+02 -1.184593003e+02 -2.6507e+00 -3.1678e+00
5100 0 +2.091715380e-04 -1.184597908e+02 -1.184597908e+02 -2.6508e+00 -3.1677e+00
5109 0 +7.300929171e-05 -1.184599270e+02 -1.184599270e+02 -2.6523e+00 -3.1661e+00
5326 0 +4.906798134e-05 -1.184599509e+02 -1.184599509e+02 -2.6518e+00 -3.1667e+00
5371 0 +4.187896174e-05 -1.184599581e+02 -1.184599581e+02 -2.6566e+00 -3.1614e+00
5404 0 +1.409739096e-05 -1.184599859e+02 -1.184599859e+02 -2.6498e+00 -3.1688e+00
5492 0 +8.061418669e-06 -1.184599919e+02 -1.184599919e+02 -2.6500e+00 -3.1686e+00
5545 0 +4.139886386e-06 -1.184599959e+02 -1.184599959e+02 -2.6523e+00 -3.1661e+00
5667 0 +1.484719661e-06 -1.184599985e+02 -1.184599985e+02 -2.6513e+00 -3.1672e+00
5721 0 +6.460301165e-07 -1.184599994e+02 -1.184599994e+02 -2.6517e+00 -3.1667e+00
5760 0 +5.435608728e-07 -1.184599995e+02 -1.184599995e+02 -2.6521e+00 -3.1663e+00
5796 0 +3.460775844e-07 -1.184599997e+02 -1.184599997e+02 -2.6518e+00 -3.1666e+00
5805 0 +9.039121096e-08 -1.184599999e+02 -1.184599999e+02 -2.6519e+00 -3.1665e+00
5900 0 +5.420788796e-08 -1.184599999e+02 -1.184599999e+02 -2.6522e+00 -3.1662e+00
5972 0 +3.255370018e-08 -1.184600000e+02 -1.184600000e+02 -2.6521e+00 -3.1663e+00
5996 0 +1.157413010e-08 -1.184600000e+02 -1.184600000e+02 -2.6521e+00 -3.1663e+00
6013 0 +4.583853297e-10 -1.184600000e+02 -1.184600000e+02 -2.6520e+00 -3.1664e+00
6508 0 +8.668621376e-13 -1.184600000e+02 -1.184600000e+02 -2.6520e+00 -3.1664e+00
6545 0 +0.000000000e+00 -1.184600000e+02 -1.184600000e+02 -2.6520e+00 -3.1664e+00
8001 0 +0.000000000e+00 -1.184600000e+02 -1.184600000e+02 -2.6520e+00 -3.1664e+00
% f evaluations | g evaluations | best noise-free fitness - Fopt (9.973000000000e+01) + sum g_i+ | measured fitness | best measured fitness or single-digit g-values | x1 | x2...
1 0 +4.335106296e+07 +4.335116269e+07 +4.335116269e+07 +2.9654e+00 -3.1657e+00
2 0 +3.683999203e+07 +3.684009176e+07 +3.684009176e+07 +2.7969e+00 +9.6850e-01
3 0 +8.491891505e+06 +8.491991235e+06 +8.491991235e+06 -5.4167e-01 -4.0003e+00
5 0 +1.537768594e+05 +1.538765894e+05 +1.538765894e+05 -3.5713e+00 +1.5089e+00
22 0 +3.760125092e+03 +3.859855092e+03 +3.859855092e+03 -3.2664e+00 -1.0894e+00
23 0 +2.056520308e+03 +2.156250308e+03 +2.156250308e+03 -3.1776e+00 +2.5536e+00
83 0 +9.102518473e+02 +1.009981847e+03 +1.009981847e+03 -3.1043e+00 +2.5536e+00
243 0 +2.416630957e+01 +1.238963096e+02 +1.238963096e+02 -3.2260e+00 +9.5111e-01
318 0 +9.127645620e+00 +1.088576456e+02 +1.088576456e+02 -3.1043e+00 +3.1553e+00
597 0 +1.752162706e-01 +9.990521627e+01 +9.990521627e+01 -3.2548e+00 +3.3680e-01
1424 0 +1.549900245e-01 +9.988499002e+01 +9.988499002e+01 -3.2448e+00 +5.2491e-01
1548 0 +1.331854976e-01 +9.986318550e+01 +9.986318550e+01 -3.2413e+00 +5.7802e-01
3148 0 +6.413267075e-02 +9.979413267e+01 +9.979413267e+01 -3.2367e+00 +6.6386e-01
3445 0 +8.048762754e-04 +9.973080488e+01 +9.973080488e+01 -3.2367e+00 +6.6884e-01
4873 0 +5.720355147e-04 +9.973057204e+01 +9.973057204e+01 -3.2344e+00 +7.1167e-01
4988 0 +4.384138838e-04 +9.973043841e+01 +9.973043841e+01 -3.2360e+00 +6.8283e-01
4994 0 +2.216710821e-04 +9.973022167e+01 +9.973022167e+01 -3.2344e+00 +7.1167e-01
5088 0 +7.098422188e-05 +9.973007098e+01 +9.973007098e+01 -3.2354e+00 +6.9360e-01
5264 0 +3.547381729e-05 +9.973003547e+01 +9.973003547e+01 -3.2353e+00 +6.9543e-01
5347 0 +3.262490702e-05 +9.973003262e+01 +9.973003262e+01 -3.2351e+00 +6.9846e-01
5357 0 +2.127642881e-05 +9.973002128e+01 +9.973002128e+01 -3.2354e+00 +6.9360e-01
5414 0 +9.677392583e-06 +9.973000968e+01 +9.973000968e+01 -3.2352e+00 +6.9649e-01
5451 0 +3.478791356e-06 +9.973000348e+01 +9.973000348e+01 -3.2353e+00 +6.9560e-01
5461 0 +1.083684595e-06 +9.973000108e+01 +9.973000108e+01 -3.2352e+00 +6.9734e-01
5635 0 +7.379101135e-07 +9.973000074e+01 +9.973000074e+01 -3.2352e+00 +6.9595e-01
5664 0 +3.053649209e-07 +9.973000031e+01 +9.973000031e+01 -3.2352e+00 +6.9732e-01
5792 0 +1.500732907e-07 +9.973000015e+01 +9.973000015e+01 -3.2352e+00 +6.9669e-01
5871 0 +3.114260494e-08 +9.973000003e+01 +9.973000003e+01 -3.2352e+00 +6.9682e-01
5887 0 +1.175349951e-08 +9.973000001e+01 +9.973000001e+01 -3.2352e+00 +6.9688e-01
5915 0 +8.827100828e-09 +9.973000001e+01 +9.973000001e+01 -3.2352e+00 +6.9681e-01
6467 0 +9.947598301e-13 +9.973000000e+01 +9.973000000e+01 -3.2352e+00 +6.9680e-01
6795 0 +0.000000000e+00 +9.973000000e+01 +9.973000000e+01 -3.2352e+00 +6.9680e-01
8001 0 +0.000000000e+00 +9.973000000e+01 +9.973000000e+01 -3.2352e+00 +6.9680e-01
% f evaluations | g evaluations | best noise-free fitness - Fopt (4.044000000000e+01) + sum g_i+ | measured fitness | best measured fitness or single-digit g-values | x1 | x2...
1 0 +2.784083026e+06 +2.784123466e+06 +2.784123466e+06 +2.9654e+00 -3.1657e+00
2 0 +4.516824060e+03 +4.557264060e+03 +4.557264060e+03 +2.7969e+00 +9.6850e-01
38 0 +3.427451808e+03 +3.467891808e+03 +3.467891808e+03 +2.1134e+00 +2.9018e+00
40 0 +1.487865493e+02 +1.892265493e+02 +1.892265493e+02 +1.5108e+00 +4.1496e+00
41 0 +2.769324794e+01 +6.813324794e+01 +6.813324794e+01 +3.5004e+00 -5.0549e-01
392 0 +7.271036719e+00 +4.771103672e+01 +4.771103672e+01 +1.5215e+00 +4.1496e+00
1189 0 +2.533800539e+00 +4.297380054e+01 +4.297380054e+01 +1.5215e+00 +4.1553e+00
1870 0 +2.007449483e+00 +4.244744948e+01 +4.244744948e+01 +1.8321e+00 +3.4286e+00
2420 0 +5.756594419e-01 +4.101565944e+01 +4.101565944e+01 +2.3528e+00 +2.2004e+00
3494 0 +9.280380525e-02 +4.053280381e+01 +4.053280381e+01 +2.1720e+00 +2.6256e+00
3540 0 +3.840675158e-02 +4.047840675e+01 +4.047840675e+01 +2.1261e+00 +2.7337e+00
3714 0 +9.014208664e-03 +4.044901421e+01 +4.044901421e+01 +2.0660e+00 +2.8752e+00
4799 0 +3.003930528e-03 +4.044300393e+01 +4.044300393e+01 +2.0966e+00 +2.8038e+00
4878 0 +2.674616006e-03 +4.044267462e+01 +4.044267462e+01 +2.1041e+00 +2.7859e+00
4965 0 +2.040383169e-03 +4.044204038e+01 +4.044204038e+01 +2.0966e+00 +2.8038e+00
4991 0 +1.105896878e-03 +4.044110590e+01 +4.044110590e+01 +2.0965e+00 +2.8038e+00
5056 0 +9.641608635e-04 +4.044096416e+01 +4.044096416e+01 +2.0964e+00 +2.8041e+00
5167 0 +1.660858132e-04 +4.044016609e+01 +4.044016609e+01 +2.0891e+00 +2.8211e+00
5279 0 +1.340000936e-04 +4.044013400e+01 +4.044013400e+01 +2.0962e+00 +2.8046e+00
5307 0 +2.856337458e-05 +4.044002856e+01 +4.044002856e+01 +2.0923e+00 +2.8136e+00
5487 0 +1.830019137e-06 +4.044000183e+01 +4.044000183e+01 +2.0923e+00 +2.8138e+00
5692 0 +1.816178745e-06 +4.044000182e+01 +4.044000182e+01 +2.0923e+00 +2.8138e+00
5755 0 +8.221208674e-07 +4.044000082e+01 +4.044000082e+01 +2.0921e+00 +2.8142e+00
5765 0 +6.567313946e-07 +4.044000066e+01 +4.044000066e+01 +2.0922e+00 +2.8140e+00
5774 0 +5.807318502e-07 +4.044000058e+01 +4.044000058e+01 +2.0921e+00 +2.8141e+00
5790 0 +3.030124205e-07 +4.044000030e+01 +4.044000030e+01 +2.0921e+00 +2.8141e+00
5862 0 +1.739807942e-07 +4.044000017e+01 +4.044000017e+01 +2.0919e+00 +2.8147e+00
5864 0 +2.532897270e-08 +4.044000003e+01 +4.044000003e+01 +2.0921e+00 +2.8143e+00
5920 0 +2.975191649e-09 +4.044000000e+01 +4.044000000e+01 +2.0920e+00 +2.8144e+00
6702 0 +3.055333764e-13 +4.044000000e+01 +4.044000000e+01 +2.0920e+00 +2.8144e+00
6819 0 +0.000000000e+00 +4.044000000e+01 +4.044000000e+01 +2.0920e+00 +2.8144e+00
8001 0 +0.000000000e+00 +4.044000000e+01 +4.044000000e+01 +2.0920e+00 +2.8144e+00
% f evaluations | g evaluations | best noise-free fitness - Fopt (-1.216000000000e+02) + sum g_i+ | measured fitness | best measured fitness or single-digit g-values | x1 | x2...
1 0 +2.225010468e+07 +2.224998308e+07 +2.224998308e+07 +2.9654e+00 -3.1657e+00
2 0 +1.233274716e+06 +1.233153116e+06 +1.233153116e+06 +2.7969e+00 +9.6850e-01
19 0 +3.048465751e+05 +3.047249751e+05 +3.047249751e+05 -4.8403e+00 -2.6911e+00
22 0 +3.495051029e+03 +3.373451029e+03 +3.373451029e+03 -3.2664e+00 -1.0894e+00
103 0 +3.112871380e+03 +2.991271380e+03 +2.991271380e+03 +1.9373e+00 +1.6592e+00
118 0 +2.878837325e+03 +2.757237325e+03 +2.757237325e+03 -3.9451e+00 -1.4716e+00
141 0 +5.440857313e+02 +4.224857313e+02 +4.224857313e+02 -3.1039e+00 -1.0894e+00
178 0 +2.807546837e+02 +1.591546837e+02 +1.591546837e+02 -2.8156e+00 -8.8317e-01
436 0 +6.082503922e+01 -6.077496078e+01 -6.077496078e+01 +5.0585e-01 +9.2489e-01
566 0 +4.797801743e+01 -7.362198257e+01 -7.362198257e+01 -2.1879e+00 -5.6451e-01
621 0 +2.104198327e+01 -1.005580167e+02 -1.005580167e+02 -2.1946e+00 -5.6451e-01
712 0 +1.605600059e+01 -1.055439994e+02 -1.055439994e+02 -2.5455e-01 +5.1473e-01
728 0 +1.369935999e+01 -1.079006400e+02 -1.079006400e+02 -3.6839e+00 -1.3789e+00
752 0 +2.429264864e+00 -1.191707351e+02 -1.191707351e+02 -4.5002e+00 -1.8336e+00
1995 0 +1.276526315e+00 -1.203234737e+02 -1.203234737e+02 -3.4042e+00 -1.2273e+00
2896 0 +7.098920789e-01 -1.208901079e+02 -1.208901079e+02 -2.7103e+00 -8.4567e-01
3038 0 +5.133361798e-01 -1.210866638e+02 -1.210866638e+02 -3.0185e+00 -1.0161e+00
3191 0 +3.450737851e-01 -1.212549262e+02 -1.212549262e+02 -2.6810e+00 -8.2866e-01
3628 0 +2.077774793e-01 -1.213922225e+02 -1.213922225e+02 -3.4283e+00 -1.2414e+00
4110 0 +7.920444185e-02 -1.215207956e+02 -1.215207956e+02 -3.4619e+00 -1.2605e+00
4236 0 +4.680708215e-03 -1.215953193e+02 -1.215953193e+02 -3.2895e+00 -1.1651e+00
4735 0 +1.463031790e-03 -1.215985370e+02 -1.215985370e+02 -3.2140e+00 -1.1234e+00
4863 0 +7.437313307e-04 -1.215992563e+02 -1.215992563e+02 -3.2470e+00 -1.1416e+00
4929 0 +3.326258832e-04 -1.215996674e+02 -1.215996674e+02 -3.2138e+00 -1.1233e+00
5180 0 +1.480568080e-04 -1.215998519e+02 -1.215998519e+02 -3.2196e+00 -1.1264e+00
5258 0 +1.115508378e-05 -1.215999888e+02 -1.215999888e+02 -3.2277e+00 -1.1310e+00
5566 0 +6.541004609e-07 -1.215999993e+02 -1.215999993e+02 -3.2302e+00 -1.1323e+00
5605 0 +6.113063478e-07 -1.215999994e+02 -1.215999994e+02 -3.2296e+00 -1.1320e+00
5724 0 +3.757552349e-07 -1.215999996e+02 -1.215999996e+02 -3.2300e+00 -1.1322e+00
5787 0 +2.195308184e-07 -1.215999998e+02 -1.215999998e+02 -3.2298e+00 -1.1321e+00
5807 0 +1.455137237e-07 -1.215999999e+02 -1.215999999e+02 -3.2299e+00 -1.1322e+00
5844 0 +8.199467061e-08 -1.215999999e+02 -1.215999999e+02 -3.2297e+00 -1.1320e+00
5894 0 +3.847684127e-08 -1.216000000e+02 -1.216000000e+02 -3.2297e+00 -1.1320e+00
5918 0 +3.686338346e-08 -1.216000000e+02 -1.216000000e+02 -3.2297e+00 -1.1321e+00
5969 0 +2.478755334e-08 -1.216000000e+02 -1.216000000e+02 -3.2297e+00 -1.1320e+00
6025 0 +2.182041214e-08 -1.216000000e+02 -1.216000000e+02 -3.2297e+00 -1.1321e+00
6075 0 +2.044129133e-08 -1.216000000e+02 -1.216000000e+02 -3.2295e+00 -1.1320e+00
6083 0 +1.438779407e-08 -1.216000000e+02 -1.216000000e+02 -3.2295e+00 -1.1320e+00
6086 0 +1.303887132e-08 -1.216000000e+02 -1.216000000e+02 -3.2297e+00 -1.1320e+00
6099 0 +1.124163873e-08 -1.216000000e+02 -1.216000000e+02 -3.2296e+00 -1.1320e+00
6108 0 +1.113961901e-08 -1.216000000e+02 -1.216000000e+02 -3.2296e+00 -1.1320e+00
6113 0 +6.697291610e-09 -1.216000000e+02 -1.216000000e+02 -3.2295e+00 -1.1320e+00
6647 0 +2.557953849e-13 -1.216000000e+02 -1.216000000e+02 -3.2296e+00 -1.1320e+00
6739 0 +0.000000000e+00 -1.216000000e+02 -1.216000000e+02 -3.2296e+00 -1.1320e+00
8001 0 +0.000000000e+00 -1.216000000e+02 -1.216000000e+02 -3.2296e+00 -1.1320e+00
% f evaluations | g evaluations | best noise-free fitness - Fopt (-3.811000000000e+01) + sum g_i+ | measured fitness | best measured fitness or single-digit g-values | x1 | x2...
1 0 +2.898192427e+07 +2.898188616e+07 +2.898188616e+07 +2.9654e+00 -3.1657e+00
2 0 +2.062674836e+07 +2.062671025e+07 +2.062671025e+07 +2.7969e+00 +9.6850e-01
3 0 +4.865657621e+06 +4.865619511e+06 +4.865619511e+06 -5.4167e-01 -4.0003e+00
4 0 +3.098444096e+06 +3.098405986e+06 +3.098405986e+06 -4.0751e-01 -1.6629e+00
11 0 +2.720144267e+06 +2.720106157e+06 +2.720106157e+06 -1.0014e+00 -4.5333e+00
14 0 +1.855458129e+03 +1.817348129e+03 +1.817348129e+03 -1.1754e+00 +4.8323e+00
71 0 +7.109753151e+01 +3.298753151e+01 +3.298753151e+01 -2.7965e+00 -4.5333e+00
243 0 +9.440754981e+00 -2.866924502e+01 -2.866924502e+01 -2.1548e+00 -9.0336e-01
521 0 +4.462781525e+00 -3.364721847e+01 -3.364721847e+01 -2.2494e+00 -1.4076e+00
1542 0 +4.209602650e+00 -3.390039735e+01 -3.390039735e+01 -2.1552e+00 -8.9662e-01
1759 0 +1.557455584e+00 -3.655254442e+01 -3.655254442e+01 -2.3778e+00 -2.1323e+00
2083 0 +1.407642353e+00 -3.670235765e+01 -3.670235765e+01 -2.3592e+00 -2.0410e+00
2423 0 +8.567033566e-01 -3.725329664e+01 -3.725329664e+01 -2.4678e+00 -2.6384e+00
2528 0 +4.412924249e-01 -3.766870758e+01 -3.766870758e+01 -2.3592e+00 -2.0322e+00
3011 0 +2.023479147e-01 -3.790765209e+01 -3.790765209e+01 -2.3915e+00 -2.2179e+00
3258 0 +2.464429505e-02 -3.808535570e+01 -3.808535570e+01 -2.4087e+00 -2.3119e+00
4149 0 +1.492748306e-02 -3.809507252e+01 -3.809507252e+01 -2.4375e+00 -2.4745e+00
4240 0 +1.079751107e-02 -3.809920249e+01 -3.809920249e+01 -2.4233e+00 -2.3939e+00
4321 0 +6.195237951e-03 -3.810380476e+01 -3.810380476e+01 -2.4365e+00 -2.4679e+00
4477 0 +3.938849529e-03 -3.810606115e+01 -3.810606115e+01 -2.4322e+00 -2.4448e+00
4502 0 +1.947159180e-03 -3.810805284e+01 -3.810805284e+01 -2.4271e+00 -2.4156e+00
4719 0 +8.112683529e-04 -3.810918873e+01 -3.810918873e+01 -2.4248e+00 -2.4023e+00
4752 0 +4.487974095e-04 -3.810955120e+01 -3.810955120e+01 -2.4291e+00 -2.4267e+00
5080 0 +1.786474617e-04 -3.810982135e+01 -3.810982135e+01 -2.4264e+00 -2.4116e+00
5111 0 +6.692039029e-05 -3.810993308e+01 -3.810993308e+01 -2.4244e+00 -2.4004e+00
5317 0 +5.553485787e-05 -3.810994447e+01 -3.810994447e+01 -2.4263e+00 -2.4110e+00
5388 0 +2.647310453e-05 -3.810997353e+01 -3.810997353e+01 -2.4248e+00 -2.4027e+00
5443 0 +2.403182697e-05 -3.810997597e+01 -3.810997597e+01 -2.4248e+00 -2.4028e+00
5452 0 +2.021930982e-05 -3.810997978e+01 -3.810997978e+01 -2.4261e+00 -2.4098e+00
5546 0 +7.928325466e-06 -3.810999207e+01 -3.810999207e+01 -2.4260e+00 -2.4092e+00
5556 0 +3.076336952e-06 -3.810999692e+01 -3.810999692e+01 -2.4256e+00 -2.4072e+00
5715 0 +8.524556208e-07 -3.810999915e+01 -3.810999915e+01 -2.4255e+00 -2.4069e+00
5839 0 +6.168369993e-07 -3.810999938e+01 -3.810999938e+01 -2.4255e+00 -2.4069e+00
5921 0 +2.566119264e-07 -3.810999974e+01 -3.810999974e+01 -2.4256e+00 -2.4071e+00
5986 0 +2.002507244e-07 -3.810999980e+01 -3.810999980e+01 -2.4255e+00 -2.4068e+00
5994 0 +6.274620290e-08 -3.810999994e+01 -3.810999994e+01 -2.4256e+00 -2.4070e+00
6109 0 +8.702691900e-09 -3.810999999e+01 -3.810999999e+01 -2.4256e+00 -2.4071e+00
6668 0 +4.121147867e-13 -3.811000000e+01 -3.811000000e+01 -2.4256e+00 -2.4072e+00
6961 0 +0.000000000e+00 -3.811000000e+01 -3.811000000e+01 -2.4256e+00 -2.4072e+00
8001 0 +0.000000000e+00 -3.811000000e+01 -3.811000000e+01 -2.4256e+00 -2.4072e+00
