% f evaluations | g evaluations | best noise-free fitness - Fopt (-5.465000000000e+02) + sum g_i+ | measured fitness | best measured fitness or single-digit g-values | x1 | x2...
1 0 +6.582436179e+01 -4.806756382e+02 -4.806756382e+02 -2.8884e+00 +1.8501e+00
11 0 +3.655470824e+00 -5.428445292e+02 -5.428445292e+02 -6.1879e-02 +1.4077e+00
36 0 +2.891665743e+00 -5.436083343e+02 -5.436083343e+02 +7.4510e-02 +2.5891e+00
47 0 +2.428942843e+00 -5.440710572e+02 -5.440710572e+02 +1.5552e+00 +2.4505e+00
199 0 +1.237093084e+00 -5.452629069e+02 -5.452629069e+02 -1.0564e+00 +2.3884e+00
319 0 +3.565665105e-01 -5.461434335e+02 -5.461434335e+02 -2.1098e+00 +2.1415e+00
682 0 +9.552663518e-02 -5.464044734e+02 -5.464044734e+02 -2.1316e+00 +2.0805e+00
1493 0 +1.242567939e-02 -5.464875743e+02 -5.464875743e+02 -2.1079e+00 +2.0971e+00
1932 0 +6.318216043e-03 -5.464936818e+02 -5.464936818e+02 -2.1204e+00 +2.1000e+00
2137 0 +4.677844678e-03 -5.464953222e+02 -5.464953222e+02 -2.0913e+00 +2.1079e+00
2342 0 +2.707435962e-03 -5.464972926e+02 -5.464972926e+02 -2.1056e+00 +2.1079e+00
2642 0 +5.675942156e-04 -5.464994324e+02 -5.464994324e+02 -2.1056e+00 +2.1061e+00
2941 0 +5.120688671e-04 -5.464994879e+02 -5.464994879e+02 -2.1017e+00 +2.1066e+00
2960 0 +1.644770738e-04 -5.464998355e+02 -5.464998355e+02 -2.1069e+00 +2.1039e+00
2964 0 +6.353887545e-05 -5.464999365e+02 -5.464999365e+02 -2.1062e+00 +2.1048e+00
3037 0 +4.341734984e-05 -5.464999566e+02 -5.464999566e+02 -2.1036e+00 +2.1051e+00
3272 0 +4.113159969e-05 -5.464999589e+02 -5.464999589e+02 -2.1046e+00 +2.1053e+00
3367 0 +2.119910846e-06 -5.464999979e+02 -5.464999979e+02 -2.1051e+00 +2.1048e+00
3517 0 +7.035396266e-08 -5.464999999e+02 -5.464999999e+02 -2.1048e+00 +2.1048e+00
3850 0 +3.143259164e-08 -5.465000000e+02 -5.465000000e+02 -2.1048e+00 +2.1048e+00
4044 0 +1.627677193e-08 -5.465000000e+02 -5.465000000e+02 -2.1048e+00 +2.1048e+00
4069 0 +9.416453395e-09 -5.465000000e+02 -5.465000000e+02 -2.1048e+00 +2.1048e+00
5353 0 +1.136868377e-13 -5.465000000e+02 -5.465000000e+02 -2.1048e+00 +2.1048e+00
5728 0 +0.000000000e+00 -5.465000000e+02 -5.465000000e+02 -2.1048e+00 +2.1048e+00
8051 0 +0.000000000e+00 -5.465000000e+02 -5.465000000e+02 -2.1048e+00 +2.1048e+00
% f evaluations | g evaluations | best noise-free fitness - Fopt (1.000000000000e+03) + sum g_i+ | measured fitness | best measured fitness or single-digit g-values | x1 | x2...
1 0 +1.315441111e+03 +2.315441111e+03 +2.315441111e+03 +4.3141e+00 +2.5368e+00
4 0 +2.294002547e+00 +1.002294003e+03 +1.002294003e+03 -2.0112e+00 +9.0141e-01
115 0 +2.120194705e+00 +1.002120195e+03 +1.002120195e+03 +2.5503e+00 +3.2259e+00
200 0 +1.011722749e+00 +1.001011723e+03 +1.001011723e+03 -2.0405e+00 +2.0579e+00
367 0 +8.603968494e-01 +1.000860397e+03 +1.000860397e+03 +1.5073e+00 +3.0407e+00
397 0 +5.992773044e-01 +1.000599277e+03 +1.000599277e+03 -2.2142e+00 +2.1124e+00
497 0 +3.189855812e-02 +1.000031899e+03 +1.000031899e+03 -2.0695e+00 +2.1124e+00
1771 0 +1.279177165e-02 +1.000012792e+03 +1.000012792e+03 -2.1129e+00 +2.0962e+00
2135 0 +2.904791113e-03 +1.000002905e+03 +1.000002905e+03 -2.0961e+00 +2.1051e+00
2282 0 +2.293815289e-03 +1.000002294e+03 +1.000002294e+03 -2.1029e+00 +2.1024e+00
2335 0 +1.394438158e-04 +1.000000139e+03 +1.000000139e+03 -2.1063e+00 +2.1051e+00
2971 0 +8.682717976e-05 +1.000000087e+03 +1.000000087e+03 -2.1040e+00 +2.1045e+00
3047 0 +1.158456394e-05 +1.000000012e+03 +1.000000012e+03 -2.1053e+00 +2.1049e+00
3196 0 +8.676719972e-06 +1.000000009e+03 +1.000000009e+03 -2.1044e+00 +2.1051e+00
3247 0 +5.931457849e-06 +1.000000006e+03 +1.000000006e+03 -2.1053e+00 +2.1047e+00
3590 0 +4.197723797e-06 +1.000000004e+03 +1.000000004e+03 -2.1049e+00 +2.1047e+00
3604 0 +7.856768889e-07 +1.000000001e+03 +1.000000001e+03 -2.1049e+00 +2.1048e+00
3608 0 +6.751092769e-07 +1.000000001e+03 +1.000000001e+03 -2.1049e+00 +2.1048e+00
3855 0 +2.707679414e-07 +1.000000000e+03 +1.000000000e+03 -2.1048e+00 +2.1048e+00
3932 0 +8.392783002e-08 +1.000000000e+03 +1.000000000e+03 -2.1049e+00 +2.1048e+00
4122 0 +5.757988220e-08 +1.000000000e+03 +1.000000000e+03 -2.1048e+00 +2.1049e+00
4210 0 +2.875299288e-08 +1.000000000e+03 +1.000000000e+03 -2.1048e+00 +2.1049e+00
4255 0 +1.503826752e-08 +1.000000000e+03 +1.000000000e+03 -2.1048e+00 +2.1049e+00
4433 0 +1.276976036e-08 +1.000000000e+03 +1.000000000e+03 -2.1048e+00 +2.1049e+00
4515 0 +3.841819307e-09 +1.000000000e+03 +1.000000000e+03 -2.1048e+00 +2.1048e+00
5812 0 +3.410605132e-13 +1.000000000e+03 +1.000000000e+03 -2.1048e+00 +2.1048e+00
6042 0 +0.000000000e+00 +1.000000000e+03 +1.000000000e+03 -2.1048e+00 +2.1048e+00
8051 0 +0.000000000e+00 +1.000000000e+03 +1.000000000e+03 -2.1048e+00 +2.1048e+00
% f evaluations | g evaluations | best noise-free fitness - Fopt (2.083800000000e+02) + sum g_i+ | measured fitness | best measured fitness or single-digit g-values | x1 | x2...
1 0 +1.614562799e+04 +1.635400799e+04 +1.635400799e+04 -4.6739e+00 +3.4747e+00
2 0 +3.853660119e+03 +4.062040119e+03 +4.062040119e+03 +2.1650e+00 +7.3602e-01
3 0 +2.386062804e+00 +2.107660628e+02 +2.107660628e+02 -2.0793e+00 +1.6805e+00
110 0 +2.331469869e+00 +2.107114699e+02 +2.107114699e+02 -1.7970e+00 +2.1395e+00
118 0 +1.519156901e+00 +2.098991569e+02 +2.098991569e+02 +6.1866e-01 +2.7734e+00
214 0 +9.672566951e-01 +2.093472567e+02 +2.093472567e+02 -2.1937e+00 +9.6557e-01
464 0 +2.669174296e-01 +2.086469174e+02 +2.086469174e+02 -2.1937e+00 +2.0660e+00
1015 0 +2.568926051e-01 +2.086368926e+02 +2.086368926e+02 -2.1917e+00 +2.0666e+00
1141 0 +1.710656578e-01 +2.085510657e+02 +2.085510657e+02 -2.0623e+00 +2.0930e+00
1300 0 +7.874431777e-02 +2.084587443e+02 +2.084587443e+02 -2.1053e+00 +2.1224e+00
1341 0 +3.707264328e-02 +2.084170726e+02 +2.084170726e+02 -2.1424e+00 +2.0930e+00
1810 0 +2.962557984e-02 +2.084096256e+02 +2.084096256e+02 -2.1389e+00 +2.0976e+00
1905 0 +9.734550207e-03 +2.083897346e+02 +2.083897346e+02 -2.0893e+00 +2.1050e+00
2105 0 +6.123948850e-03 +2.083861239e+02 +2.083861239e+02 -2.0893e+00 +2.1089e+00
2258 0 +2.681610641e-03 +2.083826816e+02 +2.083826816e+02 -2.0959e+00 +2.1055e+00
2371 0 +9.396172628e-04 +2.083809396e+02 +2.083809396e+02 -2.1001e+00 +2.1048e+00
2621 0 +5.780045255e-04 +2.083805780e+02 +2.083805780e+02 -2.1001e+00 +2.1062e+00
2788 0 +1.033854717e-04 +2.083801034e+02 +2.083801034e+02 -2.1069e+00 +2.1044e+00
2833 0 +2.898485562e-05 +2.083800290e+02 +2.083800290e+02 -2.1058e+00 +2.1045e+00
3186 0 +2.729528262e-06 +2.083800027e+02 +2.083800027e+02 -2.1047e+00 +2.1050e+00
3541 0 +9.783025234e-08 +2.083800001e+02 +2.083800001e+02 -2.1049e+00 +2.1048e+00
3892 0 +9.659308375e-08 +2.083800001e+02 +2.083800001e+02 -2.1049e+00 +2.1048e+00
3938 0 +8.868636314e-08 +2.083800001e+02 +2.083800001e+02 -2.1048e+00 +2.1049e+00
3939 0 +5.688099236e-08 +2.083800001e+02 +2.083800001e+02 -2.1048e+00 +2.1048e+00
4087 0 +4.977997037e-08 +2.083800000e+02 +2.083800000e+02 -2.1048e+00 +2.1048e+00
4105 0 +3.828282047e-08 +2.083800000e+02 +2.083800000e+02 -2.1049e+00 +2.1048e+00
4196 0 +3.443574315e-10 +2.083800000e+02 +2.083800000e+02 -2.1048e+00 +2.1048e+00
5336 0 +5.684341886e-13 +2.083800000e+02 +2.083800000e+02 -2.1048e+00 +2.1048e+00
5896 0 +0.000000000e+00 +2.083800000e+02 +2.083800000e+02 -2.1048e+00 +2.1048e+00
8051 0 +0.000000000e+00 +2.083800000e+02 +2.083800000e+02 -2.1048e+00 +2.1048e+00
% f evaluations | g evaluations | best noise-free fitness - Fopt (-1.449600000000e+02) + sum g_i+ | measured fitness | best measured fitness or single-digit g-values | x1 | x2...
1 0 +2.026402695e+04 +2.011906695e+04 +2.011906695e+04 -3.9094e+00 +2.0088e+00
2 0 +5.113121699e+03 +4.968161699e+03 +4.968161699e+03 -3.4969e+00 +7.8495e-01
4 0 +3.470098227e+03 +3.325138227e+03 +3.325138227e+03 +4.7601e+00 -4.5421e+00
6 0 +4.478480783e+00 -1.404815192e+02 -1.404815192e+02 -1.6359e+00 -1.9047e+00
16 0 +2.912083541e+00 -1.420479165e+02 -1.420479165e+02 -1.1519e+00 -8.9291e-01
21 0 +2.746665121e+00 -1.422133349e+02 -1.422133349e+02 +1.5926e+00 -2.4355e+00
35 0 +2.007119580e+00 -1.429528804e+02 -1.429528804e+02 +2.4867e+00 -2.1266e+00
51 0 +1.354439863e+00 -1.436055601e+02 -1.436055601e+02 +1.4564e+00 -1.8703e+00
161 0 +9.735473202e-01 -1.439864527e+02 -1.439864527e+02 -2.2034e+00 -2.0242e+00
384 0 +6.482239308e-01 -1.443117761e+02 -1.443117761e+02 -1.9836e+00 -2.1694e+00
462 0 +6.326214046e-01 -1.443273786e+02 -1.443273786e+02 +1.4806e+00 -3.0088e+00
762 0 +5.933990263e-01 -1.443666010e+02 -1.443666010e+02 +1.5112e+00 -3.0110e+00
906 0 +2.292117581e-01 -1.447307882e+02 -1.447307882e+02 -2.1152e+00 -2.1324e+00
1341 0 +1.511943851e-01 -1.448088056e+02 -1.448088056e+02 -2.0724e+00 -2.0905e+00
1836 0 +6.823135166e-02 -1.448917686e+02 -1.448917686e+02 -2.0576e+00 -2.1236e+00
1956 0 +2.812921572e-03 -1.449571871e+02 -1.449571871e+02 -2.1152e+00 -2.1016e+00
2714 0 +1.385440440e-03 -1.449586146e+02 -1.449586146e+02 -2.0990e+00 -2.1048e+00
2809 0 +6.147863482e-05 -1.449599385e+02 -1.449599385e+02 -2.1038e+00 -2.1047e+00
2833 0 +3.669803115e-05 -1.449599633e+02 -1.449599633e+02 -2.1054e+00 -2.1051e+00
3303 0 +5.743818804e-06 -1.449599943e+02 -1.449599943e+02 -2.1052e+00 -2.1047e+00
3382 0 +2.002622665e-06 -1.449599980e+02 -1.449599980e+02 -2.1051e+00 -2.1047e+00
3581 0 +1.072664929e-06 -1.449599989e+02 -1.449599989e+02 -2.1048e+00 -2.1049e+00
3583 0 +4.292234905e-07 -1.449599996e+02 -1.449599996e+02 -2.1048e+00 -2.1048e+00
3664 0 +4.113345540e-07 -1.449599996e+02 -1.449599996e+02 -2.1048e+00 -2.1048e+00
3863 0 +2.635864007e-07 -1.449599997e+02 -1.449599997e+02 -2.1048e+00 -2.1049e+00
4049 0 +2.259872076e-07 -1.449599998e+02 -1.449599998e+02 -2.1049e+00 -2.1048e+00
4215 0 +1.965134970e-07 -1.449599998e+02 -1.449599998e+02 -2.1049e+00 -2.1049e+00
4240 0 +4.613298188e-09 -1.449600000e+02 -1.449600000e+02 -2.1048e+00 -2.1048e+00
5536 0 +0.000000000e+00 -1.449600000e+02 -1.449600000e+02 -2.1048e+00 -2.1048e+00
8051 0 +0.000000000e+00 -1.449600000e+02 -1.449600000e+02 -2.1048e+00 -2.1048e+00
% f evaluations | g evaluations | best noise-free fitness - Fopt (-6.300000000000e+00) + sum g_i+ | measured fitness | best measured fitness or single-digit g-values | x1 | x2...
1 0 +6.912273517e+04 +6.911643517e+04 +6.911643517e+04 -4.8115e+00 +1.7148e+00
2 0 +3.362906740e+03 +3.356606740e+03 +3.356606740e+03 -2.1992e+00 -4.2226e+00
7 0 +5.490517430e+02 +5.427517430e+02 +5.427517430e+02 +3.6715e+00 -1.4036e+00
16 0 +3.142037822e+00 -3.157962178e+00 -3.157962178e+00 -7.0810e-01 -1.9411e+00
45 0 +2.341382487e+00 -3.958617513e+00 -3.958617513e+00 -1.5418e+00 -2.7255e+00
77 0 +2.180214975e+00 -4.119785025e+00 -4.119785025e+00 +2.1559e+00 -1.4178e+00
306 0 +2.124476217e+00 -4.175523783e+00 -4.175523783e+00 +2.0770e+00 -1.4430e+00
322 0 +1.598703396e+00 -4.701296604e+00 -4.701296604e+00 +1.9912e+00 -1.8181e+00
344 0 +1.038579731e+00 -5.261420269e+00 -5.261420269e+00 +2.0257e+00 -2.0625e+00
447 0 +7.177064561e-01 -5.582293544e+00 -5.582293544e+00 +2.1223e+00 -9.3490e-01
477 0 +4.463789684e-01 -5.853621032e+00 -5.853621032e+00 +2.1559e+00 -2.0524e+00
844 0 +2.291014210e-01 -6.070898579e+00 -6.070898579e+00 +2.0083e+00 -2.1290e+00
1144 0 +1.391158334e-01 -6.160884167e+00 -6.160884167e+00 +2.1411e+00 -2.1163e+00
1410 0 +1.337809080e-01 -6.166219092e+00 -6.166219092e+00 +2.1660e+00 -2.0770e+00
1563 0 +6.965692360e-02 -6.230343076e+00 -6.230343076e+00 +2.0744e+00 -2.0988e+00
1663 0 +3.775613598e-02 -6.262243864e+00 -6.262243864e+00 +2.0860e+00 -2.0988e+00
1713 0 +1.249191697e-02 -6.287508083e+00 -6.287508083e+00 +2.1011e+00 -2.0988e+00
1994 0 +1.207964774e-02 -6.287920352e+00 -6.287920352e+00 +2.1227e+00 -2.0964e+00
2196 0 +1.529340637e-03 -6.298470659e+00 -6.298470659e+00 +2.0984e+00 -2.1078e+00
2380 0 +1.638644132e-04 -6.299836136e+00 -6.299836136e+00 +2.1072e+00 -2.1039e+00
2912 0 +1.299314857e-04 -6.299870069e+00 -6.299870069e+00 +2.1029e+00 -2.1057e+00
3111 0 +4.098680733e-05 -6.299959013e+00 -6.299959013e+00 +2.1052e+00 -2.1044e+00
3411 0 +2.715654295e-06 -6.299997284e+00 -6.299997284e+00 +2.1052e+00 -2.1048e+00
3676 0 +2.416005183e-07 -6.299999758e+00 -6.299999758e+00 +2.1049e+00 -2.1048e+00
3781 0 +8.612643843e-08 -6.299999914e+00 -6.299999914e+00 +2.1048e+00 -2.1049e+00
4176 0 +1.647775516e-08 -6.299999984e+00 -6.299999984e+00 +2.1049e+00 -2.1048e+00
4492 0 +3.997114639e-09 -6.299999996e+00 -6.299999996e+00 +2.1048e+00 -2.1048e+00
5561 0 +1.438849040e-13 -6.300000000e+00 -6.300000000e+00 +2.1048e+00 -2.1048e+00
6946 0 +0.000000000e+00 -6.300000000e+00 -6.300000000e+00 +2.1048e+00 -2.1048e+00
8051 0 +0.000000000e+00 -6.300000000e+00 -6.300000000e+00 +2.1048e+00 -2.1048e+00
% f evaluations | g evaluations | best noise-free fitness - Fopt (-5.465000000000e+02) + sum g_i+ | measured fitness | best measured fitness or single-digit g-values | x1 | x2...
1 0 +3.276227891e+00 -5.432237721e+02 -5.432237721e+02 -1.9114e+00 +1.2221e+00
6 0 +2.251654720e+00 -5.442483453e+02 -5.442483453e+02 -2.0371e+00 +1.4788e+00
60 0 +6.195424940e-01 -5.458804575e+02 -5.458804575e+02 -2.1275e+00 +9.4770e-01
465 0 +3.568250125e-01 -5.461431750e+02 -5.461431750e+02 -1.9860e+00 +2.1272e+00
915 0 +7.810803892e-02 -5.464218920e+02 -5.464218920e+02 -2.0752e+00 +2.1272e+00
1093 0 +1.082758757e-02 -5.464891724e+02 -5.464891724e+02 -2.0843e+00 +2.1090e+00
1689 0 +1.065376666e-02 -5.464893462e+02 -5.464893462e+02 -2.1225e+00 +2.1037e+00
2172 0 +5.826892192e-03 -5.464941731e+02 -5.464941731e+02 -2.1141e+00 +2.1063e+00
2453 0 +5.675861033e-03 -5.464943241e+02 -5.464943241e+02 -2.1116e+00 +2.1074e+00
2693 0 +4.247911617e-03 -5.464957521e+02 -5.464957521e+02 -2.0953e+00 +2.1045e+00
2739 0 +2.383180322e-04 -5.464997617e+02 -5.464997617e+02 -2.1076e+00 +2.1037e+00
3068 0 +2.297162309e-04 -5.464997703e+02 -5.464997703e+02 -2.1044e+00 +2.1040e+00
3135 0 +6.224275387e-05 -5.464999378e+02 -5.464999378e+02 -2.1033e+00 +2.1053e+00
3283 0 +2.363747785e-05 -5.464999764e+02 -5.464999764e+02 -2.1054e+00 +2.1045e+00
3456 0 +1.980657555e-05 -5.464999802e+02 -5.464999802e+02 -2.1050e+00 +2.1051e+00
3546 0 +1.464203308e-05 -5.464999854e+02 -5.464999854e+02 -2.1056e+00 +2.1047e+00
3550 0 +9.591543630e-07 -5.464999990e+02 -5.464999990e+02 -2.1048e+00 +2.1049e+00
4100 0 +7.550551118e-07 -5.464999992e+02 -5.464999992e+02 -2.1049e+00 +2.1049e+00
4280 0 +1.931883844e-07 -5.464999998e+02 -5.464999998e+02 -2.1048e+00 +2.1049e+00
4419 0 +1.281525783e-07 -5.464999999e+02 -5.464999999e+02 -2.1048e+00 +2.1049e+00
4447 0 +1.186955387e-07 -5.464999999e+02 -5.464999999e+02 -2.1049e+00 +2.1048e+00
4466 0 +9.674408830e-08 -5.464999999e+02 -5.464999999e+02 -2.1049e+00 +2.1048e+00
4472 0 +3.881939392e-08 -5.465000000e+02 -5.465000000e+02 -2.1049e+00 +2.1048e+00
4515 0 +7.837115845e-09 -5.465000000e+02 -5.465000000e+02 -2.1048e+00 +2.1048e+00
5745 0 +9.094947018e-13 -5.465000000e+02 -5.465000000e+02 -2.1048e+00 +2.1048e+00
6319 0 +0.000000000e+00 -5.465000000e+02 -5.465000000e+02 -2.1048e+00 +2.1048e+00
8051 0 +0.000000000e+00 -5.465000000e+02 -5.465000000e+02 -2.1048e+00 +2.1048e+00
% f evaluations | g evaluations | best noise-free fitness - Fopt (1.000000000000e+03) + sum g_i+ | measured fitness | best measured fitness or single-digit g-values | x1 | x2...
1 0 +3.982759822e+00 +1.003982760e+03 +1.003982760e+03 -1.6852e+00 +1.8719e+00
39 0 +2.991012169e+00 +1.002991012e+03 +1.002991012e+03 +5.5452e-01 +2.4616e+00
147 0 +2.728152664e+00 +1.002728153e+03 +1.002728153e+03 -2.3212e+00 +1.6578e+00
166 0 +1.888388896e+00 +1.001888389e+03 +1.001888389e+03 -1.0007e+00 +1.2657e+00
222 0 +9.876969167e-01 +1.000987697e+03 +1.000987697e+03 -2.0120e+00 +2.1849e+00
425 0 +7.008960836e-01 +1.000700896e+03 +1.000700896e+03 -2.0421e+00 +9.7007e-01
967 0 +6.313300011e-01 +1.000631330e+03 +1.000631330e+03 -2.1132e+00 +9.7101e-01
1022 0 +4.135674915e-01 +1.000413567e+03 +1.000413567e+03 -2.0120e+00 +2.0995e+00
1122 0 +2.626317225e-01 +1.000262632e+03 +1.000262632e+03 -2.0120e+00 +2.1422e+00
1154 0 +1.880603231e-02 +1.000018806e+03 +1.000018806e+03 -2.1115e+00 +2.1115e+00
1418 0 +1.686486675e-02 +1.000016865e+03 +1.000016865e+03 -2.1258e+00 +2.1044e+00
1529 0 +9.748173424e-03 +1.000009748e+03 +1.000009748e+03 -2.1121e+00 +2.0972e+00
1909 0 +2.020785367e-03 +1.000002021e+03 +1.000002021e+03 -2.1121e+00 +2.1047e+00
2168 0 +1.377366017e-04 +1.000000138e+03 +1.000000138e+03 -2.1071e+00 +2.1044e+00
2800 0 +1.310671594e-04 +1.000000131e+03 +1.000000131e+03 -2.1067e+00 +2.1040e+00
2963 0 +5.416147576e-05 +1.000000054e+03 +1.000000054e+03 -2.1059e+00 +2.1043e+00
3125 0 +4.796013479e-05 +1.000000048e+03 +1.000000048e+03 -2.1039e+00 +2.1047e+00
3188 0 +2.340947276e-05 +1.000000023e+03 +1.000000023e+03 -2.1043e+00 +2.1052e+00
3273 0 +2.929569860e-06 +1.000000003e+03 +1.000000003e+03 -2.1048e+00 +2.1050e+00
3493 0 +7.273927167e-07 +1.000000001e+03 +1.000000001e+03 -2.1047e+00 +2.1049e+00
3521 0 +7.538312730e-08 +1.000000000e+03 +1.000000000e+03 -2.1049e+00 +2.1048e+00
3721 0 +6.897880667e-08 +1.000000000e+03 +1.000000000e+03 -2.1049e+00 +2.1049e+00
3882 0 +5.933088687e-08 +1.000000000e+03 +1.000000000e+03 -2.1049e+00 +2.1048e+00
3990 0 +4.887851901e-09 +1.000000000e+03 +1.000000000e+03 -2.1049e+00 +2.1048e+00
5479 0 +2.273736754e-13 +1.000000000e+03 +1.000000000e+03 -2.1048e+00 +2.1048e+00
5630 0 +0.000000000e+00 +1.000000000e+03 +1.000000000e+03 -2.1048e+00 +2.1048e+00
8051 0 +0.000000000e+00 +1.000000000e+03 +1.000000000e+03 -2.1048e+00 +2.1048e+00
% f evaluations | g evaluations | best noise-free fitness - Fopt (2.083800000000e+02) + sum g_i+ | measured fitness | best measured fitness or single-digit g-values | x1 | x2...
1 0 +2.098292924e+00 +2.104782929e+02 +2.104782929e+02 +2.4712e+00 +2.1051e+00
24 0 +1.679189794e+00 +2.100591898e+02 +2.100591898e+02 +1.5667e+00 +1.8373e+00
150 0 +1.209265632e+00 +2.095892656e+02 +2.095892656e+02 -2.1736e+00 +1.7487e+00
170 0 +1.115927511e+00 +2.094959275e+02 +2.094959275e+02 -2.0849e+00 +1.7754e+00
270 0 +1.381415381e-01 +2.085181415e+02 +2.085181415e+02 -2.0849e+00 +2.1324e+00
1462 0 +4.839514287e-02 +2.084283951e+02 +2.084283951e+02 -2.1176e+00 +2.1149e+00
1571 0 +1.237912627e-02 +2.083923791e+02 +2.083923791e+02 -2.1187e+00 +2.0959e+00
2166 0 +6.118689913e-03 +2.083861187e+02 +2.083861187e+02 -2.0907e+00 +2.1104e+00
2396 0 +5.140276724e-03 +2.083851403e+02 +2.083851403e+02 -2.0921e+00 +2.1101e+00
2670 0 +1.121179410e-03 +2.083811212e+02 +2.083811212e+02 -2.1051e+00 +2.1027e+00
2892 0 +9.358308651e-04 +2.083809358e+02 +2.083809358e+02 -2.0988e+00 +2.1062e+00
2985 0 +9.972123618e-05 +2.083800997e+02 +2.083800997e+02 -2.1034e+00 +2.1047e+00
3098 0 +2.860352600e-05 +2.083800286e+02 +2.083800286e+02 -2.1049e+00 +2.1045e+00
3409 0 +1.579558869e-06 +2.083800016e+02 +2.083800016e+02 -2.1046e+00 +2.1049e+00
3671 0 +1.267379957e-06 +2.083800013e+02 +2.083800013e+02 -2.1046e+00 +2.1049e+00
3841 0 +7.879515351e-07 +2.083800008e+02 +2.083800008e+02 -2.1048e+00 +2.1049e+00
3941 0 +1.527004088e-07 +2.083800002e+02 +2.083800002e+02 -2.1048e+00 +2.1049e+00
4124 0 +1.868144750e-08 +2.083800000e+02 +2.083800000e+02 -2.1049e+00 +2.1048e+00
4224 0 +8.162288623e-09 +2.083800000e+02 +2.083800000e+02 -2.1049e+00 +2.1048e+00
5839 0 +7.958078641e-13 +2.083800000e+02 +2.083800000e+02 -2.1048e+00 +2.1048e+00
6350 0 +0.000000000e+00 +2.083800000e+02 +2.083800000e+02 -2.1048e+00 +2.1048e+00
8051 0 +0.000000000e+00 +2.083800000e+02 +2.083800000e+02 -2.1048e+00 +2.1048e+00
% f evaluations | g evaluations | best noise-free fitness - Fopt (-1.449600000000e+02) + sum g_i+ | measured fitness | best measured fitness or single-digit g-values | x1 | x2...
1 0 +3.090257437e+04 +3.075761437e+04 +3.075761437e+04 +2.8266e+00 +8.9619e-01
2 0 +1.144753773e+03 +9.997937730e+02 +9.997937730e+02 +4.1646e+00 -2.1194e+00
6 0 +5.414283458e+02 +3.964683458e+02 +3.964683458e+02 -3.6615e+00 -4.5473e-01
16 0 +1.939476878e+02 +4.898768783e+01 +4.898768783e+01 +1.6465e+00 -3.3863e+00
23 0 +4.945116120e+00 -1.400148839e+02 -1.400148839e+02 +1.0083e+00 -2.5973e+00
53 0 +2.799719286e+00 -1.421602807e+02 -1.421602807e+02 +1.2978e+00 -1.4903e+00
63 0 +2.603900397e+00 -1.423560996e+02 -1.423560996e+02 +1.3617e+00 -2.1098e+00
72 0 +7.798078503e-01 -1.441801921e+02 -1.441801921e+02 +1.5120e+00 -3.0364e+00
683 0 +3.499947390e-01 -1.446100053e+02 -1.446100053e+02 -2.2197e+00 -2.0856e+00
883 0 +2.965241581e-01 -1.446634758e+02 -1.446634758e+02 -2.2074e+00 -2.0909e+00
1243 0 +1.946622387e-01 -1.447653378e+02 -1.447653378e+02 -2.0877e+00 -2.1365e+00
1358 0 +9.248444291e-02 -1.448675156e+02 -1.448675156e+02 -2.1645e+00 -2.0865e+00
1633 0 +3.840749820e-02 -1.449215925e+02 -1.449215925e+02 -2.1121e+00 -2.0909e+00
2139 0 +4.475237189e-03 -1.449555248e+02 -1.449555248e+02 -2.1058e+00 -2.1004e+00
2860 0 +3.541738674e-03 -1.449564583e+02 -1.449564583e+02 -2.1161e+00 -2.1008e+00
2975 0 +2.415805315e-03 -1.449575842e+02 -1.449575842e+02 -2.0979e+00 -2.1044e+00
3047 0 +3.046800956e-04 -1.449596953e+02 -1.449596953e+02 -2.1045e+00 -2.1038e+00
3370 0 +1.479223845e-04 -1.449598521e+02 -1.449598521e+02 -2.1071e+00 -2.1040e+00
3403 0 +5.472495096e-05 -1.449599453e+02 -1.449599453e+02 -2.1043e+00 -2.1046e+00
3485 0 +3.690269708e-05 -1.449599631e+02 -1.449599631e+02 -2.1046e+00 -2.1053e+00
3502 0 +3.237414452e-05 -1.449599676e+02 -1.449599676e+02 -2.1037e+00 -2.1051e+00
3623 0 +2.901370834e-06 -1.449599971e+02 -1.449599971e+02 -2.1049e+00 -2.1047e+00
3939 0 +1.506932506e-06 -1.449599985e+02 -1.449599985e+02 -2.1051e+00 -2.1048e+00
4020 0 +6.827007439e-07 -1.449599993e+02 -1.449599993e+02 -2.1048e+00 -2.1048e+00
4123 0 +2.818401867e-07 -1.449599997e+02 -1.449599997e+02 -2.1049e+00 -2.1048e+00
4485 0 +2.215219297e-07 -1.449599998e+02 -1.449599998e+02 -2.1048e+00 -2.1049e+00
4492 0 +1.905319493e-07 -1.449599998e+02 -1.449599998e+02 -2.1049e+00 -2.1048e+00
4525 0 +9.519163768e-08 -1.449599999e+02 -1.449599999e+02 -2.1049e+00 -2.1049e+00
4625 0 +3.451694397e-08 -1.449600000e+02 -1.449600000e+02 -2.1049e+00 -2.1048e+00
4768 0 +2.635943019e-08 -1.449600000e+02 -1.449600000e+02 -2.1048e+00 -2.1049e+00
4803 0 +1.702119334e-08 -1.449600000e+02 -1.449600000e+02 -2.1049e+00 -2.1048e+00
4824 0 +1.355283530e-08 -1.449600000e+02 -1.449600000e+02 -2.1048e+00 -2.1049e+00
4864 0 +7.154511650e-09 -1.449600000e+02 -1.449600000e+02 -2.1049e+00 -2.1048e+00
6270 0 +5.684341886e-14 -1.449600000e+02 -1.449600000e+02 -2.1048e+00 -2.1048e+00
6865 0 +0.000000000e+00 -1.449600000e+02 -1.449600000e+02 -2.1048e+00 -2.1048e+00
8051 0 +0.000000000e+00 -1.449600000e+02 -1.449600000e+02 -2.1048e+00 -2.1048e+00
% f evaluations | g evaluations | best noise-free fitness - Fopt (-6.300000000000e+00) + sum g_i+ | measured fitness | best measured fitness or single-digit g-values | x1 | x2...
1 0 +3.002139428e+03 +2.995839428e+03 +2.995839428e+03 -4.4833e+00 -4.4736e+00
2 0 +3.116250399e+00 -3.183749601e+00 -3.183749601e+00 -2.5140e+00 -2.5444e+00
38 0 +2.731889420e+00 -3.568110580e+00 -3.568110580e+00 -6.6268e-01 -2.7226e+00
78 0 +1.672373587e+00 -4.627626413e+00 -4.627626413e+00 -1.3816e+00 -1.8504e+00
101 0 +6.751091274e-01 -5.624890873e+00 -5.624890873e+00 -1.4550e+00 -2.9941e+00
539 0 +4.710743164e-01 -5.828925684e+00 -5.828925684e+00 +2.0806e+00 -2.0673e+00
574 0 +9.356306919e-02 -6.206436931e+00 -6.206436931e+00 +2.1270e+00 -2.0813e+00
1140 0 +7.503974238e-02 -6.224960258e+00 -6.224960258e+00 +2.1479e+00 -2.1047e+00
1173 0 +5.552020747e-02 -6.244479793e+00 -6.244479793e+00 +2.1439e+00 -2.1033e+00
1183 0 +5.009680572e-02 -6.249903194e+00 -6.249903194e+00 +2.1234e+00 -2.0874e+00
1297 0 +4.249864276e-02 -6.257501357e+00 -6.257501357e+00 +2.0637e+00 -2.1152e+00
1387 0 +1.894468178e-02 -6.281055318e+00 -6.281055318e+00 +2.1290e+00 -2.1029e+00
1414 0 +1.164699327e-02 -6.288353007e+00 -6.288353007e+00 +2.1255e+00 -2.0979e+00
1643 0 +1.380934799e-03 -6.298619065e+00 -6.298619065e+00 +2.1120e+00 -2.1025e+00
1956 0 +6.223845980e-04 -6.299377615e+00 -6.299377615e+00 +2.1093e+00 -2.1030e+00
2040 0 +1.972476932e-04 -6.299802752e+00 -6.299802752e+00 +2.1047e+00 -2.1040e+00
2482 0 +1.519571066e-04 -6.299848043e+00 -6.299848043e+00 +2.1052e+00 -2.1055e+00
2485 0 +8.670070022e-05 -6.299913299e+00 -6.299913299e+00 +2.1032e+00 -2.1055e+00
2649 0 +4.201086429e-05 -6.299957989e+00 -6.299957989e+00 +2.1061e+00 -2.1045e+00
2712 0 +2.848226481e-05 -6.299971518e+00 -6.299971518e+00 +2.1059e+00 -2.1047e+00
2880 0 +9.939598051e-06 -6.299990060e+00 -6.299990060e+00 +2.1051e+00 -2.1050e+00
3128 0 +6.264235833e-06 -6.299993736e+00 -6.299993736e+00 +2.1049e+00 -2.1050e+00
3134 0 +5.644022439e-06 -6.299994356e+00 -6.299994356e+00 +2.1048e+00 -2.1050e+00
3217 0 +8.635222724e-07 -6.299999136e+00 -6.299999136e+00 +2.1047e+00 -2.1049e+00
3395 0 +6.438358691e-07 -6.299999356e+00 -6.299999356e+00 +2.1050e+00 -2.1048e+00
3584 0 +1.662810147e-07 -6.299999834e+00 -6.299999834e+00 +2.1048e+00 -2.1048e+00
3825 0 +1.588488336e-07 -6.299999841e+00 -6.299999841e+00 +2.1049e+00 -2.1048e+00
3853 0 +1.440035229e-07 -6.299999856e+00 -6.299999856e+00 +2.1048e+00 -2.1048e+00
3891 0 +8.993129352e-08 -6.299999910e+00 -6.299999910e+00 +2.1048e+00 -2.1048e+00
3922 0 +2.854902892e-08 -6.299999971e+00 -6.299999971e+00 +2.1049e+00 -2.1048e+00
3965 0 +1.329080224e-08 -6.299999987e+00 -6.299999987e+00 +2.1048e+00 -2.1048e+00
4054 0 +2.183617731e-09 -6.299999998e+00 -6.299999998e+00 +2.1049e+00 -2.1048e+00
5535 0 +5.373479439e-13 -6.300000000e+00 -6.300000000e+00 +2.1048e+00 -2.1048e+00
6857 0 +0.000000000e+00 -6.300000000e+00 -6.300000000e+00 +2.1048e+00 -2.1048e+00
8051 0 +0.000000000e+00 -6.300000000e+00 -6.300000000e+00 +2.1048e+00 -2.1048e+00
% f evaluations | g evaluations | best noise-free fitness - Fopt (-5.465000000000e+02) + sum g_i+ | measured fitness | best measured fitness or single-digit g-values | x1 | x2...
1 0 +2.836463777e+04 +2.781813777e+04 +2.781813777e+04 +2.2249e+00 -9.3135e-01
2 0 +2.629841056e+04 +2.575191056e+04 +2.575191056e+04 -4.5298e+00 +4.1061e+00
4 0 +1.607903014e+04 +1.553253014e+04 +1.553253014e+04 -4.7526e+00 -1.8871e+00
5 0 +1.968217037e+03 +1.421717037e+03 +1.421717037e+03 +4.7169e+00 +3.6607e+00
6 0 +1.346580571e+03 +8.000805713e+02 +8.000805713e+02 -4.7786e-01 +3.2150e+00
7 0 +6.995776704e+01 -4.765422330e+02 -4.765422330e+02 +9.9596e-01 +3.1297e+00
8 0 +5.624934559e+00 -5.408750654e+02 -5.408750654e+02 +9.0780e-01 +2.7284e+00
25 0 +4.254905492e+00 -5.422450945e+02 -5.422450945e+02 +1.2073e+00 +1.4987e+00
30 0 +3.775298558e+00 -5.427247014e+02 -5.427247014e+02 -1.2429e+00 +1.4349e+00
40 0 +1.559298085e-01 -5.463440702e+02 -5.463440702e+02 -2.1636e+00 +2.0735e+00
474 0 +8.863569175e-04 -5.464991136e+02 -5.464991136e+02 -2.1053e+00 +2.1066e+00
2314 0 +5.267643098e-05 -5.464999473e+02 -5.464999473e+02 -2.1044e+00 +2.1054e+00
2962 0 +1.279114372e-05 -5.464999872e+02 -5.464999872e+02 -2.1043e+00 +2.1051e+00
3089 0 +6.150121294e-06 -5.464999938e+02 -5.464999938e+02 -2.1046e+00 +2.1048e+00
3096 0 +2.694023920e-06 -5.464999973e+02 -5.464999973e+02 -2.1050e+00 +2.1047e+00
3345 0 +2.491268219e-06 -5.464999975e+02 -5.464999975e+02 -2.1046e+00 +2.1050e+00
3371 0 +7.151535328e-07 -5.464999993e+02 -5.464999993e+02 -2.1047e+00 +2.1049e+00
3517 0 +1.605631041e-07 -5.464999998e+02 -5.464999998e+02 -2.1048e+00 +2.1048e+00
3567 0 +1.426489007e-07 -5.464999999e+02 -5.464999999e+02 -2.1048e+00 +2.1048e+00
3668 0 +9.631662579e-08 -5.464999999e+02 -5.464999999e+02 -2.1049e+00 +2.1048e+00
3901 0 +1.416015039e-08 -5.465000000e+02 -5.465000000e+02 -2.1049e+00 +2.1048e+00
4079 0 +6.699224286e-09 -5.465000000e+02 -5.465000000e+02 -2.1049e+00 +2.1048e+00
5437 0 +4.547473509e-13 -5.465000000e+02 -5.465000000e+02 -2.1048e+00 +2.1048e+00
5578 0 +0.000000000e+00 -5.465000000e+02 -5.465000000e+02 -2.1048e+00 +2.1048e+00
8051 0 +0.000000000e+00 -5.465000000e+02 -5.465000000e+02 -2.1048e+00 +2.1048e+00
% f evaluations | g evaluations | best noise-free fitness - Fopt (1.000000000000e+03) + sum g_i+ | measured fitness | best measured fitness or single-digit g-values | x1 | x2...
1 0 +2.098722251e+04 +2.198722251e+04 +2.198722251e+04 +4.7416e-01 -9.9687e-01
4 0 +5.191955744e+02 +1.519195574e+03 +1.519195574e+03 -3.2615e+00 +9.3906e-02
7 0 +3.049036773e+02 +1.304903677e+03 +1.304903677e+03 -2.9132e+00 +2.0744e-01
32 0 +4.897057171e+00 +1.004897057e+03 +1.004897057e+03 +2.7547e-01 +2.4426e+00
49 0 +2.899028479e+00 +1.002899028e+03 +1.002899028e+03 -2.1016e-01 +1.4669e+00
57 0 +2.546943823e+00 +1.002546944e+03 +1.002546944e+03 -2.0208e+00 +1.3693e+00
119 0 +2.438994044e+00 +1.002438994e+03 +1.002438994e+03 -2.2197e+00 +1.4291e+00
135 0 +1.489736590e+00 +1.001489737e+03 +1.001489737e+03 -1.1435e+00 +2.3349e+00
356 0 +1.115121288e+00 +1.001115121e+03 +1.001115121e+03 -1.9623e+00 +1.0086e+00
457 0 +7.688618271e-01 +1.000768862e+03 +1.000768862e+03 -2.0208e+00 +9.8469e-01
513 0 +7.003307789e-01 +1.000700331e+03 +1.000700331e+03 -2.1022e+00 +9.4085e-01
551 0 +6.692064684e-01 +1.000669206e+03 +1.000669206e+03 -2.0634e+00 +9.8288e-01
602 0 +4.061077017e-02 +1.000040611e+03 +1.000040611e+03 -2.1443e+00 +2.0973e+00
697 0 +2.097351195e-03 +1.000002097e+03 +1.000002097e+03 -2.1093e+00 +2.1062e+00
1958 0 +4.215964316e-05 +1.000000042e+03 +1.000000042e+03 -2.1036e+00 +2.1052e+00
2653 0 +2.750822546e-06 +1.000000003e+03 +1.000000003e+03 -2.1046e+00 +2.1048e+00
2752 0 +2.038777893e-06 +1.000000002e+03 +1.000000002e+03 -2.1050e+00 +2.1049e+00
3353 0 +1.229090117e-06 +1.000000001e+03 +1.000000001e+03 -2.1046e+00 +2.1049e+00
3438 0 +9.060877346e-07 +1.000000001e+03 +1.000000001e+03 -2.1049e+00 +2.1049e+00
3494 0 +8.546422805e-07 +1.000000001e+03 +1.000000001e+03 -2.1049e+00 +2.1049e+00
3560 0 +4.118807055e-07 +1.000000000e+03 +1.000000000e+03 -2.1050e+00 +2.1048e+00
3738 0 +2.479491741e-07 +1.000000000e+03 +1.000000000e+03 -2.1049e+00 +2.1048e+00
3752 0 +2.365953833e-07 +1.000000000e+03 +1.000000000e+03 -2.1048e+00 +2.1049e+00
3844 0 +1.513626557e-07 +1.000000000e+03 +1.000000000e+03 -2.1049e+00 +2.1048e+00
3875 0 +5.666277048e-08 +1.000000000e+03 +1.000000000e+03 -2.1049e+00 +2.1048e+00
3924 0 +2.421666068e-08 +1.000000000e+03 +1.000000000e+03 -2.1049e+00 +2.1048e+00
4045 0 +3.543732419e-09 +1.000000000e+03 +1.000000000e+03 -2.1048e+00 +2.1048e+00
5594 0 +1.136868377e-13 +1.000000000e+03 +1.000000000e+03 -2.1048e+00 +2.1048e+00
5860 0 +0.000000000e+00 +1.000000000e+03 +1.000000000e+03 -2.1048e+00 +2.1048e+00
8051 0 +0.000000000e+00 +1.000000000e+03 +1.000000000e+03 -2.1048e+00 +2.1048e+00
% f evaluations | g evaluations | best noise-free fitness - Fopt (2.083800000000e+02) + sum g_i+ | measured fitness | best measured fitness or single-digit g-values | x1 | x2...
1 0 +3.277244081e+04 +3.298082081e+04 +3.298082081e+04 -3.2625e+00 +4.7921e+00
2 0 +1.882893444e+02 +3.966693444e+02 +3.966693444e+02 +3.1749e+00 +2.1340e+00
3 0 +2.094440827e+00 +2.104744408e+02 +2.104744408e+02 -2.1519e+00 +1.3713e+00
96 0 +8.166350968e-01 +2.091966351e+02 +2.091966351e+02 -2.2625e+00 +2.0946e+00
553 0 +1.032377594e-01 +2.084832378e+02 +2.084832378e+02 -2.1519e+00 +2.1068e+00
853 0 +1.164816649e-02 +2.083916482e+02 +2.083916482e+02 -2.0854e+00 +2.1068e+00
1883 0 +1.017299882e-02 +2.083901730e+02 +2.083901730e+02 -2.1162e+00 +2.1073e+00
2001 0 +7.688030152e-03 +2.083876880e+02 +2.083876880e+02 -2.0908e+00 +2.1116e+00
2032 0 +4.128618808e-03 +2.083841286e+02 +2.083841286e+02 -2.0942e+00 +2.1052e+00
2082 0 +1.319133830e-03 +2.083813191e+02 +2.083813191e+02 -2.1099e+00 +2.1052e+00
2582 0 +6.369526788e-04 +2.083806370e+02 +2.083806370e+02 -2.1099e+00 +2.1035e+00
2695 0 +9.659594784e-05 +2.083800966e+02 +2.083800966e+02 -2.1042e+00 +2.1044e+00
2920 0 +7.003129667e-07 +2.083800007e+02 +2.083800007e+02 -2.1049e+00 +2.1048e+00
3707 0 +2.663597343e-09 +2.083800000e+02 +2.083800000e+02 -2.1048e+00 +2.1048e+00
5346 0 +9.379164112e-13 +2.083800000e+02 +2.083800000e+02 -2.1048e+00 +2.1048e+00
5782 0 +0.000000000e+00 +2.083800000e+02 +2.083800000e+02 -2.1048e+00 +2.1048e+00
8051 0 +0.000000000e+00 +2.083800000e+02 +2.083800000e+02 -2.1048e+00 +2.1048e+00
% f evaluations | g evaluations | best noise-free fitness - Fopt (-1.449600000000e+02) + sum g_i+ | measured fitness | best measured fitness or single-digit g-values | x1 | x2...
1 0 +4.854874016e+03 +4.709914016e+03 +4.709914016e+03 +1.3143e+00 -4.1859e+00
2 0 +2.746291766e+03 +2.601331766e+03 +2.601331766e+03 +2.8093e+00 -1.0550e+00
5 0 +8.579318232e+00 -1.363806818e+02 -1.363806818e+02 +2.6331e+00 -3.3723e+00
8 0 +4.057989682e+00 -1.409020103e+02 -1.409020103e+02 -2.4055e+00 -1.3496e+00
38 0 +3.704616303e+00 -1.412553837e+02 -1.412553837e+02 -2.4176e+00 -1.1407e+00
55 0 +3.201149103e+00 -1.417588509e+02 -1.417588509e+02 -1.8956e+00 -1.5282e+00
77 0 +5.697311883e-01 -1.443902688e+02 -1.443902688e+02 -2.1327e+00 -2.0498e+00
695 0 +1.232393931e-01 -1.448367606e+02 -1.448367606e+02 -2.0466e+00 -2.1318e+00
1137 0 +8.087768208e-02 -1.448791223e+02 -1.448791223e+02 -2.1355e+00 -2.1122e+00
1227 0 +2.030269232e-02 -1.449396973e+02 -1.449396973e+02 -2.1327e+00 -2.0963e+00
1277 0 +1.421547996e-02 -1.449457845e+02 -1.449457845e+02 -2.1098e+00 -2.0963e+00
1477 0 +1.145533191e-02 -1.449485447e+02 -1.449485447e+02 -2.1183e+00 -2.0963e+00
1556 0 +7.645539610e-03 -1.449523545e+02 -1.449523545e+02 -2.0952e+00 -2.1027e+00
1656 0 +2.295027785e-03 -1.449577050e+02 -1.449577050e+02 -2.1020e+00 -2.1027e+00
1975 0 +9.816253447e-05 -1.449599018e+02 -1.449599018e+02 -2.1036e+00 -2.1047e+00
2111 0 +9.044977784e-05 -1.449599096e+02 -1.449599096e+02 -2.1046e+00 -2.1043e+00
2567 0 +4.592006394e-05 -1.449599541e+02 -1.449599541e+02 -2.1061e+00 -2.1044e+00
2816 0 +2.788792906e-05 -1.449599721e+02 -1.449599721e+02 -2.1054e+00 -2.1044e+00
2845 0 +1.300669757e-05 -1.449599870e+02 -1.449599870e+02 -2.1054e+00 -2.1046e+00
2964 0 +8.820590864e-06 -1.449599912e+02 -1.449599912e+02 -2.1053e+00 -2.1046e+00
3057 0 +5.683602865e-06 -1.449599943e+02 -1.449599943e+02 -2.1053e+00 -2.1048e+00
3091 0 +1.633758075e-06 -1.449599984e+02 -1.449599984e+02 -2.1051e+00 -2.1048e+00
3211 0 +3.678129872e-07 -1.449599996e+02 -1.449599996e+02 -2.1048e+00 -2.1049e+00
3242 0 +3.293528437e-07 -1.449599997e+02 -1.449599997e+02 -2.1050e+00 -2.1048e+00
3375 0 +1.266909635e-07 -1.449599999e+02 -1.449599999e+02 -2.1048e+00 -2.1049e+00
3616 0 +1.176666728e-07 -1.449599999e+02 -1.449599999e+02 -2.1049e+00 -2.1048e+00
3625 0 +5.425263794e-08 -1.449599999e+02 -1.449599999e+02 -2.1048e+00 -2.1049e+00
3716 0 +5.106272738e-09 -1.449600000e+02 -1.449600000e+02 -2.1049e+00 -2.1048e+00
5060 0 +8.810729923e-13 -1.449600000e+02 -1.449600000e+02 -2.1048e+00 -2.1048e+00
5681 0 +0.000000000e+00 -1.449600000e+02 -1.449600000e+02 -2.1048e+00 -2.1048e+00
8051 0 +0.000000000e+00 -1.449600000e+02 -1.449600000e+02 -2.1048e+00 -2.1048e+00
% f evaluations | g evaluations | best noise-free fitness - Fopt (-6.300000000000e+00) + sum g_i+ | measured fitness | best measured fitness or single-digit g-values | x1 | x2...
1 0 +9.132034515e+02 +9.069034515e+02 +9.069034515e+02 -1.3618e+00 -1.0383e+00
7 0 +3.757111812e+02 +3.694111812e+02 +3.694111812e+02 +3.4675e+00 -1.2619e+00
13 0 +2.831069643e+02 +2.768069643e+02 +2.768069643e+02 +1.8246e+00 -4.5545e-01
15 0 +1.621078327e+01 +9.910783266e+00 +9.910783266e+00 +2.6535e+00 -9.2452e-01
20 0 +3.669675075e+00 -2.630324925e+00 -2.630324925e+00 -5.4665e-01 -1.9583e+00
53 0 +2.758745355e+00 -3.541254645e+00 -3.541254645e+00 -1.7169e+00 -2.6952e+00
83 0 +2.570610308e+00 -3.729389692e+00 -3.729389692e+00 +2.2716e+00 -1.1582e+00
89 0 +2.152875300e+00 -4.147124700e+00 -4.147124700e+00 +1.9216e+00 -2.2282e+00
96 0 +1.970495701e+00 -4.329504299e+00 -4.329504299e+00 -1.4628e+00 -1.5295e+00
163 0 +1.058889463e+00 -5.241110537e+00 -5.241110537e+00 +2.1084e+00 -2.0353e+00
164 0 +9.985156455e-01 -5.301484354e+00 -5.301484354e+00 -1.4163e+00 -3.0119e+00
246 0 +6.662155105e-01 -5.633784489e+00 -5.633784489e+00 -1.4628e+00 -3.0036e+00
907 0 +9.825295027e-03 -6.290174705e+00 -6.290174705e+00 +2.1207e+00 -2.0972e+00
1472 0 +6.405154588e-03 -6.293594845e+00 -6.293594845e+00 +2.0960e+00 -2.1112e+00
1877 0 +2.688764186e-03 -6.297311236e+00 -6.297311236e+00 +2.1064e+00 -2.1012e+00
2326 0 +1.262453540e-03 -6.298737546e+00 -6.298737546e+00 +2.1063e+00 -2.1023e+00
2592 0 +4.833457757e-04 -6.299516654e+00 -6.299516654e+00 +2.1081e+00 -2.1031e+00
2791 0 +1.329000836e-05 -6.299986710e+00 -6.299986710e+00 +2.1043e+00 -2.1051e+00
3233 0 +1.666122022e-06 -6.299998334e+00 -6.299998334e+00 +2.1046e+00 -2.1049e+00
3348 0 +1.423605904e-06 -6.299998576e+00 -6.299998576e+00 +2.1046e+00 -2.1049e+00
3615 0 +3.385464629e-07 -6.299999661e+00 -6.299999661e+00 +2.1048e+00 -2.1048e+00
3784 0 +1.584613596e-08 -6.299999984e+00 -6.299999984e+00 +2.1048e+00 -2.1049e+00
4073 0 +4.686738997e-09 -6.299999995e+00 -6.299999995e+00 +2.1048e+00 -2.1048e+00
5713 0 +1.003641614e-13 -6.300000000e+00 -6.300000000e+00 +2.1048e+00 -2.1048e+00
7067 0 +0.000000000e+00 -6.300000000e+00 -6.300000000e+00 +2.1048e+00 -2.1048e+00
8051 0 +0.000000000e+00 -6.300000000e+00 -6.300000000e+00 +2.1048e+00 -2.1048e+00
