% f evaluations | g evaluations | best noise-free fitness - Fopt (-5.465000000000e+02) + sum g_i+ | measured fitness | best measured fitness or single-digit g-values | x1 | x2...
1 0 +5.027300897e+03 +4.480800897e+03 +4.480800897e+03 -2.3368e+00 -2.4472e+00 +3.6983e+00
10 0 +1.126275245e+03 +5.797752445e+02 +5.797752445e+02 +1.9441e+00 +4.2804e+00 +1.6259e+00
26 0 +9.732036145e+00 -5.367679639e+02 -5.367679639e+02 +2.6282e+00 +1.2517e+00 +9.7669e-01
49 0 +3.326652365e+00 -5.431733476e+02 -5.431733476e+02 -1.1204e+00 +1.3601e+00 +8.5423e-01
63 0 +3.059750243e+00 -5.434402498e+02 -5.434402498e+02 +2.3023e+00 +1.1048e+00 +2.3939e+00
183 0 +2.791205369e+00 -5.437087946e+02 -5.437087946e+02 +3.4761e-01 +2.0705e+00 +9.6975e-01
328 0 +2.671257925e+00 -5.438287421e+02 -5.438287421e+02 -9.2530e-01 +1.8313e+00 +1.3085e+00
465 0 +2.487993704e+00 -5.440120063e+02 -5.440120063e+02 -8.1956e-01 +2.5005e+00 +1.6983e+00
488 0 +2.295612493e+00 -5.442043875e+02 -5.442043875e+02 -6.1813e-01 +4.6337e-01 +2.5359e+00
499 0 +2.152757630e+00 -5.443472424e+02 -5.443472424e+02 +1.7498e-01 +2.7135e+00 +8.5423e-01
568 0 +1.931379614e+00 -5.445686204e+02 -5.445686204e+02 -1.8175e+00 +2.1463e+00 +9.0392e-01
752 0 +1.724920337e+00 -5.447750797e+02 -5.447750797e+02 -2.1350e+00 +2.1719e+00 +1.4811e+00
868 0 +9.581846797e-01 -5.455418153e+02 -5.455418153e+02 -2.0247e+00 +2.1187e+00 +9.0392e-01
1789 0 +4.473531594e-01 -5.460526468e+02 -5.460526468e+02 -2.0727e+00 +2.1088e+00 +9.7425e-01
1846 0 +1.589242663e-01 -5.463410757e+02 -5.463410757e+02 -2.0884e+00 +2.0629e+00 +2.0991e+00
2296 0 +1.389751863e-01 -5.463610248e+02 -5.463610248e+02 -2.1620e+00 +2.0629e+00 +2.0991e+00
2346 0 +1.211064909e-01 -5.463788935e+02 -5.463788935e+02 -2.1314e+00 +2.0629e+00 +2.0991e+00
2356 0 +9.731808052e-02 -5.464026819e+02 -5.464026819e+02 -2.1505e+00 +2.0694e+00 +2.0999e+00
4005 0 +6.835020875e-02 -5.464316498e+02 -5.464316498e+02 -2.1152e+00 +2.0993e+00 +2.0863e+00
4187 0 +2.097758464e-02 -5.464790224e+02 -5.464790224e+02 -2.1397e+00 +2.0932e+00 +2.1083e+00
4294 0 +1.788130629e-02 -5.464821187e+02 -5.464821187e+02 -2.1197e+00 +2.0857e+00 +2.1126e+00
4406 0 +1.397077326e-02 -5.464860292e+02 -5.464860292e+02 -2.0777e+00 +2.1150e+00 +2.0999e+00
4410 0 +3.675625586e-03 -5.464963244e+02 -5.464963244e+02 -2.0951e+00 +2.1053e+00 +2.1014e+00
4760 0 +1.883370384e-03 -5.464981166e+02 -5.464981166e+02 -2.1052e+00 +2.1053e+00 +2.1014e+00
5294 0 +1.660252753e-03 -5.464983397e+02 -5.464983397e+02 -2.1097e+00 +2.0993e+00 +2.1075e+00
5410 0 +1.186063461e-03 -5.464988139e+02 -5.464988139e+02 -2.1114e+00 +2.1053e+00 +2.1059e+00
5477 0 +3.727706141e-04 -5.464996272e+02 -5.464996272e+02 -2.1086e+00 +2.1033e+00 +2.1061e+00
5550 0 +1.220042114e-04 -5.464998780e+02 -5.464998780e+02 -2.1023e+00 +2.1060e+00 +2.1046e+00
5666 0 +1.180020784e-04 -5.464998820e+02 -5.464998820e+02 -2.1055e+00 +2.1060e+00 +2.1049e+00
5762 0 +4.096042790e-05 -5.464999590e+02 -5.464999590e+02 -2.1041e+00 +2.1056e+00 +2.1044e+00
5862 0 +3.680423470e-05 -5.464999632e+02 -5.464999632e+02 -2.1046e+00 +2.1056e+00 +2.1049e+00
6054 0 +2.557650748e-05 -5.464999744e+02 -5.464999744e+02 -2.1047e+00 +2.1043e+00 +2.1052e+00
6099 0 +1.965450224e-06 -5.464999980e+02 -5.464999980e+02 -2.1047e+00 +2.1051e+00 +2.1048e+00
6490 0 +1.715214580e-06 -5.464999983e+02 -5.464999983e+02 -2.1050e+00 +2.1049e+00 +2.1049e+00
6518 0 +7.919700238e-07 -5.464999992e+02 -5.464999992e+02 -2.1050e+00 +2.1049e+00 +2.1048e+00
7121 0 +3.431769073e-07 -5.464999997e+02 -5.464999997e+02 -2.1049e+00 +2.1048e+00 +2.1049e+00
7142 0 +3.285546200e-07 -5.464999997e+02 -5.464999997e+02 -2.1047e+00 +2.1049e+00 +2.1049e+00
7166 0 +5.305469131e-08 -5.464999999e+02 -5.464999999e+02 -2.1049e+00 +2.1048e+00 +2.1049e+00
7371 0 +3.263028248e-08 -5.465000000e+02 -5.465000000e+02 -2.1049e+00 +2.1048e+00 +2.1048e+00
7421 0 +2.726744697e-08 -5.465000000e+02 -5.465000000e+02 -2.1049e+00 +2.1048e+00 +2.1048e+00
7575 0 +2.264005161e-08 -5.465000000e+02 -5.465000000e+02 -2.1048e+00 +2.1049e+00 +2.1048e+00
7626 0 +3.509398994e-09 -5.465000000e+02 -5.465000000e+02 -2.1049e+00 +2.1048e+00 +2.1048e+00
8971 0 +3.410605132e-13 -5.465000000e+02 -5.465000000e+02 -2.1048e+00 +2.1048e+00 +2.1048e+00
10064 0 +0.000000000e+00 -5.465000000e+02 -5.465000000e+02 -2.1048e+00 +2.1048e+00 +2.1048e+00
12051 0 +0.000000000e+00 -5.465000000e+02 -5.465000000e+02 -2.1048e+00 +2.1048e+00 +2.1048e+00
% f evaluations | g evaluations | best noise-free fitness - Fopt (1.000000000000e+03) + sum g_i+ | measured fitness | best measured fitness or single-digit g-values | x1 | x2...
1 0 +2.582546260e+04 +2.682546260e+04 +2.682546260e+04 -4.1819e+00 +1.4226e+00 +1.6648e+00
3 0 +1.684393863e+04 +1.784393863e+04 +1.784393863e+04 -4.5897e+00 +3.4319e+00 -3.5811e+00
5 0 +1.488236205e+04 +1.588236205e+04 +1.588236205e+04 +4.1378e+00 -2.2277e+00 -1.7880e+00
6 0 +1.096030139e+04 +1.196030139e+04 +1.196030139e+04 +4.1218e+00 -1.6764e+00 -3.4704e+00
9 0 +6.652933593e+03 +7.652933593e+03 +7.652933593e+03 +1.0173e+00 -1.0157e-01 -4.0506e+00
10 0 +1.199172890e+03 +2.199172890e+03 +2.199172890e+03 -1.7659e+00 +3.1124e+00 -2.3581e+00
11 0 +5.341404762e+02 +1.534140476e+03 +1.534140476e+03 +2.2092e+00 +4.0532e+00 -1.3740e+00
26 0 +6.064465981e+01 +1.060644660e+03 +1.060644660e+03 -2.3589e+00 -7.6435e-01 -2.8983e+00
31 0 +5.827698864e+00 +1.005827699e+03 +1.005827699e+03 +1.9514e+00 +2.1622e+00 -1.8617e+00
107 0 +4.513101914e+00 +1.004513102e+03 +1.004513102e+03 -1.3418e+00 +4.8150e-01 -2.5755e+00
116 0 +4.143331860e+00 +1.004143332e+03 +1.004143332e+03 +2.2221e+00 +2.4913e+00 -2.0649e+00
142 0 +3.838405326e+00 +1.003838405e+03 +1.003838405e+03 +1.9003e+00 +2.9327e+00 -7.4503e-01
150 0 +3.299030667e+00 +1.003299031e+03 +1.003299031e+03 +6.6607e-01 +2.1447e+00 -1.4780e+00
157 0 +2.497049677e+00 +1.002497050e+03 +1.002497050e+03 +1.6184e+00 +4.8150e-01 -2.5755e+00
231 0 +1.724831244e+00 +1.001724831e+03 +1.001724831e+03 -2.0802e+00 +2.1622e+00 -1.1619e+00
463 0 +9.116857001e-01 +1.000911686e+03 +1.000911686e+03 -9.4071e-01 +2.3642e+00 -2.0544e+00
603 0 +4.321250333e-01 +1.000432125e+03 +1.000432125e+03 -2.1932e+00 +2.0848e+00 -2.1528e+00
803 0 +3.558601625e-01 +1.000355860e+03 +1.000355860e+03 -2.1595e+00 +2.0207e+00 -2.1436e+00
1184 0 +3.042840537e-01 +1.000304284e+03 +1.000304284e+03 -1.9962e+00 +2.0988e+00 -2.1243e+00
1384 0 +9.404734111e-02 +1.000094047e+03 +1.000094047e+03 -2.1525e+00 +2.0988e+00 -2.1243e+00
1704 0 +2.486249660e-02 +1.000024862e+03 +1.000024862e+03 -2.0806e+00 +2.1189e+00 -2.1096e+00
2554 0 +2.210095608e-02 +1.000022101e+03 +1.000022101e+03 -2.0863e+00 +2.1189e+00 -2.1096e+00
3309 0 +1.566441889e-02 +1.000015664e+03 +1.000015664e+03 -2.1222e+00 +2.0902e+00 -2.1139e+00
3422 0 +1.347999401e-02 +1.000013480e+03 +1.000013480e+03 -2.1019e+00 +2.1068e+00 -2.1132e+00
3472 0 +1.071145261e-02 +1.000010711e+03 +1.000010711e+03 -2.1019e+00 +2.0975e+00 -2.1132e+00
3546 0 +7.255666456e-03 +1.000007256e+03 +1.000007256e+03 -2.1115e+00 +2.0995e+00 -2.1003e+00
3722 0 +1.599273554e-03 +1.000001599e+03 +1.000001599e+03 -2.1047e+00 +2.0999e+00 -2.1048e+00
3922 0 +7.260031781e-04 +1.000000726e+03 +1.000000726e+03 -2.1037e+00 +2.1018e+00 -2.1048e+00
4422 0 +2.584556705e-05 +1.000000026e+03 +1.000000026e+03 -2.1037e+00 +2.1049e+00 -2.1048e+00
4695 0 +2.534166219e-05 +1.000000025e+03 +1.000000025e+03 -2.1053e+00 +2.1045e+00 -2.1046e+00
4998 0 +1.871646282e-05 +1.000000019e+03 +1.000000019e+03 -2.1051e+00 +2.1053e+00 -2.1046e+00
5045 0 +3.164408099e-06 +1.000000003e+03 +1.000000003e+03 -2.1048e+00 +2.1051e+00 -2.1048e+00
5245 0 +5.534387810e-07 +1.000000001e+03 +1.000000001e+03 -2.1048e+00 +2.1048e+00 -2.1048e+00
5542 0 +1.223601203e-07 +1.000000000e+03 +1.000000000e+03 -2.1048e+00 +2.1048e+00 -2.1049e+00
6138 0 +7.550522696e-08 +1.000000000e+03 +1.000000000e+03 -2.1048e+00 +2.1048e+00 -2.1048e+00
6257 0 +6.587811185e-08 +1.000000000e+03 +1.000000000e+03 -2.1049e+00 +2.1048e+00 -2.1049e+00
6284 0 +3.045670383e-08 +1.000000000e+03 +1.000000000e+03 -2.1048e+00 +2.1049e+00 -2.1048e+00
6419 0 +2.385297648e-08 +1.000000000e+03 +1.000000000e+03 -2.1048e+00 +2.1048e+00 -2.1049e+00
6464 0 +2.197759841e-08 +1.000000000e+03 +1.000000000e+03 -2.1048e+00 +2.1048e+00 -2.1048e+00
6589 0 +1.818511919e-08 +1.000000000e+03 +1.000000000e+03 -2.1049e+00 +2.1048e+00 -2.1048e+00
6692 0 +1.777812031e-08 +1.000000000e+03 +1.000000000e+03 -2.1049e+00 +2.1049e+00 -2.1048e+00
6773 0 +1.637681635e-08 +1.000000000e+03 +1.000000000e+03 -2.1048e+00 +2.1049e+00 -2.1048e+00
6838 0 +1.095213520e-08 +1.000000000e+03 +1.000000000e+03 -2.1048e+00 +2.1049e+00 -2.1048e+00
6872 0 +1.113562575e-09 +1.000000000e+03 +1.000000000e+03 -2.1048e+00 +2.1048e+00 -2.1048e+00
8631 0 +9.094947018e-13 +1.000000000e+03 +1.000000000e+03 -2.1048e+00 +2.1048e+00 -2.1048e+00
9294 0 +0.000000000e+00 +1.000000000e+03 +1.000000000e+03 -2.1048e+00 +2.1048e+00 -2.1048e+00
12051 0 +0.000000000e+00 +1.000000000e+03 +1.000000000e+03 -2.1048e+00 +2.1048e+00 -2.1048e+00
% f evaluations | g evaluations | best noise-free fitness - Fopt (2.083800000000e+02) + sum g_i+ | measured fitness | best measured fitness or single-digit g-values | x1 | x2...
1 0 +7.967992248e+04 +7.988830248e+04 +7.988830248e+04 -3.6265e+00 +4.7212e+00 -4.1720e+00
3 0 +2.249958160e+03 +2.458338160e+03 +2.458338160e+03 +4.8698e+00 +4.0289e+00 +1.3448e+00
18 0 +8.790974824e+01 +2.962897482e+02 +2.962897482e+02 -2.9595e+00 -1.9599e-01 +2.7059e+00
42 0 +1.645909054e+01 +2.248390905e+02 +2.248390905e+02 -5.0288e-01 +2.4595e-01 +1.0566e+00
97 0 +6.668557331e+00 +2.150485573e+02 +2.150485573e+02 +1.9021e+00 +6.7026e-01 +2.3290e+00
109 0 +4.871193507e+00 +2.132511935e+02 +2.132511935e+02 +1.9567e+00 +9.7233e-01 +1.9717e+00
158 0 +3.764588229e+00 +2.121445882e+02 +2.121445882e+02 +8.8913e-01 +7.2893e-01 +1.5544e+00
175 0 +3.524415373e+00 +2.119044154e+02 +2.119044154e+02 -1.0496e+00 +1.3868e+00 +1.5273e+00
208 0 +3.186177046e+00 +2.115661770e+02 +2.115661770e+02 -4.3256e-01 -5.2076e-02 +1.5544e+00
285 0 +3.015240982e+00 +2.113952410e+02 +2.113952410e+02 -1.1388e+00 +1.0730e+00 +1.1738e+00
292 0 +2.860842021e+00 +2.112408420e+02 +2.112408420e+02 -2.2617e+00 +1.4814e+00 +8.4379e-01
319 0 +2.411041237e+00 +2.107910412e+02 +2.107910412e+02 +2.4505e+00 +1.3069e+00 +1.1678e+00
334 0 +1.847695730e+00 +2.102276957e+02 +2.102276957e+02 -2.1869e+00 -5.2085e-02 +1.5530e+00
760 0 +1.646840215e+00 +2.100268402e+02 +2.100268402e+02 -2.2950e+00 +2.1181e+00 +1.7272e+00
810 0 +1.248070842e+00 +2.096280708e+02 +2.096280708e+02 -2.2314e+00 +2.1181e+00 +1.7272e+00
995 0 +1.147840661e+00 +2.095278407e+02 +2.095278407e+02 -2.0763e+00 +1.4486e-01 +1.4776e+00
1010 0 +1.121232202e+00 +2.095012322e+02 +2.095012322e+02 -2.2314e+00 +2.1181e+00 +1.7709e+00
1485 0 +9.423914140e-01 +2.093223914e+02 +2.093223914e+02 -2.0088e+00 +2.0393e+00 +2.0714e+00
1486 0 +9.131817621e-01 +2.092931818e+02 +2.092931818e+02 -2.0392e+00 +2.2201e+00 +2.1220e+00
1591 0 +6.195830683e-01 +2.089995831e+02 +2.089995831e+02 -1.9362e+00 +2.0899e+00 +2.1143e+00
1891 0 +3.059066687e-01 +2.086859067e+02 +2.086859067e+02 -1.9928e+00 +2.0899e+00 +2.1143e+00
2155 0 +2.292627493e-01 +2.086092627e+02 +2.086092627e+02 -2.0143e+00 +2.1062e+00 +2.0839e+00
3055 0 +1.013961948e-01 +2.084813962e+02 +2.084813962e+02 -2.0649e+00 +2.1062e+00 +2.0839e+00
3291 0 +6.821852766e-02 +2.084482185e+02 +2.084482185e+02 -2.1660e+00 +2.0899e+00 +2.1143e+00
3755 0 +6.120528459e-02 +2.084412053e+02 +2.084412053e+02 -2.0649e+00 +2.1062e+00 +2.1180e+00
3896 0 +4.306724929e-02 +2.084230672e+02 +2.084230672e+02 -2.1249e+00 +2.1118e+00 +2.0900e+00
4160 0 +1.786650568e-02 +2.083978665e+02 +2.083978665e+02 -2.1102e+00 +2.0859e+00 +2.1073e+00
4606 0 +8.815437319e-03 +2.083888154e+02 +2.083888154e+02 -2.1220e+00 +2.0970e+00 +2.1112e+00
4725 0 +7.252113041e-03 +2.083872521e+02 +2.083872521e+02 -2.1228e+00 +2.0999e+00 +2.1093e+00
4873 0 +4.744955990e-03 +2.083847450e+02 +2.083847450e+02 -2.1017e+00 +2.1035e+00 +2.1001e+00
5023 0 +3.107557843e-03 +2.083831076e+02 +2.083831076e+02 -2.1017e+00 +2.1096e+00 +2.1001e+00
5166 0 +1.134871976e-03 +2.083811349e+02 +2.083811349e+02 -2.1003e+00 +2.1085e+00 +2.1023e+00
5446 0 +1.097651054e-03 +2.083810977e+02 +2.083810977e+02 -2.1114e+00 +2.1006e+00 +2.1056e+00
5470 0 +6.066264160e-04 +2.083806066e+02 +2.083806066e+02 -2.1002e+00 +2.1038e+00 +2.1050e+00
5485 0 +4.778963680e-04 +2.083804779e+02 +2.083804779e+02 -2.1056e+00 +2.1074e+00 +2.1048e+00
5501 0 +3.696084504e-04 +2.083803696e+02 +2.083803696e+02 -2.1043e+00 +2.1024e+00 +2.1057e+00
5712 0 +2.076972881e-04 +2.083802077e+02 +2.083802077e+02 -2.1053e+00 +2.1067e+00 +2.1045e+00
5766 0 +7.082051206e-05 +2.083800708e+02 +2.083800708e+02 -2.1055e+00 +2.1043e+00 +2.1044e+00
6035 0 +1.529604015e-05 +2.083800153e+02 +2.083800153e+02 -2.1056e+00 +2.1044e+00 +2.1048e+00
6178 0 +7.574488677e-06 +2.083800076e+02 +2.083800076e+02 -2.1044e+00 +2.1047e+00 +2.1049e+00
6511 0 +2.154948476e-06 +2.083800022e+02 +2.083800022e+02 -2.1048e+00 +2.1047e+00 +2.1050e+00
6826 0 +4.984254076e-07 +2.083800005e+02 +2.083800005e+02 -2.1050e+00 +2.1048e+00 +2.1049e+00
7078 0 +3.227543175e-07 +2.083800003e+02 +2.083800003e+02 -2.1048e+00 +2.1048e+00 +2.1049e+00
7366 0 +2.062161570e-07 +2.083800002e+02 +2.083800002e+02 -2.1048e+00 +2.1049e+00 +2.1048e+00
7521 0 +8.444919786e-08 +2.083800001e+02 +2.083800001e+02 -2.1049e+00 +2.1048e+00 +2.1049e+00
7539 0 +7.532332802e-08 +2.083800001e+02 +2.083800001e+02 -2.1049e+00 +2.1048e+00 +2.1049e+00
7731 0 +3.765427437e-08 +2.083800000e+02 +2.083800000e+02 -2.1049e+00 +2.1049e+00 +2.1048e+00
7781 0 +2.141936761e-08 +2.083800000e+02 +2.083800000e+02 -2.1049e+00 +2.1048e+00 +2.1048e+00
7796 0 +1.095236257e-08 +2.083800000e+02 +2.083800000e+02 -2.1049e+00 +2.1048e+00 +2.1048e+00
7996 0 +9.335451523e-09 +2.083800000e+02 +2.083800000e+02 -2.1048e+00 +2.1048e+00 +2.1048e+00
10001 0 +5.115907697e-13 +2.083800000e+02 +2.083800000e+02 -2.1048e+00 +2.1048e+00 +2.1048e+00
10907 0 +0.000000000e+00 +2.083800000e+02 +2.083800000e+02 -2.1048e+00 +2.1048e+00 +2.1048e+00
12051 0 +0.000000000e+00 +2.083800000e+02 +2.083800000e+02 -2.1048e+00 +2.1048e+00 +2.1048e+00
% f evaluations | g evaluations | best noise-free fitness - Fopt (-1.449600000000e+02) + sum g_i+ | measured fitness | best measured fitness or single-digit g-values | x1 | x2...
1 0 +4.066618776e+04 +4.052122776e+04 +4.052122776e+04 -2.8840e+00 +3.1235e+00 +9.1893e-01
2 0 +6.596930339e+03 +6.451970339e+03 +6.451970339e+03 +4.2499e+00 +9.4948e-01 -3.0887e+00
3 0 +2.098297887e+03 +1.953337887e+03 +1.953337887e+03 -1.2639e+00 -3.8231e+00 -3.6221e-01
12 0 +4.213630214e+00 -1.407463698e+02 -1.407463698e+02 +2.3913e+00 -1.6194e+00 -1.6288e+00
104 0 +3.060600683e+00 -1.418993993e+02 -1.418993993e+02 +1.6274e+00 -1.1293e+00 -1.4373e+00
162 0 +2.692165660e+00 -1.422678343e+02 -1.422678343e+02 +1.6283e+00 -1.1920e+00 -1.1969e+00
179 0 +2.639559634e+00 -1.423204404e+02 -1.423204404e+02 -1.9416e+00 +3.3408e-01 -2.7334e+00
227 0 +2.453962157e+00 -1.425060378e+02 -1.425060378e+02 +1.7526e+00 -1.5562e+00 -2.2762e+00
350 0 +1.610352560e+00 -1.433496474e+02 -1.433496474e+02 +1.4551e+00 -9.7522e-01 -2.0573e+00
646 0 +1.047235544e+00 -1.439127645e+02 -1.439127645e+02 +1.6256e+00 -1.0103e+00 -2.3622e+00
1440 0 +9.299598310e-01 -1.440300402e+02 -1.440300402e+02 +1.6016e+00 -9.8521e-01 -2.3829e+00
1465 0 +8.645096404e-01 -1.440954904e+02 -1.440954904e+02 +1.5457e+00 -1.0153e+00 -2.3735e+00
1688 0 +2.045282036e-01 -1.447554718e+02 -1.447554718e+02 -2.1430e+00 -2.0956e+00 -2.0739e+00
2138 0 +2.041544575e-01 -1.447558455e+02 -1.447558455e+02 -2.0262e+00 -2.0956e+00 -2.0885e+00
2779 0 +1.783504474e-01 -1.447816496e+02 -1.447816496e+02 -2.1713e+00 -2.0446e+00 -2.1145e+00
2838 0 +6.680317904e-02 -1.448931968e+02 -1.448931968e+02 -2.1265e+00 -2.0956e+00 -2.0885e+00
3738 0 +5.041376009e-02 -1.449095862e+02 -1.449095862e+02 -2.1265e+00 -2.0737e+00 -2.1059e+00
4173 0 +1.485007319e-02 -1.449451499e+02 -1.449451499e+02 -2.1126e+00 -2.0891e+00 -2.1135e+00
4273 0 +1.471856876e-02 -1.449452814e+02 -1.449452814e+02 -2.1289e+00 -2.0891e+00 -2.1089e+00
4638 0 +1.314185768e-03 -1.449586858e+02 -1.449586858e+02 -2.0981e+00 -2.1036e+00 -2.1059e+00
6075 0 +1.012408392e-03 -1.449589876e+02 -1.449589876e+02 -2.1004e+00 -2.1050e+00 -2.1029e+00
6242 0 +8.067533863e-04 -1.449591932e+02 -1.449591932e+02 -2.1002e+00 -2.1045e+00 -2.1036e+00
6260 0 +4.697975701e-04 -1.449595302e+02 -1.449595302e+02 -2.1002e+00 -2.1065e+00 -2.1052e+00
6509 0 +4.506742525e-04 -1.449595493e+02 -1.449595493e+02 -2.1070e+00 -2.1051e+00 -2.1062e+00
6563 0 +3.827425558e-04 -1.449596173e+02 -1.449596173e+02 -2.1020e+00 -2.1064e+00 -2.1055e+00
6609 0 +3.703462506e-04 -1.449596297e+02 -1.449596297e+02 -2.1038e+00 -2.1043e+00 -2.1036e+00
6656 0 +1.385203279e-04 -1.449598615e+02 -1.449598615e+02 -2.1036e+00 -2.1065e+00 -2.1047e+00
6702 0 +8.422640900e-05 -1.449599158e+02 -1.449599158e+02 -2.1030e+00 -2.1046e+00 -2.1049e+00
6802 0 +2.646370288e-05 -1.449599735e+02 -1.449599735e+02 -2.1045e+00 -2.1042e+00 -2.1049e+00
6939 0 +8.595973355e-06 -1.449599914e+02 -1.449599914e+02 -2.1049e+00 -2.1047e+00 -2.1047e+00
7185 0 +8.203715225e-06 -1.449599918e+02 -1.449599918e+02 -2.1055e+00 -2.1046e+00 -2.1050e+00
7235 0 +5.253934290e-06 -1.449599947e+02 -1.449599947e+02 -2.1053e+00 -2.1046e+00 -2.1050e+00
7364 0 +4.792938455e-06 -1.449599952e+02 -1.449599952e+02 -2.1045e+00 -2.1048e+00 -2.1048e+00
7426 0 +1.927042007e-06 -1.449599981e+02 -1.449599981e+02 -2.1048e+00 -2.1050e+00 -2.1049e+00
7684 0 +8.228643935e-07 -1.449599992e+02 -1.449599992e+02 -2.1050e+00 -2.1049e+00 -2.1049e+00
7906 0 +6.802214614e-07 -1.449599993e+02 -1.449599993e+02 -2.1046e+00 -2.1049e+00 -2.1048e+00
7924 0 +6.724206401e-07 -1.449599993e+02 -1.449599993e+02 -2.1049e+00 -2.1049e+00 -2.1048e+00
7956 0 +5.496846143e-07 -1.449599995e+02 -1.449599995e+02 -2.1047e+00 -2.1049e+00 -2.1048e+00
8058 0 +4.102242031e-07 -1.449599996e+02 -1.449599996e+02 -2.1048e+00 -2.1049e+00 -2.1048e+00
8115 0 +2.404481734e-07 -1.449599998e+02 -1.449599998e+02 -2.1049e+00 -2.1048e+00 -2.1048e+00
8135 0 +1.687594136e-07 -1.449599998e+02 -1.449599998e+02 -2.1049e+00 -2.1048e+00 -2.1049e+00
8268 0 +7.263295743e-08 -1.449599999e+02 -1.449599999e+02 -2.1048e+00 -2.1048e+00 -2.1049e+00
8403 0 +4.652807206e-08 -1.449600000e+02 -1.449600000e+02 -2.1048e+00 -2.1049e+00 -2.1048e+00
8406 0 +1.873553401e-08 -1.449600000e+02 -1.449600000e+02 -2.1049e+00 -2.1048e+00 -2.1048e+00
8452 0 +1.156979579e-08 -1.449600000e+02 -1.449600000e+02 -2.1048e+00 -2.1048e+00 -2.1048e+00
8531 0 +6.456957635e-09 -1.449600000e+02 -1.449600000e+02 -2.1048e+00 -2.1048e+00 -2.1048e+00
10588 0 +9.663381206e-13 -1.449600000e+02 -1.449600000e+02 -2.1048e+00 -2.1048e+00 -2.1048e+00
11464 0 +0.000000000e+00 -1.449600000e+02 -1.449600000e+02 -2.1048e+00 -2.1048e+00 -2.1048e+00
12051 0 +0.000000000e+00 -1.449600000e+02 -1.449600000e+02 -2.1048e+00 -2.1048e+00 -2.1048e+00
% f evaluations | g evaluations | best noise-free fitness - Fopt (-6.300000000000e+00) + sum g_i+ | measured fitness | best measured fitness or single-digit g-values | x1 | x2...
1 0 +1.398832443e+05 +1.398769443e+05 +1.398769443e+05 +4.0137e+00 +3.7420e+00 +3.5723e+00
2 0 +6.977803020e+04 +6.977173020e+04 +6.977173020e+04 +3.4079e+00 -4.7787e+00 +3.8831e+00
3 0 +6.117140269e+03 +6.110840269e+03 +6.110840269e+03 +7.8768e-01 -4.7014e+00 +4.5328e-01
5 0 +5.318639271e+03 +5.312339271e+03 +5.312339271e+03 +4.0940e+00 +2.5261e+00 -3.9523e+00
20 0 +6.323493135e+00 +2.349313480e-02 +2.349313480e-02 -1.8096e+00 -1.3791e+00 -9.6095e-01
21 0 +3.520521071e+00 -2.779478929e+00 -2.779478929e+00 -3.2507e-01 -2.0116e+00 -6.6577e-01
93 0 +2.824267558e+00 -3.475732442e+00 -3.475732442e+00 -3.7865e-01 -1.2129e+00 -2.3667e+00
299 0 +2.292320546e+00 -4.007679454e+00 -4.007679454e+00 -7.3468e-01 -2.8294e+00 -1.0354e+00
373 0 +2.039805120e+00 -4.260194880e+00 -4.260194880e+00 +4.7282e-01 -2.4467e+00 -1.9742e+00
406 0 +1.577461286e+00 -4.722538714e+00 -4.722538714e+00 -1.4066e+00 -9.2587e-01 -2.4599e+00
521 0 +1.038149165e+00 -5.261850835e+00 -5.261850835e+00 +2.1770e+00 -2.0536e+00 -6.6577e-01
948 0 +1.018684811e+00 -5.281315189e+00 -5.281315189e+00 -1.5399e+00 -1.0468e+00 -2.3727e+00
1565 0 +5.381174866e-01 -5.761882513e+00 -5.761882513e+00 -1.4448e+00 -3.0249e+00 -1.8827e+00
1740 0 +2.877815019e-01 -6.012218498e+00 -6.012218498e+00 +2.2213e+00 -2.0873e+00 -2.1276e+00
2021 0 +2.211893058e-01 -6.078810694e+00 -6.078810694e+00 +2.1770e+00 -2.0755e+00 -2.0844e+00
3155 0 +8.351564504e-02 -6.216484355e+00 -6.216484355e+00 +2.0624e+00 -2.1463e+00 -2.0903e+00
4203 0 +6.557347574e-02 -6.234426524e+00 -6.234426524e+00 +2.0835e+00 -2.1058e+00 -2.0861e+00
4233 0 +1.524891339e-02 -6.284751087e+00 -6.284751087e+00 +2.1219e+00 -2.0895e+00 -2.1134e+00
4923 0 +5.168100334e-03 -6.294831900e+00 -6.294831900e+00 +2.0947e+00 -2.1122e+00 -2.0994e+00
5031 0 +3.250826539e-04 -6.299674917e+00 -6.299674917e+00 +2.1023e+00 -2.1061e+00 -2.1034e+00
6090 0 +2.851128727e-04 -6.299714887e+00 -6.299714887e+00 +2.1074e+00 -2.1024e+00 -2.1053e+00
6109 0 +2.045936990e-04 -6.299795406e+00 -6.299795406e+00 +2.1081e+00 -2.1033e+00 -2.1052e+00
6259 0 +1.008239495e-04 -6.299899176e+00 -6.299899176e+00 +2.1058e+00 -2.1033e+00 -2.1052e+00
6328 0 +6.194023380e-05 -6.299938060e+00 -6.299938060e+00 +2.1037e+00 -2.1056e+00 -2.1050e+00
6584 0 +3.227598928e-05 -6.299967724e+00 -6.299967724e+00 +2.1035e+00 -2.1051e+00 -2.1049e+00
6734 0 +3.090076862e-05 -6.299969099e+00 -6.299969099e+00 +2.1056e+00 -2.1047e+00 -2.1052e+00
6885 0 +2.633417865e-05 -6.299973666e+00 -6.299973666e+00 +2.1055e+00 -2.1052e+00 -2.1050e+00
6893 0 +2.612426769e-05 -6.299973876e+00 -6.299973876e+00 +2.1045e+00 -2.1047e+00 -2.1045e+00
6904 0 +2.048084338e-05 -6.299979519e+00 -6.299979519e+00 +2.1045e+00 -2.1054e+00 -2.1049e+00
6955 0 +6.288089496e-06 -6.299993712e+00 -6.299993712e+00 +2.1048e+00 -2.1046e+00 -2.1050e+00
6960 0 +4.048619539e-06 -6.299995951e+00 -6.299995951e+00 +2.1044e+00 -2.1050e+00 -2.1047e+00
7110 0 +3.926106671e-06 -6.299996074e+00 -6.299996074e+00 +2.1050e+00 -2.1046e+00 -2.1048e+00
7310 0 +2.975858415e-06 -6.299997024e+00 -6.299997024e+00 +2.1052e+00 -2.1046e+00 -2.1049e+00
7352 0 +2.687251330e-06 -6.299997313e+00 -6.299997313e+00 +2.1048e+00 -2.1046e+00 -2.1049e+00
7354 0 +1.019590683e-06 -6.299998980e+00 -6.299998980e+00 +2.1049e+00 -2.1050e+00 -2.1049e+00
7373 0 +1.644650629e-07 -6.299999836e+00 -6.299999836e+00 +2.1048e+00 -2.1049e+00 -2.1048e+00
7758 0 +4.538414178e-08 -6.299999955e+00 -6.299999955e+00 +2.1049e+00 -2.1048e+00 -2.1048e+00
8074 0 +3.563882700e-08 -6.299999964e+00 -6.299999964e+00 +2.1048e+00 -2.1049e+00 -2.1048e+00
8117 0 +2.839997570e-08 -6.299999972e+00 -6.299999972e+00 +2.1049e+00 -2.1048e+00 -2.1048e+00
8207 0 +6.200208347e-09 -6.299999994e+00 -6.299999994e+00 +2.1048e+00 -2.1048e+00 -2.1048e+00
9827 0 +6.306066780e-13 -6.300000000e+00 -6.300000000e+00 +2.1048e+00 -2.1048e+00 -2.1048e+00
11629 0 +0.000000000e+00 -6.300000000e+00 -6.300000000e+00 +2.1048e+00 -2.1048e+00 -2.1048e+00
12051 0 +0.000000000e+00 -6.300000000e+00 -6.300000000e+00 +2.1048e+00 -2.1048e+00 -2.1048e+00
% f evaluations | g evaluations | best noise-free fitness - Fopt (-5.465000000000e+02) + sum g_i+ | measured fitness | best measured fitness or single-digit g-values | x1 | x2...
1 0 +6.489717412e+04 +6.435067412e+04 +6.435067412e+04 -7.0522e-01 -3.9896e+00 -1.2223e+00
2 0 +2.147871741e+04 +2.093221741e+04 +2.093221741e+04 -3.5756e+00 +1.4495e+00 +4.6857e+00
3 0 +2.321639818e+03 +1.775139818e+03 +1.775139818e+03 -4.9079e+00 -6.4557e-01 +1.6487e+00
10 0 +9.557807181e+02 +4.092807181e+02 +4.092807181e+02 +3.3494e+00 +4.4152e+00 +1.4747e+00
33 0 +7.961003598e+01 -4.668899640e+02 -4.668899640e+02 +2.9411e+00 +3.4706e+00 +1.2339e+00
35 0 +5.227694729e+00 -5.412723053e+02 -5.412723053e+02 -1.6640e+00 +5.8443e-01 +1.5406e+00
55 0 +3.830983364e+00 -5.426690166e+02 -5.426690166e+02 +3.0600e-02 +1.1507e+00 +1.6302e+00
86 0 +3.646365206e+00 -5.428536348e+02 -5.428536348e+02 +1.3734e+00 +4.1272e-01 +2.0693e+00
163 0 +1.668302416e+00 -5.448316976e+02 -5.448316976e+02 -2.0147e+00 +9.3289e-01 +2.4254e+00
263 0 +1.615789706e+00 -5.448842103e+02 -5.448842103e+02 -2.0147e+00 +9.3289e-01 +2.3767e+00
404 0 +1.492696988e+00 -5.450073030e+02 -5.450073030e+02 -2.2298e+00 +4.1628e-02 +2.2505e+00
694 0 +1.150884705e+00 -5.453491153e+02 -5.453491153e+02 -2.1698e+00 +4.5105e-02 +1.4340e+00
1094 0 +1.103341535e+00 -5.453966585e+02 -5.453966585e+02 -2.1698e+00 +4.5105e-02 +1.4377e+00
1616 0 +7.477642497e-01 -5.457522358e+02 -5.457522358e+02 -2.1605e+00 +1.9884e+00 +2.1006e+00
1964 0 +7.137912536e-01 -5.457862087e+02 -5.457862087e+02 -2.2626e+00 +2.0308e+00 +2.0842e+00
2216 0 +5.826959859e-01 -5.459173040e+02 -5.459173040e+02 -2.1605e+00 +1.9884e+00 +2.1439e+00
2466 0 +3.472768364e-01 -5.461527232e+02 -5.461527232e+02 -2.1605e+00 +2.0227e+00 +2.1439e+00
3707 0 +3.032278305e-01 -5.461967722e+02 -5.461967722e+02 -1.9859e+00 +2.1713e+00 +2.0843e+00
3716 0 +2.427252383e-01 -5.462572748e+02 -5.462572748e+02 -2.1605e+00 +2.0833e+00 +2.1439e+00
3865 0 +5.573011561e-02 -5.464442699e+02 -5.464442699e+02 -2.0966e+00 +2.1384e+00 +2.0999e+00
4165 0 +3.982855396e-02 -5.464601714e+02 -5.464601714e+02 -2.0966e+00 +2.1336e+00 +2.0999e+00
4462 0 +2.032529534e-02 -5.464796747e+02 -5.464796747e+02 -2.0928e+00 +2.1154e+00 +2.1116e+00
4812 0 +8.948995986e-03 -5.464910510e+02 -5.464910510e+02 -2.0928e+00 +2.1154e+00 +2.1068e+00
5487 0 +6.892333728e-03 -5.464931077e+02 -5.464931077e+02 -2.0858e+00 +2.1058e+00 +2.1048e+00
5756 0 +5.653810498e-03 -5.464943462e+02 -5.464943462e+02 -2.0895e+00 +2.1061e+00 +2.1017e+00
5762 0 +4.311172402e-03 -5.464956888e+02 -5.464956888e+02 -2.1041e+00 +2.1140e+00 +2.1020e+00
5781 0 +4.137804664e-03 -5.464958622e+02 -5.464958622e+02 -2.1129e+00 +2.1090e+00 +2.1013e+00
5837 0 +3.850445500e-03 -5.464961496e+02 -5.464961496e+02 -2.1036e+00 +2.0990e+00 +2.1096e+00
5903 0 +2.950606998e-03 -5.464970494e+02 -5.464970494e+02 -2.1007e+00 +2.1098e+00 +2.1069e+00
6053 0 +1.861110643e-03 -5.464981389e+02 -5.464981389e+02 -2.1097e+00 +2.1064e+00 +2.1069e+00
6112 0 +7.977325515e-05 -5.464999202e+02 -5.464999202e+02 -2.1041e+00 +2.1059e+00 +2.1050e+00
6295 0 +8.152844089e-06 -5.464999918e+02 -5.464999918e+02 -2.1047e+00 +2.1052e+00 +2.1049e+00
6995 0 +1.505959176e-06 -5.464999985e+02 -5.464999985e+02 -2.1047e+00 +2.1049e+00 +2.1049e+00
7317 0 +1.471615178e-06 -5.464999985e+02 -5.464999985e+02 -2.1049e+00 +2.1047e+00 +2.1049e+00
7360 0 +7.982833949e-07 -5.464999992e+02 -5.464999992e+02 -2.1047e+00 +2.1048e+00 +2.1048e+00
7483 0 +1.719465672e-07 -5.464999998e+02 -5.464999998e+02 -2.1048e+00 +2.1048e+00 +2.1048e+00
7570 0 +3.761556400e-08 -5.465000000e+02 -5.465000000e+02 -2.1049e+00 +2.1048e+00 +2.1048e+00
8170 0 +1.520572823e-08 -5.465000000e+02 -5.465000000e+02 -2.1049e+00 +2.1048e+00 +2.1049e+00
8422 0 +7.467406249e-09 -5.465000000e+02 -5.465000000e+02 -2.1048e+00 +2.1049e+00 +2.1048e+00
10185 0 +5.684341886e-13 -5.465000000e+02 -5.465000000e+02 -2.1048e+00 +2.1048e+00 +2.1048e+00
10612 0 +0.000000000e+00 -5.465000000e+02 -5.465000000e+02 -2.1048e+00 +2.1048e+00 +2.1048e+00
12051 0 +0.000000000e+00 -5.465000000e+02 -5.465000000e+02 -2.1048e+00 +2.1048e+00 +2.1048e+00
% f evaluations | g evaluations | best noise-free fitness - Fopt (1.000000000000e+03) + sum g_i+ | measured fitness | best measured fitness or single-digit g-values | x1 | x2...
1 0 +3.318074280e+02 +1.331807428e+03 +1.331807428e+03 -2.0299e+00 +1.0915e+00 -6.1598e-01
50 0 +3.726083299e+01 +1.037260833e+03 +1.037260833e+03 +2.6360e+00 +3.6564e+00 -5.7133e-01
87 0 +1.503498046e+01 +1.015034980e+03 +1.015034980e+03 -2.6577e+00 +6.9689e-01 -1.0013e+00
100 0 +3.694113704e+00 +1.003694114e+03 +1.003694114e+03 +1.4220e+00 +2.9001e+00 -5.7133e-01
123 0 +2.610036490e+00 +1.002610036e+03 +1.002610036e+03 -9.2226e-01 +2.5713e+00 -8.5308e-01
226 0 +2.218253345e+00 +1.002218253e+03 +1.002218253e+03 +1.3994e+00 +8.7968e-01 -1.5445e+00
253 0 +1.368725249e+00 +1.001368725e+03 +1.001368725e+03 -1.9793e+00 +2.1728e+00 -2.0016e+00
874 0 +7.079678564e-01 +1.000707968e+03 +1.000707968e+03 -2.0606e+00 +2.1893e+00 -9.3812e-01
974 0 +4.947137984e-01 +1.000494714e+03 +1.000494714e+03 -2.0606e+00 +2.1160e+00 -9.3812e-01
1093 0 +4.431238522e-01 +1.000443124e+03 +1.000443124e+03 +1.4876e+00 +2.9862e+00 -1.8962e+00
1339 0 +3.616578028e-01 +1.000361658e+03 +1.000361658e+03 -2.0454e+00 +2.0440e+00 -2.1115e+00
1509 0 +1.544773353e-01 +1.000154477e+03 +1.000154477e+03 -2.0655e+00 +2.1340e+00 -2.0719e+00
2592 0 +5.460330124e-02 +1.000054603e+03 +1.000054603e+03 -2.0476e+00 +2.1199e+00 -2.1006e+00
3321 0 +4.055337990e-02 +1.000040553e+03 +1.000040553e+03 -2.1344e+00 +2.0971e+00 -2.1192e+00
3892 0 +1.010950473e-02 +1.000010110e+03 +1.000010110e+03 -2.0935e+00 +2.1199e+00 -2.1006e+00
4389 0 +1.087954261e-03 +1.000001088e+03 +1.000001088e+03 -2.1025e+00 +2.1012e+00 -2.1051e+00
5124 0 +7.278115803e-04 +1.000000728e+03 +1.000000728e+03 -2.1100e+00 +2.1020e+00 -2.1046e+00
5224 0 +5.437162272e-04 +1.000000544e+03 +1.000000544e+03 -2.1080e+00 +2.1020e+00 -2.1046e+00
5421 0 +1.417394526e-05 +1.000000014e+03 +1.000000014e+03 -2.1051e+00 +2.1045e+00 -2.1052e+00
6126 0 +8.860522030e-06 +1.000000009e+03 +1.000000009e+03 -2.1044e+00 +2.1052e+00 -2.1047e+00
6373 0 +3.798987223e-06 +1.000000004e+03 +1.000000004e+03 -2.1045e+00 +2.1051e+00 -2.1047e+00
6550 0 +3.449317546e-06 +1.000000003e+03 +1.000000003e+03 -2.1047e+00 +2.1047e+00 -2.1048e+00
6591 0 +6.136854154e-07 +1.000000001e+03 +1.000000001e+03 -2.1050e+00 +2.1048e+00 -2.1048e+00
7044 0 +5.689310001e-08 +1.000000000e+03 +1.000000000e+03 -2.1048e+00 +2.1049e+00 -2.1048e+00
7246 0 +3.208333510e-08 +1.000000000e+03 +1.000000000e+03 -2.1048e+00 +2.1049e+00 -2.1048e+00
7368 0 +2.649278485e-08 +1.000000000e+03 +1.000000000e+03 -2.1049e+00 +2.1048e+00 -2.1049e+00
7455 0 +1.139892447e-08 +1.000000000e+03 +1.000000000e+03 -2.1048e+00 +2.1048e+00 -2.1048e+00
7519 0 +6.184677659e-09 +1.000000000e+03 +1.000000000e+03 -2.1048e+00 +2.1048e+00 -2.1048e+00
9260 0 +1.136868377e-13 +1.000000000e+03 +1.000000000e+03 -2.1048e+00 +2.1048e+00 -2.1048e+00
9944 0 +0.000000000e+00 +1.000000000e+03 +1.000000000e+03 -2.1048e+00 +2.1048e+00 -2.1048e+00
12051 0 +0.000000000e+00 +1.000000000e+03 +1.000000000e+03 -2.1048e+00 +2.1048e+00 -2.1048e+00
% f evaluations | g evaluations | best noise-free fitness - Fopt (2.083800000000e+02) + sum g_i+ | measured fitness | best measured fitness or single-digit g-values | x1 | x2...
1 0 +5.037109486e+04 +5.057947486e+04 +5.057947486e+04 -1.9684e+00 +7.6815e-01 -2.5654e+00
2 0 +1.014049416e+04 +1.034887416e+04 +1.034887416e+04 -1.0732e+00 +3.3710e+00 +3.4429e+00
3 0 +1.801820090e+03 +2.010200090e+03 +2.010200090e+03 +1.4031e+00 +4.3959e+00 +1.4895e+00
21 0 +3.655362040e+02 +5.739162040e+02 +5.739162040e+02 +3.4487e+00 +2.3143e+00 +2.1165e+00
45 0 +4.112350988e+00 +2.124923510e+02 +2.124923510e+02 -2.3039e-01 +5.3344e-01 +2.3050e+00
95 0 +3.161920846e+00 +2.115419208e+02 +2.115419208e+02 -2.3039e-01 +1.5598e+00 +2.3050e+00
199 0 +2.853935037e+00 +2.112339350e+02 +2.112339350e+02 -1.6120e-01 +2.4740e+00 +8.2208e-01
251 0 +2.769777380e+00 +2.111497774e+02 +2.111497774e+02 +7.8797e-01 +2.8389e+00 +1.1970e+00
316 0 +2.031153968e+00 +2.104111540e+02 +2.104111540e+02 -1.7467e+00 +2.2262e+00 +9.3395e-01
345 0 +1.109077503e+00 +2.094890775e+02 +2.094890775e+02 -2.0668e+00 +1.4526e+00 +2.3050e+00
795 0 +1.072875248e+00 +2.094528752e+02 +2.094528752e+02 -2.1797e+00 +1.4526e+00 +2.3050e+00
810 0 +5.443240610e-01 +2.089243241e+02 +2.089243241e+02 -1.9563e+00 +2.1156e+00 +2.0712e+00
1260 0 +4.332031802e-01 +2.088132032e+02 +2.088132032e+02 -1.9563e+00 +2.1577e+00 +2.0712e+00
2258 0 +3.870512755e-01 +2.087670513e+02 +2.087670513e+02 -1.9716e+00 +2.1528e+00 +2.0695e+00
2300 0 +9.726226651e-02 +2.084772623e+02 +2.084772623e+02 -2.1149e+00 +2.0653e+00 +2.1028e+00
2635 0 +5.541224922e-02 +2.084354122e+02 +2.084354122e+02 -2.1140e+00 +2.0916e+00 +2.0913e+00
2636 0 +3.766243470e-02 +2.084176624e+02 +2.084176624e+02 -2.0801e+00 +2.0928e+00 +2.1155e+00
2735 0 +2.814059519e-02 +2.084081406e+02 +2.084081406e+02 -2.0896e+00 +2.1224e+00 +2.0913e+00
2893 0 +2.358292913e-02 +2.084035829e+02 +2.084035829e+02 -2.0916e+00 +2.1064e+00 +2.0934e+00
3186 0 +1.652783505e-02 +2.083965278e+02 +2.083965278e+02 -2.1164e+00 +2.0928e+00 +2.1155e+00
3250 0 +1.139910046e-02 +2.083913991e+02 +2.083913991e+02 -2.1149e+00 +2.0924e+00 +2.1028e+00
3279 0 +1.049585488e-02 +2.083904959e+02 +2.083904959e+02 -2.1038e+00 +2.1098e+00 +2.0962e+00
3600 0 +3.140827960e-03 +2.083831408e+02 +2.083831408e+02 -2.1149e+00 +2.1067e+00 +2.1028e+00
4100 0 +5.906717660e-04 +2.083805907e+02 +2.083805907e+02 -2.1047e+00 +2.1067e+00 +2.1028e+00
4317 0 +4.036042016e-04 +2.083804036e+02 +2.083804036e+02 -2.1004e+00 +2.1062e+00 +2.1038e+00
4467 0 +3.949346670e-04 +2.083803949e+02 +2.083803949e+02 -2.1004e+00 +2.1062e+00 +2.1039e+00
4469 0 +2.334928264e-04 +2.083802335e+02 +2.083802335e+02 -2.1027e+00 +2.1037e+00 +2.1054e+00
4546 0 +1.077627522e-04 +2.083801078e+02 +2.083801078e+02 -2.1057e+00 +2.1055e+00 +2.1041e+00
4737 0 +5.329818109e-05 +2.083800533e+02 +2.083800533e+02 -2.1057e+00 +2.1042e+00 +2.1046e+00
4816 0 +4.561605533e-05 +2.083800456e+02 +2.083800456e+02 -2.1055e+00 +2.1044e+00 +2.1045e+00
4837 0 +4.290715754e-05 +2.083800429e+02 +2.083800429e+02 -2.1057e+00 +2.1043e+00 +2.1046e+00
5016 0 +3.076535009e-05 +2.083800308e+02 +2.083800308e+02 -2.1055e+00 +2.1051e+00 +2.1051e+00
5116 0 +1.730410892e-05 +2.083800173e+02 +2.083800173e+02 -2.1055e+00 +2.1048e+00 +2.1051e+00
5164 0 +6.622269865e-06 +2.083800066e+02 +2.083800066e+02 -2.1049e+00 +2.1049e+00 +2.1046e+00
5263 0 +8.419534936e-07 +2.083800008e+02 +2.083800008e+02 -2.1046e+00 +2.1049e+00 +2.1048e+00
5711 0 +6.168624509e-07 +2.083800006e+02 +2.083800006e+02 -2.1048e+00 +2.1047e+00 +2.1049e+00
5901 0 +1.032905175e-07 +2.083800001e+02 +2.083800001e+02 -2.1049e+00 +2.1049e+00 +2.1048e+00
6087 0 +2.559539780e-08 +2.083800000e+02 +2.083800000e+02 -2.1049e+00 +2.1048e+00 +2.1048e+00
6458 0 +5.052243068e-09 +2.083800000e+02 +2.083800000e+02 -2.1048e+00 +2.1049e+00 +2.1048e+00
8488 0 +2.842170943e-14 +2.083800000e+02 +2.083800000e+02 -2.1048e+00 +2.1048e+00 +2.1048e+00
9222 0 +0.000000000e+00 +2.083800000e+02 +2.083800000e+02 -2.1048e+00 +2.1048e+00 +2.1048e+00
12051 0 +0.000000000e+00 +2.083800000e+02 +2.083800000e+02 -2.1048e+00 +2.1048e+00 +2.1048e+00
% f evaluations | g evaluations | best noise-free fitness - Fopt (-1.449600000000e+02) + sum g_i+ | measured fitness | best measured fitness or single-digit g-values | x1 | x2...
1 0 +1.427824857e+02 -2.177514322e+00 -2.177514322e+00 -3.0900e+00 +1.7443e-01 -1.6056e+00
9 0 +2.780981843e+01 -1.171501816e+02 -1.171501816e+02 -1.2541e-01 +1.3159e-01 -1.8514e+00
22 0 +2.708054930e+00 -1.422519451e+02 -1.422519451e+02 +1.8718e+00 -9.9347e-01 -2.3643e+00
84 0 +2.653545617e+00 -1.423064544e+02 -1.423064544e+02 +1.3191e+00 -3.0580e+00 -6.4794e-01
107 0 +1.435518135e+00 -1.435244819e+02 -1.435244819e+02 -1.7971e+00 -2.2269e+00 -2.0934e+00
164 0 +1.177548945e+00 -1.437824511e+02 -1.437824511e+02 +1.5361e+00 -3.0337e+00 -1.5156e+00
233 0 +6.365893023e-01 -1.443234107e+02 -1.443234107e+02 -2.0818e+00 -2.1305e+00 -2.0353e+00
1920 0 +5.822786852e-01 -1.443777213e+02 -1.443777213e+02 -1.9173e+00 -2.1681e+00 -2.0765e+00
1956 0 +4.546354764e-01 -1.445053645e+02 -1.445053645e+02 -2.0316e+00 -2.1138e+00 -2.0549e+00
2370 0 +2.330488278e-01 -1.447269512e+02 -1.447269512e+02 -2.1032e+00 -2.1681e+00 -2.0765e+00
2456 0 +1.762675155e-01 -1.447837325e+02 -1.447837325e+02 -2.0316e+00 -2.1138e+00 -2.1249e+00
2757 0 +9.472999141e-02 -1.448652700e+02 -1.448652700e+02 -2.0680e+00 -2.1509e+00 -2.0934e+00
2957 0 +6.217537479e-02 -1.448978246e+02 -1.448978246e+02 -2.0680e+00 -2.1187e+00 -2.1165e+00
3269 0 +8.082471028e-03 -1.449519175e+02 -1.449519175e+02 -2.1220e+00 -2.0948e+00 -2.1102e+00
4053 0 +1.030354156e-03 -1.449589696e+02 -1.449589696e+02 -2.1083e+00 -2.1053e+00 -2.1026e+00
4687 0 +3.026730339e-04 -1.449596973e+02 -1.449596973e+02 -2.1060e+00 -2.1064e+00 -2.1052e+00
5037 0 +2.030485641e-04 -1.449597970e+02 -1.449597970e+02 -2.1037e+00 -2.1064e+00 -2.1052e+00
5087 0 +1.101038569e-04 -1.449598899e+02 -1.449598899e+02 -2.1037e+00 -2.1064e+00 -2.1045e+00
5520 0 +4.487239451e-05 -1.449599551e+02 -1.449599551e+02 -2.1035e+00 -2.1048e+00 -2.1047e+00
5866 0 +2.353411054e-05 -1.449599765e+02 -1.449599765e+02 -2.1041e+00 -2.1047e+00 -2.1046e+00
5983 0 +1.931860933e-05 -1.449599807e+02 -1.449599807e+02 -2.1039e+00 -2.1051e+00 -2.1046e+00
6004 0 +1.854383225e-05 -1.449599815e+02 -1.449599815e+02 -2.1042e+00 -2.1054e+00 -2.1046e+00
6118 0 +1.191687997e-05 -1.449599881e+02 -1.449599881e+02 -2.1055e+00 -2.1045e+00 -2.1048e+00
6124 0 +6.992073565e-06 -1.449599930e+02 -1.449599930e+02 -2.1046e+00 -2.1046e+00 -2.1048e+00
6333 0 +5.026494193e-06 -1.449599950e+02 -1.449599950e+02 -2.1045e+00 -2.1051e+00 -2.1048e+00
6391 0 +3.640098953e-06 -1.449599964e+02 -1.449599964e+02 -2.1047e+00 -2.1047e+00 -2.1048e+00
6436 0 +1.911983702e-06 -1.449599981e+02 -1.449599981e+02 -2.1047e+00 -2.1048e+00 -2.1048e+00
6624 0 +1.588339103e-06 -1.449599984e+02 -1.449599984e+02 -2.1046e+00 -2.1048e+00 -2.1049e+00
6656 0 +1.058948271e-06 -1.449599989e+02 -1.449599989e+02 -2.1049e+00 -2.1050e+00 -2.1048e+00
6657 0 +4.181737552e-07 -1.449599996e+02 -1.449599996e+02 -2.1048e+00 -2.1048e+00 -2.1049e+00
6833 0 +3.074924280e-07 -1.449599997e+02 -1.449599997e+02 -2.1049e+00 -2.1049e+00 -2.1049e+00
7030 0 +2.603435121e-07 -1.449599997e+02 -1.449599997e+02 -2.1049e+00 -2.1049e+00 -2.1048e+00
7046 0 +2.459904920e-07 -1.449599998e+02 -1.449599998e+02 -2.1049e+00 -2.1048e+00 -2.1048e+00
7071 0 +3.490325184e-08 -1.449600000e+02 -1.449600000e+02 -2.1048e+00 -2.1049e+00 -2.1048e+00
7357 0 +1.534237981e-08 -1.449600000e+02 -1.449600000e+02 -2.1048e+00 -2.1048e+00 -2.1048e+00
7465 0 +3.364334589e-09 -1.449600000e+02 -1.449600000e+02 -2.1048e+00 -2.1048e+00 -2.1048e+00
9243 0 +7.389644452e-13 -1.449600000e+02 -1.449600000e+02 -2.1048e+00 -2.1048e+00 -2.1048e+00
9533 0 +0.000000000e+00 -1.449600000e+02 -1.449600000e+02 -2.1048e+00 -2.1048e+00 -2.1048e+00
12051 0 +0.000000000e+00 -1.449600000e+02 -1.449600000e+02 -2.1048e+00 -2.1048e+00 -2.1048e+00
% f evaluations | g evaluations | best noise-free fitness - Fopt (-6.300000000000e+00) + sum g_i+ | measured fitness | best measured fitness or single-digit g-values | x1 | x2...
1 0 +6.540082988e+04 +6.539452988e+04 +6.539452988e+04 -4.9671e+00 +1.2733e-01 +2.6808e+00
3 0 +1.040745369e+04 +1.040115369e+04 +1.040115369e+04 -4.9797e+00 +1.2197e+00 -2.4332e+00
6 0 +5.448885892e+03 +5.442585892e+03 +5.442585892e+03 +4.1708e+00 -3.6080e+00 -2.7232e-02
7 0 +2.909530974e+03 +2.903230974e+03 +2.903230974e+03 +3.2213e+00 -3.0741e+00 +1.7803e-01
8 0 +1.301805139e+01 +6.718051386e+00 +6.718051386e+00 -1.9815e+00 -2.4440e+00 -2.1859e+00
13 0 +6.295537689e+00 -4.462310740e-03 -4.462310740e-03 +2.5295e+00 -1.6702e+00 -1.6829e+00
60 0 +5.413982126e+00 -8.860178741e-01 -8.860178741e-01 -2.0400e+00 -2.5086e+00 -5.9824e-01
63 0 +4.235577980e+00 -2.064422020e+00 -2.064422020e+00 +7.8453e-01 -1.3628e+00 -1.6829e+00
94 0 +2.748709844e+00 -3.551290156e+00 -3.551290156e+00 -3.8583e-01 -6.6988e-01 -2.1375e+00
233 0 +2.445890264e+00 -3.854109736e+00 -3.854109736e+00 +8.7453e-01 -3.9142e-01 -1.4538e+00
274 0 +1.013155309e+00 -5.286844691e+00 -5.286844691e+00 -1.6004e+00 -3.1136e+00 -1.8816e+00
895 0 +7.849778449e-01 -5.515022155e+00 -5.515022155e+00 -1.5065e+00 -3.0343e+00 -1.8254e+00
1269 0 +7.180261097e-01 -5.581973890e+00 -5.581973890e+00 +2.3059e+00 -2.0427e+00 -2.0994e+00
2949 0 +6.020248741e-01 -5.697975126e+00 -5.697975126e+00 -1.5876e+00 -3.0433e+00 -1.8947e+00
3049 0 +5.732437501e-01 -5.726756250e+00 -5.726756250e+00 -1.5712e+00 -3.0433e+00 -1.8947e+00
3235 0 +5.210716027e-01 -5.778928397e+00 -5.778928397e+00 -1.5869e+00 -3.0489e+00 -1.8766e+00
3238 0 +8.814799076e-02 -6.211852009e+00 -6.211852009e+00 +2.1497e+00 -2.0956e+00 -2.1251e+00
4377 0 +6.615840792e-02 -6.233841592e+00 -6.233841592e+00 +2.1032e+00 -2.1016e+00 -2.0858e+00
4565 0 +6.300132042e-02 -6.236998680e+00 -6.236998680e+00 +2.0915e+00 -2.1417e+00 -2.0941e+00
4639 0 +2.487839873e-02 -6.275121601e+00 -6.275121601e+00 +2.0984e+00 -2.0875e+00 -2.1037e+00
4715 0 +1.965397214e-02 -6.280346028e+00 -6.280346028e+00 +2.0915e+00 -2.1214e+00 -2.0941e+00
4738 0 +1.374234381e-02 -6.286257656e+00 -6.286257656e+00 +2.1311e+00 -2.1038e+00 -2.1034e+00
5315 0 +1.161273955e-02 -6.288387260e+00 -6.288387260e+00 +2.1075e+00 -2.1022e+00 -2.0973e+00
5401 0 +9.052954628e-03 -6.290947045e+00 -6.290947045e+00 +2.1198e+00 -2.0916e+00 -2.1064e+00
5539 0 +4.571005630e-03 -6.295428994e+00 -6.295428994e+00 +2.0996e+00 -2.1065e+00 -2.1094e+00
5589 0 +4.292318642e-03 -6.295707681e+00 -6.295707681e+00 +2.1019e+00 -2.1065e+00 -2.1094e+00
5590 0 +3.266364688e-03 -6.296733635e+00 -6.296733635e+00 +2.1135e+00 -2.1070e+00 -2.1067e+00
5917 0 +2.182461524e-04 -6.299781754e+00 -6.299781754e+00 +2.1031e+00 -2.1042e+00 -2.1058e+00
6067 0 +1.194808052e-04 -6.299880519e+00 -6.299880519e+00 +2.1031e+00 -2.1042e+00 -2.1052e+00
6420 0 +1.137001988e-04 -6.299886300e+00 -6.299886300e+00 +2.1054e+00 -2.1056e+00 -2.1052e+00
6454 0 +5.808354280e-05 -6.299941916e+00 -6.299941916e+00 +2.1055e+00 -2.1037e+00 -2.1052e+00
6653 0 +4.447931706e-05 -6.299955521e+00 -6.299955521e+00 +2.1046e+00 -2.1049e+00 -2.1053e+00
6808 0 +3.832120758e-05 -6.299961679e+00 -6.299961679e+00 +2.1055e+00 -2.1052e+00 -2.1051e+00
6865 0 +1.568987496e-05 -6.299984310e+00 -6.299984310e+00 +2.1048e+00 -2.1054e+00 -2.1048e+00
6880 0 +1.318086167e-05 -6.299986819e+00 -6.299986819e+00 +2.1042e+00 -2.1047e+00 -2.1050e+00
6986 0 +1.169080402e-05 -6.299988309e+00 -6.299988309e+00 +2.1050e+00 -2.1050e+00 -2.1046e+00
7097 0 +8.599792902e-06 -6.299991400e+00 -6.299991400e+00 +2.1050e+00 -2.1045e+00 -2.1051e+00
7118 0 +4.461856313e-06 -6.299995538e+00 -6.299995538e+00 +2.1046e+00 -2.1047e+00 -2.1047e+00
7120 0 +3.223088824e-06 -6.299996777e+00 -6.299996777e+00 +2.1046e+00 -2.1049e+00 -2.1050e+00
7240 0 +2.575183245e-06 -6.299997425e+00 -6.299997425e+00 +2.1049e+00 -2.1050e+00 -2.1047e+00
7290 0 +1.833133670e-06 -6.299998167e+00 -6.299998167e+00 +2.1049e+00 -2.1050e+00 -2.1048e+00
7329 0 +1.510615582e-06 -6.299998489e+00 -6.299998489e+00 +2.1047e+00 -2.1050e+00 -2.1048e+00
7346 0 +1.445951123e-06 -6.299998554e+00 -6.299998554e+00 +2.1050e+00 -2.1049e+00 -2.1048e+00
7379 0 +5.183460230e-07 -6.299999482e+00 -6.299999482e+00 +2.1048e+00 -2.1049e+00 -2.1049e+00
7426 0 +4.735424088e-07 -6.299999526e+00 -6.299999526e+00 +2.1048e+00 -2.1048e+00 -2.1048e+00
7558 0 +2.058126469e-07 -6.299999794e+00 -6.299999794e+00 +2.1048e+00 -2.1049e+00 -2.1049e+00
7793 0 +1.932108482e-07 -6.299999807e+00 -6.299999807e+00 +2.1048e+00 -2.1049e+00 -2.1048e+00
7805 0 +1.493941104e-07 -6.299999851e+00 -6.299999851e+00 +2.1048e+00 -2.1048e+00 -2.1049e+00
7953 0 +1.376179126e-07 -6.299999862e+00 -6.299999862e+00 +2.1048e+00 -2.1049e+00 -2.1048e+00
7962 0 +8.517825023e-08 -6.299999915e+00 -6.299999915e+00 +2.1048e+00 -2.1048e+00 -2.1049e+00
8002 0 +6.287277010e-08 -6.299999937e+00 -6.299999937e+00 +2.1048e+00 -2.1048e+00 -2.1049e+00
8058 0 +2.118797937e-08 -6.299999979e+00 -6.299999979e+00 +2.1048e+00 -2.1048e+00 -2.1048e+00
8306 0 +3.816397864e-09 -6.299999996e+00 -6.299999996e+00 +2.1048e+00 -2.1048e+00 -2.1048e+00
10207 0 +2.335909244e-13 -6.300000000e+00 -6.300000000e+00 +2.1048e+00 -2.1048e+00 -2.1048e+00
11759 0 +0.000000000e+00 -6.300000000e+00 -6.300000000e+00 +2.1048e+00 -2.1048e+00 -2.1048e+00
12051 0 +0.000000000e+00 -6.300000000e+00 -6.300000000e+00 +2.1048e+00 -2.1048e+00 -2.1048e+00
% f evaluations | g evaluations | best noise-free fitness - Fopt (-5.465000000000e+02) + sum g_i+ | measured fitness | best measured fitness or single-digit g-values | x1 | x2...
1 0 +1.268967621e+05 +1.263502621e+05 +1.263502621e+05 +2.2010e-01 -3.9208e+00 -3.0046e+00
2 0 +8.267230259e+04 +8.212580259e+04 +8.212580259e+04 -2.0483e+00 -2.6204e+00 -2.5524e+00
4 0 +2.682047046e+04 +2.627397046e+04 +2.627397046e+04 -3.9963e+00 +2.6300e-01 -1.4362e+00
5 0 +2.174648898e+03 +1.628148898e+03 +1.628148898e+03 +3.3163e+00 +1.7818e+00 +3.9407e-02
16 0 +4.276098173e+02 -1.188901827e+02 -1.188901827e+02 +1.8947e+00 +2.6908e+00 +2.4090e+00
19 0 +2.611474456e+00 -5.438885255e+02 -5.438885255e+02 -3.2506e-01 +2.5609e+00 +1.3467e+00
159 0 +1.733495438e+00 -5.447665046e+02 -5.447665046e+02 -3.3606e-01 +4.8801e-01 +2.5359e+00
551 0 +1.564390622e+00 -5.449356094e+02 -5.449356094e+02 -2.2186e+00 +1.9110e+00 +2.1211e+00
921 0 +1.461714214e+00 -5.450382858e+02 -5.450382858e+02 -2.0735e+00 +2.1384e+00 +1.4912e+00
929 0 +9.811421039e-01 -5.455188579e+02 -5.455188579e+02 -1.9330e+00 +6.9649e-02 +2.6018e+00
1017 0 +4.792705313e-01 -5.460207295e+02 -5.460207295e+02 +1.4527e+00 +3.0047e+00 +1.8905e+00
1298 0 +3.677992033e-01 -5.461322008e+02 -5.461322008e+02 -1.9567e+00 +2.1370e+00 +2.0865e+00
2121 0 +3.572835635e-01 -5.461427164e+02 -5.461427164e+02 -2.0735e+00 +2.0798e+00 +2.1527e+00
2384 0 +2.128105714e-01 -5.462871894e+02 -5.462871894e+02 -2.0919e+00 +2.1712e+00 +2.0853e+00
2484 0 +9.935750054e-02 -5.464006425e+02 -5.464006425e+02 -2.1012e+00 +2.1457e+00 +2.0853e+00
2734 0 +4.405567649e-02 -5.464559443e+02 -5.464559443e+02 -2.1012e+00 +2.1240e+00 +2.0876e+00
3058 0 +3.417918300e-02 -5.464658208e+02 -5.464658208e+02 -2.1379e+00 +2.0794e+00 +2.1122e+00
4001 0 +3.189994635e-02 -5.464681001e+02 -5.464681001e+02 -2.0926e+00 +2.0846e+00 +2.1118e+00
4166 0 +1.697470985e-02 -5.464830253e+02 -5.464830253e+02 -2.1151e+00 +2.1119e+00 +2.1109e+00
4364 0 +1.239430837e-02 -5.464876057e+02 -5.464876057e+02 -2.0987e+00 +2.0931e+00 +2.1040e+00
4463 0 +7.736245754e-03 -5.464922638e+02 -5.464922638e+02 -2.1112e+00 +2.0958e+00 +2.1120e+00
4716 0 +2.327938622e-03 -5.464976721e+02 -5.464976721e+02 -2.1151e+00 +2.1039e+00 +2.1067e+00
4916 0 +1.848836232e-03 -5.464981512e+02 -5.464981512e+02 -2.1127e+00 +2.1062e+00 +2.1057e+00
4939 0 +2.366852741e-04 -5.464997633e+02 -5.464997633e+02 -2.1020e+00 +2.1063e+00 +2.1051e+00
5366 0 +1.701607611e-04 -5.464998298e+02 -5.464998298e+02 -2.1057e+00 +2.1051e+00 +2.1057e+00
5439 0 +1.573815215e-04 -5.464998426e+02 -5.464998426e+02 -2.1056e+00 +2.1063e+00 +2.1045e+00
5566 0 +3.210825037e-05 -5.464999679e+02 -5.464999679e+02 -2.1057e+00 +2.1050e+00 +2.1051e+00
5616 0 +2.419907082e-05 -5.464999758e+02 -5.464999758e+02 -2.1057e+00 +2.1042e+00 +2.1048e+00
5819 0 +2.015685641e-05 -5.464999798e+02 -5.464999798e+02 -2.1058e+00 +2.1043e+00 +2.1050e+00
5921 0 +1.114940210e-05 -5.464999889e+02 -5.464999889e+02 -2.1055e+00 +2.1049e+00 +2.1049e+00
5980 0 +6.646347970e-06 -5.464999934e+02 -5.464999934e+02 -2.1049e+00 +2.1051e+00 +2.1049e+00
6103 0 +5.975024919e-06 -5.464999940e+02 -5.464999940e+02 -2.1050e+00 +2.1051e+00 +2.1047e+00
6155 0 +5.663192724e-06 -5.464999943e+02 -5.464999943e+02 -2.1045e+00 +2.1049e+00 +2.1047e+00
6171 0 +1.372029601e-06 -5.464999986e+02 -5.464999986e+02 -2.1046e+00 +2.1049e+00 +2.1048e+00
6425 0 +6.110921049e-07 -5.464999994e+02 -5.464999994e+02 -2.1049e+00 +2.1048e+00 +2.1049e+00
6584 0 +2.648519057e-07 -5.464999997e+02 -5.464999997e+02 -2.1049e+00 +2.1048e+00 +2.1049e+00
6707 0 +1.280935749e-07 -5.464999999e+02 -5.464999999e+02 -2.1049e+00 +2.1048e+00 +2.1049e+00
6837 0 +1.020522404e-07 -5.464999999e+02 -5.464999999e+02 -2.1049e+00 +2.1048e+00 +2.1048e+00
6880 0 +8.435733889e-08 -5.464999999e+02 -5.464999999e+02 -2.1049e+00 +2.1048e+00 +2.1049e+00
6913 0 +6.468701486e-08 -5.464999999e+02 -5.464999999e+02 -2.1048e+00 +2.1049e+00 +2.1048e+00
7018 0 +1.353589596e-08 -5.465000000e+02 -5.465000000e+02 -2.1048e+00 +2.1048e+00 +2.1048e+00
7084 0 +7.141920833e-09 -5.465000000e+02 -5.465000000e+02 -2.1048e+00 +2.1049e+00 +2.1048e+00
8787 0 +2.273736754e-13 -5.465000000e+02 -5.465000000e+02 -2.1048e+00 +2.1048e+00 +2.1048e+00
9240 0 +0.000000000e+00 -5.465000000e+02 -5.465000000e+02 -2.1048e+00 +2.1048e+00 +2.1048e+00
12051 0 +0.000000000e+00 -5.465000000e+02 -5.465000000e+02 -2.1048e+00 +2.1048e+00 +2.1048e+00
% f evaluations | g evaluations | best noise-free fitness - Fopt (1.000000000000e+03) + sum g_i+ | measured fitness | best measured fitness or single-digit g-values | x1 | x2...
1 0 +3.081070901e+00 +1.003081071e+03 +1.003081071e+03 -1.0930e+00 +1.1406e+00 -1.1465e+00
114 0 +2.938919192e+00 +1.002938919e+03 +1.002938919e+03 +1.2702e+00 +2.4484e+00 -8.5974e-01
318 0 +2.808623438e+00 +1.002808623e+03 +1.002808623e+03 -2.3869e+00 +8.9936e-01 -2.4402e+00
339 0 +2.211407034e+00 +1.002211407e+03 +1.002211407e+03 -1.1103e+00 +1.7805e+00 -2.1261e+00
384 0 +1.907589050e+00 +1.001907589e+03 +1.001907589e+03 -2.2522e+00 +9.8543e-01 -2.4118e+00
644 0 +1.499127643e+00 +1.001499128e+03 +1.001499128e+03 -2.0528e+00 +8.6483e-01 -2.3860e+00
794 0 +1.441599249e+00 +1.001441599e+03 +1.001441599e+03 -2.0528e+00 +9.5914e-01 -2.3860e+00
819 0 +6.029523518e-01 +1.000602952e+03 +1.000602952e+03 -2.1522e+00 +2.2582e-02 -2.6500e+00
869 0 +5.906051297e-01 +1.000590605e+03 +1.000590605e+03 -2.1522e+00 +3.9867e-02 -2.6500e+00
1060 0 +3.752579981e-01 +1.000375258e+03 +1.000375258e+03 -2.2565e+00 +2.0687e+00 -2.1116e+00
1778 0 +3.688823838e-01 +1.000368882e+03 +1.000368882e+03 -1.9621e+00 +2.1165e+00 -2.0930e+00
2040 0 +1.015458544e-01 +1.000101546e+03 +1.000101546e+03 -2.0655e+00 +2.0983e+00 -2.1256e+00
2478 0 +8.151104416e-03 +1.000008151e+03 +1.000008151e+03 -2.0883e+00 +2.1165e+00 -2.1001e+00
3900 0 +5.618725503e-03 +1.000005619e+03 +1.000005619e+03 -2.1023e+00 +2.1097e+00 -2.0984e+00
3959 0 +1.956248249e-03 +1.000001956e+03 +1.000001956e+03 -2.0964e+00 +2.1036e+00 -2.1042e+00
4197 0 +1.406978319e-03 +1.000001407e+03 +1.000001407e+03 -2.1004e+00 +2.1104e+00 -2.1031e+00
4359 0 +1.284913329e-03 +1.000001285e+03 +1.000001285e+03 -2.0986e+00 +2.1036e+00 -2.1040e+00
4406 0 +1.272538390e-04 +1.000000127e+03 +1.000000127e+03 -2.1051e+00 +2.1040e+00 -2.1058e+00
4962 0 +1.026473266e-04 +1.000000103e+03 +1.000000103e+03 -2.1028e+00 +2.1058e+00 -2.1049e+00
4973 0 +1.467193204e-05 +1.000000015e+03 +1.000000015e+03 -2.1051e+00 +2.1051e+00 -2.1050e+00
5396 0 +2.519884106e-06 +1.000000003e+03 +1.000000003e+03 -2.1052e+00 +2.1047e+00 -2.1049e+00
5722 0 +1.786085591e-06 +1.000000002e+03 +1.000000002e+03 -2.1048e+00 +2.1047e+00 -2.1049e+00
5840 0 +5.660283477e-07 +1.000000001e+03 +1.000000001e+03 -2.1050e+00 +2.1048e+00 -2.1049e+00
6037 0 +5.328105317e-07 +1.000000001e+03 +1.000000001e+03 -2.1048e+00 +2.1049e+00 -2.1048e+00
6102 0 +4.108119356e-08 +1.000000000e+03 +1.000000000e+03 -2.1048e+00 +2.1049e+00 -2.1048e+00
6333 0 +1.694752427e-08 +1.000000000e+03 +1.000000000e+03 -2.1048e+00 +2.1048e+00 -2.1048e+00
6437 0 +4.429693945e-09 +1.000000000e+03 +1.000000000e+03 -2.1048e+00 +2.1048e+00 -2.1048e+00
8544 0 +5.684341886e-13 +1.000000000e+03 +1.000000000e+03 -2.1048e+00 +2.1048e+00 -2.1048e+00
9060 0 +0.000000000e+00 +1.000000000e+03 +1.000000000e+03 -2.1048e+00 +2.1048e+00 -2.1048e+00
12051 0 +0.000000000e+00 +1.000000000e+03 +1.000000000e+03 -2.1048e+00 +2.1048e+00 -2.1048e+00
% f evaluations | g evaluations | best noise-free fitness - Fopt (2.083800000000e+02) + sum g_i+ | measured fitness | best measured fitness or single-digit g-values | x1 | x2...
1 0 +4.053440503e+02 +6.137240503e+02 +6.137240503e+02 +3.2688e+00 +7.8714e-01 +7.7873e-01
4 0 +3.044114411e+02 +5.127914411e+02 +5.127914411e+02 +1.6538e+00 +2.1627e+00 +2.4902e+00
13 0 +2.391159777e+02 +4.474959777e+02 +4.474959777e+02 +1.4574e+00 +3.6508e+00 +6.2864e-01
46 0 +2.589695918e+00 +2.109696959e+02 +2.109696959e+02 -2.2376e+00 +6.0006e-01 +2.0855e+00
327 0 +2.467947285e+00 +2.108479473e+02 +2.108479473e+02 +2.4463e+00 +1.7435e+00 +2.2322e+00
359 0 +2.218214147e+00 +2.105982141e+02 +2.105982141e+02 -1.0356e+00 +9.5650e-01 +2.3945e+00
509 0 +1.961035337e+00 +2.103410353e+02 +2.103410353e+02 -2.0525e+00 +1.2813e+00 +2.2849e+00
659 0 +1.917374584e+00 +2.102973746e+02 +2.102973746e+02 -2.0525e+00 +1.2183e+00 +2.2849e+00
708 0 +1.854100336e+00 +2.102341003e+02 +2.102341003e+02 +1.4823e+00 +2.9778e+00 +1.2411e+00
771 0 +1.696365705e+00 +2.100763657e+02 +2.100763657e+02 -9.6457e-01 +1.8346e+00 +2.1570e+00
809 0 +1.151316995e+00 +2.095313170e+02 +2.095313170e+02 -2.0525e+00 +1.4185e+00 +2.2849e+00
1151 0 +1.034814134e+00 +2.094148141e+02 +2.094148141e+02 -2.1537e+00 +2.1067e+00 +1.8011e+00
1195 0 +9.155468717e-01 +2.092955469e+02 +2.092955469e+02 +1.4621e+00 +2.9725e+00 +7.2630e-01
1549 0 +6.631985987e-01 +2.090431986e+02 +2.090431986e+02 -2.0003e+00 +2.0982e+00 +2.1580e+00
1699 0 +4.780817055e-01 +2.088580817e+02 +2.088580817e+02 -2.0219e+00 +2.0982e+00 +2.0614e+00
2481 0 +4.664291120e-01 +2.088464291e+02 +2.088464291e+02 +1.5717e+00 +3.0221e+00 +1.8668e+00
2519 0 +4.273077155e-01 +2.088073077e+02 +2.088073077e+02 -2.1111e+00 +2.1775e+00 +2.0574e+00
2619 0 +3.419263931e-01 +2.087219264e+02 +2.087219264e+02 -2.0840e+00 +2.1112e+00 +2.0574e+00
2659 0 +1.661543811e-01 +2.085461544e+02 +2.085461544e+02 -2.0525e+00 +2.1111e+00 +2.0765e+00
3099 0 +1.569758515e-01 +2.085369759e+02 +2.085369759e+02 -2.0219e+00 +2.0982e+00 +2.1114e+00
3340 0 +7.529024570e-02 +2.084552902e+02 +2.084552902e+02 -2.0444e+00 +2.1075e+00 +2.1103e+00
4185 0 +6.240458201e-02 +2.084424046e+02 +2.084424046e+02 -2.1181e+00 +2.0767e+00 +2.0992e+00
4407 0 +1.354942617e-02 +2.083935494e+02 +2.083935494e+02 -2.0928e+00 +2.0938e+00 +2.1057e+00
4657 0 +6.981291095e-03 +2.083869813e+02 +2.083869813e+02 -2.1052e+00 +2.0938e+00 +2.1057e+00
5075 0 +1.957430789e-03 +2.083819574e+02 +2.083819574e+02 -2.0945e+00 +2.1064e+00 +2.1053e+00
5905 0 +1.498312891e-03 +2.083814983e+02 +2.083814983e+02 -2.1067e+00 +2.1009e+00 +2.1037e+00
6121 0 +1.896701524e-04 +2.083801897e+02 +2.083801897e+02 -2.1079e+00 +2.1036e+00 +2.1048e+00
6553 0 +3.501857708e-05 +2.083800350e+02 +2.083800350e+02 -2.1051e+00 +2.1041e+00 +2.1053e+00
6897 0 +1.750232403e-05 +2.083800175e+02 +2.083800175e+02 -2.1041e+00 +2.1046e+00 +2.1049e+00
6983 0 +1.267618890e-05 +2.083800127e+02 +2.083800127e+02 -2.1046e+00 +2.1052e+00 +2.1050e+00
7018 0 +1.010318763e-05 +2.083800101e+02 +2.083800101e+02 -2.1044e+00 +2.1053e+00 +2.1048e+00
7051 0 +6.991342417e-06 +2.083800070e+02 +2.083800070e+02 -2.1044e+00 +2.1051e+00 +2.1049e+00
7166 0 +2.247347709e-06 +2.083800022e+02 +2.083800022e+02 -2.1050e+00 +2.1050e+00 +2.1048e+00
7483 0 +1.406520255e-06 +2.083800014e+02 +2.083800014e+02 -2.1046e+00 +2.1050e+00 +2.1048e+00
7492 0 +1.011083583e-06 +2.083800010e+02 +2.083800010e+02 -2.1049e+00 +2.1050e+00 +2.1048e+00
7564 0 +9.841532176e-07 +2.083800010e+02 +2.083800010e+02 -2.1049e+00 +2.1049e+00 +2.1048e+00
7642 0 +1.525411051e-07 +2.083800002e+02 +2.083800002e+02 -2.1049e+00 +2.1048e+00 +2.1048e+00
7803 0 +1.182670246e-07 +2.083800001e+02 +2.083800001e+02 -2.1048e+00 +2.1049e+00 +2.1048e+00
7892 0 +4.546240007e-08 +2.083800000e+02 +2.083800000e+02 -2.1049e+00 +2.1048e+00 +2.1048e+00
8442 0 +1.690742124e-08 +2.083800000e+02 +2.083800000e+02 -2.1048e+00 +2.1048e+00 +2.1048e+00
8470 0 +1.195394361e-08 +2.083800000e+02 +2.083800000e+02 -2.1048e+00 +2.1048e+00 +2.1048e+00
8562 0 +1.031571628e-08 +2.083800000e+02 +2.083800000e+02 -2.1049e+00 +2.1048e+00 +2.1048e+00
8676 0 +2.241961283e-09 +2.083800000e+02 +2.083800000e+02 -2.1048e+00 +2.1048e+00 +2.1048e+00
10310 0 +9.379164112e-13 +2.083800000e+02 +2.083800000e+02 -2.1048e+00 +2.1048e+00 +2.1048e+00
11066 0 +0.000000000e+00 +2.083800000e+02 +2.083800000e+02 -2.1048e+00 +2.1048e+00 +2.1048e+00
12051 0 +0.000000000e+00 +2.083800000e+02 +2.083800000e+02 -2.1048e+00 +2.1048e+00 +2.1048e+00
% f evaluations | g evaluations | best noise-free fitness - Fopt (-1.449600000000e+02) + sum g_i+ | measured fitness | best measured fitness or single-digit g-values | x1 | x2...
1 0 +5.032424274e+03 +4.887464274e+03 +4.887464274e+03 +4.8815e+00 -1.6083e+00 -3.1848e+00
8 0 +9.392906343e+02 +7.943306343e+02 +7.943306343e+02 -3.3634e+00 -2.5993e+00 -2.9879e-01
13 0 +3.598319272e+01 -1.089768073e+02 -1.089768073e+02 -1.3438e-01 -5.0509e-01 -9.5587e-01
55 0 +5.581126070e+00 -1.393788739e+02 -1.393788739e+02 +2.0489e+00 -1.2728e+00 -1.6272e+00
63 0 +4.295446669e+00 -1.406645533e+02 -1.406645533e+02 -1.3438e-01 -8.8926e-01 -9.5587e-01
115 0 +2.759521895e+00 -1.422004781e+02 -1.422004781e+02 -1.0569e+00 -1.7709e+00 -1.6021e+00
118 0 +2.599104604e+00 -1.423608954e+02 -1.423608954e+02 -2.2769e+00 -8.1700e-01 -1.2327e+00
316 0 +1.901565503e+00 -1.430584345e+02 -1.430584345e+02 -2.4518e+00 -2.0808e+00 -2.1282e+00
376 0 +9.544991173e-01 -1.440055009e+02 -1.440055009e+02 -2.2408e+00 -1.0770e-01 -2.6002e+00
439 0 +8.582483779e-01 -1.441017516e+02 -1.441017516e+02 -1.8696e+00 -2.1512e+00 -2.0783e+00
462 0 +8.164403257e-01 -1.441435597e+02 -1.441435597e+02 -1.9549e+00 -1.4296e-01 -2.5976e+00
737 0 +6.455018978e-01 -1.443144981e+02 -1.443144981e+02 -2.1807e+00 -8.9885e-02 -2.6301e+00
1362 0 +5.848281806e-01 -1.443751718e+02 -1.443751718e+02 -2.0035e+00 -7.5583e-02 -2.6133e+00
1511 0 +3.641454357e-01 -1.445958546e+02 -1.445958546e+02 -2.2182e+00 -2.0387e+00 -2.1428e+00
1927 0 +8.514114464e-02 -1.448748589e+02 -1.448748589e+02 -2.0842e+00 -2.0736e+00 -2.1198e+00
2961 0 +4.295436563e-02 -1.449170456e+02 -1.449170456e+02 -2.0622e+00 -2.1005e+00 -2.1041e+00
3750 0 +3.593500113e-02 -1.449240650e+02 -1.449240650e+02 -2.1157e+00 -2.0768e+00 -2.1123e+00
3785 0 +2.154861250e-02 -1.449384514e+02 -1.449384514e+02 -2.1118e+00 -2.0984e+00 -2.1172e+00
3800 0 +2.109234940e-02 -1.449389077e+02 -1.449389077e+02 -2.1157e+00 -2.0835e+00 -2.1123e+00
3916 0 +3.804966523e-03 -1.449561950e+02 -1.449561950e+02 -2.1114e+00 -2.0983e+00 -2.1097e+00
4116 0 +3.394032921e-03 -1.449566060e+02 -1.449566060e+02 -2.1065e+00 -2.0983e+00 -2.1037e+00
4196 0 +1.528316385e-03 -1.449584717e+02 -1.449584717e+02 -2.1007e+00 -2.1107e+00 -2.1034e+00
4385 0 +8.399495261e-04 -1.449591601e+02 -1.449591601e+02 -2.1118e+00 -2.1033e+00 -2.1055e+00
4881 0 +7.313283880e-04 -1.449592687e+02 -1.449592687e+02 -2.1026e+00 -2.1069e+00 -2.1061e+00
4951 0 +5.881671887e-04 -1.449594118e+02 -1.449594118e+02 -2.1079e+00 -2.1069e+00 -2.1046e+00
5027 0 +2.681465795e-04 -1.449597319e+02 -1.449597319e+02 -2.1072e+00 -2.1026e+00 -2.1050e+00
5161 0 +1.129355131e-04 -1.449598871e+02 -1.449598871e+02 -2.1032e+00 -2.1063e+00 -2.1043e+00
5202 0 +3.729075769e-05 -1.449599627e+02 -1.449599627e+02 -2.1055e+00 -2.1053e+00 -2.1050e+00
5555 0 +2.941098430e-05 -1.449599706e+02 -1.449599706e+02 -2.1058e+00 -2.1043e+00 -2.1052e+00
5624 0 +2.385523786e-05 -1.449599761e+02 -1.449599761e+02 -2.1056e+00 -2.1043e+00 -2.1052e+00
5641 0 +2.177714208e-05 -1.449599782e+02 -1.449599782e+02 -2.1053e+00 -2.1042e+00 -2.1051e+00
5650 0 +2.045218829e-05 -1.449599795e+02 -1.449599795e+02 -2.1049e+00 -2.1044e+00 -2.1047e+00
5662 0 +1.889601154e-05 -1.449599811e+02 -1.449599811e+02 -2.1048e+00 -2.1045e+00 -2.1047e+00
5663 0 +9.585338518e-06 -1.449599904e+02 -1.449599904e+02 -2.1042e+00 -2.1052e+00 -2.1048e+00
5836 0 +7.757136956e-06 -1.449599922e+02 -1.449599922e+02 -2.1045e+00 -2.1052e+00 -2.1048e+00
5843 0 +5.389546772e-06 -1.449599946e+02 -1.449599946e+02 -2.1049e+00 -2.1049e+00 -2.1047e+00
5873 0 +2.735981099e-06 -1.449599973e+02 -1.449599973e+02 -2.1045e+00 -2.1050e+00 -2.1048e+00
6120 0 +1.719858290e-06 -1.449599983e+02 -1.449599983e+02 -2.1046e+00 -2.1048e+00 -2.1049e+00
6179 0 +4.236192126e-07 -1.449599996e+02 -1.449599996e+02 -2.1047e+00 -2.1049e+00 -2.1048e+00
6239 0 +3.412404510e-07 -1.449599997e+02 -1.449599997e+02 -2.1048e+00 -2.1049e+00 -2.1048e+00
6352 0 +1.048142337e-07 -1.449599999e+02 -1.449599999e+02 -2.1048e+00 -2.1048e+00 -2.1049e+00
6614 0 +8.877094615e-08 -1.449599999e+02 -1.449599999e+02 -2.1048e+00 -2.1048e+00 -2.1048e+00
6645 0 +2.288098244e-08 -1.449600000e+02 -1.449600000e+02 -2.1048e+00 -2.1049e+00 -2.1048e+00
6897 0 +2.142891731e-08 -1.449600000e+02 -1.449600000e+02 -2.1048e+00 -2.1049e+00 -2.1048e+00
6950 0 +6.115641327e-09 -1.449600000e+02 -1.449600000e+02 -2.1048e+00 -2.1048e+00 -2.1048e+00
8469 0 +8.526512829e-13 -1.449600000e+02 -1.449600000e+02 -2.1048e+00 -2.1048e+00 -2.1048e+00
9352 0 +0.000000000e+00 -1.449600000e+02 -1.449600000e+02 -2.1048e+00 -2.1048e+00 -2.1048e+00
12051 0 +0.000000000e+00 -1.449600000e+02 -1.449600000e+02 -2.1048e+00 -2.1048e+00 -2.1048e+00
% f evaluations | g evaluations | best noise-free fitness - Fopt (-6.300000000000e+00) + sum g_i+ | measured fitness | best measured fitness or single-digit g-values | x1 | x2...
1 0 +7.556193344e+04 +7.555563344e+04 +7.555563344e+04 +1.4288e+00 +2.5908e+00 +2.3313e+00
3 0 +6.814081889e+03 +6.807781889e+03 +6.807781889e+03 +4.0802e+00 -3.9760e+00 -1.6914e+00
8 0 +3.195478159e+03 +3.189178159e+03 +3.189178159e+03 -2.0657e+00 -2.4478e+00 +3.2967e-01
10 0 +2.466418322e+03 +2.460118322e+03 +2.460118322e+03 -4.9808e+00 -2.9424e+00 -1.2256e+00
30 0 +4.587832848e+00 -1.712167152e+00 -1.712167152e+00 +1.7291e+00 -1.2449e+00 -1.5521e+00
84 0 +3.197184426e+00 -3.102815574e+00 -3.102815574e+00 +1.9905e+00 +4.6486e-01 -2.5252e+00
226 0 +2.055675370e+00 -4.244324630e+00 -4.244324630e+00 +2.0028e+00 +4.7479e-01 -2.3659e+00
369 0 +1.973288184e+00 -4.326711816e+00 -4.326711816e+00 -1.7022e+00 -1.5104e+00 -2.2650e+00
407 0 +1.626819899e+00 -4.673180101e+00 -4.673180101e+00 +2.2084e+00 -9.9300e-01 -2.3757e+00
668 0 +1.415366213e+00 -4.884633787e+00 -4.884633787e+00 +2.0021e+00 -1.4368e-01 -2.5251e+00
974 0 +1.410597030e+00 -4.889402970e+00 -4.889402970e+00 +2.2778e+00 -6.6846e-02 -1.4892e+00
1264 0 +1.285489229e+00 -5.014510771e+00 -5.014510771e+00 +2.0024e+00 -6.3263e-01 -2.4913e+00
1314 0 +1.179407422e+00 -5.120592578e+00 -5.120592578e+00 +2.0024e+00 -6.0167e-01 -2.4913e+00
1514 0 +1.171136510e+00 -5.128863490e+00 -5.128863490e+00 +2.0024e+00 -5.8645e-01 -2.4913e+00
1525 0 +9.522699322e-01 -5.347730068e+00 -5.347730068e+00 +1.9332e+00 -1.5116e-01 -2.6050e+00
1707 0 +8.124668255e-01 -5.487533174e+00 -5.487533174e+00 -1.5228e+00 -9.9300e-01 -2.3757e+00
1858 0 +7.846211610e-01 -5.515378839e+00 -5.515378839e+00 +2.0375e+00 -4.8365e-02 -2.5810e+00
1994 0 +7.031538367e-01 -5.596846163e+00 -5.596846163e+00 +2.1705e+00 -1.9755e+00 -2.1269e+00
3006 0 +2.115393438e-01 -6.088460656e+00 -6.088460656e+00 +2.1180e+00 -2.0535e+00 -2.0945e+00
3787 0 +2.080693211e-01 -6.091930679e+00 -6.091930679e+00 +2.1230e+00 -2.0535e+00 -2.0945e+00
4319 0 +3.700665557e-02 -6.262993344e+00 -6.262993344e+00 +2.1397e+00 -2.0929e+00 -2.0980e+00
5292 0 +1.190940241e-02 -6.288090598e+00 -6.288090598e+00 +2.1222e+00 -2.0893e+00 -2.1099e+00
5896 0 +8.277782820e-03 -6.291722217e+00 -6.291722217e+00 +2.1177e+00 -2.1001e+00 -2.1004e+00
6203 0 +3.221227474e-03 -6.296778773e+00 -6.296778773e+00 +2.0954e+00 -2.1071e+00 -2.1075e+00
6483 0 +1.129944193e-03 -6.298870056e+00 -6.298870056e+00 +2.1103e+00 -2.1039e+00 -2.1032e+00
6774 0 +4.689302523e-04 -6.299531070e+00 -6.299531070e+00 +2.1033e+00 -2.1024e+00 -2.1051e+00
6897 0 +1.121580497e-04 -6.299887842e+00 -6.299887842e+00 +2.1061e+00 -2.1055e+00 -2.1051e+00
7386 0 +9.413623304e-05 -6.299905864e+00 -6.299905864e+00 +2.1069e+00 -2.1038e+00 -2.1049e+00
7424 0 +7.552780030e-05 -6.299924472e+00 -6.299924472e+00 +2.1041e+00 -2.1042e+00 -2.1046e+00
7436 0 +6.270287781e-05 -6.299937297e+00 -6.299937297e+00 +2.1061e+00 -2.1038e+00 -2.1049e+00
7469 0 +4.665715661e-05 -6.299953343e+00 -6.299953343e+00 +2.1060e+00 -2.1052e+00 -2.1048e+00
7873 0 +3.595150002e-05 -6.299964048e+00 -6.299964048e+00 +2.1045e+00 -2.1043e+00 -2.1053e+00
7892 0 +2.028106827e-05 -6.299979719e+00 -6.299979719e+00 +2.1037e+00 -2.1051e+00 -2.1048e+00
8012 0 +1.148600664e-05 -6.299988514e+00 -6.299988514e+00 +2.1052e+00 -2.1043e+00 -2.1050e+00
8065 0 +4.846237743e-06 -6.299995154e+00 -6.299995154e+00 +2.1051e+00 -2.1045e+00 -2.1050e+00
8290 0 +3.640028043e-06 -6.299996360e+00 -6.299996360e+00 +2.1049e+00 -2.1046e+00 -2.1050e+00
8315 0 +1.509713665e-06 -6.299998490e+00 -6.299998490e+00 +2.1046e+00 -2.1049e+00 -2.1049e+00
8554 0 +4.770696194e-07 -6.299999523e+00 -6.299999523e+00 +2.1049e+00 -2.1048e+00 -2.1048e+00
8742 0 +3.775279138e-07 -6.299999622e+00 -6.299999622e+00 +2.1047e+00 -2.1049e+00 -2.1049e+00
8827 0 +1.674171433e-07 -6.299999833e+00 -6.299999833e+00 +2.1049e+00 -2.1048e+00 -2.1049e+00
9124 0 +3.243043611e-08 -6.299999968e+00 -6.299999968e+00 +2.1048e+00 -2.1049e+00 -2.1048e+00
9581 0 +9.945860135e-09 -6.299999990e+00 -6.299999990e+00 +2.1048e+00 -2.1048e+00 -2.1048e+00
11492 0 +6.474820680e-13 -6.300000000e+00 -6.300000000e+00 +2.1048e+00 -2.1048e+00 -2.1048e+00
12051 0 +1.953992523e-14 -6.300000000e+00 -6.300000000e+00 +2.1048e+00 -2.1048e+00 -2.1048e+00
