% f evaluations | g evaluations | best noise-free fitness - Fopt (-1.694000000000e+01) + sum g_i+ | measured fitness | best measured fitness or single-digit g-values | x1 | x2...
1 0 +2.420978867e+02 +2.251578867e+02 +2.251578867e+02 +2.9654e+00 -3.1657e+00 +2.7969e+00
2 0 +1.014468504e+02 +8.450685037e+01 +8.450685037e+01 +9.6850e-01 -5.4167e-01 -4.0003e+00
6 0 +7.275063039e+01 +5.581063039e+01 +5.581063039e+01 +1.1748e+00 +1.1165e+00 -4.9293e+00
12 0 +4.204542413e+01 +2.510542413e+01 +2.510542413e+01 +4.4220e+00 +6.3288e-01 -1.1458e+00
16 0 +3.224526686e+01 +1.530526686e+01 +1.530526686e+01 +2.5536e+00 -7.4844e-01 -2.9206e+00
21 0 +2.161909996e+01 +4.679099957e+00 +4.679099957e+00 +2.4732e+00 +3.9692e-01 +8.6751e-01
58 0 +1.348759903e+01 -3.452400965e+00 -3.452400965e+00 +3.1694e+00 -1.5836e-01 -1.2281e+00
99 0 +1.234305620e+01 -4.596943801e+00 -4.596943801e+00 +4.5012e+00 +1.0703e+00 -1.9512e+00
234 0 +1.089484094e+01 -6.045159057e+00 -6.045159057e+00 +3.0414e+00 +1.2435e+00 -5.3876e-01
253 0 +8.637569788e+00 -8.302430212e+00 -8.302430212e+00 +4.8154e+00 +2.6618e+00 -2.9010e+00
277 0 +6.758109953e+00 -1.018189005e+01 -1.018189005e+01 +2.1614e+00 +4.4895e-01 -4.7289e-01
280 0 +3.501482346e+00 -1.343851765e+01 -1.343851765e+01 +3.6665e+00 +2.9254e+00 -1.5107e+00
391 0 +2.615283540e+00 -1.432471646e+01 -1.432471646e+01 +3.3654e+00 +2.4487e+00 -1.3869e+00
640 0 +2.250978305e+00 -1.468902169e+01 -1.468902169e+01 +3.3654e+00 +2.4487e+00 -1.3857e+00
806 0 +9.586674523e-01 -1.598133255e+01 -1.598133255e+01 +2.9240e+00 +1.7120e+00 -8.7812e-01
909 0 +3.451589871e-01 -1.659484101e+01 -1.659484101e+01 +3.5772e+00 +2.4487e+00 -1.4497e+00
1213 0 +2.855593925e-01 -1.665444061e+01 -1.665444061e+01 +3.7411e+00 +2.7009e+00 -1.6178e+00
1506 0 +2.290354181e-01 -1.671096458e+01 -1.671096458e+01 +3.6057e+00 +2.5069e+00 -1.4800e+00
1696 0 +8.494179810e-02 -1.685505820e+01 -1.685505820e+01 +3.6400e+00 +2.5198e+00 -1.5161e+00
2375 0 +3.411666625e-02 -1.690588333e+01 -1.690588333e+01 +3.6845e+00 +2.5892e+00 -1.5567e+00
2763 0 +3.207778745e-02 -1.690792221e+01 -1.690792221e+01 +3.6535e+00 +2.5503e+00 -1.5274e+00
2786 0 +1.636538198e-02 -1.692363462e+01 -1.692363462e+01 +3.6618e+00 +2.5563e+00 -1.5351e+00
2821 0 +1.380757544e-02 -1.692619242e+01 -1.692619242e+01 +3.6570e+00 +2.5495e+00 -1.5304e+00
3151 0 +8.879168102e-03 -1.693112083e+01 -1.693112083e+01 +3.6555e+00 +2.5495e+00 -1.5300e+00
3220 0 +5.344670602e-03 -1.693465533e+01 -1.693465533e+01 +3.6561e+00 +2.5490e+00 -1.5298e+00
3344 0 +5.018992299e-03 -1.693498101e+01 -1.693498101e+01 +3.6543e+00 +2.5473e+00 -1.5280e+00
3437 0 +4.128269710e-03 -1.693587173e+01 -1.693587173e+01 +3.6512e+00 +2.5435e+00 -1.5251e+00
3587 0 +1.394119817e-03 -1.693860588e+01 -1.693860588e+01 +3.6561e+00 +2.5496e+00 -1.5297e+00
3639 0 +1.327935061e-03 -1.693867206e+01 -1.693867206e+01 +3.6558e+00 +2.5494e+00 -1.5294e+00
3701 0 +1.146959215e-03 -1.693885304e+01 -1.693885304e+01 +3.6555e+00 +2.5490e+00 -1.5291e+00
3756 0 +1.073498907e-03 -1.693892650e+01 -1.693892650e+01 +3.6566e+00 +2.5503e+00 -1.5301e+00
4002 0 +1.063382233e-03 -1.693893662e+01 -1.693893662e+01 +3.6563e+00 +2.5498e+00 -1.5299e+00
4174 0 +5.910268744e-04 -1.693940897e+01 -1.693940897e+01 +3.6558e+00 +2.5493e+00 -1.5294e+00
4210 0 +3.140079170e-04 -1.693968599e+01 -1.693968599e+01 +3.6559e+00 +2.5494e+00 -1.5295e+00
4574 0 +2.845633952e-04 -1.693971544e+01 -1.693971544e+01 +3.6561e+00 +2.5497e+00 -1.5297e+00
4635 0 +2.600285730e-04 -1.693973997e+01 -1.693973997e+01 +3.6561e+00 +2.5497e+00 -1.5297e+00
4722 0 +2.389658581e-04 -1.693976103e+01 -1.693976103e+01 +3.6561e+00 +2.5497e+00 -1.5297e+00
4888 0 +2.335355637e-04 -1.693976646e+01 -1.693976646e+01 +3.6559e+00 +2.5494e+00 -1.5295e+00
4904 0 +1.091669205e-04 -1.693989083e+01 -1.693989083e+01 +3.6560e+00 +2.5496e+00 -1.5296e+00
4908 0 +5.796817693e-05 -1.693994203e+01 -1.693994203e+01 +3.6560e+00 +2.5496e+00 -1.5296e+00
5078 0 +3.532974913e-05 -1.693996467e+01 -1.693996467e+01 +3.6560e+00 +2.5496e+00 -1.5296e+00
5095 0 +3.219741722e-05 -1.693996780e+01 -1.693996780e+01 +3.6560e+00 +2.5496e+00 -1.5296e+00
5195 0 +3.142143494e-05 -1.693996858e+01 -1.693996858e+01 +3.6560e+00 +2.5496e+00 -1.5296e+00
5259 0 +3.045108176e-05 -1.693996955e+01 -1.693996955e+01 +3.6560e+00 +2.5496e+00 -1.5296e+00
5316 0 +1.987765485e-05 -1.693998012e+01 -1.693998012e+01 +3.6560e+00 +2.5496e+00 -1.5296e+00
5336 0 +1.148613844e-05 -1.693998851e+01 -1.693998851e+01 +3.6560e+00 +2.5496e+00 -1.5296e+00
5549 0 +1.124072579e-05 -1.693998876e+01 -1.693998876e+01 +3.6560e+00 +2.5496e+00 -1.5296e+00
5745 0 +1.097669248e-05 -1.693998902e+01 -1.693998902e+01 +3.6560e+00 +2.5496e+00 -1.5296e+00
5781 0 +6.634633944e-06 -1.693999337e+01 -1.693999337e+01 +3.6560e+00 +2.5496e+00 -1.5296e+00
5782 0 +3.759584978e-06 -1.693999624e+01 -1.693999624e+01 +3.6560e+00 +2.5496e+00 -1.5296e+00
5790 0 +1.458533227e-06 -1.693999854e+01 -1.693999854e+01 +3.6560e+00 +2.5496e+00 -1.5296e+00
5874 0 +7.658845043e-07 -1.693999923e+01 -1.693999923e+01 +3.6560e+00 +2.5496e+00 -1.5296e+00
5925 0 +6.791329952e-07 -1.693999932e+01 -1.693999932e+01 +3.6560e+00 +2.5496e+00 -1.5296e+00
6053 0 +5.431874364e-07 -1.693999946e+01 -1.693999946e+01 +3.6560e+00 +2.5496e+00 -1.5296e+00
6204 0 +4.659329349e-07 -1.693999953e+01 -1.693999953e+01 +3.6560e+00 +2.5496e+00 -1.5296e+00
6259 0 +4.428413263e-07 -1.693999956e+01 -1.693999956e+01 +3.6560e+00 +2.5496e+00 -1.5296e+00
6272 0 +3.731675235e-07 -1.693999963e+01 -1.693999963e+01 +3.6560e+00 +2.5496e+00 -1.5296e+00
6310 0 +3.436217213e-07 -1.693999966e+01 -1.693999966e+01 +3.6560e+00 +2.5496e+00 -1.5296e+00
6312 0 +2.941904960e-07 -1.693999971e+01 -1.693999971e+01 +3.6560e+00 +2.5496e+00 -1.5296e+00
6342 0 +2.690986562e-07 -1.693999973e+01 -1.693999973e+01 +3.6560e+00 +2.5496e+00 -1.5296e+00
6415 0 +2.431111170e-07 -1.693999976e+01 -1.693999976e+01 +3.6560e+00 +2.5496e+00 -1.5296e+00
6442 0 +1.841438966e-07 -1.693999982e+01 -1.693999982e+01 +3.6560e+00 +2.5496e+00 -1.5296e+00
6497 0 +1.281342890e-07 -1.693999987e+01 -1.693999987e+01 +3.6560e+00 +2.5496e+00 -1.5296e+00
6563 0 +5.849540585e-08 -1.693999994e+01 -1.693999994e+01 +3.6560e+00 +2.5496e+00 -1.5296e+00
6567 0 +3.934162862e-08 -1.693999996e+01 -1.693999996e+01 +3.6560e+00 +2.5496e+00 -1.5296e+00
6590 0 +1.408727712e-08 -1.693999999e+01 -1.693999999e+01 +3.6560e+00 +2.5496e+00 -1.5296e+00
6816 0 +1.135782313e-08 -1.693999999e+01 -1.693999999e+01 +3.6560e+00 +2.5496e+00 -1.5296e+00
6857 0 +9.948728064e-09 -1.693999999e+01 -1.693999999e+01 +3.6560e+00 +2.5496e+00 -1.5296e+00
8176 0 +7.993605777e-13 -1.694000000e+01 -1.694000000e+01 +3.6560e+00 +2.5496e+00 -1.5296e+00
9017 0 +0.000000000e+00 -1.694000000e+01 -1.694000000e+01 +3.6560e+00 +2.5496e+00 -1.5296e+00
9407 0 +0.000000000e+00 -1.694000000e+01 -1.694000000e+01 +3.6560e+00 +2.5496e+00 -1.5296e+00
% f evaluations | g evaluations | best noise-free fitness - Fopt (1.881000000000e+01) + sum g_i+ | measured fitness | best measured fitness or single-digit g-values | x1 | x2...
1 0 +3.285221881e+02 +3.473321881e+02 +3.473321881e+02 +2.9654e+00 -3.1657e+00 +2.7969e+00
2 0 +7.829840360e+01 +9.710840360e+01 +9.710840360e+01 +9.6850e-01 -5.4167e-01 -4.0003e+00
6 0 +7.491078222e+01 +9.372078222e+01 +9.372078222e+01 +1.1748e+00 +1.1165e+00 -4.9293e+00
9 0 +4.195795409e+01 +6.076795409e+01 +6.076795409e+01 -4.0939e+00 +1.1839e+00 -1.1754e+00
29 0 +2.793724060e+01 +4.674724060e+01 +4.674724060e+01 +1.6884e+00 +1.6592e+00 +9.1298e-01
49 0 +2.275244564e+01 +4.156244564e+01 +4.156244564e+01 -1.7762e+00 +2.4763e+00 -3.3732e-01
52 0 +1.432041655e+01 +3.313041655e+01 +3.313041655e+01 +1.5455e+00 +1.0729e+00 -2.0437e+00
57 0 +1.276236592e+01 +3.157236592e+01 +3.157236592e+01 +1.1342e+00 +1.2579e+00 -2.2783e+00
128 0 +9.818426343e+00 +2.862842634e+01 +2.862842634e+01 -8.2444e-01 +1.6917e+00 +1.7434e-01
142 0 +8.211870386e+00 +2.702187039e+01 +2.702187039e+01 +1.0400e+00 +1.7106e+00 -2.0024e+00
220 0 +7.475555202e+00 +2.628555520e+01 +2.628555520e+01 -1.3183e+00 +7.7484e-01 +7.2748e-02
253 0 +6.779623808e+00 +2.558962381e+01 +2.558962381e+01 -3.7761e-01 +2.1404e+00 -6.7517e-01
425 0 +6.574682644e+00 +2.538468264e+01 +2.538468264e+01 +5.7454e-01 +2.1101e+00 -1.6076e+00
474 0 +5.255925308e+00 +2.406592531e+01 +2.406592531e+01 +1.2571e+00 +2.0987e+00 -1.9171e+00
554 0 +3.464141537e+00 +2.227414154e+01 +2.227414154e+01 -4.1456e-02 +1.7694e+00 -1.1645e+00
641 0 +2.642435378e+00 +2.145243538e+01 +2.145243538e+01 +9.4756e-02 +1.7751e+00 -9.0583e-01
704 0 +2.284945636e+00 +2.109494564e+01 +2.109494564e+01 +5.1447e-02 +2.0893e+00 -1.1322e+00
742 0 +1.367437777e+00 +2.017743778e+01 +2.017743778e+01 -7.4304e-01 +1.5111e+00 -3.5175e-01
766 0 +8.250813796e-01 +1.963508138e+01 +1.963508138e+01 -4.8880e-02 +1.8249e+00 -9.0156e-01
886 0 +6.708693200e-01 +1.948086932e+01 +1.948086932e+01 -1.4959e-01 +1.8754e+00 -7.9735e-01
991 0 +2.738159683e-01 +1.908381597e+01 +1.908381597e+01 -8.6176e-02 +1.8157e+00 -8.9417e-01
1771 0 +2.472111802e-01 +1.905721118e+01 +1.905721118e+01 -1.8690e-01 +1.7744e+00 -7.9332e-01
1887 0 +2.161070893e-01 +1.902610709e+01 +1.902610709e+01 -3.3371e-01 +1.6929e+00 -6.9864e-01
1916 0 +1.814122750e-01 +1.899141228e+01 +1.899141228e+01 -2.3076e-01 +1.7878e+00 -7.8518e-01
2009 0 +1.715748367e-01 +1.898157484e+01 +1.898157484e+01 -2.4585e-01 +1.7438e+00 -7.7664e-01
2017 0 +1.214463957e-01 +1.893144640e+01 +1.893144640e+01 -1.9245e-01 +1.7897e+00 -8.2966e-01
2384 0 +1.117154372e-01 +1.892171544e+01 +1.892171544e+01 -1.9007e-01 +1.7787e+00 -8.2677e-01
2460 0 +8.025348516e-02 +1.889025349e+01 +1.889025349e+01 -1.8837e-01 +1.7800e+00 -8.2812e-01
2662 0 +3.721582193e-02 +1.884721582e+01 +1.884721582e+01 -1.9840e-01 +1.7820e+00 -8.1555e-01
2699 0 +1.699108313e-02 +1.882699108e+01 +1.882699108e+01 -1.9278e-01 +1.7809e+00 -8.2259e-01
3532 0 +1.073926452e-02 +1.882073926e+01 +1.882073926e+01 -1.9089e-01 +1.7814e+00 -8.2323e-01
3737 0 +7.637242373e-03 +1.881763724e+01 +1.881763724e+01 -2.0434e-01 +1.7733e+00 -8.1197e-01
4049 0 +6.794708845e-03 +1.881679471e+01 +1.881679471e+01 -1.9409e-01 +1.7792e+00 -8.2020e-01
4189 0 +5.202602561e-03 +1.881520260e+01 +1.881520260e+01 -1.8942e-01 +1.7826e+00 -8.2343e-01
4251 0 +1.386373567e-03 +1.881138637e+01 +1.881138637e+01 -1.9108e-01 +1.7809e+00 -8.2257e-01
4670 0 +9.630258827e-04 +1.881096303e+01 +1.881096303e+01 -1.9128e-01 +1.7807e+00 -8.2237e-01
4868 0 +9.347329162e-04 +1.881093473e+01 +1.881093473e+01 -1.9108e-01 +1.7809e+00 -8.2248e-01
5062 0 +8.482531911e-04 +1.881084825e+01 +1.881084825e+01 -1.9097e-01 +1.7809e+00 -8.2257e-01
5073 0 +6.717549779e-04 +1.881067175e+01 +1.881067175e+01 -1.9196e-01 +1.7803e+00 -8.2189e-01
5133 0 +5.121784030e-04 +1.881051218e+01 +1.881051218e+01 -1.9107e-01 +1.7809e+00 -8.2247e-01
5201 0 +4.100588328e-04 +1.881041006e+01 +1.881041006e+01 -1.9119e-01 +1.7808e+00 -8.2240e-01
5212 0 +2.764335590e-04 +1.881027643e+01 +1.881027643e+01 -1.9108e-01 +1.7809e+00 -8.2247e-01
5219 0 +2.386484542e-04 +1.881023865e+01 +1.881023865e+01 -1.9106e-01 +1.7809e+00 -8.2250e-01
5298 0 +2.192412593e-04 +1.881021924e+01 +1.881021924e+01 -1.9126e-01 +1.7808e+00 -8.2236e-01
5458 0 +1.660283596e-04 +1.881016603e+01 +1.881016603e+01 -1.9133e-01 +1.7807e+00 -8.2232e-01
5480 0 +1.546359101e-04 +1.881015464e+01 +1.881015464e+01 -1.9134e-01 +1.7807e+00 -8.2231e-01
5540 0 +1.268716003e-04 +1.881012687e+01 +1.881012687e+01 -1.9134e-01 +1.7807e+00 -8.2231e-01
5581 0 +1.132925092e-04 +1.881011329e+01 +1.881011329e+01 -1.9138e-01 +1.7807e+00 -8.2228e-01
5636 0 +1.058290075e-04 +1.881010583e+01 +1.881010583e+01 -1.9137e-01 +1.7807e+00 -8.2229e-01
6038 0 +1.039936409e-04 +1.881010399e+01 +1.881010399e+01 -1.9136e-01 +1.7807e+00 -8.2229e-01
6041 0 +9.777251156e-05 +1.881009777e+01 +1.881009777e+01 -1.9136e-01 +1.7807e+00 -8.2230e-01
6043 0 +9.608911254e-05 +1.881009609e+01 +1.881009609e+01 -1.9137e-01 +1.7807e+00 -8.2229e-01
6053 0 +9.414884308e-05 +1.881009415e+01 +1.881009415e+01 -1.9137e-01 +1.7807e+00 -8.2229e-01
6065 0 +7.771745527e-05 +1.881007772e+01 +1.881007772e+01 -1.9137e-01 +1.7807e+00 -8.2229e-01
6132 0 +6.552652583e-05 +1.881006553e+01 +1.881006553e+01 -1.9136e-01 +1.7807e+00 -8.2229e-01
6210 0 +6.452557777e-05 +1.881006453e+01 +1.881006453e+01 -1.9136e-01 +1.7807e+00 -8.2229e-01
6483 0 +6.251177511e-05 +1.881006251e+01 +1.881006251e+01 -1.9137e-01 +1.7807e+00 -8.2229e-01
6582 0 +5.950399637e-05 +1.881005950e+01 +1.881005950e+01 -1.9137e-01 +1.7807e+00 -8.2229e-01
6799 0 +5.760393710e-05 +1.881005760e+01 +1.881005760e+01 -1.9137e-01 +1.7807e+00 -8.2229e-01
7232 0 +5.744768385e-05 +1.881005745e+01 +1.881005745e+01 -1.9137e-01 +1.7807e+00 -8.2229e-01
12048 0 +5.737371816e-05 +1.881005737e+01 +1.881005737e+01 -1.9137e-01 +1.7807e+00 -8.2229e-01
% f evaluations | g evaluations | best noise-free fitness - Fopt (2.731500000000e+02) + sum g_i+ | measured fitness | best measured fitness or single-digit g-values | x1 | x2...
1 0 +1.478632533e+03 +1.751782533e+03 +1.751782533e+03 +2.9654e+00 -3.1657e+00 +2.7969e+00
2 0 +8.285703543e+02 +1.101720354e+03 +1.101720354e+03 +9.6850e-01 -5.4167e-01 -4.0003e+00
6 0 +7.001144673e+02 +9.732644673e+02 +9.732644673e+02 +1.1748e+00 +1.1165e+00 -4.9293e+00
7 0 +2.492592751e+01 +2.980759275e+02 +2.980759275e+02 -4.7694e+00 +2.4775e-01 -1.0014e+00
34 0 +1.590879046e+01 +2.890587905e+02 +2.890587905e+02 -2.9828e+00 +3.9576e+00 -2.4630e-01
48 0 +1.036394050e+01 +2.835139405e+02 +2.835139405e+02 -2.5839e+00 +4.2343e+00 +1.5953e-01
94 0 +6.908572530e+00 +2.800585725e+02 +2.800585725e+02 -3.1881e+00 +4.2019e+00 -8.3704e-01
190 0 +3.915420869e+00 +2.770654209e+02 +2.770654209e+02 -4.7147e+00 +1.8380e+00 -7.8613e-01
476 0 +2.805449924e+00 +2.759554499e+02 +2.759554499e+02 -3.2107e+00 +4.7327e+00 -1.3778e-01
608 0 +1.427292043e+00 +2.745772920e+02 +2.745772920e+02 -3.1875e+00 +4.4373e+00 -4.2561e-01
731 0 +1.178349978e+00 +2.743283500e+02 +2.743283500e+02 -3.8099e+00 +3.4938e+00 -4.0045e-01
855 0 +9.953583295e-01 +2.741453583e+02 +2.741453583e+02 -3.9008e+00 +3.3068e+00 -4.4291e-01
864 0 +4.881661320e-01 +2.736381661e+02 +2.736381661e+02 -3.6040e+00 +3.7603e+00 -4.5702e-01
1142 0 +4.719023284e-01 +2.736219023e+02 +2.736219023e+02 -3.6162e+00 +3.7430e+00 -4.8530e-01
1299 0 +4.663694291e-01 +2.736163694e+02 +2.736163694e+02 -3.6200e+00 +3.6392e+00 -5.3100e-01
1347 0 +4.435305017e-01 +2.735935305e+02 +2.735935305e+02 -3.8015e+00 +3.3159e+00 -5.2660e-01
1418 0 +2.549199449e-01 +2.734049199e+02 +2.734049199e+02 -3.5489e+00 +3.7914e+00 -4.8602e-01
1475 0 +1.463773179e-01 +2.732963773e+02 +2.732963773e+02 -3.5723e+00 +3.7497e+00 -4.8897e-01
1861 0 +1.400603651e-01 +2.732900604e+02 +2.732900604e+02 -3.6097e+00 +3.6809e+00 -4.9960e-01
1874 0 +1.269160058e-01 +2.732769160e+02 +2.732769160e+02 -3.5541e+00 +3.7679e+00 -4.9210e-01
1936 0 +1.098551661e-01 +2.732598552e+02 +2.732598552e+02 -3.5814e+00 +3.7444e+00 -4.7231e-01
1969 0 +1.033016144e-01 +2.732533016e+02 +2.732533016e+02 -3.5943e+00 +3.7412e+00 -4.6424e-01
1992 0 +8.043446667e-02 +2.732304345e+02 +2.732304345e+02 -3.5843e+00 +3.7562e+00 -4.6930e-01
2154 0 +7.056934294e-02 +2.732205693e+02 +2.732205693e+02 -3.5817e+00 +3.7376e+00 -4.7823e-01
2254 0 +4.791781966e-02 +2.731979178e+02 +2.731979178e+02 -3.5864e+00 +3.7365e+00 -4.7972e-01
2336 0 +2.753933607e-02 +2.731775393e+02 +2.731775393e+02 -3.5650e+00 +3.7746e+00 -4.7804e-01
2458 0 +1.720702940e-02 +2.731672070e+02 +2.731672070e+02 -3.5844e+00 +3.7429e+00 -4.8165e-01
2769 0 +1.486171547e-02 +2.731648617e+02 +2.731648617e+02 -3.5736e+00 +3.7628e+00 -4.7739e-01
2982 0 +1.310889734e-02 +2.731631089e+02 +2.731631089e+02 -3.5814e+00 +3.7509e+00 -4.7819e-01
3126 0 +1.178917781e-02 +2.731617892e+02 +2.731617892e+02 -3.5780e+00 +3.7547e+00 -4.7812e-01
3191 0 +8.362985234e-03 +2.731583630e+02 +2.731583630e+02 -3.5873e+00 +3.7396e+00 -4.7948e-01
3287 0 +5.646927141e-03 +2.731556469e+02 +2.731556469e+02 -3.5774e+00 +3.7566e+00 -4.7812e-01
3371 0 +4.570241081e-03 +2.731545702e+02 +2.731545702e+02 -3.5794e+00 +3.7537e+00 -4.7802e-01
3461 0 +4.267412515e-03 +2.731542674e+02 +2.731542674e+02 -3.5786e+00 +3.7543e+00 -4.7831e-01
3577 0 +3.673025921e-03 +2.731536730e+02 +2.731536730e+02 -3.5790e+00 +3.7538e+00 -4.7829e-01
3656 0 +3.607490774e-03 +2.731536075e+02 +2.731536075e+02 -3.5778e+00 +3.7560e+00 -4.7787e-01
3674 0 +2.663065801e-03 +2.731526631e+02 +2.731526631e+02 -3.5794e+00 +3.7533e+00 -4.7857e-01
3692 0 +1.503584842e-03 +2.731515036e+02 +2.731515036e+02 -3.5793e+00 +3.7533e+00 -4.7852e-01
3734 0 +1.360946243e-03 +2.731513609e+02 +2.731513609e+02 -3.5793e+00 +3.7534e+00 -4.7849e-01
3868 0 +1.030976372e-03 +2.731510310e+02 +2.731510310e+02 -3.5787e+00 +3.7544e+00 -4.7832e-01
4050 0 +6.841667519e-04 +2.731506842e+02 +2.731506842e+02 -3.5787e+00 +3.7544e+00 -4.7829e-01
4056 0 +6.503836826e-04 +2.731506504e+02 +2.731506504e+02 -3.5790e+00 +3.7539e+00 -4.7835e-01
4229 0 +6.111748052e-04 +2.731506112e+02 +2.731506112e+02 -3.5786e+00 +3.7545e+00 -4.7831e-01
4246 0 +2.389645924e-04 +2.731502390e+02 +2.731502390e+02 -3.5791e+00 +3.7538e+00 -4.7838e-01
4611 0 +2.235594169e-04 +2.731502236e+02 +2.731502236e+02 -3.5793e+00 +3.7535e+00 -4.7843e-01
4635 0 +3.676704489e-05 +2.731500368e+02 +2.731500368e+02 -3.5792e+00 +3.7536e+00 -4.7840e-01
4939 0 +2.515067354e-05 +2.731500252e+02 +2.731500252e+02 -3.5792e+00 +3.7536e+00 -4.7840e-01
5309 0 +1.422094238e-05 +2.731500142e+02 +2.731500142e+02 -3.5792e+00 +3.7536e+00 -4.7840e-01
5354 0 +5.634722356e-06 +2.731500056e+02 +2.731500056e+02 -3.5792e+00 +3.7536e+00 -4.7840e-01
5518 0 +2.723524915e-06 +2.731500027e+02 +2.731500027e+02 -3.5792e+00 +3.7536e+00 -4.7840e-01
5598 0 +7.946806591e-07 +2.731500008e+02 +2.731500008e+02 -3.5792e+00 +3.7536e+00 -4.7840e-01
5891 0 +6.288034342e-07 +2.731500006e+02 +2.731500006e+02 -3.5792e+00 +3.7536e+00 -4.7840e-01
5903 0 +5.714106237e-07 +2.731500006e+02 +2.731500006e+02 -3.5792e+00 +3.7536e+00 -4.7840e-01
5920 0 +4.994019491e-07 +2.731500005e+02 +2.731500005e+02 -3.5792e+00 +3.7536e+00 -4.7840e-01
5977 0 +4.752124028e-07 +2.731500005e+02 +2.731500005e+02 -3.5792e+00 +3.7536e+00 -4.7840e-01
5995 0 +4.141750196e-07 +2.731500004e+02 +2.731500004e+02 -3.5792e+00 +3.7536e+00 -4.7840e-01
6014 0 +3.016399432e-07 +2.731500003e+02 +2.731500003e+02 -3.5792e+00 +3.7536e+00 -4.7840e-01
6177 0 +2.806474981e-07 +2.731500003e+02 +2.731500003e+02 -3.5792e+00 +3.7536e+00 -4.7840e-01
6183 0 +1.952690241e-07 +2.731500002e+02 +2.731500002e+02 -3.5792e+00 +3.7536e+00 -4.7840e-01
6201 0 +1.772010023e-07 +2.731500002e+02 +2.731500002e+02 -3.5792e+00 +3.7536e+00 -4.7840e-01
6206 0 +1.616574536e-07 +2.731500002e+02 +2.731500002e+02 -3.5792e+00 +3.7536e+00 -4.7840e-01
6280 0 +8.740636304e-08 +2.731500001e+02 +2.731500001e+02 -3.5792e+00 +3.7536e+00 -4.7840e-01
6375 0 +6.866576996e-08 +2.731500001e+02 +2.731500001e+02 -3.5792e+00 +3.7536e+00 -4.7840e-01
6413 0 +5.504938372e-08 +2.731500001e+02 +2.731500001e+02 -3.5792e+00 +3.7536e+00 -4.7840e-01
6562 0 +3.296128170e-08 +2.731500000e+02 +2.731500000e+02 -3.5792e+00 +3.7536e+00 -4.7840e-01
6596 0 +3.178223551e-08 +2.731500000e+02 +2.731500000e+02 -3.5792e+00 +3.7536e+00 -4.7840e-01
6666 0 +3.082277544e-08 +2.731500000e+02 +2.731500000e+02 -3.5792e+00 +3.7536e+00 -4.7840e-01
6685 0 +1.182621645e-08 +2.731500000e+02 +2.731500000e+02 -3.5792e+00 +3.7536e+00 -4.7840e-01
6690 0 +1.031997954e-08 +2.731500000e+02 +2.731500000e+02 -3.5792e+00 +3.7536e+00 -4.7840e-01
6743 0 +9.412246982e-09 +2.731500000e+02 +2.731500000e+02 -3.5792e+00 +3.7536e+00 -4.7840e-01
7977 0 +3.410605132e-13 +2.731500000e+02 +2.731500000e+02 -3.5792e+00 +3.7536e+00 -4.7840e-01
8431 0 +0.000000000e+00 +2.731500000e+02 +2.731500000e+02 -3.5792e+00 +3.7536e+00 -4.7840e-01
8729 0 +0.000000000e+00 +2.731500000e+02 +2.731500000e+02 -3.5792e+00 +3.7536e+00 -4.7840e-01
% f evaluations | g evaluations | best noise-free fitness - Fopt (3.718000000000e+01) + sum g_i+ | measured fitness | best measured fitness or single-digit g-values | x1 | x2...
1 0 +1.498718024e+02 +1.870518024e+02 +1.870518024e+02 +2.9654e+00 -3.1657e+00 +2.7969e+00
7 0 +7.294129588e+01 +1.101212959e+02 +1.101212959e+02 -4.7694e+00 +2.4775e-01 -1.0014e+00
9 0 +6.060837355e+01 +9.778837355e+01 +9.778837355e+01 -4.0939e+00 +1.1839e+00 -1.1754e+00
14 0 +5.140724284e+01 +8.858724284e+01 +8.858724284e+01 +1.8326e+00 +1.1000e+00 +3.3319e+00
29 0 +4.863694011e+01 +8.581694011e+01 +8.581694011e+01 +1.6884e+00 +1.6592e+00 +9.1298e-01
30 0 +4.129673310e+01 +7.847673310e+01 +7.847673310e+01 -2.2528e+00 +6.1243e-01 -1.1707e+00
50 0 +3.495092283e+01 +7.213092283e+01 +7.213092283e+01 +1.8326e+00 +2.1993e+00 +3.5049e+00
71 0 +2.567538283e+01 +6.285538283e+01 +6.285538283e+01 -8.5648e-02 +1.2178e+00 -3.3459e-01
122 0 +1.585936256e+01 +5.303936256e+01 +5.303936256e+01 -2.1882e+00 +1.7955e+00 +7.7389e-01
168 0 +1.551527831e+01 +5.269527831e+01 +5.269527831e+01 -1.4277e+00 +1.7955e+00 +1.2405e+00
242 0 +1.125767426e+01 +4.843767426e+01 +4.843767426e+01 -6.4066e-02 +2.4187e+00 +2.8588e+00
272 0 +6.265742566e+00 +4.344574257e+01 +4.344574257e+01 -8.0536e-01 +2.4598e+00 +1.9837e+00
619 0 +2.047215253e+00 +3.922721525e+01 +3.922721525e+01 -4.9680e+00 +1.8740e+00 +2.0403e+00
688 0 +1.897995936e+00 +3.907799594e+01 +3.907799594e+01 -2.0871e+00 +2.4491e+00 +2.1172e+00
1018 0 +1.426467927e+00 +3.860646793e+01 +3.860646793e+01 -3.9565e+00 +2.0085e+00 +1.9674e+00
1085 0 +1.297878764e+00 +3.847787876e+01 +3.847787876e+01 -4.3199e+00 +1.8811e+00 +1.8834e+00
1129 0 +1.247454244e+00 +3.842745424e+01 +3.842745424e+01 -4.1680e+00 +2.0714e+00 +2.0850e+00
1226 0 +6.059513144e-01 +3.778595131e+01 +3.778595131e+01 -3.6846e+00 +2.1161e+00 +2.0274e+00
1366 0 +5.813241758e-01 +3.776132418e+01 +3.776132418e+01 -4.1991e+00 +1.9662e+00 +2.0058e+00
1469 0 +4.322327057e-01 +3.761223271e+01 +3.761223271e+01 -3.8683e+00 +2.0925e+00 +2.0928e+00
1470 0 +2.784779872e-01 +3.745847799e+01 +3.745847799e+01 -3.9880e+00 +2.0288e+00 +1.9950e+00
1756 0 +2.671022282e-01 +3.744710223e+01 +3.744710223e+01 -3.9495e+00 +2.0551e+00 +2.0289e+00
1817 0 +8.372058992e-02 +3.726372059e+01 +3.726372059e+01 -3.9845e+00 +2.0463e+00 +2.0451e+00
2264 0 +4.811532567e-02 +3.722811533e+01 +3.722811533e+01 -3.9215e+00 +2.0543e+00 +2.0386e+00
2437 0 +1.394291270e-02 +3.719394291e+01 +3.719394291e+01 -3.8925e+00 +2.0616e+00 +2.0402e+00
3118 0 +1.084880738e-02 +3.719084881e+01 +3.719084881e+01 -3.8925e+00 +2.0615e+00 +2.0393e+00
3407 0 +7.163360624e-03 +3.718716336e+01 +3.718716336e+01 -3.8983e+00 +2.0596e+00 +2.0401e+00
3428 0 +5.120566406e-03 +3.718512057e+01 +3.718512057e+01 -3.8925e+00 +2.0616e+00 +2.0397e+00
3590 0 +3.882854905e-03 +3.718388285e+01 +3.718388285e+01 -3.9006e+00 +2.0598e+00 +2.0404e+00
3646 0 +3.728991920e-03 +3.718372899e+01 +3.718372899e+01 -3.9066e+00 +2.0585e+00 +2.0399e+00
3855 0 +3.689873555e-03 +3.718368987e+01 +3.718368987e+01 -3.8975e+00 +2.0605e+00 +2.0404e+00
3868 0 +3.473689373e-03 +3.718347369e+01 +3.718347369e+01 -3.8964e+00 +2.0610e+00 +2.0404e+00
3901 0 +2.060941443e-03 +3.718206094e+01 +3.718206094e+01 -3.8992e+00 +2.0601e+00 +2.0402e+00
3991 0 +1.994675249e-03 +3.718199468e+01 +3.718199468e+01 -3.9022e+00 +2.0593e+00 +2.0398e+00
4037 0 +1.175233919e-03 +3.718117523e+01 +3.718117523e+01 -3.8986e+00 +2.0602e+00 +2.0401e+00
4099 0 +8.197831445e-04 +3.718081978e+01 +3.718081978e+01 -3.8981e+00 +2.0603e+00 +2.0400e+00
4188 0 +6.711925432e-04 +3.718067119e+01 +3.718067119e+01 -3.8990e+00 +2.0600e+00 +2.0400e+00
4481 0 +2.306460148e-04 +3.718023065e+01 +3.718023065e+01 -3.8993e+00 +2.0600e+00 +2.0400e+00
4702 0 +1.780855038e-04 +3.718017809e+01 +3.718017809e+01 -3.8992e+00 +2.0600e+00 +2.0400e+00
4947 0 +1.279741671e-04 +3.718012797e+01 +3.718012797e+01 -3.8992e+00 +2.0600e+00 +2.0400e+00
4979 0 +3.105500681e-05 +3.718003106e+01 +3.718003106e+01 -3.8992e+00 +2.0600e+00 +2.0400e+00
4983 0 +2.897133571e-05 +3.718002897e+01 +3.718002897e+01 -3.8992e+00 +2.0600e+00 +2.0400e+00
5241 0 +2.878765815e-05 +3.718002879e+01 +3.718002879e+01 -3.8992e+00 +2.0600e+00 +2.0400e+00
5393 0 +1.640866816e-05 +3.718001641e+01 +3.718001641e+01 -3.8992e+00 +2.0600e+00 +2.0400e+00
5487 0 +1.203779474e-05 +3.718001204e+01 +3.718001204e+01 -3.8992e+00 +2.0600e+00 +2.0400e+00
5583 0 +1.064987377e-05 +3.718001065e+01 +3.718001065e+01 -3.8992e+00 +2.0600e+00 +2.0400e+00
5598 0 +5.926485919e-06 +3.718000593e+01 +3.718000593e+01 -3.8992e+00 +2.0600e+00 +2.0400e+00
5720 0 +2.470148303e-06 +3.718000247e+01 +3.718000247e+01 -3.8992e+00 +2.0600e+00 +2.0400e+00
5824 0 +1.402311298e-06 +3.718000140e+01 +3.718000140e+01 -3.8992e+00 +2.0600e+00 +2.0400e+00
5869 0 +6.521000202e-07 +3.718000065e+01 +3.718000065e+01 -3.8992e+00 +2.0600e+00 +2.0400e+00
6032 0 +6.414700167e-07 +3.718000064e+01 +3.718000064e+01 -3.8992e+00 +2.0600e+00 +2.0400e+00
6051 0 +6.022100720e-07 +3.718000060e+01 +3.718000060e+01 -3.8992e+00 +2.0600e+00 +2.0400e+00
6173 0 +5.597594352e-07 +3.718000056e+01 +3.718000056e+01 -3.8992e+00 +2.0600e+00 +2.0400e+00
6186 0 +4.671111213e-07 +3.718000047e+01 +3.718000047e+01 -3.8992e+00 +2.0600e+00 +2.0400e+00
6204 0 +3.365267602e-07 +3.718000034e+01 +3.718000034e+01 -3.8992e+00 +2.0600e+00 +2.0400e+00
6308 0 +1.317336000e-07 +3.718000013e+01 +3.718000013e+01 -3.8992e+00 +2.0600e+00 +2.0400e+00
6380 0 +7.913751432e-08 +3.718000008e+01 +3.718000008e+01 -3.8992e+00 +2.0600e+00 +2.0400e+00
6428 0 +7.633627774e-08 +3.718000008e+01 +3.718000008e+01 -3.8992e+00 +2.0600e+00 +2.0400e+00
6452 0 +5.185368934e-08 +3.718000005e+01 +3.718000005e+01 -3.8992e+00 +2.0600e+00 +2.0400e+00
6558 0 +4.731568026e-08 +3.718000005e+01 +3.718000005e+01 -3.8992e+00 +2.0600e+00 +2.0400e+00
6592 0 +4.229651296e-08 +3.718000004e+01 +3.718000004e+01 -3.8992e+00 +2.0600e+00 +2.0400e+00
6674 0 +3.939497617e-08 +3.718000004e+01 +3.718000004e+01 -3.8992e+00 +2.0600e+00 +2.0400e+00
6696 0 +3.577888208e-08 +3.718000004e+01 +3.718000004e+01 -3.8992e+00 +2.0600e+00 +2.0400e+00
6712 0 +3.016006644e-08 +3.718000003e+01 +3.718000003e+01 -3.8992e+00 +2.0600e+00 +2.0400e+00
6716 0 +1.799737248e-08 +3.718000002e+01 +3.718000002e+01 -3.8992e+00 +2.0600e+00 +2.0400e+00
6720 0 +3.130303128e-09 +3.718000000e+01 +3.718000000e+01 -3.8992e+00 +2.0600e+00 +2.0400e+00
8075 0 +9.166001291e-13 +3.718000000e+01 +3.718000000e+01 -3.8992e+00 +2.0600e+00 +2.0400e+00
8744 0 +7.105427358e-15 +3.718000000e+01 +3.718000000e+01 -3.8992e+00 +2.0600e+00 +2.0400e+00
% f evaluations | g evaluations | best noise-free fitness - Fopt (-1.479000000000e+02) + sum g_i+ | measured fitness | best measured fitness or single-digit g-values | x1 | x2...
1 0 +1.439860291e+02 -3.913970889e+00 -3.913970889e+00 +2.9654e+00 -3.1657e+00 +2.7969e+00
2 0 +1.231669779e+02 -2.473302210e+01 -2.473302210e+01 +9.6850e-01 -5.4167e-01 -4.0003e+00
3 0 +4.176040643e+01 -1.061395936e+02 -1.061395936e+02 -4.0751e-01 -1.6629e+00 -3.5713e+00
23 0 +3.193545638e+01 -1.159645436e+02 -1.159645436e+02 -2.0373e+00 -3.3473e+00 -4.8436e+00
24 0 +2.178963770e+01 -1.261103623e+02 -1.261103623e+02 -7.6599e-01 -1.0512e+00 -2.0651e+00
43 0 +2.082649540e+01 -1.270735046e+02 -1.270735046e+02 -1.4743e+00 -1.9522e+00 -3.3534e+00
45 0 +1.624644676e+01 -1.316535532e+02 -1.316535532e+02 -2.3059e+00 -2.5587e+00 -3.3171e+00
56 0 +6.439404518e+00 -1.414605955e+02 -1.414605955e+02 -5.3742e-01 +5.5020e-01 +1.4450e+00
351 0 +3.170937083e+00 -1.447290629e+02 -1.447290629e+02 -1.4744e+00 +2.8402e-01 +1.4456e+00
418 0 +2.623500130e+00 -1.452764999e+02 -1.452764999e+02 -1.7552e+00 -8.4729e-01 -5.9671e-01
622 0 +2.268808261e+00 -1.456311917e+02 -1.456311917e+02 -1.9778e+00 -9.2909e-01 -6.6628e-01
693 0 +2.117256537e+00 -1.457827435e+02 -1.457827435e+02 -1.6346e+00 -3.2728e-01 +3.6327e-01
836 0 +1.986218342e+00 -1.459137817e+02 -1.459137817e+02 -1.4904e+00 -2.9745e-02 +6.5834e-01
902 0 +1.461334518e+00 -1.464386655e+02 -1.464386655e+02 -1.8469e+00 -6.4199e-02 +7.8689e-01
904 0 +1.251095417e+00 -1.466489046e+02 -1.466489046e+02 -1.7951e+00 -6.4199e-02 +7.9844e-01
1207 0 +9.337218251e-01 -1.469662782e+02 -1.469662782e+02 -1.7655e+00 +5.3934e-03 +8.7744e-01
1363 0 +8.785951749e-01 -1.470214048e+02 -1.470214048e+02 -1.7190e+00 +6.8724e-03 +9.5891e-01
1404 0 +4.607886136e-01 -1.474392114e+02 -1.474392114e+02 -1.6573e+00 +5.4418e-02 +9.7489e-01
1662 0 +2.532800781e-01 -1.476467199e+02 -1.476467199e+02 -1.7169e+00 +1.3406e-01 +1.1402e+00
1797 0 +1.700338846e-01 -1.477299661e+02 -1.477299661e+02 -1.6849e+00 +1.8406e-01 +1.2142e+00
2048 0 +1.573816349e-01 -1.477426184e+02 -1.477426184e+02 -1.6911e+00 +1.8781e-01 +1.2186e+00
2070 0 +1.195957641e-01 -1.477804042e+02 -1.477804042e+02 -1.6788e+00 +1.0688e-01 +1.0879e+00
2257 0 +9.528797300e-02 -1.478047120e+02 -1.478047120e+02 -1.6735e+00 +1.7907e-01 +1.2047e+00
2335 0 +7.121546510e-02 -1.478287845e+02 -1.478287845e+02 -1.6708e+00 +1.3743e-01 +1.1303e+00
2489 0 +5.793987198e-02 -1.478420601e+02 -1.478420601e+02 -1.6742e+00 +1.2469e-01 +1.1192e+00
2529 0 +1.955642831e-02 -1.478804436e+02 -1.478804436e+02 -1.6682e+00 +1.3247e-01 +1.1304e+00
2844 0 +1.703804399e-02 -1.478829620e+02 -1.478829620e+02 -1.6709e+00 +1.2750e-01 +1.1218e+00
2935 0 +1.659835306e-02 -1.478834016e+02 -1.478834016e+02 -1.6701e+00 +1.2847e-01 +1.1247e+00
3005 0 +7.967608536e-03 -1.478920324e+02 -1.478920324e+02 -1.6716e+00 +1.3732e-01 +1.1410e+00
3395 0 +4.719860392e-03 -1.478952801e+02 -1.478952801e+02 -1.6710e+00 +1.3389e-01 +1.1346e+00
3704 0 +3.069924537e-03 -1.478969301e+02 -1.478969301e+02 -1.6707e+00 +1.3365e-01 +1.1340e+00
3983 0 +2.571911790e-03 -1.478974281e+02 -1.478974281e+02 -1.6702e+00 +1.3561e-01 +1.1373e+00
4028 0 +8.291611303e-04 -1.478991708e+02 -1.478991708e+02 -1.6705e+00 +1.3507e-01 +1.1366e+00
4108 0 +4.008030546e-04 -1.478995992e+02 -1.478995992e+02 -1.6704e+00 +1.3529e-01 +1.1370e+00
4530 0 +2.423734675e-04 -1.478997576e+02 -1.478997576e+02 -1.6704e+00 +1.3524e-01 +1.1369e+00
4718 0 +1.147633423e-04 -1.478998852e+02 -1.478998852e+02 -1.6704e+00 +1.3520e-01 +1.1368e+00
5012 0 +9.622208020e-05 -1.478999038e+02 -1.478999038e+02 -1.6704e+00 +1.3521e-01 +1.1368e+00
5069 0 +8.681052043e-05 -1.478999132e+02 -1.478999132e+02 -1.6704e+00 +1.3518e-01 +1.1368e+00
5124 0 +3.212508659e-05 -1.478999679e+02 -1.478999679e+02 -1.6704e+00 +1.3521e-01 +1.1368e+00
5161 0 +2.672706819e-05 -1.478999733e+02 -1.478999733e+02 -1.6704e+00 +1.3520e-01 +1.1368e+00
5320 0 +2.529940073e-05 -1.478999747e+02 -1.478999747e+02 -1.6704e+00 +1.3519e-01 +1.1368e+00
5359 0 +1.716579555e-05 -1.478999828e+02 -1.478999828e+02 -1.6704e+00 +1.3520e-01 +1.1368e+00
5454 0 +2.119363415e-06 -1.478999979e+02 -1.478999979e+02 -1.6704e+00 +1.3520e-01 +1.1368e+00
5701 0 +1.858887174e-06 -1.478999981e+02 -1.478999981e+02 -1.6704e+00 +1.3520e-01 +1.1368e+00
5828 0 +1.464291387e-06 -1.478999985e+02 -1.478999985e+02 -1.6704e+00 +1.3520e-01 +1.1368e+00
5870 0 +7.162159079e-07 -1.478999993e+02 -1.478999993e+02 -1.6704e+00 +1.3520e-01 +1.1368e+00
5933 0 +5.507056642e-07 -1.478999994e+02 -1.478999994e+02 -1.6704e+00 +1.3520e-01 +1.1368e+00
6103 0 +5.255921280e-07 -1.478999995e+02 -1.478999995e+02 -1.6704e+00 +1.3520e-01 +1.1368e+00
6104 0 +3.489627431e-07 -1.478999997e+02 -1.478999997e+02 -1.6704e+00 +1.3520e-01 +1.1368e+00
6218 0 +1.588030329e-07 -1.478999998e+02 -1.478999998e+02 -1.6704e+00 +1.3520e-01 +1.1368e+00
6403 0 +8.194254519e-08 -1.478999999e+02 -1.478999999e+02 -1.6704e+00 +1.3520e-01 +1.1368e+00
6497 0 +7.088840448e-08 -1.478999999e+02 -1.478999999e+02 -1.6704e+00 +1.3520e-01 +1.1368e+00
6614 0 +4.665656661e-08 -1.479000000e+02 -1.479000000e+02 -1.6704e+00 +1.3520e-01 +1.1368e+00
6683 0 +3.592805342e-08 -1.479000000e+02 -1.479000000e+02 -1.6704e+00 +1.3520e-01 +1.1368e+00
6749 0 +1.941293704e-08 -1.479000000e+02 -1.479000000e+02 -1.6704e+00 +1.3520e-01 +1.1368e+00
6803 0 +1.222721835e-08 -1.479000000e+02 -1.479000000e+02 -1.6704e+00 +1.3520e-01 +1.1368e+00
6945 0 +7.922551504e-09 -1.479000000e+02 -1.479000000e+02 -1.6704e+00 +1.3520e-01 +1.1368e+00
8055 0 +4.831690603e-13 -1.479000000e+02 -1.479000000e+02 -1.6704e+00 +1.3520e-01 +1.1368e+00
8699 0 +2.842170943e-14 -1.479000000e+02 -1.479000000e+02 -1.6704e+00 +1.3520e-01 +1.1368e+00
% f evaluations | g evaluations | best noise-free fitness - Fopt (-2.218900000000e+02) + sum g_i+ | measured fitness | best measured fitness or single-digit g-values | x1 | x2...
1 0 +1.742172153e+02 -4.767278469e+01 -4.767278469e+01 +2.9654e+00 -3.1657e+00 +2.7969e+00
2 0 +5.657033891e+01 -1.653196611e+02 -1.653196611e+02 +9.6850e-01 -5.4167e-01 -4.0003e+00
3 0 +1.434654392e+01 -2.075434561e+02 -2.075434561e+02 -4.0751e-01 -1.6629e+00 -3.5713e+00
54 0 +7.860740860e+00 -2.140292591e+02 -2.140292591e+02 -2.5515e+00 -1.4001e-01 -1.8969e+00
142 0 +7.123402526e+00 -2.147665975e+02 -2.147665975e+02 -4.1420e+00 -1.8987e-01 -1.6904e-01
247 0 +3.201679958e+00 -2.186883200e+02 -2.186883200e+02 -2.5238e+00 -5.2703e-01 -8.7043e-01
584 0 +2.843806299e+00 -2.190461937e+02 -2.190461937e+02 -3.6233e+00 +1.4837e-01 -2.4820e-01
860 0 +1.400317761e+00 -2.204896822e+02 -2.204896822e+02 -4.4475e+00 +4.1859e-01 +7.2501e-01
917 0 +6.571517976e-01 -2.212328482e+02 -2.212328482e+02 -3.8619e+00 +1.7239e-01 +2.0975e-01
1333 0 +4.963643571e-01 -2.213936356e+02 -2.213936356e+02 -4.1203e+00 +3.6138e-01 +3.6187e-01
1697 0 +4.442751204e-01 -2.214457249e+02 -2.214457249e+02 -4.0792e+00 +2.8379e-01 +4.0866e-01
1714 0 +2.003285653e-01 -2.216896714e+02 -2.216896714e+02 -3.9563e+00 +2.4136e-01 +2.7327e-01
2182 0 +1.554840059e-01 -2.217345160e+02 -2.217345160e+02 -3.9249e+00 +2.2605e-01 +2.5152e-01
2461 0 +1.405828436e-01 -2.217494172e+02 -2.217494172e+02 -3.9751e+00 +2.5637e-01 +2.9635e-01
2504 0 +1.010258891e-01 -2.217889741e+02 -2.217889741e+02 -4.0201e+00 +2.7836e-01 +3.1393e-01
2530 0 +7.029121060e-02 -2.218197088e+02 -2.218197088e+02 -4.0721e+00 +3.0512e-01 +3.4840e-01
2819 0 +5.317053282e-02 -2.218368295e+02 -2.218368295e+02 -3.9882e+00 +2.7000e-01 +2.9451e-01
2856 0 +3.237404991e-02 -2.218576260e+02 -2.218576260e+02 -3.9913e+00 +2.7125e-01 +2.9522e-01
3194 0 +2.289735788e-02 -2.218671026e+02 -2.218671026e+02 -3.9421e+00 +2.4725e-01 +2.6290e-01
3431 0 +2.150654276e-02 -2.218684935e+02 -2.218684935e+02 -3.9367e+00 +2.4511e-01 +2.5467e-01
3651 0 +1.447682302e-02 -2.218755232e+02 -2.218755232e+02 -3.9384e+00 +2.4564e-01 +2.5838e-01
3682 0 +7.369158713e-03 -2.218826308e+02 -2.218826308e+02 -3.9475e+00 +2.5037e-01 +2.6468e-01
3930 0 +6.056549310e-03 -2.218839435e+02 -2.218839435e+02 -3.9425e+00 +2.4778e-01 +2.6123e-01
4004 0 +5.851844439e-03 -2.218841482e+02 -2.218841482e+02 -3.9482e+00 +2.5082e-01 +2.6466e-01
4019 0 +5.569178540e-03 -2.218844308e+02 -2.218844308e+02 -3.9449e+00 +2.4929e-01 +2.6306e-01
4021 0 +3.745032041e-03 -2.218862550e+02 -2.218862550e+02 -3.9437e+00 +2.4853e-01 +2.6139e-01
4150 0 +1.101402868e-03 -2.218888986e+02 -2.218888986e+02 -3.9427e+00 +2.4772e-01 +2.6107e-01
4437 0 +5.092782036e-04 -2.218894907e+02 -2.218894907e+02 -3.9432e+00 +2.4802e-01 +2.6156e-01
4620 0 +2.390643173e-04 -2.218897609e+02 -2.218897609e+02 -3.9432e+00 +2.4797e-01 +2.6157e-01
5118 0 +2.196548305e-04 -2.218897803e+02 -2.218897803e+02 -3.9431e+00 +2.4796e-01 +2.6155e-01
5158 0 +1.666325478e-04 -2.218898334e+02 -2.218898334e+02 -3.9434e+00 +2.4811e-01 +2.6176e-01
5238 0 +1.124747845e-04 -2.218898875e+02 -2.218898875e+02 -3.9432e+00 +2.4799e-01 +2.6159e-01
5372 0 +9.804586270e-05 -2.218899020e+02 -2.218899020e+02 -3.9432e+00 +2.4803e-01 +2.6163e-01
5406 0 +9.406063802e-05 -2.218899059e+02 -2.218899059e+02 -3.9432e+00 +2.4801e-01 +2.6163e-01
5434 0 +6.339583089e-05 -2.218899366e+02 -2.218899366e+02 -3.9432e+00 +2.4799e-01 +2.6159e-01
5492 0 +3.004255774e-05 -2.218899700e+02 -2.218899700e+02 -3.9432e+00 +2.4799e-01 +2.6158e-01
5614 0 +2.886746705e-05 -2.218899711e+02 -2.218899711e+02 -3.9432e+00 +2.4799e-01 +2.6158e-01
5682 0 +2.771697621e-05 -2.218899723e+02 -2.218899723e+02 -3.9432e+00 +2.4800e-01 +2.6160e-01
5717 0 +2.183323903e-05 -2.218899782e+02 -2.218899782e+02 -3.9432e+00 +2.4800e-01 +2.6160e-01
5815 0 +1.522383664e-05 -2.218899848e+02 -2.218899848e+02 -3.9432e+00 +2.4800e-01 +2.6160e-01
5926 0 +1.379647276e-05 -2.218899862e+02 -2.218899862e+02 -3.9432e+00 +2.4800e-01 +2.6160e-01
5991 0 +1.304876363e-05 -2.218899870e+02 -2.218899870e+02 -3.9432e+00 +2.4800e-01 +2.6160e-01
5998 0 +2.418878694e-06 -2.218899976e+02 -2.218899976e+02 -3.9432e+00 +2.4800e-01 +2.6160e-01
6284 0 +1.126094844e-06 -2.218899989e+02 -2.218899989e+02 -3.9432e+00 +2.4800e-01 +2.6160e-01
6296 0 +8.729836907e-07 -2.218899991e+02 -2.218899991e+02 -3.9432e+00 +2.4800e-01 +2.6160e-01
6324 0 +7.788677863e-07 -2.218899992e+02 -2.218899992e+02 -3.9432e+00 +2.4800e-01 +2.6160e-01
6378 0 +7.171853156e-07 -2.218899993e+02 -2.218899993e+02 -3.9432e+00 +2.4800e-01 +2.6160e-01
6407 0 +7.019178270e-07 -2.218899993e+02 -2.218899993e+02 -3.9432e+00 +2.4800e-01 +2.6160e-01
6487 0 +6.236442971e-07 -2.218899994e+02 -2.218899994e+02 -3.9432e+00 +2.4800e-01 +2.6160e-01
6494 0 +6.034141506e-07 -2.218899994e+02 -2.218899994e+02 -3.9432e+00 +2.4800e-01 +2.6160e-01
6529 0 +5.937445451e-07 -2.218899994e+02 -2.218899994e+02 -3.9432e+00 +2.4800e-01 +2.6160e-01
6544 0 +5.733482453e-07 -2.218899994e+02 -2.218899994e+02 -3.9432e+00 +2.4800e-01 +2.6160e-01
6552 0 +5.056651560e-07 -2.218899995e+02 -2.218899995e+02 -3.9432e+00 +2.4800e-01 +2.6160e-01
6616 0 +4.505324966e-07 -2.218899995e+02 -2.218899995e+02 -3.9432e+00 +2.4800e-01 +2.6160e-01
6627 0 +3.568916327e-07 -2.218899996e+02 -2.218899996e+02 -3.9432e+00 +2.4800e-01 +2.6160e-01
6649 0 +2.631265090e-07 -2.218899997e+02 -2.218899997e+02 -3.9432e+00 +2.4800e-01 +2.6160e-01
6684 0 +2.527094409e-07 -2.218899997e+02 -2.218899997e+02 -3.9432e+00 +2.4800e-01 +2.6160e-01
6718 0 +2.441747711e-07 -2.218899998e+02 -2.218899998e+02 -3.9432e+00 +2.4800e-01 +2.6160e-01
6739 0 +2.299377684e-07 -2.218899998e+02 -2.218899998e+02 -3.9432e+00 +2.4800e-01 +2.6160e-01
6749 0 +2.034647650e-07 -2.218899998e+02 -2.218899998e+02 -3.9432e+00 +2.4800e-01 +2.6160e-01
6777 0 +1.707388435e-07 -2.218899998e+02 -2.218899998e+02 -3.9432e+00 +2.4800e-01 +2.6160e-01
6819 0 +1.225946562e-07 -2.218899999e+02 -2.218899999e+02 -3.9432e+00 +2.4800e-01 +2.6160e-01
6838 0 +1.130246119e-07 -2.218899999e+02 -2.218899999e+02 -3.9432e+00 +2.4800e-01 +2.6160e-01
6863 0 +1.101482496e-07 -2.218899999e+02 -2.218899999e+02 -3.9432e+00 +2.4800e-01 +2.6160e-01
6881 0 +9.348050867e-08 -2.218899999e+02 -2.218899999e+02 -3.9432e+00 +2.4800e-01 +2.6160e-01
6882 0 +8.795458939e-08 -2.218899999e+02 -2.218899999e+02 -3.9432e+00 +2.4800e-01 +2.6160e-01
6907 0 +6.008991704e-08 -2.218899999e+02 -2.218899999e+02 -3.9432e+00 +2.4800e-01 +2.6160e-01
6954 0 +5.877399190e-08 -2.218899999e+02 -2.218899999e+02 -3.9432e+00 +2.4800e-01 +2.6160e-01
7008 0 +4.232259698e-08 -2.218900000e+02 -2.218900000e+02 -3.9432e+00 +2.4800e-01 +2.6160e-01
7037 0 +3.392784720e-08 -2.218900000e+02 -2.218900000e+02 -3.9432e+00 +2.4800e-01 +2.6160e-01
7048 0 +2.691530199e-08 -2.218900000e+02 -2.218900000e+02 -3.9432e+00 +2.4800e-01 +2.6160e-01
7090 0 +2.377308306e-08 -2.218900000e+02 -2.218900000e+02 -3.9432e+00 +2.4800e-01 +2.6160e-01
7103 0 +1.159961016e-08 -2.218900000e+02 -2.218900000e+02 -3.9432e+00 +2.4800e-01 +2.6160e-01
7193 0 +5.108802270e-09 -2.218900000e+02 -2.218900000e+02 -3.9432e+00 +2.4800e-01 +2.6160e-01
8300 0 +8.242295735e-13 -2.218900000e+02 -2.218900000e+02 -3.9432e+00 +2.4800e-01 +2.6160e-01
9068 0 +2.842170943e-14 -2.218900000e+02 -2.218900000e+02 -3.9432e+00 +2.4800e-01 +2.6160e-01
% f evaluations | g evaluations | best noise-free fitness - Fopt (1.195400000000e+02) + sum g_i+ | measured fitness | best measured fitness or single-digit g-values | x1 | x2...
1 0 +1.289812100e+02 +2.485212100e+02 +2.485212100e+02 +2.9654e+00 -3.1657e+00 +2.7969e+00
2 0 +1.159735280e+01 +1.311373528e+02 +1.311373528e+02 +9.6850e-01 -5.4167e-01 -4.0003e+00
3 0 +1.055846198e+01 +1.300984620e+02 +1.300984620e+02 -4.0751e-01 -1.6629e+00 -3.5713e+00
36 0 +6.920865569e+00 +1.264608656e+02 +1.264608656e+02 +1.0442e+00 +3.9841e-01 -2.9694e+00
188 0 +5.254352378e+00 +1.247943524e+02 +1.247943524e+02 +1.6851e+00 +7.8925e-01 -3.1507e+00
333 0 +3.748370731e+00 +1.232883707e+02 +1.232883707e+02 +9.0266e-01 +4.7478e-01 -3.4616e+00
419 0 +3.631453399e+00 +1.231714534e+02 +1.231714534e+02 +6.2111e-01 +2.5145e-01 -3.8758e+00
505 0 +2.324594126e+00 +1.218645941e+02 +1.218645941e+02 +9.4212e-01 +7.0005e-01 -3.4616e+00
643 0 +1.501992929e+00 +1.210419929e+02 +1.210419929e+02 +9.1930e-01 +4.0397e-01 -3.2688e+00
764 0 +1.383329633e+00 +1.209233296e+02 +1.209233296e+02 +8.6139e-01 +6.1290e-01 -3.5147e+00
775 0 +1.009734010e+00 +1.205497340e+02 +1.205497340e+02 +7.5718e-01 +4.0397e-01 -3.4556e+00
992 0 +6.563442830e-01 +1.201963443e+02 +1.201963443e+02 +1.1771e+00 +8.3303e-01 -3.2033e+00
1132 0 +5.090024156e-01 +1.200490024e+02 +1.200490024e+02 +1.2176e+00 +8.5367e-01 -3.1272e+00
1377 0 +4.436263850e-01 +1.199836264e+02 +1.199836264e+02 +1.3396e+00 +9.9329e-01 -3.1104e+00
1502 0 +2.035388635e-01 +1.197435389e+02 +1.197435389e+02 +1.2776e+00 +8.5989e-01 -3.1059e+00
2010 0 +1.518725893e-01 +1.196918726e+02 +1.196918726e+02 +1.2705e+00 +8.6584e-01 -3.1067e+00
2106 0 +1.475115338e-01 +1.196875115e+02 +1.196875115e+02 +1.3420e+00 +9.5544e-01 -3.0689e+00
2126 0 +1.252267086e-01 +1.196652267e+02 +1.196652267e+02 +1.3780e+00 +9.9391e-01 -3.0347e+00
2148 0 +1.048369288e-01 +1.196448369e+02 +1.196448369e+02 +1.2799e+00 +8.8923e-01 -3.1154e+00
2199 0 +1.020149687e-01 +1.196420150e+02 +1.196420150e+02 +1.3633e+00 +9.7926e-01 -3.0473e+00
2294 0 +6.035585505e-02 +1.196003559e+02 +1.196003559e+02 +1.3396e+00 +9.2626e-01 -3.0574e+00
2349 0 +5.495223592e-02 +1.195949522e+02 +1.195949522e+02 +1.3210e+00 +9.1163e-01 -3.0720e+00
2642 0 +3.910398467e-02 +1.195791040e+02 +1.195791040e+02 +1.3210e+00 +9.1618e-01 -3.0748e+00
2656 0 +3.316176505e-02 +1.195731618e+02 +1.195731618e+02 +1.3362e+00 +9.3197e-01 -3.0639e+00
2996 0 +2.607785627e-02 +1.195660779e+02 +1.195660779e+02 +1.3163e+00 +9.0886e-01 -3.0799e+00
3109 0 +1.738461274e-02 +1.195573846e+02 +1.195573846e+02 +1.3169e+00 +9.0808e-01 -3.0790e+00
3225 0 +8.329137548e-03 +1.195483291e+02 +1.195483291e+02 +1.3184e+00 +9.0662e-01 -3.0766e+00
3903 0 +7.438247857e-03 +1.195474382e+02 +1.195474382e+02 +1.3178e+00 +9.0808e-01 -3.0779e+00
3995 0 +4.250728882e-03 +1.195442507e+02 +1.195442507e+02 +1.3186e+00 +9.0790e-01 -3.0771e+00
4128 0 +2.721736073e-03 +1.195427217e+02 +1.195427217e+02 +1.3183e+00 +9.0801e-01 -3.0774e+00
4140 0 +1.098925569e-03 +1.195410989e+02 +1.195410989e+02 +1.3194e+00 +9.0915e-01 -3.0767e+00
4658 0 +6.778263153e-04 +1.195406778e+02 +1.195406778e+02 +1.3191e+00 +9.0868e-01 -3.0768e+00
4937 0 +5.721077397e-04 +1.195405721e+02 +1.195405721e+02 +1.3192e+00 +9.0876e-01 -3.0768e+00
5076 0 +3.212116086e-04 +1.195403212e+02 +1.195403212e+02 +1.3193e+00 +9.0887e-01 -3.0767e+00
5136 0 +2.428278280e-04 +1.195402428e+02 +1.195402428e+02 +1.3192e+00 +9.0881e-01 -3.0768e+00
5282 0 +2.233494818e-04 +1.195402233e+02 +1.195402233e+02 +1.3192e+00 +9.0877e-01 -3.0768e+00
5314 0 +3.500587550e-05 +1.195400350e+02 +1.195400350e+02 +1.3192e+00 +9.0880e-01 -3.0768e+00
5624 0 +3.368588041e-05 +1.195400337e+02 +1.195400337e+02 +1.3192e+00 +9.0880e-01 -3.0768e+00
5754 0 +2.748818851e-05 +1.195400275e+02 +1.195400275e+02 +1.3192e+00 +9.0879e-01 -3.0768e+00
5797 0 +1.035739730e-05 +1.195400104e+02 +1.195400104e+02 +1.3192e+00 +9.0878e-01 -3.0768e+00
6094 0 +9.811127796e-06 +1.195400098e+02 +1.195400098e+02 +1.3192e+00 +9.0880e-01 -3.0768e+00
6111 0 +7.551521833e-06 +1.195400076e+02 +1.195400076e+02 +1.3192e+00 +9.0880e-01 -3.0768e+00
6335 0 +7.244529101e-06 +1.195400072e+02 +1.195400072e+02 +1.3192e+00 +9.0880e-01 -3.0768e+00
6338 0 +3.925163952e-06 +1.195400039e+02 +1.195400039e+02 +1.3192e+00 +9.0880e-01 -3.0768e+00
6373 0 +1.513092855e-06 +1.195400015e+02 +1.195400015e+02 +1.3192e+00 +9.0880e-01 -3.0768e+00
6410 0 +9.443806448e-07 +1.195400009e+02 +1.195400009e+02 +1.3192e+00 +9.0880e-01 -3.0768e+00
6517 0 +8.775367775e-07 +1.195400009e+02 +1.195400009e+02 +1.3192e+00 +9.0880e-01 -3.0768e+00
6558 0 +6.240694290e-07 +1.195400006e+02 +1.195400006e+02 +1.3192e+00 +9.0880e-01 -3.0768e+00
6581 0 +6.040390730e-07 +1.195400006e+02 +1.195400006e+02 +1.3192e+00 +9.0880e-01 -3.0768e+00
6598 0 +2.690744765e-07 +1.195400003e+02 +1.195400003e+02 +1.3192e+00 +9.0880e-01 -3.0768e+00
6757 0 +2.626864841e-07 +1.195400003e+02 +1.195400003e+02 +1.3192e+00 +9.0880e-01 -3.0768e+00
6843 0 +2.277869555e-07 +1.195400002e+02 +1.195400002e+02 +1.3192e+00 +9.0880e-01 -3.0768e+00
6856 0 +1.387143982e-07 +1.195400001e+02 +1.195400001e+02 +1.3192e+00 +9.0880e-01 -3.0768e+00
6879 0 +1.279960458e-07 +1.195400001e+02 +1.195400001e+02 +1.3192e+00 +9.0880e-01 -3.0768e+00
7023 0 +1.128109943e-07 +1.195400001e+02 +1.195400001e+02 +1.3192e+00 +9.0880e-01 -3.0768e+00
7057 0 +6.722656565e-08 +1.195400001e+02 +1.195400001e+02 +1.3192e+00 +9.0880e-01 -3.0768e+00
7169 0 +6.340664527e-08 +1.195400001e+02 +1.195400001e+02 +1.3192e+00 +9.0880e-01 -3.0768e+00
7202 0 +5.905752687e-08 +1.195400001e+02 +1.195400001e+02 +1.3192e+00 +9.0880e-01 -3.0768e+00
7203 0 +4.424272504e-08 +1.195400000e+02 +1.195400000e+02 +1.3192e+00 +9.0880e-01 -3.0768e+00
7209 0 +4.037383405e-08 +1.195400000e+02 +1.195400000e+02 +1.3192e+00 +9.0880e-01 -3.0768e+00
7222 0 +3.893521239e-08 +1.195400000e+02 +1.195400000e+02 +1.3192e+00 +9.0880e-01 -3.0768e+00
7225 0 +3.570026763e-08 +1.195400000e+02 +1.195400000e+02 +1.3192e+00 +9.0880e-01 -3.0768e+00
7234 0 +1.474680289e-08 +1.195400000e+02 +1.195400000e+02 +1.3192e+00 +9.0880e-01 -3.0768e+00
7326 0 +1.233205182e-08 +1.195400000e+02 +1.195400000e+02 +1.3192e+00 +9.0880e-01 -3.0768e+00
7363 0 +3.735252108e-09 +1.195400000e+02 +1.195400000e+02 +1.3192e+00 +9.0880e-01 -3.0768e+00
8644 0 +8.810729923e-13 +1.195400000e+02 +1.195400000e+02 +1.3192e+00 +9.0880e-01 -3.0768e+00
9246 0 +0.000000000e+00 +1.195400000e+02 +1.195400000e+02 +1.3192e+00 +9.0880e-01 -3.0768e+00
9446 0 +0.000000000e+00 +1.195400000e+02 +1.195400000e+02 +1.3192e+00 +9.0880e-01 -3.0768e+00
% f evaluations | g evaluations | best noise-free fitness - Fopt (6.983000000000e+01) + sum g_i+ | measured fitness | best measured fitness or single-digit g-values | x1 | x2...
1 0 +7.859396565e+01 +1.484239656e+02 +1.484239656e+02 +2.9654e+00 -3.1657e+00 +2.7969e+00
2 0 +7.612919400e+01 +1.459591940e+02 +1.459591940e+02 +9.6850e-01 -5.4167e-01 -4.0003e+00
3 0 +6.251724084e+01 +1.323472408e+02 +1.323472408e+02 -4.0751e-01 -1.6629e+00 -3.5713e+00
7 0 +4.484368621e+01 +1.146736862e+02 +1.146736862e+02 -4.7694e+00 +2.4775e-01 -1.0014e+00
15 0 +7.250580243e+00 +7.708058024e+01 +7.708058024e+01 -3.2664e+00 -1.0894e+00 -3.1776e+00
39 0 +3.810263921e+00 +7.364026392e+01 +7.364026392e+01 -3.9451e+00 -4.3465e-01 -2.8156e+00
235 0 +1.042191358e+00 +7.087219136e+01 +7.087219136e+01 -3.3353e+00 -9.7134e-01 -2.8353e+00
563 0 +7.701592540e-01 +7.060015925e+01 +7.060015925e+01 -2.4968e+00 -1.9024e+00 -2.4318e+00
931 0 +7.467946371e-01 +7.057679464e+01 +7.057679464e+01 -2.9206e+00 -1.4037e+00 -2.7586e+00
1310 0 +4.952493314e-01 +7.032524933e+01 +7.032524933e+01 -3.2005e+00 -1.0752e+00 -2.8361e+00
1530 0 +3.921854268e-01 +7.022218543e+01 +7.022218543e+01 -2.8910e+00 -1.4721e+00 -2.5987e+00
1650 0 +2.555169180e-01 +7.008551692e+01 +7.008551692e+01 -2.8433e+00 -1.4521e+00 -2.7003e+00
1886 0 +9.794162053e-02 +6.992794162e+01 +6.992794162e+01 -2.8348e+00 -1.4930e+00 -2.6390e+00
2119 0 +9.456773862e-02 +6.992456774e+01 +6.992456774e+01 -2.8768e+00 -1.4424e+00 -2.6698e+00
2211 0 +6.131732575e-02 +6.989131733e+01 +6.989131733e+01 -2.8702e+00 -1.4495e+00 -2.6650e+00
2298 0 +3.497361494e-02 +6.986497361e+01 +6.986497361e+01 -2.8590e+00 -1.4616e+00 -2.6556e+00
2639 0 +3.401062235e-02 +6.986401062e+01 +6.986401062e+01 -2.8832e+00 -1.4341e+00 -2.6723e+00
2711 0 +3.184026920e-02 +6.986184027e+01 +6.986184027e+01 -2.8715e+00 -1.4474e+00 -2.6619e+00
2752 0 +2.846548751e-02 +6.985846549e+01 +6.985846549e+01 -2.8315e+00 -1.4937e+00 -2.6438e+00
2791 0 +2.174156482e-02 +6.985174156e+01 +6.985174156e+01 -2.8716e+00 -1.4510e+00 -2.6614e+00
2968 0 +1.657126256e-02 +6.984657126e+01 +6.984657126e+01 -2.8537e+00 -1.4688e+00 -2.6533e+00
3097 0 +6.392747132e-03 +6.983639275e+01 +6.983639275e+01 -2.8551e+00 -1.4674e+00 -2.6542e+00
3462 0 +3.696052312e-03 +6.983369605e+01 +6.983369605e+01 -2.8649e+00 -1.4564e+00 -2.6582e+00
3474 0 +3.498569928e-03 +6.983349857e+01 +6.983349857e+01 -2.8706e+00 -1.4502e+00 -2.6613e+00
3863 0 +3.177295185e-03 +6.983317730e+01 +6.983317730e+01 -2.8670e+00 -1.4545e+00 -2.6586e+00
3979 0 +2.393359503e-03 +6.983239336e+01 +6.983239336e+01 -2.8657e+00 -1.4560e+00 -2.6586e+00
4160 0 +1.107519232e-03 +6.983110752e+01 +6.983110752e+01 -2.8663e+00 -1.4553e+00 -2.6587e+00
4254 0 +3.014882897e-04 +6.983030149e+01 +6.983030149e+01 -2.8656e+00 -1.4560e+00 -2.6584e+00
4440 0 +1.714965125e-04 +6.983017150e+01 +6.983017150e+01 -2.8656e+00 -1.4560e+00 -2.6584e+00
4869 0 +1.440658740e-04 +6.983014407e+01 +6.983014407e+01 -2.8658e+00 -1.4558e+00 -2.6585e+00
4987 0 +1.080405221e-04 +6.983010804e+01 +6.983010804e+01 -2.8657e+00 -1.4559e+00 -2.6585e+00
5064 0 +9.693243450e-05 +6.983009693e+01 +6.983009693e+01 -2.8656e+00 -1.4560e+00 -2.6584e+00
5185 0 +9.493036754e-05 +6.983009493e+01 +6.983009493e+01 -2.8656e+00 -1.4560e+00 -2.6584e+00
5216 0 +7.586376296e-05 +6.983007586e+01 +6.983007586e+01 -2.8656e+00 -1.4560e+00 -2.6584e+00
5230 0 +3.280831368e-05 +6.983003281e+01 +6.983003281e+01 -2.8656e+00 -1.4560e+00 -2.6584e+00
5417 0 +3.215880561e-05 +6.983003216e+01 +6.983003216e+01 -2.8656e+00 -1.4560e+00 -2.6584e+00
5436 0 +3.022023499e-05 +6.983003022e+01 +6.983003022e+01 -2.8656e+00 -1.4560e+00 -2.6584e+00
5515 0 +3.003253202e-05 +6.983003003e+01 +6.983003003e+01 -2.8656e+00 -1.4560e+00 -2.6584e+00
5681 0 +1.207210917e-05 +6.983001207e+01 +6.983001207e+01 -2.8656e+00 -1.4560e+00 -2.6584e+00
5757 0 +4.303940599e-06 +6.983000430e+01 +6.983000430e+01 -2.8656e+00 -1.4560e+00 -2.6584e+00
5855 0 +2.913415173e-06 +6.983000291e+01 +6.983000291e+01 -2.8656e+00 -1.4560e+00 -2.6584e+00
6088 0 +2.856160123e-06 +6.983000286e+01 +6.983000286e+01 -2.8656e+00 -1.4560e+00 -2.6584e+00
6128 0 +2.342339428e-06 +6.983000234e+01 +6.983000234e+01 -2.8656e+00 -1.4560e+00 -2.6584e+00
6232 0 +8.919494690e-07 +6.983000089e+01 +6.983000089e+01 -2.8656e+00 -1.4560e+00 -2.6584e+00
6431 0 +7.676861458e-07 +6.983000077e+01 +6.983000077e+01 -2.8656e+00 -1.4560e+00 -2.6584e+00
6441 0 +7.322986875e-07 +6.983000073e+01 +6.983000073e+01 -2.8656e+00 -1.4560e+00 -2.6584e+00
6444 0 +6.459828796e-07 +6.983000065e+01 +6.983000065e+01 -2.8656e+00 -1.4560e+00 -2.6584e+00
6499 0 +6.212828794e-07 +6.983000062e+01 +6.983000062e+01 -2.8656e+00 -1.4560e+00 -2.6584e+00
6550 0 +5.899654241e-07 +6.983000059e+01 +6.983000059e+01 -2.8656e+00 -1.4560e+00 -2.6584e+00
6578 0 +4.699125498e-07 +6.983000047e+01 +6.983000047e+01 -2.8656e+00 -1.4560e+00 -2.6584e+00
6596 0 +3.937155242e-07 +6.983000039e+01 +6.983000039e+01 -2.8656e+00 -1.4560e+00 -2.6584e+00
6663 0 +3.346076340e-07 +6.983000033e+01 +6.983000033e+01 -2.8656e+00 -1.4560e+00 -2.6584e+00
6696 0 +2.051389600e-07 +6.983000021e+01 +6.983000021e+01 -2.8656e+00 -1.4560e+00 -2.6584e+00
6779 0 +1.847630813e-07 +6.983000018e+01 +6.983000018e+01 -2.8656e+00 -1.4560e+00 -2.6584e+00
6816 0 +5.617570764e-08 +6.983000006e+01 +6.983000006e+01 -2.8656e+00 -1.4560e+00 -2.6584e+00
6891 0 +4.444727608e-08 +6.983000004e+01 +6.983000004e+01 -2.8656e+00 -1.4560e+00 -2.6584e+00
6968 0 +3.296703710e-08 +6.983000003e+01 +6.983000003e+01 -2.8656e+00 -1.4560e+00 -2.6584e+00
6999 0 +2.207708860e-08 +6.983000002e+01 +6.983000002e+01 -2.8656e+00 -1.4560e+00 -2.6584e+00
7016 0 +2.171238123e-08 +6.983000002e+01 +6.983000002e+01 -2.8656e+00 -1.4560e+00 -2.6584e+00
7041 0 +2.043898917e-08 +6.983000002e+01 +6.983000002e+01 -2.8656e+00 -1.4560e+00 -2.6584e+00
7094 0 +1.930638405e-08 +6.983000002e+01 +6.983000002e+01 -2.8656e+00 -1.4560e+00 -2.6584e+00
7119 0 +1.762724366e-08 +6.983000002e+01 +6.983000002e+01 -2.8656e+00 -1.4560e+00 -2.6584e+00
7125 0 +1.127961013e-08 +6.983000001e+01 +6.983000001e+01 -2.8656e+00 -1.4560e+00 -2.6584e+00
7137 0 +2.264812338e-09 +6.983000000e+01 +6.983000000e+01 -2.8656e+00 -1.4560e+00 -2.6584e+00
8405 0 +6.821210263e-13 +6.983000000e+01 +6.983000000e+01 -2.8656e+00 -1.4560e+00 -2.6584e+00
9097 0 +0.000000000e+00 +6.983000000e+01 +6.983000000e+01 -2.8656e+00 -1.4560e+00 -2.6584e+00
9277 0 +0.000000000e+00 +6.983000000e+01 +6.983000000e+01 -2.8656e+00 -1.4560e+00 -2.6584e+00
% f evaluations | g evaluations | best noise-free fitness - Fopt (7.000000000000e-02) + sum g_i+ | measured fitness | best measured fitness or single-digit g-values | x1 | x2...
1 0 +1.602920723e+01 +1.609920723e+01 +1.609920723e+01 +2.9654e+00 -3.1657e+00 +2.7969e+00
37 0 +6.364383901e+00 +6.434383901e+00 +6.434383901e+00 +4.4285e+00 +9.8865e-01 +1.9478e+00
246 0 +3.463448638e+00 +3.533448638e+00 +3.533448638e+00 +3.9732e+00 -2.4975e+00 +2.2978e+00
366 0 +3.293755259e+00 +3.363755259e+00 +3.363755259e+00 +3.2644e+00 -3.3075e+00 +2.5088e+00
416 0 +2.924771866e+00 +2.994771866e+00 +2.994771866e+00 +3.9465e+00 -2.5094e+00 +2.2881e+00
549 0 +1.738170952e+00 +1.808170952e+00 +1.808170952e+00 +4.0440e+00 -1.5253e+00 +2.0671e+00
645 0 +9.897558652e-01 +1.059755865e+00 +1.059755865e+00 +3.8805e+00 -1.8543e+00 +2.2217e+00
1099 0 +8.874213084e-01 +9.574213084e-01 +9.574213084e-01 +3.2524e+00 -2.9315e+00 +2.3856e+00
1196 0 +7.821535877e-01 +8.521535877e-01 +8.521535877e-01 +4.2012e+00 -1.0552e+00 +2.1186e+00
1291 0 +5.577873528e-01 +6.277873528e-01 +6.277873528e-01 +3.2730e+00 -2.9020e+00 +2.3975e+00
1395 0 +1.891819302e-01 +2.591819302e-01 +2.591819302e-01 +3.7262e+00 -2.0292e+00 +2.2415e+00
2095 0 +1.492401336e-01 +2.192401336e-01 +2.192401336e-01 +3.7354e+00 -1.9920e+00 +2.2453e+00
2141 0 +1.353347736e-01 +2.053347736e-01 +2.053347736e-01 +3.7237e+00 -2.0292e+00 +2.2584e+00
2147 0 +9.749747739e-02 +1.674974774e-01 +1.674974774e-01 +3.6960e+00 -2.0864e+00 +2.2605e+00
2398 0 +8.214315786e-02 +1.521431579e-01 +1.521431579e-01 +3.8016e+00 -1.8984e+00 +2.2322e+00
2456 0 +5.846010088e-02 +1.284601009e-01 +1.284601009e-01 +3.7363e+00 -2.0153e+00 +2.2523e+00
2540 0 +3.757804780e-02 +1.075780478e-01 +1.075780478e-01 +3.7306e+00 -2.0120e+00 +2.2500e+00
2674 0 +2.721434926e-02 +9.721434926e-02 +9.721434926e-02 +3.7339e+00 -2.0116e+00 +2.2500e+00
2875 0 +1.284664527e-02 +8.284664527e-02 +8.284664527e-02 +3.7332e+00 -2.0102e+00 +2.2491e+00
2991 0 +1.178723255e-02 +8.178723255e-02 +8.178723255e-02 +3.7327e+00 -2.0095e+00 +2.2492e+00
3207 0 +1.042126066e-02 +8.042126066e-02 +8.042126066e-02 +3.7421e+00 -1.9923e+00 +2.2463e+00
3227 0 +5.771912034e-03 +7.577191203e-02 +7.577191203e-02 +3.7376e+00 -2.0033e+00 +2.2484e+00
3495 0 +5.286921386e-03 +7.528692139e-02 +7.528692139e-02 +3.7425e+00 -1.9942e+00 +2.2470e+00
3496 0 +1.851835852e-03 +7.185183585e-02 +7.185183585e-02 +3.7426e+00 -1.9935e+00 +2.2467e+00
3731 0 +1.679866291e-03 +7.167986629e-02 +7.167986629e-02 +3.7410e+00 -1.9965e+00 +2.2473e+00
3798 0 +1.429909560e-03 +7.142990956e-02 +7.142990956e-02 +3.7413e+00 -1.9961e+00 +2.2471e+00
3804 0 +1.237583039e-03 +7.123758304e-02 +7.123758304e-02 +3.7412e+00 -1.9960e+00 +2.2470e+00
3870 0 +1.082961650e-03 +7.108296165e-02 +7.108296165e-02 +3.7410e+00 -1.9962e+00 +2.2471e+00
4000 0 +5.717388807e-04 +7.057173888e-02 +7.057173888e-02 +3.7408e+00 -1.9968e+00 +2.2472e+00
4258 0 +5.424711256e-04 +7.054247113e-02 +7.054247113e-02 +3.7409e+00 -1.9967e+00 +2.2472e+00
4421 0 +3.182476856e-04 +7.031824769e-02 +7.031824769e-02 +3.7408e+00 -1.9969e+00 +2.2472e+00
4630 0 +1.959475358e-04 +7.019594754e-02 +7.019594754e-02 +3.7408e+00 -1.9968e+00 +2.2472e+00
4717 0 +1.348446491e-04 +7.013484465e-02 +7.013484465e-02 +3.7408e+00 -1.9968e+00 +2.2472e+00
4842 0 +3.001675341e-05 +7.003001675e-02 +7.003001675e-02 +3.7408e+00 -1.9968e+00 +2.2472e+00
5074 0 +2.898688886e-05 +7.002898689e-02 +7.002898689e-02 +3.7408e+00 -1.9968e+00 +2.2472e+00
5124 0 +2.761761265e-05 +7.002761761e-02 +7.002761761e-02 +3.7408e+00 -1.9968e+00 +2.2472e+00
5204 0 +1.516150104e-05 +7.001516150e-02 +7.001516150e-02 +3.7408e+00 -1.9968e+00 +2.2472e+00
5329 0 +2.347720458e-06 +7.000234772e-02 +7.000234772e-02 +3.7408e+00 -1.9968e+00 +2.2472e+00
5561 0 +8.491416222e-07 +7.000084914e-02 +7.000084914e-02 +3.7408e+00 -1.9968e+00 +2.2472e+00
5730 0 +6.856609920e-07 +7.000068566e-02 +7.000068566e-02 +3.7408e+00 -1.9968e+00 +2.2472e+00
5912 0 +5.856914845e-07 +7.000058569e-02 +7.000058569e-02 +3.7408e+00 -1.9968e+00 +2.2472e+00
5983 0 +5.182619250e-07 +7.000051826e-02 +7.000051826e-02 +3.7408e+00 -1.9968e+00 +2.2472e+00
6064 0 +4.803480829e-07 +7.000048035e-02 +7.000048035e-02 +3.7408e+00 -1.9968e+00 +2.2472e+00
6126 0 +4.578453085e-07 +7.000045785e-02 +7.000045785e-02 +3.7408e+00 -1.9968e+00 +2.2472e+00
6134 0 +4.425717322e-07 +7.000044257e-02 +7.000044257e-02 +3.7408e+00 -1.9968e+00 +2.2472e+00
6151 0 +4.186685495e-07 +7.000041867e-02 +7.000041867e-02 +3.7408e+00 -1.9968e+00 +2.2472e+00
6154 0 +3.467698510e-07 +7.000034677e-02 +7.000034677e-02 +3.7408e+00 -1.9968e+00 +2.2472e+00
6192 0 +1.800744778e-07 +7.000018007e-02 +7.000018007e-02 +3.7408e+00 -1.9968e+00 +2.2472e+00
6237 0 +1.745133248e-07 +7.000017451e-02 +7.000017451e-02 +3.7408e+00 -1.9968e+00 +2.2472e+00
6324 0 +9.857386281e-08 +7.000009857e-02 +7.000009857e-02 +3.7408e+00 -1.9968e+00 +2.2472e+00
6502 0 +5.349429097e-08 +7.000005349e-02 +7.000005349e-02 +3.7408e+00 -1.9968e+00 +2.2472e+00
6552 0 +9.637253315e-09 +7.000000964e-02 +7.000000964e-02 +3.7408e+00 -1.9968e+00 +2.2472e+00
7888 0 +9.432454817e-13 +7.000000000e-02 +7.000000000e-02 +3.7408e+00 -1.9968e+00 +2.2472e+00
8775 0 +0.000000000e+00 +7.000000000e-02 +7.000000000e-02 +3.7408e+00 -1.9968e+00 +2.2472e+00
9040 0 +0.000000000e+00 +7.000000000e-02 +7.000000000e-02 +3.7408e+00 -1.9968e+00 +2.2472e+00
% f evaluations | g evaluations | best noise-free fitness - Fopt (4.960000000000e+00) + sum g_i+ | measured fitness | best measured fitness or single-digit g-values | x1 | x2...
1 0 +4.487264304e+01 +4.983264304e+01 +4.983264304e+01 +2.9654e+00 -3.1657e+00 +2.7969e+00
19 0 +1.703135471e+01 +2.199135471e+01 +2.199135471e+01 +2.2727e+00 -1.7346e+00 +7.0444e-01
38 0 +1.612052611e+01 +2.108052611e+01 +2.108052611e+01 +3.8047e+00 +1.2435e+00 -2.0437e+00
140 0 +6.753176536e+00 +1.171317654e+01 +1.171317654e+01 +3.2952e+00 +7.8168e-01 -1.8463e+00
376 0 +5.257806189e+00 +1.021780619e+01 +1.021780619e+01 +3.1750e+00 +7.7408e-01 -1.4039e+00
377 0 +4.259610659e+00 +9.219610659e+00 +9.219610659e+00 +3.6002e+00 +7.4100e-01 -1.2569e+00
422 0 +4.001125497e+00 +8.961125497e+00 +8.961125497e+00 +3.5115e+00 +1.1085e+00 -1.2328e+00
559 0 +3.189539868e+00 +8.149539868e+00 +8.149539868e+00 +3.3522e+00 +1.2021e+00 -1.1710e+00
602 0 +4.915465324e-01 +5.451546532e+00 +5.451546532e+00 +3.3316e+00 +1.4229e+00 -1.2124e+00
861 0 +1.852617633e-01 +5.145261763e+00 +5.145261763e+00 +3.2510e+00 +1.7440e+00 -1.2076e+00
1556 0 +1.108424882e-01 +5.070842488e+00 +5.070842488e+00 +3.2808e+00 +1.6473e+00 -1.2158e+00
1860 0 +8.968694593e-02 +5.049686946e+00 +5.049686946e+00 +3.2787e+00 +1.6572e+00 -1.2152e+00
2043 0 +8.509991604e-02 +5.045099916e+00 +5.045099916e+00 +3.2612e+00 +1.8568e+00 -1.2217e+00
2106 0 +8.051898698e-02 +5.040518987e+00 +5.040518987e+00 +3.2652e+00 +1.7260e+00 -1.2118e+00
2114 0 +7.467832683e-02 +5.034678327e+00 +5.034678327e+00 +3.2596e+00 +1.8035e+00 -1.2175e+00
2137 0 +6.241978082e-02 +5.022419781e+00 +5.022419781e+00 +3.2579e+00 +1.7995e+00 -1.2178e+00
2216 0 +3.965534068e-02 +4.999655341e+00 +4.999655341e+00 +3.2610e+00 +1.8797e+00 -1.2241e+00
2303 0 +9.105752141e-03 +4.969105752e+00 +4.969105752e+00 +3.2607e+00 +1.8193e+00 -1.2182e+00
3050 0 +8.910080515e-03 +4.968910081e+00 +4.968910081e+00 +3.2606e+00 +1.8200e+00 -1.2170e+00
3114 0 +6.245172588e-03 +4.966245173e+00 +4.966245173e+00 +3.2599e+00 +1.8259e+00 -1.2171e+00
3225 0 +5.374743023e-03 +4.965374743e+00 +4.965374743e+00 +3.2602e+00 +1.8174e+00 -1.2170e+00
3259 0 +4.605195424e-03 +4.964605195e+00 +4.964605195e+00 +3.2601e+00 +1.8214e+00 -1.2170e+00
3287 0 +3.519147176e-03 +4.963519147e+00 +4.963519147e+00 +3.2602e+00 +1.8172e+00 -1.2172e+00
3330 0 +3.452516142e-03 +4.963452516e+00 +4.963452516e+00 +3.2600e+00 +1.8188e+00 -1.2170e+00
3466 0 +2.062202456e-03 +4.962062202e+00 +4.962062202e+00 +3.2601e+00 +1.8185e+00 -1.2169e+00
3626 0 +1.890888294e-03 +4.961890888e+00 +4.961890888e+00 +3.2600e+00 +1.8164e+00 -1.2167e+00
3709 0 +1.744319898e-03 +4.961744320e+00 +4.961744320e+00 +3.2601e+00 +1.8177e+00 -1.2169e+00
3779 0 +1.438221222e-03 +4.961438221e+00 +4.961438221e+00 +3.2599e+00 +1.8175e+00 -1.2166e+00
3850 0 +5.971987858e-04 +4.960597199e+00 +4.960597199e+00 +3.2600e+00 +1.8174e+00 -1.2168e+00
3941 0 +5.657285689e-04 +4.960565729e+00 +4.960565729e+00 +3.2600e+00 +1.8177e+00 -1.2168e+00
4033 0 +3.454484456e-04 +4.960345448e+00 +4.960345448e+00 +3.2600e+00 +1.8174e+00 -1.2168e+00
4124 0 +3.276552196e-04 +4.960327655e+00 +4.960327655e+00 +3.2600e+00 +1.8177e+00 -1.2168e+00
4178 0 +2.989300535e-04 +4.960298930e+00 +4.960298930e+00 +3.2600e+00 +1.8179e+00 -1.2168e+00
4267 0 +2.464813232e-04 +4.960246481e+00 +4.960246481e+00 +3.2600e+00 +1.8174e+00 -1.2168e+00
4325 0 +2.418946895e-04 +4.960241895e+00 +4.960241895e+00 +3.2600e+00 +1.8174e+00 -1.2168e+00
4510 0 +1.208369323e-04 +4.960120837e+00 +4.960120837e+00 +3.2600e+00 +1.8176e+00 -1.2168e+00
4535 0 +1.107505760e-04 +4.960110751e+00 +4.960110751e+00 +3.2600e+00 +1.8176e+00 -1.2168e+00
4547 0 +9.322888918e-05 +4.960093229e+00 +4.960093229e+00 +3.2600e+00 +1.8176e+00 -1.2168e+00
4860 0 +4.654468051e-05 +4.960046545e+00 +4.960046545e+00 +3.2600e+00 +1.8176e+00 -1.2168e+00
4866 0 +3.086578901e-05 +4.960030866e+00 +4.960030866e+00 +3.2600e+00 +1.8176e+00 -1.2168e+00
5037 0 +2.843258909e-05 +4.960028433e+00 +4.960028433e+00 +3.2600e+00 +1.8176e+00 -1.2168e+00
5219 0 +2.520861047e-05 +4.960025209e+00 +4.960025209e+00 +3.2600e+00 +1.8176e+00 -1.2168e+00
5244 0 +1.460001062e-05 +4.960014600e+00 +4.960014600e+00 +3.2600e+00 +1.8176e+00 -1.2168e+00
5354 0 +3.875983940e-06 +4.960003876e+00 +4.960003876e+00 +3.2600e+00 +1.8176e+00 -1.2168e+00
5596 0 +3.363158597e-06 +4.960003363e+00 +4.960003363e+00 +3.2600e+00 +1.8176e+00 -1.2168e+00
5652 0 +3.184646535e-06 +4.960003185e+00 +4.960003185e+00 +3.2600e+00 +1.8176e+00 -1.2168e+00
5662 0 +3.020260569e-06 +4.960003020e+00 +4.960003020e+00 +3.2600e+00 +1.8176e+00 -1.2168e+00
5671 0 +2.422088250e-06 +4.960002422e+00 +4.960002422e+00 +3.2600e+00 +1.8176e+00 -1.2168e+00
5688 0 +1.292947485e-06 +4.960001293e+00 +4.960001293e+00 +3.2600e+00 +1.8176e+00 -1.2168e+00
5745 0 +1.258299075e-06 +4.960001258e+00 +4.960001258e+00 +3.2600e+00 +1.8176e+00 -1.2168e+00
5758 0 +8.319370357e-07 +4.960000832e+00 +4.960000832e+00 +3.2600e+00 +1.8176e+00 -1.2168e+00
5842 0 +7.220669724e-07 +4.960000722e+00 +4.960000722e+00 +3.2600e+00 +1.8176e+00 -1.2168e+00
5851 0 +6.869161489e-07 +4.960000687e+00 +4.960000687e+00 +3.2600e+00 +1.8176e+00 -1.2168e+00
5927 0 +6.216741779e-07 +4.960000622e+00 +4.960000622e+00 +3.2600e+00 +1.8176e+00 -1.2168e+00
5928 0 +5.651654051e-07 +4.960000565e+00 +4.960000565e+00 +3.2600e+00 +1.8176e+00 -1.2168e+00
5994 0 +4.676563812e-07 +4.960000468e+00 +4.960000468e+00 +3.2600e+00 +1.8176e+00 -1.2168e+00
6057 0 +4.284165191e-07 +4.960000428e+00 +4.960000428e+00 +3.2600e+00 +1.8176e+00 -1.2168e+00
6119 0 +3.247531133e-07 +4.960000325e+00 +4.960000325e+00 +3.2600e+00 +1.8176e+00 -1.2168e+00
6182 0 +2.677727879e-07 +4.960000268e+00 +4.960000268e+00 +3.2600e+00 +1.8176e+00 -1.2168e+00
6204 0 +2.499689433e-07 +4.960000250e+00 +4.960000250e+00 +3.2600e+00 +1.8176e+00 -1.2168e+00
6243 0 +1.909730525e-07 +4.960000191e+00 +4.960000191e+00 +3.2600e+00 +1.8176e+00 -1.2168e+00
6275 0 +1.804972865e-07 +4.960000180e+00 +4.960000180e+00 +3.2600e+00 +1.8176e+00 -1.2168e+00
6286 0 +1.522104283e-07 +4.960000152e+00 +4.960000152e+00 +3.2600e+00 +1.8176e+00 -1.2168e+00
6318 0 +1.356997315e-07 +4.960000136e+00 +4.960000136e+00 +3.2600e+00 +1.8176e+00 -1.2168e+00
6396 0 +1.316889966e-07 +4.960000132e+00 +4.960000132e+00 +3.2600e+00 +1.8176e+00 -1.2168e+00
6424 0 +1.032153243e-07 +4.960000103e+00 +4.960000103e+00 +3.2600e+00 +1.8176e+00 -1.2168e+00
6444 0 +5.673575654e-08 +4.960000057e+00 +4.960000057e+00 +3.2600e+00 +1.8176e+00 -1.2168e+00
6490 0 +3.534636317e-08 +4.960000035e+00 +4.960000035e+00 +3.2600e+00 +1.8176e+00 -1.2168e+00
6497 0 +2.723086379e-08 +4.960000027e+00 +4.960000027e+00 +3.2600e+00 +1.8176e+00 -1.2168e+00
6592 0 +1.946993056e-08 +4.960000019e+00 +4.960000019e+00 +3.2600e+00 +1.8176e+00 -1.2168e+00
6628 0 +1.692939477e-08 +4.960000017e+00 +4.960000017e+00 +3.2600e+00 +1.8176e+00 -1.2168e+00
6660 0 +1.201290001e-08 +4.960000012e+00 +4.960000012e+00 +3.2600e+00 +1.8176e+00 -1.2168e+00
6699 0 +1.142506978e-08 +4.960000011e+00 +4.960000011e+00 +3.2600e+00 +1.8176e+00 -1.2168e+00
6732 0 +8.157624798e-09 +4.960000008e+00 +4.960000008e+00 +3.2600e+00 +1.8176e+00 -1.2168e+00
7580 0 +5.959677196e-13 +4.960000000e+00 +4.960000000e+00 +3.2600e+00 +1.8176e+00 -1.2168e+00
8516 0 +0.000000000e+00 +4.960000000e+00 +4.960000000e+00 +3.2600e+00 +1.8176e+00 -1.2168e+00
8759 0 +0.000000000e+00 +4.960000000e+00 +4.960000000e+00 +3.2600e+00 +1.8176e+00 -1.2168e+00
% f evaluations | g evaluations | best noise-free fitness - Fopt (1.923000000000e+02) + sum g_i+ | measured fitness | best measured fitness or single-digit g-values | x1 | x2...
1 0 +1.040186639e+04 +1.059416639e+04 +1.059416639e+04 +2.9654e+00 -3.1657e+00 +2.7969e+00
2 0 +3.048942548e+02 +4.971942548e+02 +4.971942548e+02 +9.6850e-01 -5.4167e-01 -4.0003e+00
6 0 +6.015697190e+01 +2.524569719e+02 +2.524569719e+02 +1.1748e+00 +1.1165e+00 -4.9293e+00
8 0 +1.391287484e+01 +2.062128748e+02 +2.062128748e+02 -4.5333e+00 +4.7376e+00 -2.6723e+00
98 0 +8.290182839e+00 +2.005901828e+02 +2.005901828e+02 -2.4752e+00 +4.5478e+00 -1.9114e+00
289 0 +6.171659121e+00 +1.984716591e+02 +1.984716591e+02 -1.9713e+00 +2.4102e+00 -4.6248e+00
369 0 +4.845382126e+00 +1.971453821e+02 +1.971453821e+02 -1.9823e+00 +2.6851e+00 -3.7916e+00
398 0 +1.185530763e+00 +1.934855308e+02 +1.934855308e+02 -3.2054e+00 +4.1717e+00 -2.5150e+00
590 0 +6.250673380e-01 +1.929250673e+02 +1.929250673e+02 -3.1269e+00 +4.0424e+00 -2.7616e+00
1062 0 +4.840744091e-01 +1.927840744e+02 +1.927840744e+02 -3.0399e+00 +3.9516e+00 -2.8000e+00
1081 0 +2.664122286e-01 +1.925664122e+02 +1.925664122e+02 -2.9863e+00 +3.9700e+00 -2.7980e+00
1233 0 +2.521171266e-01 +1.925521171e+02 +1.925521171e+02 -2.9827e+00 +3.9716e+00 -2.7643e+00
1706 0 +2.213445751e-01 +1.925213446e+02 +1.925213446e+02 -3.0372e+00 +3.9723e+00 -2.7828e+00
1889 0 +1.783292998e-01 +1.924783293e+02 +1.924783293e+02 -3.0387e+00 +3.9847e+00 -2.7844e+00
1991 0 +1.773311793e-01 +1.924773312e+02 +1.924773312e+02 -3.1822e+00 +4.0951e+00 -2.6640e+00
1999 0 +1.487241033e-01 +1.924487241e+02 +1.924487241e+02 -2.9954e+00 +3.9575e+00 -2.7983e+00
2252 0 +6.857686373e-02 +1.923685769e+02 +1.923685769e+02 -3.0282e+00 +3.9904e+00 -2.7694e+00
2496 0 +4.690641662e-02 +1.923469064e+02 +1.923469064e+02 -2.9977e+00 +3.9593e+00 -2.7937e+00
2662 0 +3.787633649e-02 +1.923378763e+02 +1.923378763e+02 -2.9501e+00 +3.9177e+00 -2.8226e+00
3006 0 +2.335686556e-02 +1.923233569e+02 +1.923233569e+02 -3.0211e+00 +3.9856e+00 -2.7714e+00
3041 0 +1.997712800e-02 +1.923199771e+02 +1.923199771e+02 -3.0256e+00 +3.9866e+00 -2.7708e+00
3404 0 +1.797648371e-02 +1.923179765e+02 +1.923179765e+02 -3.0192e+00 +3.9830e+00 -2.7749e+00
3654 0 +1.736970711e-02 +1.923173697e+02 +1.923173697e+02 -3.0122e+00 +3.9758e+00 -2.7809e+00
3703 0 +1.385764112e-02 +1.923138576e+02 +1.923138576e+02 -3.0040e+00 +3.9715e+00 -2.7848e+00
3754 0 +4.683287775e-03 +1.923046833e+02 +1.923046833e+02 -3.0115e+00 +3.9771e+00 -2.7804e+00
4006 0 +2.545433458e-03 +1.923025454e+02 +1.923025454e+02 -3.0155e+00 +3.9801e+00 -2.7775e+00
4403 0 +2.385293512e-03 +1.923023853e+02 +1.923023853e+02 -3.0157e+00 +3.9799e+00 -2.7776e+00
4444 0 +1.597224992e-03 +1.923015972e+02 +1.923015972e+02 -3.0142e+00 +3.9789e+00 -2.7786e+00
4452 0 +1.554518591e-03 +1.923015545e+02 +1.923015545e+02 -3.0141e+00 +3.9789e+00 -2.7786e+00
4498 0 +1.167168061e-03 +1.923011672e+02 +1.923011672e+02 -3.0137e+00 +3.9783e+00 -2.7792e+00
4664 0 +1.043341428e-03 +1.923010433e+02 +1.923010433e+02 -3.0140e+00 +3.9788e+00 -2.7788e+00
4681 0 +1.020315457e-03 +1.923010203e+02 +1.923010203e+02 -3.0138e+00 +3.9787e+00 -2.7789e+00
4840 0 +5.751417193e-04 +1.923005751e+02 +1.923005751e+02 -3.0133e+00 +3.9782e+00 -2.7794e+00
4854 0 +5.596830862e-04 +1.923005597e+02 +1.923005597e+02 -3.0130e+00 +3.9779e+00 -2.7797e+00
4873 0 +3.743615051e-04 +1.923003744e+02 +1.923003744e+02 -3.0136e+00 +3.9784e+00 -2.7792e+00
4902 0 +3.416744437e-04 +1.923003417e+02 +1.923003417e+02 -3.0136e+00 +3.9784e+00 -2.7792e+00
4996 0 +2.384484316e-04 +1.923002384e+02 +1.923002384e+02 -3.0135e+00 +3.9783e+00 -2.7793e+00
5038 0 +2.316422261e-04 +1.923002316e+02 +1.923002316e+02 -3.0136e+00 +3.9784e+00 -2.7792e+00
5077 0 +1.627614833e-04 +1.923001628e+02 +1.923001628e+02 -3.0136e+00 +3.9784e+00 -2.7792e+00
5116 0 +3.809065396e-05 +1.923000381e+02 +1.923000381e+02 -3.0136e+00 +3.9784e+00 -2.7792e+00
5351 0 +3.114543898e-05 +1.923000311e+02 +1.923000311e+02 -3.0136e+00 +3.9784e+00 -2.7792e+00
5459 0 +2.969669188e-05 +1.923000297e+02 +1.923000297e+02 -3.0136e+00 +3.9784e+00 -2.7792e+00
5644 0 +2.282076073e-05 +1.923000228e+02 +1.923000228e+02 -3.0136e+00 +3.9784e+00 -2.7792e+00
5666 0 +1.254795924e-05 +1.923000125e+02 +1.923000125e+02 -3.0136e+00 +3.9784e+00 -2.7792e+00
5786 0 +8.567652600e-06 +1.923000086e+02 +1.923000086e+02 -3.0136e+00 +3.9784e+00 -2.7792e+00
5809 0 +7.496014092e-06 +1.923000075e+02 +1.923000075e+02 -3.0136e+00 +3.9784e+00 -2.7792e+00
5896 0 +6.661655334e-06 +1.923000067e+02 +1.923000067e+02 -3.0136e+00 +3.9784e+00 -2.7792e+00
5905 0 +1.083534016e-06 +1.923000011e+02 +1.923000011e+02 -3.0136e+00 +3.9784e+00 -2.7792e+00
6060 0 +7.702428775e-07 +1.923000008e+02 +1.923000008e+02 -3.0136e+00 +3.9784e+00 -2.7792e+00
6177 0 +6.576443639e-07 +1.923000007e+02 +1.923000007e+02 -3.0136e+00 +3.9784e+00 -2.7792e+00
6212 0 +6.399129973e-07 +1.923000006e+02 +1.923000006e+02 -3.0136e+00 +3.9784e+00 -2.7792e+00
6250 0 +4.993995333e-07 +1.923000005e+02 +1.923000005e+02 -3.0136e+00 +3.9784e+00 -2.7792e+00
6313 0 +4.531089246e-07 +1.923000005e+02 +1.923000005e+02 -3.0136e+00 +3.9784e+00 -2.7792e+00
6349 0 +4.349543303e-07 +1.923000004e+02 +1.923000004e+02 -3.0136e+00 +3.9784e+00 -2.7792e+00
6394 0 +4.154342150e-07 +1.923000004e+02 +1.923000004e+02 -3.0136e+00 +3.9784e+00 -2.7792e+00
6401 0 +2.400173287e-07 +1.923000002e+02 +1.923000002e+02 -3.0136e+00 +3.9784e+00 -2.7792e+00
6520 0 +1.927089102e-07 +1.923000002e+02 +1.923000002e+02 -3.0136e+00 +3.9784e+00 -2.7792e+00
6530 0 +1.205303306e-07 +1.923000001e+02 +1.923000001e+02 -3.0136e+00 +3.9784e+00 -2.7792e+00
6584 0 +1.066312905e-07 +1.923000001e+02 +1.923000001e+02 -3.0136e+00 +3.9784e+00 -2.7792e+00
6631 0 +9.700218584e-08 +1.923000001e+02 +1.923000001e+02 -3.0136e+00 +3.9784e+00 -2.7792e+00
6674 0 +6.873437997e-08 +1.923000001e+02 +1.923000001e+02 -3.0136e+00 +3.9784e+00 -2.7792e+00
6709 0 +4.227632644e-08 +1.923000000e+02 +1.923000000e+02 -3.0136e+00 +3.9784e+00 -2.7792e+00
6747 0 +3.833881124e-08 +1.923000000e+02 +1.923000000e+02 -3.0136e+00 +3.9784e+00 -2.7792e+00
6815 0 +3.395220460e-08 +1.923000000e+02 +1.923000000e+02 -3.0136e+00 +3.9784e+00 -2.7792e+00
6844 0 +3.252787906e-08 +1.923000000e+02 +1.923000000e+02 -3.0136e+00 +3.9784e+00 -2.7792e+00
6859 0 +2.002985866e-08 +1.923000000e+02 +1.923000000e+02 -3.0136e+00 +3.9784e+00 -2.7792e+00
6884 0 +1.888562906e-08 +1.923000000e+02 +1.923000000e+02 -3.0136e+00 +3.9784e+00 -2.7792e+00
6937 0 +1.183209974e-08 +1.923000000e+02 +1.923000000e+02 -3.0136e+00 +3.9784e+00 -2.7792e+00
6987 0 +7.907573263e-09 +1.923000000e+02 +1.923000000e+02 -3.0136e+00 +3.9784e+00 -2.7792e+00
8209 0 +9.379164112e-13 +1.923000000e+02 +1.923000000e+02 -3.0136e+00 +3.9784e+00 -2.7792e+00
8817 0 +0.000000000e+00 +1.923000000e+02 +1.923000000e+02 -3.0136e+00 +3.9784e+00 -2.7792e+00
9096 0 +0.000000000e+00 +1.923000000e+02 +1.923000000e+02 -3.0136e+00 +3.9784e+00 -2.7792e+00
% f evaluations | g evaluations | best noise-free fitness - Fopt (4.971000000000e+01) + sum g_i+ | measured fitness | best measured fitness or single-digit g-values | x1 | x2...
1 0 +5.427031058e+01 +1.039803106e+02 +1.039803106e+02 +2.9654e+00 -3.1657e+00 +2.7969e+00
28 0 +4.649970903e+01 +9.620970903e+01 +9.620970903e+01 -5.0549e-01 -4.0459e+00 -1.2918e+00
48 0 +3.057974398e+01 +8.028974398e+01 +8.028974398e+01 +3.0073e-02 -4.2913e+00 -1.5620e+00
50 0 +1.289816114e+01 +6.260816114e+01 +6.260816114e+01 +2.1066e+00 -4.8666e+00 -2.2994e+00
188 0 +1.240818247e+01 +6.211818247e+01 +6.211818247e+01 +2.1066e+00 -4.8740e+00 -2.2994e+00
213 0 +8.399036540e+00 +5.810903654e+01 +5.810903654e+01 +3.8837e+00 -2.3531e+00 -1.1907e+00
242 0 +8.314813733e+00 +5.802481373e+01 +5.802481373e+01 +4.5338e+00 -4.1903e+00 -1.1085e+00
327 0 +2.348919420e+00 +5.205891942e+01 +5.205891942e+01 +3.1898e+00 -4.2956e+00 -1.5138e+00
686 0 +1.840657809e+00 +5.155065781e+01 +5.155065781e+01 +2.7579e+00 -4.7955e+00 -1.6327e+00
689 0 +8.506362007e-01 +5.056063620e+01 +5.056063620e+01 +3.5856e+00 -3.7786e+00 -1.3783e+00
1095 0 +7.689827203e-01 +5.047898272e+01 +5.047898272e+01 +3.5280e+00 -3.8693e+00 -1.3747e+00
1248 0 +5.003574964e-01 +5.021035750e+01 +5.021035750e+01 +3.6402e+00 -3.7471e+00 -1.3537e+00
1303 0 +3.499336069e-01 +5.005993361e+01 +5.005993361e+01 +3.6372e+00 -3.7490e+00 -1.3474e+00
1409 0 +3.301907274e-01 +5.004019073e+01 +5.004019073e+01 +3.7423e+00 -3.7148e+00 -1.3423e+00
1438 0 +3.229898860e-01 +5.003298989e+01 +5.003298989e+01 +3.5795e+00 -3.8695e+00 -1.3710e+00
1504 0 +2.995303942e-01 +5.000953039e+01 +5.000953039e+01 +3.6396e+00 -3.7846e+00 -1.3547e+00
1705 0 +1.202751032e-01 +4.983027510e+01 +4.983027510e+01 +3.8654e+00 -3.5648e+00 -1.3039e+00
1802 0 +1.005235147e-01 +4.981052351e+01 +4.981052351e+01 +3.6810e+00 -3.7435e+00 -1.3471e+00
1934 0 +7.367628138e-02 +4.978367628e+01 +4.978367628e+01 +3.7219e+00 -3.7097e+00 -1.3328e+00
2275 0 +5.644167005e-02 +4.976644167e+01 +4.976644167e+01 +3.7459e+00 -3.6952e+00 -1.3296e+00
2463 0 +3.416460435e-02 +4.974416460e+01 +4.974416460e+01 +3.7294e+00 -3.7127e+00 -1.3329e+00
2813 0 +2.245744256e-02 +4.973245744e+01 +4.973245744e+01 +3.7521e+00 -3.6899e+00 -1.3267e+00
2838 0 +1.862933196e-02 +4.972862933e+01 +4.972862933e+01 +3.7408e+00 -3.7078e+00 -1.3310e+00
2906 0 +1.474910223e-02 +4.972474910e+01 +4.972474910e+01 +3.7307e+00 -3.7142e+00 -1.3334e+00
2931 0 +1.267664155e-02 +4.972267664e+01 +4.972267664e+01 +3.7365e+00 -3.7082e+00 -1.3317e+00
3135 0 +7.817885993e-03 +4.971781789e+01 +4.971781789e+01 +3.7561e+00 -3.6899e+00 -1.3266e+00
3232 0 +6.132883664e-03 +4.971613288e+01 +4.971613288e+01 +3.7457e+00 -3.7010e+00 -1.3291e+00
3368 0 +4.383082477e-03 +4.971438308e+01 +4.971438308e+01 +3.7443e+00 -3.7017e+00 -1.3293e+00
3493 0 +1.838081856e-03 +4.971183808e+01 +4.971183808e+01 +3.7430e+00 -3.7026e+00 -1.3296e+00
3928 0 +1.097655668e-03 +4.971109766e+01 +4.971109766e+01 +3.7438e+00 -3.7020e+00 -1.3295e+00
4036 0 +7.811799813e-04 +4.971078118e+01 +4.971078118e+01 +3.7426e+00 -3.7029e+00 -1.3297e+00
4050 0 +6.284381501e-04 +4.971062844e+01 +4.971062844e+01 +3.7433e+00 -3.7023e+00 -1.3295e+00
4162 0 +5.944329185e-04 +4.971059443e+01 +4.971059443e+01 +3.7434e+00 -3.7022e+00 -1.3295e+00
4252 0 +5.659901254e-04 +4.971056599e+01 +4.971056599e+01 +3.7433e+00 -3.7022e+00 -1.3295e+00
4255 0 +5.233912353e-04 +4.971052339e+01 +4.971052339e+01 +3.7430e+00 -3.7026e+00 -1.3297e+00
4271 0 +3.301118836e-04 +4.971033011e+01 +4.971033011e+01 +3.7433e+00 -3.7023e+00 -1.3296e+00
4314 0 +1.871159726e-04 +4.971018712e+01 +4.971018712e+01 +3.7431e+00 -3.7025e+00 -1.3296e+00
4532 0 +1.284873675e-04 +4.971012849e+01 +4.971012849e+01 +3.7432e+00 -3.7024e+00 -1.3296e+00
4717 0 +5.518308847e-05 +4.971005518e+01 +4.971005518e+01 +3.7432e+00 -3.7024e+00 -1.3296e+00
4749 0 +3.815797232e-05 +4.971003816e+01 +4.971003816e+01 +3.7432e+00 -3.7024e+00 -1.3296e+00
4841 0 +2.897586516e-05 +4.971002898e+01 +4.971002898e+01 +3.7432e+00 -3.7024e+00 -1.3296e+00
4922 0 +2.573627020e-05 +4.971002574e+01 +4.971002574e+01 +3.7432e+00 -3.7024e+00 -1.3296e+00
5177 0 +1.516734502e-05 +4.971001517e+01 +4.971001517e+01 +3.7432e+00 -3.7024e+00 -1.3296e+00
5301 0 +4.828574767e-06 +4.971000483e+01 +4.971000483e+01 +3.7432e+00 -3.7024e+00 -1.3296e+00
5401 0 +1.611882553e-06 +4.971000161e+01 +4.971000161e+01 +3.7432e+00 -3.7024e+00 -1.3296e+00
5787 0 +1.323906709e-06 +4.971000132e+01 +4.971000132e+01 +3.7432e+00 -3.7024e+00 -1.3296e+00
5797 0 +8.659929094e-07 +4.971000087e+01 +4.971000087e+01 +3.7432e+00 -3.7024e+00 -1.3296e+00
5840 0 +7.389217558e-07 +4.971000074e+01 +4.971000074e+01 +3.7432e+00 -3.7024e+00 -1.3296e+00
5865 0 +7.090752447e-07 +4.971000071e+01 +4.971000071e+01 +3.7432e+00 -3.7024e+00 -1.3296e+00
5889 0 +5.409157637e-07 +4.971000054e+01 +4.971000054e+01 +3.7432e+00 -3.7024e+00 -1.3296e+00
5986 0 +4.917939691e-07 +4.971000049e+01 +4.971000049e+01 +3.7432e+00 -3.7024e+00 -1.3296e+00
6019 0 +4.472874338e-07 +4.971000045e+01 +4.971000045e+01 +3.7432e+00 -3.7024e+00 -1.3296e+00
6021 0 +3.327910036e-07 +4.971000033e+01 +4.971000033e+01 +3.7432e+00 -3.7024e+00 -1.3296e+00
6108 0 +3.224922906e-07 +4.971000032e+01 +4.971000032e+01 +3.7432e+00 -3.7024e+00 -1.3296e+00
6129 0 +2.993445065e-07 +4.971000030e+01 +4.971000030e+01 +3.7432e+00 -3.7024e+00 -1.3296e+00
6144 0 +2.662876497e-07 +4.971000027e+01 +4.971000027e+01 +3.7432e+00 -3.7024e+00 -1.3296e+00
6160 0 +2.587092709e-07 +4.971000026e+01 +4.971000026e+01 +3.7432e+00 -3.7024e+00 -1.3296e+00
6178 0 +2.049569972e-07 +4.971000020e+01 +4.971000020e+01 +3.7432e+00 -3.7024e+00 -1.3296e+00
6230 0 +1.419792781e-07 +4.971000014e+01 +4.971000014e+01 +3.7432e+00 -3.7024e+00 -1.3296e+00
6251 0 +3.725639885e-08 +4.971000004e+01 +4.971000004e+01 +3.7432e+00 -3.7024e+00 -1.3296e+00
6469 0 +3.686434269e-08 +4.971000004e+01 +4.971000004e+01 +3.7432e+00 -3.7024e+00 -1.3296e+00
6511 0 +2.834388368e-08 +4.971000003e+01 +4.971000003e+01 +3.7432e+00 -3.7024e+00 -1.3296e+00
6513 0 +2.738844529e-08 +4.971000003e+01 +4.971000003e+01 +3.7432e+00 -3.7024e+00 -1.3296e+00
6540 0 +1.425165408e-08 +4.971000001e+01 +4.971000001e+01 +3.7432e+00 -3.7024e+00 -1.3296e+00
6614 0 +1.375194358e-08 +4.971000001e+01 +4.971000001e+01 +3.7432e+00 -3.7024e+00 -1.3296e+00
6630 0 +1.285339835e-08 +4.971000001e+01 +4.971000001e+01 +3.7432e+00 -3.7024e+00 -1.3296e+00
6647 0 +9.632522335e-09 +4.971000001e+01 +4.971000001e+01 +3.7432e+00 -3.7024e+00 -1.3296e+00
7918 0 +8.739675650e-13 +4.971000000e+01 +4.971000000e+01 +3.7432e+00 -3.7024e+00 -1.3296e+00
8702 0 +0.000000000e+00 +4.971000000e+01 +4.971000000e+01 +3.7432e+00 -3.7024e+00 -1.3296e+00
9082 0 +0.000000000e+00 +4.971000000e+01 +4.971000000e+01 +3.7432e+00 -3.7024e+00 -1.3296e+00
% f evaluations | g evaluations | best noise-free fitness - Fopt (2.051200000000e+02) + sum g_i+ | measured fitness | best measured fitness or single-digit g-values | x1 | x2...
1 0 +4.068759222e+02 +6.119959222e+02 +6.119959222e+02 +2.9654e+00 -3.1657e+00 +2.7969e+00
2 0 +9.570523830e+01 +3.008252383e+02 +3.008252383e+02 +9.6850e-01 -5.4167e-01 -4.0003e+00
6 0 +6.840805405e+01 +2.735280540e+02 +2.735280540e+02 +1.1748e+00 +1.1165e+00 -4.9293e+00
7 0 +3.631466407e+01 +2.414346641e+02 +2.414346641e+02 -4.7694e+00 +2.4775e-01 -1.0014e+00
42 0 +3.302219943e+01 +2.381421994e+02 +2.381421994e+02 -2.2787e+00 +1.4769e+00 -4.9948e+00
55 0 +2.886023523e+01 +2.339802352e+02 +2.339802352e+02 -4.8266e+00 +2.7261e-01 -2.9595e+00
94 0 +2.602366686e+01 +2.311436669e+02 +2.311436669e+02 -2.3755e+00 +1.3740e+00 -4.5690e+00
110 0 +2.245982354e+01 +2.275798235e+02 +2.275798235e+02 -1.0290e+00 +3.1627e+00 -2.0363e+00
111 0 +8.346098817e+00 +2.134660988e+02 +2.134660988e+02 -9.6520e-01 +3.9037e+00 -2.8417e+00
190 0 +7.346822948e+00 +2.124668229e+02 +2.124668229e+02 -2.8124e+00 +2.7619e+00 -2.7942e+00
280 0 +6.763315541e+00 +2.118833155e+02 +2.118833155e+02 -3.0236e+00 +3.4000e+00 -3.2134e+00
282 0 +3.474068228e+00 +2.085940682e+02 +2.085940682e+02 -2.4677e+00 +3.4575e+00 -2.8954e+00
371 0 +3.176964912e+00 +2.082969649e+02 +2.082969649e+02 -1.8142e+00 +3.6694e+00 -3.0394e+00
461 0 +1.959328407e+00 +2.070793284e+02 +2.070793284e+02 -2.6419e+00 +3.1583e+00 -3.0024e+00
491 0 +1.138595182e+00 +2.062585952e+02 +2.062585952e+02 -1.9787e+00 +3.5586e+00 -3.1175e+00
846 0 +9.592443367e-01 +2.060792443e+02 +2.060792443e+02 -1.1112e+00 +4.0411e+00 -3.4285e+00
1001 0 +7.899277193e-01 +2.059099277e+02 +2.059099277e+02 -9.3630e-01 +3.9522e+00 -3.4984e+00
1317 0 +7.040385296e-01 +2.058240385e+02 +2.058240385e+02 -1.6274e+00 +3.7256e+00 -3.1747e+00
1392 0 +5.471792153e-01 +2.056671792e+02 +2.056671792e+02 -1.3297e+00 +3.8449e+00 -3.2995e+00
1626 0 +5.340038655e-01 +2.056540039e+02 +2.056540039e+02 -1.6150e+00 +3.7024e+00 -3.2508e+00
1677 0 +4.198702133e-01 +2.055398702e+02 +2.055398702e+02 -1.2336e+00 +3.9371e+00 -3.3127e+00
1686 0 +4.100439958e-01 +2.055300440e+02 +2.055300440e+02 -1.3436e+00 +3.8491e+00 -3.2893e+00
1825 0 +1.266896961e-01 +2.052466897e+02 +2.052466897e+02 -1.3300e+00 +3.8392e+00 -3.3143e+00
2142 0 +7.933059716e-02 +2.051993306e+02 +2.051993306e+02 -1.1767e+00 +3.9116e+00 -3.3545e+00
2384 0 +7.347584865e-02 +2.051934758e+02 +2.051934758e+02 -1.1881e+00 +3.9188e+00 -3.3494e+00
2406 0 +6.897775579e-02 +2.051889778e+02 +2.051889778e+02 -1.1614e+00 +3.9276e+00 -3.3600e+00
2483 0 +5.192683381e-02 +2.051719268e+02 +2.051719268e+02 -1.1659e+00 +3.9228e+00 -3.3634e+00
2698 0 +1.018524840e-02 +2.051301852e+02 +2.051301852e+02 -1.1976e+00 +3.9057e+00 -3.3526e+00
3264 0 +7.409552575e-03 +2.051274096e+02 +2.051274096e+02 -1.1962e+00 +3.9057e+00 -3.3536e+00
3337 0 +5.597786964e-03 +2.051255978e+02 +2.051255978e+02 -1.1865e+00 +3.9104e+00 -3.3560e+00
3732 0 +1.935908498e-03 +2.051219359e+02 +2.051219359e+02 -1.1937e+00 +3.9065e+00 -3.3543e+00
3876 0 +1.361075062e-03 +2.051213611e+02 +2.051213611e+02 -1.1932e+00 +3.9066e+00 -3.3544e+00
4128 0 +1.277352272e-03 +2.051212774e+02 +2.051212774e+02 -1.1943e+00 +3.9061e+00 -3.3541e+00
4314 0 +1.155393640e-03 +2.051211554e+02 +2.051211554e+02 -1.1927e+00 +3.9068e+00 -3.3546e+00
4410 0 +8.278585053e-04 +2.051208279e+02 +2.051208279e+02 -1.1942e+00 +3.9061e+00 -3.3542e+00
4515 0 +5.496122275e-04 +2.051205496e+02 +2.051205496e+02 -1.1934e+00 +3.9065e+00 -3.3545e+00
4665 0 +2.725077912e-04 +2.051202725e+02 +2.051202725e+02 -1.1934e+00 +3.9065e+00 -3.3545e+00
4899 0 +2.629896885e-04 +2.051202630e+02 +2.051202630e+02 -1.1934e+00 +3.9065e+00 -3.3545e+00
4938 0 +2.347117762e-04 +2.051202347e+02 +2.051202347e+02 -1.1934e+00 +3.9065e+00 -3.3545e+00
5068 0 +2.311460537e-04 +2.051202311e+02 +2.051202311e+02 -1.1936e+00 +3.9064e+00 -3.3544e+00
5075 0 +1.379406592e-04 +2.051201379e+02 +2.051201379e+02 -1.1936e+00 +3.9064e+00 -3.3544e+00
5096 0 +3.063543485e-05 +2.051200306e+02 +2.051200306e+02 -1.1936e+00 +3.9064e+00 -3.3544e+00
5342 0 +3.010420917e-05 +2.051200301e+02 +2.051200301e+02 -1.1936e+00 +3.9064e+00 -3.3544e+00
5522 0 +2.880526182e-05 +2.051200288e+02 +2.051200288e+02 -1.1936e+00 +3.9064e+00 -3.3544e+00
5551 0 +1.917563853e-05 +2.051200192e+02 +2.051200192e+02 -1.1936e+00 +3.9064e+00 -3.3544e+00
5754 0 +1.827519276e-05 +2.051200183e+02 +2.051200183e+02 -1.1936e+00 +3.9064e+00 -3.3544e+00
5787 0 +4.269281959e-06 +2.051200043e+02 +2.051200043e+02 -1.1936e+00 +3.9064e+00 -3.3544e+00
5856 0 +1.457273612e-06 +2.051200015e+02 +2.051200015e+02 -1.1936e+00 +3.9064e+00 -3.3544e+00
6181 0 +1.384749282e-06 +2.051200014e+02 +2.051200014e+02 -1.1936e+00 +3.9064e+00 -3.3544e+00
6276 0 +1.282400575e-06 +2.051200013e+02 +2.051200013e+02 -1.1936e+00 +3.9064e+00 -3.3544e+00
6299 0 +1.223392161e-06 +2.051200012e+02 +2.051200012e+02 -1.1936e+00 +3.9064e+00 -3.3544e+00
6312 0 +9.327855253e-07 +2.051200009e+02 +2.051200009e+02 -1.1936e+00 +3.9064e+00 -3.3544e+00
6322 0 +8.384825492e-07 +2.051200008e+02 +2.051200008e+02 -1.1936e+00 +3.9064e+00 -3.3544e+00
6351 0 +7.772612207e-07 +2.051200008e+02 +2.051200008e+02 -1.1936e+00 +3.9064e+00 -3.3544e+00
6353 0 +6.763308988e-07 +2.051200007e+02 +2.051200007e+02 -1.1936e+00 +3.9064e+00 -3.3544e+00
6372 0 +5.781328412e-07 +2.051200006e+02 +2.051200006e+02 -1.1936e+00 +3.9064e+00 -3.3544e+00
6393 0 +4.967882035e-07 +2.051200005e+02 +2.051200005e+02 -1.1936e+00 +3.9064e+00 -3.3544e+00
6490 0 +3.413290131e-07 +2.051200003e+02 +2.051200003e+02 -1.1936e+00 +3.9064e+00 -3.3544e+00
6562 0 +2.113468440e-07 +2.051200002e+02 +2.051200002e+02 -1.1936e+00 +3.9064e+00 -3.3544e+00
6801 0 +1.077806928e-07 +2.051200001e+02 +2.051200001e+02 -1.1936e+00 +3.9064e+00 -3.3544e+00
6880 0 +9.394776157e-08 +2.051200001e+02 +2.051200001e+02 -1.1936e+00 +3.9064e+00 -3.3544e+00
6925 0 +6.585676715e-08 +2.051200001e+02 +2.051200001e+02 -1.1936e+00 +3.9064e+00 -3.3544e+00
6986 0 +6.418903808e-08 +2.051200001e+02 +2.051200001e+02 -1.1936e+00 +3.9064e+00 -3.3544e+00
7035 0 +3.161395057e-08 +2.051200000e+02 +2.051200000e+02 -1.1936e+00 +3.9064e+00 -3.3544e+00
7050 0 +2.383964670e-08 +2.051200000e+02 +2.051200000e+02 -1.1936e+00 +3.9064e+00 -3.3544e+00
7088 0 +1.457584631e-08 +2.051200000e+02 +2.051200000e+02 -1.1936e+00 +3.9064e+00 -3.3544e+00
7125 0 +1.330030841e-08 +2.051200000e+02 +2.051200000e+02 -1.1936e+00 +3.9064e+00 -3.3544e+00
7134 0 +1.311531150e-08 +2.051200000e+02 +2.051200000e+02 -1.1936e+00 +3.9064e+00 -3.3544e+00
7142 0 +8.828891396e-09 +2.051200000e+02 +2.051200000e+02 -1.1936e+00 +3.9064e+00 -3.3544e+00
8465 0 +5.968558980e-13 +2.051200000e+02 +2.051200000e+02 -1.1936e+00 +3.9064e+00 -3.3544e+00
9080 0 +0.000000000e+00 +2.051200000e+02 +2.051200000e+02 -1.1936e+00 +3.9064e+00 -3.3544e+00
9316 0 +0.000000000e+00 +2.051200000e+02 +2.051200000e+02 -1.1936e+00 +3.9064e+00 -3.3544e+00
% f evaluations | g evaluations | best noise-free fitness - Fopt (-1.729000000000e+02) + sum g_i+ | measured fitness | best measured fitness or single-digit g-values | x1 | x2...
1 0 +1.425271893e+02 -3.037281068e+01 -3.037281068e+01 +2.9654e+00 -3.1657e+00 +2.7969e+00
4 0 +1.928460122e+01 -1.536153988e+02 -1.536153988e+02 +1.5089e+00 -4.4359e+00 +2.2200e+00
51 0 +1.683417115e+01 -1.560658289e+02 -1.560658289e+02 -3.4277e+00 -3.9675e-01 +2.1134e+00
96 0 +5.562205410e+00 -1.673377946e+02 -1.673377946e+02 -2.6435e+00 -1.2645e+00 +4.0849e+00
254 0 +3.035877533e+00 -1.698641225e+02 -1.698641225e+02 -1.9412e+00 -2.2314e+00 +3.6373e+00
317 0 +2.576687209e+00 -1.703233128e+02 -1.703233128e+02 -2.9139e+00 -1.1995e+00 +3.7896e+00
371 0 +1.891489024e+00 -1.710085110e+02 -1.710085110e+02 -2.8999e+00 -9.1572e-01 +3.7915e+00
761 0 +1.640698362e+00 -1.712593016e+02 -1.712593016e+02 -2.4119e+00 -1.7951e+00 +3.8462e+00
774 0 +5.673642269e-01 -1.723326358e+02 -1.723326358e+02 -2.4447e+00 -1.6023e+00 +3.7852e+00
1155 0 +5.390956286e-01 -1.723609044e+02 -1.723609044e+02 -2.5132e+00 -1.5737e+00 +3.8561e+00
1491 0 +5.091474881e-01 -1.723908525e+02 -1.723908525e+02 -2.8172e+00 -1.1864e+00 +3.8721e+00
1507 0 +1.961881198e-01 -1.727038119e+02 -1.727038119e+02 -3.0111e+00 -8.8605e-01 +3.8699e+00
2126 0 +1.075068731e-01 -1.727924931e+02 -1.727924931e+02 -2.9300e+00 -1.0398e+00 +3.8719e+00
2276 0 +1.039444714e-01 -1.727960555e+02 -1.727960555e+02 -2.9601e+00 -9.8709e-01 +3.8667e+00
2297 0 +9.298680937e-02 -1.728070132e+02 -1.728070132e+02 -2.9150e+00 -1.0412e+00 +3.8518e+00
2434 0 +3.983978106e-02 -1.728601602e+02 -1.728601602e+02 -2.9269e+00 -1.0325e+00 +3.8528e+00
2565 0 +3.377071371e-02 -1.728662293e+02 -1.728662293e+02 -2.9355e+00 -1.0204e+00 +3.8575e+00
2898 0 +1.249012804e-02 -1.728875099e+02 -1.728875099e+02 -2.9260e+00 -1.0326e+00 +3.8541e+00
3488 0 +8.278657222e-03 -1.728917213e+02 -1.728917213e+02 -2.9300e+00 -1.0293e+00 +3.8554e+00
3619 0 +5.659267407e-03 -1.728943407e+02 -1.728943407e+02 -2.9301e+00 -1.0287e+00 +3.8553e+00
3832 0 +3.292406152e-03 -1.728967076e+02 -1.728967076e+02 -2.9308e+00 -1.0275e+00 +3.8550e+00
3883 0 +2.017435354e-03 -1.728979826e+02 -1.728979826e+02 -2.9331e+00 -1.0246e+00 +3.8557e+00
4070 0 +1.302008517e-03 -1.728986980e+02 -1.728986980e+02 -2.9306e+00 -1.0279e+00 +3.8550e+00
4394 0 +9.697177942e-04 -1.728990303e+02 -1.728990303e+02 -2.9305e+00 -1.0281e+00 +3.8551e+00
4517 0 +6.362068381e-04 -1.728993638e+02 -1.728993638e+02 -2.9311e+00 -1.0273e+00 +3.8552e+00
4595 0 +3.724503038e-04 -1.728996275e+02 -1.728996275e+02 -2.9310e+00 -1.0274e+00 +3.8552e+00
4623 0 +3.063375453e-04 -1.728996937e+02 -1.728996937e+02 -2.9311e+00 -1.0273e+00 +3.8551e+00
4752 0 +2.440147493e-04 -1.728997560e+02 -1.728997560e+02 -2.9312e+00 -1.0272e+00 +3.8552e+00
4963 0 +2.386805491e-04 -1.728997613e+02 -1.728997613e+02 -2.9312e+00 -1.0272e+00 +3.8552e+00
5056 0 +1.132897059e-04 -1.728998867e+02 -1.728998867e+02 -2.9311e+00 -1.0274e+00 +3.8552e+00
5110 0 +4.843513443e-05 -1.728999516e+02 -1.728999516e+02 -2.9312e+00 -1.0272e+00 +3.8552e+00
5170 0 +3.776707797e-05 -1.728999622e+02 -1.728999622e+02 -2.9312e+00 -1.0272e+00 +3.8552e+00
5519 0 +9.511290159e-06 -1.728999905e+02 -1.728999905e+02 -2.9312e+00 -1.0272e+00 +3.8552e+00
5782 0 +8.505578450e-06 -1.728999915e+02 -1.728999915e+02 -2.9312e+00 -1.0272e+00 +3.8552e+00
5825 0 +1.065455393e-06 -1.728999989e+02 -1.728999989e+02 -2.9312e+00 -1.0272e+00 +3.8552e+00
5856 0 +1.031992326e-06 -1.728999990e+02 -1.728999990e+02 -2.9312e+00 -1.0272e+00 +3.8552e+00
6060 0 +7.617087476e-07 -1.728999992e+02 -1.728999992e+02 -2.9312e+00 -1.0272e+00 +3.8552e+00
6067 0 +7.219065878e-07 -1.728999993e+02 -1.728999993e+02 -2.9312e+00 -1.0272e+00 +3.8552e+00
6091 0 +6.604636837e-07 -1.728999993e+02 -1.728999993e+02 -2.9312e+00 -1.0272e+00 +3.8552e+00
6093 0 +5.448899572e-07 -1.728999995e+02 -1.728999995e+02 -2.9312e+00 -1.0272e+00 +3.8552e+00
6122 0 +5.054006920e-07 -1.728999995e+02 -1.728999995e+02 -2.9312e+00 -1.0272e+00 +3.8552e+00
6208 0 +3.588043000e-07 -1.728999996e+02 -1.728999996e+02 -2.9312e+00 -1.0272e+00 +3.8552e+00
6245 0 +3.059928986e-07 -1.728999997e+02 -1.728999997e+02 -2.9312e+00 -1.0272e+00 +3.8552e+00
6366 0 +2.420230203e-07 -1.728999998e+02 -1.728999998e+02 -2.9312e+00 -1.0272e+00 +3.8552e+00
6392 0 +1.168193648e-07 -1.728999999e+02 -1.728999999e+02 -2.9312e+00 -1.0272e+00 +3.8552e+00
6544 0 +9.000922319e-08 -1.728999999e+02 -1.728999999e+02 -2.9312e+00 -1.0272e+00 +3.8552e+00
6620 0 +3.761445555e-08 -1.729000000e+02 -1.729000000e+02 -2.9312e+00 -1.0272e+00 +3.8552e+00
6638 0 +2.880312877e-08 -1.729000000e+02 -1.729000000e+02 -2.9312e+00 -1.0272e+00 +3.8552e+00
6769 0 +2.421180056e-08 -1.729000000e+02 -1.729000000e+02 -2.9312e+00 -1.0272e+00 +3.8552e+00
6781 0 +1.966063223e-08 -1.729000000e+02 -1.729000000e+02 -2.9312e+00 -1.0272e+00 +3.8552e+00
6861 0 +1.160972829e-08 -1.729000000e+02 -1.729000000e+02 -2.9312e+00 -1.0272e+00 +3.8552e+00
6879 0 +1.110836934e-08 -1.729000000e+02 -1.729000000e+02 -2.9312e+00 -1.0272e+00 +3.8552e+00
6894 0 +1.054678478e-08 -1.729000000e+02 -1.729000000e+02 -2.9312e+00 -1.0272e+00 +3.8552e+00
6920 0 +7.257085599e-09 -1.729000000e+02 -1.729000000e+02 -2.9312e+00 -1.0272e+00 +3.8552e+00
8083 0 +7.105427358e-13 -1.729000000e+02 -1.729000000e+02 -2.9312e+00 -1.0272e+00 +3.8552e+00
8819 0 +2.842170943e-14 -1.729000000e+02 -1.729000000e+02 -2.9312e+00 -1.0272e+00 +3.8552e+00
% f evaluations | g evaluations | best noise-free fitness - Fopt (-3.506200000000e+02) + sum g_i+ | measured fitness | best measured fitness or single-digit g-values | x1 | x2...
1 0 +2.505653892e+02 -1.000546108e+02 -1.000546108e+02 +2.9654e+00 -3.1657e+00 +2.7969e+00
4 0 +2.074198558e+02 -1.432001442e+02 -1.432001442e+02 +1.5089e+00 -4.4359e+00 +2.2200e+00
7 0 +7.351663533e+01 -2.771033647e+02 -2.771033647e+02 -4.7694e+00 +2.4775e-01 -1.0014e+00
13 0 +3.856058231e+01 -3.120594177e+02 -3.120594177e+02 -4.8403e+00 -2.6911e+00 -2.5897e+00
14 0 +2.852127727e+01 -3.220987227e+02 -3.220987227e+02 +1.8326e+00 +1.1000e+00 +3.3319e+00
44 0 +2.587051104e+01 -3.247494890e+02 -3.247494890e+02 +3.4089e-01 -1.5170e-01 +1.9244e+00
61 0 +8.209803729e+00 -3.424101963e+02 -3.424101963e+02 -9.0434e-02 -1.4370e+00 +3.9586e+00
123 0 +7.597112443e+00 -3.430228876e+02 -3.430228876e+02 -9.9007e-01 -2.2420e+00 +1.7811e+00
243 0 +4.072167975e+00 -3.465478320e+02 -3.465478320e+02 -4.7989e+00 -4.5701e+00 -7.9640e-01
440 0 +3.456127209e+00 -3.471638728e+02 -3.471638728e+02 -3.5717e+00 -3.7017e+00 -2.7066e-01
596 0 +3.258792828e+00 -3.473612072e+02 -3.473612072e+02 -3.5713e+00 -3.4260e+00 -2.7340e-01
612 0 +2.025934752e+00 -3.485940652e+02 -3.485940652e+02 -4.4547e+00 -3.9472e+00 -7.1182e-01
710 0 +1.453555448e+00 -3.491664446e+02 -3.491664446e+02 -3.1072e+00 -3.2883e+00 +1.8548e-01
752 0 +1.380015001e+00 -3.492399850e+02 -3.492399850e+02 -3.6913e+00 -3.8160e+00 -6.6847e-02
886 0 +1.041256289e+00 -3.495787437e+02 -3.495787437e+02 -3.8951e+00 -3.7911e+00 -3.8280e-01
1067 0 +3.230115407e-01 -3.502969885e+02 -3.502969885e+02 -3.8275e+00 -3.7035e+00 -3.0039e-01
1076 0 +3.110421332e-01 -3.503089579e+02 -3.503089579e+02 -4.0822e+00 -3.7911e+00 -5.6289e-01
1220 0 +1.564318365e-01 -3.504635682e+02 -3.504635682e+02 -3.9248e+00 -3.7351e+00 -3.8996e-01
1988 0 +1.124066362e-01 -3.505075934e+02 -3.505075934e+02 -3.8441e+00 -3.7125e+00 -3.0039e-01
2181 0 +1.053400387e-01 -3.505146600e+02 -3.505146600e+02 -3.8808e+00 -3.7216e+00 -3.3774e-01
2220 0 +9.602633880e-02 -3.505239737e+02 -3.505239737e+02 -3.9272e+00 -3.7407e+00 -3.8226e-01
2361 0 +9.187473583e-02 -3.505281253e+02 -3.505281253e+02 -4.0162e+00 -3.7884e+00 -4.6101e-01
2522 0 +7.591417830e-02 -3.505440858e+02 -3.505440858e+02 -3.9213e+00 -3.7397e+00 -3.6318e-01
2565 0 +7.353940984e-02 -3.505464606e+02 -3.505464606e+02 -3.8812e+00 -3.7303e+00 -3.3422e-01
2605 0 +6.893455896e-02 -3.505510654e+02 -3.505510654e+02 -3.9270e+00 -3.7483e+00 -3.6666e-01
2752 0 +2.701224915e-02 -3.505929878e+02 -3.505929878e+02 -3.9212e+00 -3.7442e+00 -3.6695e-01
3032 0 +1.355995738e-02 -3.506064400e+02 -3.506064400e+02 -3.9148e+00 -3.7420e+00 -3.6190e-01
3219 0 +9.057108033e-03 -3.506109429e+02 -3.506109429e+02 -3.9046e+00 -3.7377e+00 -3.5303e-01
3358 0 +2.902313159e-03 -3.506170977e+02 -3.506170977e+02 -3.9090e+00 -3.7396e+00 -3.5638e-01
3666 0 +1.625068718e-03 -3.506183749e+02 -3.506183749e+02 -3.9091e+00 -3.7397e+00 -3.5637e-01
3963 0 +1.598538477e-03 -3.506184015e+02 -3.506184015e+02 -3.9100e+00 -3.7402e+00 -3.5720e-01
4017 0 +1.003292052e-03 -3.506189967e+02 -3.506189967e+02 -3.9093e+00 -3.7400e+00 -3.5645e-01
4136 0 +9.836232846e-04 -3.506190164e+02 -3.506190164e+02 -3.9097e+00 -3.7402e+00 -3.5678e-01
4262 0 +2.777183340e-04 -3.506197223e+02 -3.506197223e+02 -3.9097e+00 -3.7401e+00 -3.5689e-01
4590 0 +2.643493956e-04 -3.506197357e+02 -3.506197357e+02 -3.9095e+00 -3.7399e+00 -3.5668e-01
4648 0 +1.214036831e-04 -3.506198786e+02 -3.506198786e+02 -3.9098e+00 -3.7401e+00 -3.5695e-01
4758 0 +4.361193152e-05 -3.506199564e+02 -3.506199564e+02 -3.9096e+00 -3.7400e+00 -3.5677e-01
5057 0 +3.616683392e-05 -3.506199638e+02 -3.506199638e+02 -3.9096e+00 -3.7400e+00 -3.5677e-01
5099 0 +3.359292276e-05 -3.506199664e+02 -3.506199664e+02 -3.9096e+00 -3.7400e+00 -3.5682e-01
5146 0 +3.274811951e-05 -3.506199673e+02 -3.506199673e+02 -3.9096e+00 -3.7400e+00 -3.5681e-01
5233 0 +3.116041808e-05 -3.506199688e+02 -3.506199688e+02 -3.9096e+00 -3.7400e+00 -3.5682e-01
5269 0 +3.063692429e-05 -3.506199694e+02 -3.506199694e+02 -3.9096e+00 -3.7400e+00 -3.5678e-01
5281 0 +2.898824374e-05 -3.506199710e+02 -3.506199710e+02 -3.9096e+00 -3.7400e+00 -3.5680e-01
5325 0 +2.718445467e-05 -3.506199728e+02 -3.506199728e+02 -3.9096e+00 -3.7400e+00 -3.5681e-01
5342 0 +1.484333728e-05 -3.506199852e+02 -3.506199852e+02 -3.9096e+00 -3.7400e+00 -3.5680e-01
5548 0 +1.093290587e-05 -3.506199891e+02 -3.506199891e+02 -3.9096e+00 -3.7400e+00 -3.5680e-01
5643 0 +2.918901600e-06 -3.506199971e+02 -3.506199971e+02 -3.9096e+00 -3.7400e+00 -3.5680e-01
5647 0 +1.841108713e-06 -3.506199982e+02 -3.506199982e+02 -3.9096e+00 -3.7400e+00 -3.5680e-01
5806 0 +1.053643416e-06 -3.506199989e+02 -3.506199989e+02 -3.9096e+00 -3.7400e+00 -3.5680e-01
5847 0 +9.038085409e-07 -3.506199991e+02 -3.506199991e+02 -3.9096e+00 -3.7400e+00 -3.5680e-01
5980 0 +8.696601412e-07 -3.506199991e+02 -3.506199991e+02 -3.9096e+00 -3.7400e+00 -3.5680e-01
5989 0 +7.612918012e-07 -3.506199992e+02 -3.506199992e+02 -3.9096e+00 -3.7400e+00 -3.5680e-01
6071 0 +6.520824627e-07 -3.506199993e+02 -3.506199993e+02 -3.9096e+00 -3.7400e+00 -3.5680e-01
6074 0 +5.281935955e-07 -3.506199995e+02 -3.506199995e+02 -3.9096e+00 -3.7400e+00 -3.5680e-01
6086 0 +4.403014486e-07 -3.506199996e+02 -3.506199996e+02 -3.9096e+00 -3.7400e+00 -3.5680e-01
6114 0 +3.200441370e-07 -3.506199997e+02 -3.506199997e+02 -3.9096e+00 -3.7400e+00 -3.5680e-01
6364 0 +2.356727578e-07 -3.506199998e+02 -3.506199998e+02 -3.9096e+00 -3.7400e+00 -3.5680e-01
6400 0 +1.232089630e-07 -3.506199999e+02 -3.506199999e+02 -3.9096e+00 -3.7400e+00 -3.5680e-01
6470 0 +8.203437574e-08 -3.506199999e+02 -3.506199999e+02 -3.9096e+00 -3.7400e+00 -3.5680e-01
6628 0 +5.869918596e-08 -3.506199999e+02 -3.506199999e+02 -3.9096e+00 -3.7400e+00 -3.5680e-01
6685 0 +4.673427156e-08 -3.506200000e+02 -3.506200000e+02 -3.9096e+00 -3.7400e+00 -3.5680e-01
6747 0 +4.202127002e-08 -3.506200000e+02 -3.506200000e+02 -3.9096e+00 -3.7400e+00 -3.5680e-01
6774 0 +3.796469628e-08 -3.506200000e+02 -3.506200000e+02 -3.9096e+00 -3.7400e+00 -3.5680e-01
6786 0 +3.236885959e-08 -3.506200000e+02 -3.506200000e+02 -3.9096e+00 -3.7400e+00 -3.5680e-01
6808 0 +2.421137424e-08 -3.506200000e+02 -3.506200000e+02 -3.9096e+00 -3.7400e+00 -3.5680e-01
6811 0 +2.310116543e-08 -3.506200000e+02 -3.506200000e+02 -3.9096e+00 -3.7400e+00 -3.5680e-01
6819 0 +1.071867928e-08 -3.506200000e+02 -3.506200000e+02 -3.9096e+00 -3.7400e+00 -3.5680e-01
6847 0 +1.004605110e-08 -3.506200000e+02 -3.506200000e+02 -3.9096e+00 -3.7400e+00 -3.5680e-01
6928 0 +7.099345112e-09 -3.506200000e+02 -3.506200000e+02 -3.9096e+00 -3.7400e+00 -3.5680e-01
8084 0 +6.252776075e-13 -3.506200000e+02 -3.506200000e+02 -3.9096e+00 -3.7400e+00 -3.5680e-01
8577 0 +0.000000000e+00 -3.506200000e+02 -3.506200000e+02 -3.9096e+00 -3.7400e+00 -3.5680e-01
9012 0 +0.000000000e+00 -3.506200000e+02 -3.506200000e+02 -3.9096e+00 -3.7400e+00 -3.5680e-01
