% f evaluations | g evaluations | best noise-free fitness - Fopt (7.627000000000e+01) + sum g_i+ | measured fitness | best measured fitness or single-digit g-values | x1 | x2...
1 0 +2.905012909e+06 +2.905089179e+06 +2.905089179e+06 -1.8239e+00 -4.5247e+00
2 0 +2.420891380e+06 +2.420967650e+06 +2.420967650e+06 +4.7851e+00 -3.1868e+00
3 0 +5.837512698e+05 +5.838275398e+05 +5.838275398e+05 -4.1472e+00 -2.9963e+00
7 0 +8.122974618e+01 +1.574997462e+02 +1.574997462e+02 -4.1285e+00 -2.1329e+00
42 0 +5.783640160e+01 +1.341064016e+02 +1.341064016e+02 -4.3926e+00 -2.0654e+00
198 0 +1.370993333e+01 +8.997993333e+01 +8.997993333e+01 -4.3863e+00 -2.0590e+00
303 0 +1.340063292e+01 +8.967063292e+01 +8.967063292e+01 -4.3867e+00 -2.0591e+00
359 0 +1.318230678e+01 +8.945230678e+01 +8.945230678e+01 -4.3869e+00 -2.0593e+00
1085 0 +9.982763525e+00 +8.625276352e+01 +8.625276352e+01 -2.7482e+00 -2.5756e+00
1362 0 +4.278657463e+00 +8.054865746e+01 +8.054865746e+01 -2.7483e+00 -2.5772e+00
2384 0 +4.189689392e+00 +8.045968939e+01 +8.045968939e+01 -2.7505e+00 -2.5779e+00
2479 0 +4.075490265e+00 +8.034549026e+01 +8.034549026e+01 -2.7487e+00 -2.5773e+00
2594 0 +3.816357148e+00 +8.008635715e+01 +8.008635715e+01 -2.7493e+00 -2.5775e+00
15251 0 +3.802655832e+00 +8.007265583e+01 +8.007265583e+01 -2.7494e+00 -2.5776e+00
% f evaluations | g evaluations | best noise-free fitness - Fopt (-2.255000000000e+01) + sum g_i+ | measured fitness | best measured fitness or single-digit g-values | x1 | x2...
1 0 +5.130063050e+07 +5.130060795e+07 +5.130060795e+07 -2.6450e+00 -3.4290e+00
2 0 +3.274884229e+05 +3.274658729e+05 +3.274658729e+05 +2.9444e+00 +3.3763e+00
3 0 +2.349993945e+05 +2.349768445e+05 +2.349768445e+05 +3.2554e+00 +2.0581e+00
15 0 +2.658375116e+04 +2.656120116e+04 +2.656120116e+04 +4.4794e+00 -3.5850e+00
18 0 +1.483333620e+04 +1.481078620e+04 +1.481078620e+04 +4.2488e+00 -2.0188e+00
53 0 +4.594580507e+03 +4.572030507e+03 +4.572030507e+03 +3.1598e+00 +5.9504e-01
56 0 +1.679154235e+03 +1.656604235e+03 +1.656604235e+03 +1.9888e+00 +4.4021e+00
139 0 +4.639457445e+02 +4.413957445e+02 +4.413957445e+02 +1.9506e+00 +4.3295e+00
147 0 +9.287184365e+00 -1.326281563e+01 -1.326281563e+01 +1.9650e+00 +4.3614e+00
171 0 +4.498958854e+00 -1.805104115e+01 -1.805104115e+01 +1.9621e+00 +4.3585e+00
388 0 +3.384472853e+00 -1.916552715e+01 -1.916552715e+01 +1.9627e+00 +4.3591e+00
488 0 +3.238984694e+00 -1.931101531e+01 -1.931101531e+01 +1.9628e+00 +4.3593e+00
582 0 +3.222097176e+00 -1.932790282e+01 -1.932790282e+01 +1.9630e+00 +4.3594e+00
15251 0 +3.211971459e+00 -1.933802854e+01 -1.933802854e+01 +1.9633e+00 +4.3583e+00
% f evaluations | g evaluations | best noise-free fitness - Fopt (1.366000000000e+01) + sum g_i+ | measured fitness | best measured fitness or single-digit g-values | x1 | x2...
1 0 +5.685953958e+07 +5.685955324e+07 +5.685955324e+07 +4.5780e+00 -4.8823e+00
2 0 +8.656149313e+06 +8.656162973e+06 +8.656162973e+06 +6.5074e-01 -3.1927e+00
3 0 +4.067481300e+06 +4.067494960e+06 +4.067494960e+06 -7.3758e-01 +4.1552e+00
5 0 +6.618984325e+05 +6.619120925e+05 +6.619120925e+05 -2.2476e+00 -5.4996e-01
7 0 +1.843000866e+05 +1.843137466e+05 +1.843137466e+05 -2.4658e+00 -1.7748e+00
18 0 +4.395368469e+04 +4.396734469e+04 +4.396734469e+04 -3.2037e+00 -4.2139e+00
52 0 +4.202348661e+04 +4.203714661e+04 +4.203714661e+04 -3.2324e+00 -4.2516e+00
63 0 +1.249439117e+04 +1.250805117e+04 +1.250805117e+04 -3.5218e+00 -4.5411e+00
66 0 +7.767825796e+02 +7.904425796e+02 +7.904425796e+02 -3.7537e+00 -4.7730e+00
147 0 +2.338832060e+02 +2.475432060e+02 +2.475432060e+02 -3.8134e+00 -4.8489e+00
164 0 +1.669743816e+02 +1.806343816e+02 +1.806343816e+02 -3.8215e+00 -4.8570e+00
167 0 +1.182938098e+02 +1.319538098e+02 +1.319538098e+02 -3.8296e+00 -4.8651e+00
199 0 +9.251983567e+01 +1.061798357e+02 +1.061798357e+02 -3.8331e+00 -4.8671e+00
252 0 +6.561686849e+01 +7.927686849e+01 +7.927686849e+01 -3.8471e+00 -4.8811e+00
590 0 +6.044077070e+01 +7.410077070e+01 +7.410077070e+01 -3.1053e+00 -3.6393e+00
591 0 +6.008905930e+01 +7.374905930e+01 +7.374905930e+01 -3.7013e+00 -4.6364e+00
673 0 +5.481171324e+01 +6.847171324e+01 +6.847171324e+01 -3.4696e+00 -4.2490e+00
768 0 +5.319181427e+01 +6.685181427e+01 +6.685181427e+01 -3.2994e+00 -3.9646e+00
773 0 +5.186266524e+01 +6.552266524e+01 +6.552266524e+01 -3.3331e+00 -4.0215e+00
872 0 +5.065435092e+01 +6.431435092e+01 +6.431435092e+01 -3.1685e+00 -3.7466e+00
878 0 +4.281260122e+01 +5.647260122e+01 +5.647260122e+01 -2.8970e+00 -3.2959e+00
960 0 +4.104201963e+01 +5.470201963e+01 +5.470201963e+01 -2.7648e+00 -3.0760e+00
961 0 +3.751141155e+01 +5.117141155e+01 +5.117141155e+01 -2.7071e+00 -2.9810e+00
973 0 +3.282283697e+01 +4.648283697e+01 +4.648283697e+01 -2.5707e+00 -2.7556e+00
978 0 +3.161774137e+01 +4.527774137e+01 +4.527774137e+01 -2.3213e+00 -2.3395e+00
1056 0 +2.706600198e+01 +4.072600198e+01 +4.072600198e+01 -2.1256e+00 -2.0150e+00
1058 0 +2.504635520e+01 +3.870635520e+01 +3.870635520e+01 -2.0114e+00 -1.8255e+00
1059 0 +2.362098201e+01 +3.728098201e+01 +3.728098201e+01 -1.9331e+00 -1.6955e+00
1061 0 +2.343885826e+01 +3.709885826e+01 +3.709885826e+01 -1.7955e+00 -1.4656e+00
1074 0 +2.045046611e+01 +3.411046611e+01 +3.411046611e+01 -1.6594e+00 -1.2399e+00
1076 0 +1.858185987e+01 +3.224185987e+01 +3.224185987e+01 -1.4182e+00 -8.3815e-01
1147 0 +1.629789883e+01 +2.995789883e+01 +2.995789883e+01 -1.0090e+00 -1.5726e-01
1148 0 +1.186888479e+01 +2.552888479e+01 +2.552888479e+01 -9.9785e-01 -1.4005e-01
1157 0 +9.539045765e+00 +2.319904577e+01 +2.319904577e+01 -3.2157e-01 +9.8478e-01
1167 0 +6.732017279e+00 +2.039201728e+01 +2.039201728e+01 -3.1909e-01 +9.8783e-01
1172 0 +5.403762017e+00 +1.906376202e+01 +1.906376202e+01 -6.9039e-01 +3.6838e-01
1182 0 +2.778462147e+00 +1.643846215e+01 +1.643846215e+01 +1.5183e-01 +1.7694e+00
1244 0 +2.306475228e+00 +1.596647523e+01 +1.596647523e+01 +3.0806e-01 +2.0289e+00
1248 0 +5.277186224e-01 +1.418771862e+01 +1.418771862e+01 +4.5880e-01 +2.2780e+00
1339 0 +4.218956068e-01 +1.408189561e+01 +1.408189561e+01 +7.3511e-01 +2.7357e+00
1434 0 +2.980344180e-01 +1.395803442e+01 +1.395803442e+01 +6.9801e-01 +2.6741e+00
1438 0 +2.648196374e-02 +1.368648196e+01 +1.368648196e+01 +4.5232e-01 +2.2660e+00
1448 0 +2.383041163e-02 +1.368383041e+01 +1.368383041e+01 +3.8870e-01 +2.1603e+00
1532 0 +1.126990851e-02 +1.367126991e+01 +1.367126991e+01 +3.7443e-01 +2.1362e+00
1535 0 +1.055060669e-02 +1.367055061e+01 +1.367055061e+01 +3.7366e-01 +2.1350e+00
1546 0 +6.806798191e-03 +1.366680680e+01 +1.366680680e+01 +4.4692e-01 +2.2566e+00
1624 0 +2.493929664e-03 +1.366249393e+01 +1.366249393e+01 +4.4934e-01 +2.2609e+00
1682 0 +1.970095482e-03 +1.366197010e+01 +1.366197010e+01 +4.4940e-01 +2.2609e+00
1719 0 +1.946755979e-03 +1.366194676e+01 +1.366194676e+01 +4.4920e-01 +2.2606e+00
1725 0 +1.769537796e-03 +1.366176954e+01 +1.366176954e+01 +4.4121e-01 +2.2474e+00
1726 0 +1.395293483e-03 +1.366139529e+01 +1.366139529e+01 +4.4382e-01 +2.2517e+00
1732 0 +1.186446887e-03 +1.366118645e+01 +1.366118645e+01 +4.4362e-01 +2.2513e+00
1819 0 +1.034880349e-03 +1.366103488e+01 +1.366103488e+01 +4.4464e-01 +2.2530e+00
1822 0 +7.842552030e-04 +1.366078426e+01 +1.366078426e+01 +4.4064e-01 +2.2463e+00
1828 0 +4.183822750e-04 +1.366041838e+01 +1.366041838e+01 +4.3693e-01 +2.2402e+00
1831 0 +3.517601295e-04 +1.366035176e+01 +1.366035176e+01 +4.3703e-01 +2.2403e+00
1908 0 +2.548133629e-04 +1.366025481e+01 +1.366025481e+01 +4.3567e-01 +2.2381e+00
1918 0 +2.163754784e-04 +1.366021638e+01 +1.366021638e+01 +4.3475e-01 +2.2366e+00
1919 0 +9.747176036e-05 +1.366009747e+01 +1.366009747e+01 +4.3057e-01 +2.2296e+00
2010 0 +3.952347497e-05 +1.366003952e+01 +1.366003952e+01 +4.2835e-01 +2.2259e+00
2012 0 +3.411399477e-05 +1.366003411e+01 +1.366003411e+01 +4.2467e-01 +2.2198e+00
2097 0 +5.053122354e-06 +1.366000505e+01 +1.366000505e+01 +4.2797e-01 +2.2253e+00
2103 0 +3.461776370e-06 +1.366000346e+01 +1.366000346e+01 +4.2761e-01 +2.2247e+00
2287 0 +1.423207022e-06 +1.366000142e+01 +1.366000142e+01 +4.2683e-01 +2.2234e+00
2384 0 +8.866709269e-07 +1.366000089e+01 +1.366000089e+01 +4.2694e-01 +2.2236e+00
2391 0 +2.135004191e-07 +1.366000021e+01 +1.366000021e+01 +4.2698e-01 +2.2236e+00
2487 0 +6.282994747e-08 +1.366000006e+01 +1.366000006e+01 +4.2707e-01 +2.2238e+00
2491 0 +3.000842419e-08 +1.366000003e+01 +1.366000003e+01 +4.2711e-01 +2.2238e+00
2585 0 +2.626331863e-08 +1.366000003e+01 +1.366000003e+01 +4.2712e-01 +2.2239e+00
2595 0 +2.328216731e-08 +1.366000002e+01 +1.366000002e+01 +4.2726e-01 +2.2241e+00
2667 0 +1.286758788e-08 +1.366000001e+01 +1.366000001e+01 +4.2722e-01 +2.2240e+00
2679 0 +4.217900695e-09 +1.366000000e+01 +1.366000000e+01 +4.2723e-01 +2.2240e+00
3440 0 +7.904787935e-13 +1.366000000e+01 +1.366000000e+01 +4.2720e-01 +2.2240e+00
4008 0 +0.000000000e+00 +1.366000000e+01 +1.366000000e+01 +4.2720e-01 +2.2240e+00
15251 0 +0.000000000e+00 +1.366000000e+01 +1.366000000e+01 +4.2720e-01 +2.2240e+00
% f evaluations | g evaluations | best noise-free fitness - Fopt (9.378400000000e+02) + sum g_i+ | measured fitness | best measured fitness or single-digit g-values | x1 | x2...
1 0 +1.421301748e+07 +1.421395532e+07 +1.421395532e+07 +4.2031e+00 +3.6422e+00
2 0 +3.255814645e+05 +3.265193045e+05 +3.265193045e+05 -1.7523e+00 +1.4122e-01
20 0 +2.651715540e+05 +2.661093940e+05 +2.661093940e+05 -4.7383e+00 -4.4132e+00
23 0 +7.677700121e+03 +8.615540121e+03 +8.615540121e+03 -1.1587e+00 +2.0449e+00
34 0 +3.683477332e+03 +4.621317332e+03 +4.621317332e+03 +1.2747e-01 +4.3643e+00
66 0 +2.896492953e+03 +3.834332953e+03 +3.834332953e+03 +5.0438e-01 +4.7412e+00
147 0 +9.191406659e+02 +1.856980666e+03 +1.856980666e+03 +5.1016e-01 +4.7956e+00
152 0 +6.263121641e+02 +1.564152164e+03 +1.564152164e+03 +4.9642e-01 +4.7822e+00
169 0 +3.172135382e+02 +1.255053538e+03 +1.255053538e+03 +4.7191e-01 +4.7577e+00
171 0 +8.971925891e+01 +1.027559259e+03 +1.027559259e+03 +4.4740e-01 +4.7332e+00
201 0 +1.997053651e+01 +9.578105365e+02 +9.578105365e+02 +4.5332e-01 +4.7539e+00
256 0 +4.557078724e+00 +9.423970787e+02 +9.423970787e+02 +4.4596e-01 +4.7465e+00
388 0 +2.084222215e+00 +9.399242222e+02 +9.399242222e+02 +4.2735e-01 +4.7196e+00
454 0 +1.978673698e+00 +9.398186737e+02 +9.398186737e+02 +4.2636e-01 +4.7186e+00
1652 0 +1.949472242e+00 +9.397894722e+02 +9.397894722e+02 +4.0583e-01 +4.6864e+00
1835 0 +1.904736066e+00 +9.397447361e+02 +9.397447361e+02 +3.8496e-01 +4.6535e+00
1941 0 +1.846970978e+00 +9.396869710e+02 +9.396869710e+02 +3.6659e-01 +4.6242e+00
1942 0 +1.785957427e+00 +9.396259574e+02 +9.396259574e+02 +3.3287e-01 +4.5706e+00
2006 0 +1.426437561e+00 +9.392664376e+02 +9.392664376e+02 +2.4073e-01 +4.4247e+00
2097 0 +1.176731767e+00 +9.390167318e+02 +9.390167318e+02 +1.7322e-01 +4.3181e+00
2152 0 +1.147311192e+00 +9.389873112e+02 +9.389873112e+02 +1.7313e-01 +4.3180e+00
2197 0 +1.043077339e+00 +9.388830773e+02 +9.388830773e+02 +1.4609e-01 +4.2754e+00
2259 0 +5.673750155e-01 +9.384073750e+02 +9.384073750e+02 +1.4409e-01 +4.2734e+00
2291 0 +5.564288586e-01 +9.383964289e+02 +9.383964289e+02 +1.4156e-01 +4.2695e+00
2296 0 +5.477065635e-01 +9.383877066e+02 +9.383877066e+02 +1.3715e-01 +4.2627e+00
2318 0 +5.091322598e-01 +9.383491323e+02 +9.383491323e+02 +8.3759e-02 +4.1786e+00
2320 0 +3.821922752e-01 +9.382221923e+02 +9.382221923e+02 -1.1542e-02 +4.0287e+00
2325 0 +3.377455398e-01 +9.381777455e+02 +9.381777455e+02 -4.4697e-02 +3.9752e+00
2330 0 +1.254668140e-01 +9.379654668e+02 +9.379654668e+02 -1.0800e-01 +3.8760e+00
2383 0 +1.469567765e-02 +9.378546957e+02 +9.378546957e+02 -2.4963e-01 +3.6526e+00
2439 0 +8.593548175e-03 +9.378485935e+02 +9.378485935e+02 -2.4999e-01 +3.6523e+00
2480 0 +4.536113326e-03 +9.378445361e+02 +9.378445361e+02 -2.6291e-01 +3.6319e+00
2490 0 +8.652043330e-04 +9.378408652e+02 +9.378408652e+02 -2.8871e-01 +3.5912e+00
2578 0 +5.794187073e-04 +9.378405794e+02 +9.378405794e+02 -3.0047e-01 +3.5727e+00
2586 0 +4.552700341e-04 +9.378404553e+02 +9.378404553e+02 -2.9562e-01 +3.5803e+00
2615 0 +4.116187822e-04 +9.378404116e+02 +9.378404116e+02 -2.9351e-01 +3.5836e+00
2667 0 +2.466288836e-04 +9.378402466e+02 +9.378402466e+02 -2.9766e-01 +3.5771e+00
2669 0 +2.329000399e-04 +9.378402329e+02 +9.378402329e+02 -2.8854e-01 +3.5914e+00
2683 0 +3.194785359e-05 +9.378400319e+02 +9.378400319e+02 -2.9422e-01 +3.5825e+00
2787 0 +5.471900295e-06 +9.378400055e+02 +9.378400055e+02 -2.9570e-01 +3.5801e+00
2857 0 +6.741402103e-07 +9.378400007e+02 +9.378400007e+02 -2.9680e-01 +3.5784e+00
2953 0 +5.333611170e-07 +9.378400005e+02 +9.378400005e+02 -2.9708e-01 +3.5780e+00
2965 0 +3.680346481e-07 +9.378400004e+02 +9.378400004e+02 -2.9650e-01 +3.5789e+00
3047 0 +3.424011084e-07 +9.378400003e+02 +9.378400003e+02 -2.9677e-01 +3.5785e+00
3054 0 +6.896118521e-08 +9.378400001e+02 +9.378400001e+02 -2.9689e-01 +3.5783e+00
3143 0 +1.067951416e-08 +9.378400000e+02 +9.378400000e+02 -2.9675e-01 +3.5785e+00
3239 0 +3.744730748e-09 +9.378400000e+02 +9.378400000e+02 -2.9679e-01 +3.5784e+00
3716 0 +0.000000000e+00 +9.378400000e+02 +9.378400000e+02 -2.9680e-01 +3.5784e+00
15251 0 +0.000000000e+00 +9.378400000e+02 +9.378400000e+02 -2.9680e-01 +3.5784e+00
% f evaluations | g evaluations | best noise-free fitness - Fopt (-7.872000000000e+01) + sum g_i+ | measured fitness | best measured fitness or single-digit g-values | x1 | x2...
1 0 +4.918186462e+06 +4.918107742e+06 +4.918107742e+06 +1.1425e+00 -4.0940e-01
2 0 +2.016917442e+06 +2.016838722e+06 +2.016838722e+06 +4.8323e+00 +1.3358e+00
3 0 +2.278251487e+05 +2.277464287e+05 +2.277464287e+05 -7.2861e-01 -4.9611e+00
28 0 +1.003350345e+05 +1.002563145e+05 +1.002563145e+05 -4.9976e-01 -3.8352e+00
31 0 +8.169444499e+04 +8.161572499e+04 +8.161572499e+04 +3.4140e+00 -1.7691e+00
32 0 +2.593288139e+04 +2.585416139e+04 +2.585416139e+04 +3.3979e+00 -1.2302e+00
52 0 +1.490269667e+04 +1.482397667e+04 +1.482397667e+04 +3.4448e+00 -1.2472e+00
108 0 +2.227903143e+03 +2.149183143e+03 +2.149183143e+03 +3.1121e+00 -1.5798e+00
147 0 +1.852969034e+02 +1.065769034e+02 +1.065769034e+02 +3.1439e+00 -1.5959e+00
152 0 +1.633539186e+02 +8.463391863e+01 +8.463391863e+01 +3.3854e+00 -1.4557e+00
158 0 +8.329420545e+01 +4.574205446e+00 +4.574205446e+00 +3.4783e+00 -1.3627e+00
252 0 +7.570621442e+00 -7.114937856e+01 -7.114937856e+01 +3.4281e+00 -1.4130e+00
259 0 +7.145292115e+00 -7.157470789e+01 -7.157470789e+01 +3.4526e+00 -1.3885e+00
292 0 +6.468996555e+00 -7.225100345e+01 -7.225100345e+01 +3.4505e+00 -1.3905e+00
296 0 +1.968685727e+00 -7.675131427e+01 -7.675131427e+01 +3.4938e+00 -1.3608e+00
347 0 +1.275837677e-02 -7.870724162e+01 -7.870724162e+01 +3.4870e+00 -1.3675e+00
492 0 +1.055915886e-02 -7.870944084e+01 -7.870944084e+01 +3.4874e+00 -1.3672e+00
582 0 +1.006626816e-02 -7.870993373e+01 -7.870993373e+01 +3.4873e+00 -1.3672e+00
674 0 +9.918348798e-03 -7.871008165e+01 -7.871008165e+01 +3.4873e+00 -1.3673e+00
677 0 +9.737811098e-03 -7.871026219e+01 -7.871026219e+01 +3.4873e+00 -1.3673e+00
2208 0 +9.525391042e-03 -7.871047461e+01 -7.871047461e+01 +3.4867e+00 -1.3677e+00
2308 0 +9.239749100e-03 -7.871076025e+01 -7.871076025e+01 +3.4859e+00 -1.3683e+00
2382 0 +9.077543835e-03 -7.871092246e+01 -7.871092246e+01 +3.4855e+00 -1.3686e+00
2387 0 +8.685932477e-03 -7.871131407e+01 -7.871131407e+01 +3.4845e+00 -1.3693e+00
2479 0 +8.300274662e-03 -7.871169973e+01 -7.871169973e+01 +3.4834e+00 -1.3700e+00
2482 0 +8.033431490e-03 -7.871196657e+01 -7.871196657e+01 +3.4827e+00 -1.3705e+00
2488 0 +7.516665544e-03 -7.871248333e+01 -7.871248333e+01 +3.4813e+00 -1.3715e+00
2494 0 +7.265278742e-03 -7.871273472e+01 -7.871273472e+01 +3.4807e+00 -1.3720e+00
2503 0 +7.058449697e-03 -7.871294155e+01 -7.871294155e+01 +3.4800e+00 -1.3725e+00
2514 0 +6.393592294e-03 -7.871360641e+01 -7.871360641e+01 +3.4782e+00 -1.3738e+00
2572 0 +5.513383772e-03 -7.871448662e+01 -7.871448662e+01 +3.4752e+00 -1.3759e+00
2573 0 +4.548272456e-03 -7.871545173e+01 -7.871545173e+01 +3.4710e+00 -1.3789e+00
2604 0 +4.083920415e-03 -7.871591608e+01 -7.871591608e+01 +3.4680e+00 -1.3811e+00
2609 0 +3.856384045e-03 -7.871614362e+01 -7.871614362e+01 +3.4656e+00 -1.3828e+00
2669 0 +3.690586860e-03 -7.871630941e+01 -7.871630941e+01 +3.4622e+00 -1.3852e+00
2672 0 +2.326273893e-03 -7.871767373e+01 -7.871767373e+01 +3.4481e+00 -1.3952e+00
2687 0 +1.014493147e-03 -7.871898551e+01 -7.871898551e+01 +3.4383e+00 -1.4023e+00
2710 0 +6.321715177e-04 -7.871936783e+01 -7.871936783e+01 +3.4295e+00 -1.4085e+00
2762 0 +1.070475579e-04 -7.871989295e+01 -7.871989295e+01 +3.4106e+00 -1.4220e+00
2857 0 +1.011391959e-04 -7.871989886e+01 -7.871989886e+01 +3.4111e+00 -1.4216e+00
2859 0 +9.892035234e-05 -7.871990108e+01 -7.871990108e+01 +3.4115e+00 -1.4214e+00
2956 0 +9.196895209e-05 -7.871990803e+01 -7.871990803e+01 +3.4101e+00 -1.4224e+00
3047 0 +8.906820030e-05 -7.871991093e+01 -7.871991093e+01 +3.4099e+00 -1.4225e+00
3063 0 +8.542816981e-05 -7.871991457e+01 -7.871991457e+01 +3.4113e+00 -1.4215e+00
3142 0 +8.479564293e-05 -7.871991520e+01 -7.871991520e+01 +3.4115e+00 -1.4214e+00
3143 0 +7.855136552e-05 -7.871992145e+01 -7.871992145e+01 +3.4131e+00 -1.4202e+00
3153 0 +7.127078938e-05 -7.871992873e+01 -7.871992873e+01 +3.4114e+00 -1.4214e+00
3154 0 +2.294065813e-05 -7.871997706e+01 -7.871997706e+01 +3.4130e+00 -1.4203e+00
3237 0 +1.206351840e-05 -7.871998794e+01 -7.871998794e+01 +3.4129e+00 -1.4204e+00
3239 0 +1.109015332e-05 -7.871998891e+01 -7.871998891e+01 +3.4136e+00 -1.4199e+00
3243 0 +3.152001327e-06 -7.871999685e+01 -7.871999685e+01 +3.4125e+00 -1.4207e+00
3267 0 +2.288313709e-06 -7.871999771e+01 -7.871999771e+01 +3.4106e+00 -1.4221e+00
3339 0 +2.100335820e-06 -7.871999790e+01 -7.871999790e+01 +3.4101e+00 -1.4224e+00
3356 0 +1.109131787e-06 -7.871999889e+01 -7.871999889e+01 +3.4107e+00 -1.4219e+00
3360 0 +5.423258358e-07 -7.871999946e+01 -7.871999946e+01 +3.4106e+00 -1.4220e+00
3427 0 +2.401140478e-07 -7.871999976e+01 -7.871999976e+01 +3.4115e+00 -1.4214e+00
3446 0 +2.317652701e-07 -7.871999977e+01 -7.871999977e+01 +3.4110e+00 -1.4218e+00
3449 0 +9.500568865e-08 -7.871999990e+01 -7.871999990e+01 +3.4114e+00 -1.4215e+00
3525 0 +2.312118852e-08 -7.871999998e+01 -7.871999998e+01 +3.4111e+00 -1.4217e+00
3631 0 +4.220041205e-09 -7.872000000e+01 -7.872000000e+01 +3.4112e+00 -1.4216e+00
4379 0 +4.547473509e-13 -7.872000000e+01 -7.872000000e+01 +3.4112e+00 -1.4216e+00
4768 0 +0.000000000e+00 -7.872000000e+01 -7.872000000e+01 +3.4112e+00 -1.4216e+00
15251 0 +0.000000000e+00 -7.872000000e+01 -7.872000000e+01 +3.4112e+00 -1.4216e+00
% f evaluations | g evaluations | best noise-free fitness - Fopt (7.627000000000e+01) + sum g_i+ | measured fitness | best measured fitness or single-digit g-values | x1 | x2...
1 0 +3.324420570e+06 +3.324496840e+06 +3.324496840e+06 +1.5980e+00 -1.9622e+00
4 0 +5.112582308e+05 +5.113345008e+05 +5.113345008e+05 +3.8411e+00 -3.8688e+00
32 0 +7.421519171e+04 +7.429146171e+04 +7.429146171e+04 +1.9577e+00 -4.3519e+00
35 0 +3.577515371e+04 +3.585142371e+04 +3.585142371e+04 -3.3154e+00 -2.2026e+00
36 0 +1.098742913e+03 +1.175012913e+03 +1.175012913e+03 -1.0423e+00 -3.0794e+00
52 0 +3.542352930e+02 +4.305052930e+02 +4.305052930e+02 -1.0600e+00 -3.1316e+00
294 0 +2.254344040e+02 +3.017044040e+02 +3.017044040e+02 -1.0568e+00 -3.1284e+00
296 0 +5.419417779e+01 +1.304641778e+02 +1.304641778e+02 -9.8603e-01 -3.1276e+00
393 0 +2.389275663e-01 +7.650892757e+01 +7.650892757e+01 -1.0017e+00 -3.1299e+00
585 0 +1.999320729e-01 +7.646993207e+01 +7.646993207e+01 -1.0035e+00 -3.1302e+00
768 0 +4.727658058e-02 +7.631727658e+01 +7.631727658e+01 -1.0035e+00 -3.1301e+00
776 0 +3.721925676e-02 +7.630721926e+01 +7.630721926e+01 -1.0028e+00 -3.1302e+00
779 0 +1.576636948e-02 +7.628576637e+01 +7.628576637e+01 -1.0031e+00 -3.1298e+00
780 0 +9.480985482e-03 +7.627948099e+01 +7.627948099e+01 -1.0032e+00 -3.1300e+00
863 0 +4.209563958e-03 +7.627420956e+01 +7.627420956e+01 -1.0031e+00 -3.1299e+00
870 0 +4.116175491e-03 +7.627411618e+01 +7.627411618e+01 -1.0031e+00 -3.1299e+00
923 0 +4.020541129e-03 +7.627402054e+01 +7.627402054e+01 -1.0031e+00 -3.1299e+00
957 0 +3.941295523e-03 +7.627394130e+01 +7.627394130e+01 -1.0031e+00 -3.1299e+00
15251 0 +3.910797467e-03 +7.627391080e+01 +7.627391080e+01 -1.0031e+00 -3.1299e+00
% f evaluations | g evaluations | best noise-free fitness - Fopt (-2.255000000000e+01) + sum g_i+ | measured fitness | best measured fitness or single-digit g-values | x1 | x2...
1 0 +6.354413424e+07 +6.354411169e+07 +6.354411169e+07 -3.4398e+00 -3.9021e+00
2 0 +1.553398872e+06 +1.553376322e+06 +1.553376322e+06 +3.7550e+00 -4.4850e+00
5 0 +5.724027586e+02 +5.498527586e+02 +5.498527586e+02 +1.9283e+00 +4.5366e+00
116 0 +8.181598617e+00 -1.436840138e+01 -1.436840138e+01 +2.3372e+00 +3.2448e+00
392 0 +2.767574260e+00 -1.978242574e+01 -1.978242574e+01 +2.3385e+00 +3.2553e+00
482 0 +2.076792220e+00 -2.047320778e+01 -2.047320778e+01 +2.3363e+00 +3.2531e+00
547 0 +1.365440956e+00 -2.118455904e+01 -2.118455904e+01 +2.3366e+00 +3.2534e+00
578 0 +9.298718256e-01 -2.162012817e+01 -2.162012817e+01 +2.3369e+00 +3.2574e+00
673 0 +5.088887861e-01 -2.204111121e+01 -2.204111121e+01 +2.3374e+00 +3.2542e+00
770 0 +5.000155059e-01 -2.204998449e+01 -2.204998449e+01 +2.3374e+00 +3.2541e+00
15251 0 +4.975384689e-01 -2.205246153e+01 -2.205246153e+01 +2.3373e+00 +3.2541e+00
% f evaluations | g evaluations | best noise-free fitness - Fopt (1.366000000000e+01) + sum g_i+ | measured fitness | best measured fitness or single-digit g-values | x1 | x2...
1 0 +1.856844157e+06 +1.856857817e+06 +1.856857817e+06 +1.2211e+00 +1.1208e+00
2 0 +4.931319176e+05 +4.931455776e+05 +4.931455776e+05 -1.1839e+00 -1.8011e+00
3 0 +2.609321751e+05 +2.609458351e+05 +2.609458351e+05 -2.7529e+00 -2.0461e+00
10 0 +1.186502149e+05 +1.186638749e+05 +1.186638749e+05 +1.6248e+00 +4.8659e+00
25 0 +6.154766911e+04 +6.156132911e+04 +6.156132911e+04 -9.6700e-01 -5.7394e-01
30 0 +5.022879381e+04 +5.024245381e+04 +5.024245381e+04 -1.3618e-01 +8.5293e-01
52 0 +4.773706564e+04 +4.775072564e+04 +4.775072564e+04 -1.3770e-01 +8.6241e-01
64 0 +3.539323170e+03 +3.552983170e+03 +3.552983170e+03 -6.1227e-01 +3.8783e-01
102 0 +4.200311484e+02 +4.336911484e+02 +4.336911484e+02 -8.3612e-01 +1.6398e-01
126 0 +7.242136266e+01 +8.608136266e+01 +8.608136266e+01 -5.1444e-01 +6.7640e-01
150 0 +4.709380938e+00 +1.836938094e+01 +1.836938094e+01 -7.0686e-01 +3.3933e-01
795 0 +1.076962664e+00 +1.473696266e+01 +1.473696266e+01 +5.7056e-01 +2.4643e+00
864 0 +7.250143994e-01 +1.438501440e+01 +1.438501440e+01 +1.7569e-01 +1.8074e+00
876 0 +6.698757461e-01 +1.432987575e+01 +1.432987575e+01 +3.2110e-01 +2.0493e+00
888 0 +4.969826522e-01 +1.415698265e+01 +1.415698265e+01 +1.9146e-01 +1.8331e+00
893 0 +4.609434261e-01 +1.412094343e+01 +1.412094343e+01 +4.7120e-01 +2.2984e+00
900 0 +2.856963877e-01 +1.394569639e+01 +1.394569639e+01 +4.9189e-01 +2.3324e+00
961 0 +1.709451598e-02 +1.367709452e+01 +1.367709452e+01 +4.7561e-01 +2.3043e+00
994 0 +1.365760735e-02 +1.367365761e+01 +1.367365761e+01 +3.8582e-01 +2.1554e+00
1052 0 +1.147003477e-02 +1.367147003e+01 +1.367147003e+01 +3.8468e-01 +2.1535e+00
1066 0 +1.700591633e-03 +1.366170059e+01 +1.366170059e+01 +4.1470e-01 +2.2033e+00
1155 0 +1.391210052e-03 +1.366139121e+01 +1.366139121e+01 +4.0918e-01 +2.1941e+00
1246 0 +1.375843301e-03 +1.366137584e+01 +1.366137584e+01 +4.1680e-01 +2.2068e+00
1247 0 +1.020855723e-03 +1.366102086e+01 +1.366102086e+01 +4.1443e-01 +2.2027e+00
1343 0 +7.367202192e-05 +1.366007367e+01 +1.366007367e+01 +4.2257e-01 +2.2163e+00
1434 0 +6.883479539e-05 +1.366006883e+01 +1.366006883e+01 +4.2343e-01 +2.2177e+00
1439 0 +4.185827234e-05 +1.366004186e+01 +1.366004186e+01 +4.2427e-01 +2.2191e+00
1530 0 +3.806686449e-05 +1.366003807e+01 +1.366003807e+01 +4.2430e-01 +2.2192e+00
1536 0 +1.992131596e-05 +1.366001992e+01 +1.366001992e+01 +4.2933e-01 +2.2275e+00
1625 0 +1.445679821e-05 +1.366001446e+01 +1.366001446e+01 +4.2609e-01 +2.2222e+00
1629 0 +4.265784371e-06 +1.366000427e+01 +1.366000427e+01 +4.2810e-01 +2.2255e+00
1717 0 +3.855040552e-06 +1.366000386e+01 +1.366000386e+01 +4.2805e-01 +2.2254e+00
1719 0 +3.695353941e-06 +1.366000370e+01 +1.366000370e+01 +4.2802e-01 +2.2254e+00
1723 0 +1.565191708e-06 +1.366000157e+01 +1.366000157e+01 +4.2771e-01 +2.2249e+00
1737 0 +9.315652871e-07 +1.366000093e+01 +1.366000093e+01 +4.2752e-01 +2.2245e+00
1812 0 +2.867266211e-07 +1.366000029e+01 +1.366000029e+01 +4.2705e-01 +2.2237e+00
1920 0 +8.777316118e-08 +1.366000009e+01 +1.366000009e+01 +4.2710e-01 +2.2238e+00
1926 0 +7.066841512e-08 +1.366000007e+01 +1.366000007e+01 +4.2711e-01 +2.2238e+00
2006 0 +3.860515463e-09 +1.366000000e+01 +1.366000000e+01 +4.2718e-01 +2.2240e+00
2859 0 +4.085620731e-14 +1.366000000e+01 +1.366000000e+01 +4.2720e-01 +2.2240e+00
3435 0 +0.000000000e+00 +1.366000000e+01 +1.366000000e+01 +4.2720e-01 +2.2240e+00
15251 0 +0.000000000e+00 +1.366000000e+01 +1.366000000e+01 +4.2720e-01 +2.2240e+00
% f evaluations | g evaluations | best noise-free fitness - Fopt (9.378400000000e+02) + sum g_i+ | measured fitness | best measured fitness or single-digit g-values | x1 | x2...
1 0 +7.730191500e+05 +7.739569900e+05 +7.739569900e+05 -4.4075e-01 +1.6475e+00
5 0 +6.856932010e+05 +6.866310410e+05 +6.866310410e+05 -1.2138e+00 +3.8078e+00
9 0 +1.637805111e+05 +1.647183511e+05 +1.647183511e+05 -7.0531e-01 +2.2031e+00
21 0 +8.203134961e+04 +8.296918961e+04 +8.296918961e+04 -1.0371e+00 +1.8790e+00
26 0 +2.172656753e+04 +2.266440753e+04 +2.266440753e+04 -2.5766e+00 +2.6869e-01
43 0 +5.257262022e+03 +6.195102022e+03 +6.195102022e+03 +5.7182e-01 +4.7989e+00
64 0 +5.140968978e+03 +6.078808978e+03 +6.078808978e+03 +6.3897e-02 +4.2910e+00
65 0 +2.667474344e+03 +3.605314344e+03 +3.605314344e+03 +4.7636e-01 +4.7034e+00
164 0 +8.165982688e+02 +1.754438269e+03 +1.754438269e+03 +2.2664e-01 +4.4537e+00
200 0 +3.281499543e+02 +1.265989954e+03 +1.265989954e+03 +3.7112e-01 +4.5982e+00
206 0 +3.918587970e+01 +9.770258797e+02 +9.770258797e+02 +3.3341e-01 +4.5605e+00
292 0 +5.379240509e+00 +9.432192405e+02 +9.432192405e+02 +3.1987e-01 +4.5469e+00
303 0 +1.624104046e+00 +9.394641040e+02 +9.394641040e+02 +3.1420e-01 +4.5413e+00
388 0 +1.561581854e+00 +9.394015819e+02 +9.394015819e+02 +3.1292e-01 +4.5400e+00
1075 0 +1.262864223e+00 +9.391028642e+02 +9.391028642e+02 +2.2491e-01 +4.3999e+00
1148 0 +1.255269602e+00 +9.390952696e+02 +9.390952696e+02 +2.1214e-01 +4.3796e+00
1174 0 +1.201929545e+00 +9.390419295e+02 +9.390419295e+02 +2.1331e-01 +4.3816e+00
1177 0 +1.121984438e+00 +9.389619844e+02 +9.389619844e+02 +2.0637e-01 +4.3708e+00
1185 0 +1.025049594e+00 +9.388650496e+02 +9.388650496e+02 +2.2686e-01 +4.4034e+00
1243 0 +9.815129341e-01 +9.388215129e+02 +9.388215129e+02 +2.2738e-01 +4.4044e+00
1246 0 +9.173566236e-01 +9.387573566e+02 +9.387573566e+02 +2.2141e-01 +4.3951e+00
1252 0 +8.788915684e-01 +9.387188916e+02 +9.387188916e+02 +1.5137e-01 +4.2841e+00
1275 0 +8.322008054e-01 +9.386722008e+02 +9.386722008e+02 +1.2879e-01 +4.2505e+00
1358 0 +7.882655590e-01 +9.386282656e+02 +9.386282656e+02 +1.9700e-01 +4.3566e+00
1367 0 +6.516906116e-01 +9.384916906e+02 +9.384916906e+02 +1.5099e-01 +4.2850e+00
1434 0 +5.782727868e-01 +9.384182728e+02 +9.384182728e+02 +1.5040e-01 +4.2836e+00
1467 0 +5.544219708e-01 +9.383944220e+02 +9.383944220e+02 +1.3752e-01 +4.2633e+00
1527 0 +5.494495095e-01 +9.383894495e+02 +9.383894495e+02 +1.3619e-01 +4.2612e+00
1531 0 +5.067885674e-01 +9.383467886e+02 +9.383467886e+02 +8.4617e-02 +4.1796e+00
1583 0 +4.988008633e-01 +9.383388009e+02 +9.383388009e+02 +8.4184e-02 +4.1792e+00
1624 0 +4.637074142e-01 +9.383037074e+02 +9.383037074e+02 +4.3575e-02 +4.1151e+00
1639 0 +2.330516987e-01 +9.380730517e+02 +9.380730517e+02 -4.6415e-02 +3.9735e+00
1721 0 +1.414496571e-01 +9.379814497e+02 +9.379814497e+02 -1.4522e-01 +3.8179e+00
1738 0 +1.021848569e-01 +9.379421849e+02 +9.379421849e+02 -1.5034e-01 +3.8096e+00
1742 0 +6.683683604e-02 +9.379068368e+02 +9.379068368e+02 -2.4367e-01 +3.6626e+00
1748 0 +1.769610249e-02 +9.378576961e+02 +9.378576961e+02 -2.2435e-01 +3.6926e+00
1814 0 +1.259088625e-02 +9.378525909e+02 +9.378525909e+02 -3.0066e-01 +3.5721e+00
1821 0 +3.592959093e-03 +9.378435930e+02 +9.378435930e+02 -2.8829e-01 +3.5919e+00
1839 0 +1.081372269e-03 +9.378410814e+02 +9.378410814e+02 -3.0807e-01 +3.5607e+00
1909 0 +6.612142299e-04 +9.378406612e+02 +9.378406612e+02 -3.0556e-01 +3.5646e+00
2005 0 +4.261741726e-04 +9.378404262e+02 +9.378404262e+02 -3.0108e-01 +3.5717e+00
2034 0 +3.791772133e-05 +9.378400379e+02 +9.378400379e+02 -2.9418e-01 +3.5825e+00
2106 0 +3.043748700e-05 +9.378400304e+02 +9.378400304e+02 -2.9475e-01 +3.5816e+00
2108 0 +7.764210977e-06 +9.378400078e+02 +9.378400078e+02 -2.9520e-01 +3.5809e+00
2209 0 +7.282582487e-06 +9.378400073e+02 +9.378400073e+02 -2.9532e-01 +3.5807e+00
2291 0 +5.044582053e-06 +9.378400050e+02 +9.378400050e+02 -2.9588e-01 +3.5799e+00
2292 0 +2.611748869e-06 +9.378400026e+02 +9.378400026e+02 -2.9615e-01 +3.5794e+00
2384 0 +1.458319844e-06 +9.378400015e+02 +9.378400015e+02 -2.9711e-01 +3.5779e+00
2479 0 +1.195813979e-06 +9.378400012e+02 +9.378400012e+02 -2.9670e-01 +3.5786e+00
2483 0 +1.059424562e-06 +9.378400011e+02 +9.378400011e+02 -2.9668e-01 +3.5786e+00
2484 0 +8.946437902e-07 +9.378400009e+02 +9.378400009e+02 -2.9668e-01 +3.5786e+00
2487 0 +3.515876870e-07 +9.378400004e+02 +9.378400004e+02 -2.9657e-01 +3.5788e+00
2491 0 +1.666783191e-07 +9.378400002e+02 +9.378400002e+02 -2.9681e-01 +3.5784e+00
2578 0 +1.619745262e-07 +9.378400002e+02 +9.378400002e+02 -2.9680e-01 +3.5784e+00
2587 0 +7.379014733e-08 +9.378400001e+02 +9.378400001e+02 -2.9679e-01 +3.5784e+00
2669 0 +5.420099569e-08 +9.378400001e+02 +9.378400001e+02 -2.9680e-01 +3.5784e+00
2764 0 +8.589040590e-09 +9.378400000e+02 +9.378400000e+02 -2.9680e-01 +3.5784e+00
3336 0 +3.410605132e-13 +9.378400000e+02 +9.378400000e+02 -2.9680e-01 +3.5784e+00
3619 0 +0.000000000e+00 +9.378400000e+02 +9.378400000e+02 -2.9680e-01 +3.5784e+00
15251 0 +0.000000000e+00 +9.378400000e+02 +9.378400000e+02 -2.9680e-01 +3.5784e+00
% f evaluations | g evaluations | best noise-free fitness - Fopt (-7.872000000000e+01) + sum g_i+ | measured fitness | best measured fitness or single-digit g-values | x1 | x2...
1 0 +3.609254979e+07 +3.609247107e+07 +3.609247107e+07 -3.3874e+00 +1.0493e+00
2 0 +2.000262553e+07 +2.000254681e+07 +2.000254681e+07 +3.8907e+00 +4.4165e+00
4 0 +1.520533790e+07 +1.520525918e+07 +1.520525918e+07 +3.2155e+00 +3.2514e+00
5 0 +7.206895688e+06 +7.206816968e+06 +7.206816968e+06 -4.6107e+00 -3.9942e+00
10 0 +2.219861996e+06 +2.219783276e+06 +2.219783276e+06 +3.6378e+00 -2.9350e+00
14 0 +1.028909541e+05 +1.028122341e+05 +1.028122341e+05 +3.4160e+00 -1.0350e+00
32 0 +9.061893368e+02 +8.274693368e+02 +8.274693368e+02 +4.1069e+00 -8.8725e-01
41 0 +2.958068775e+02 +2.170868775e+02 +2.170868775e+02 +4.2820e+00 -8.2077e-01
107 0 +3.844748171e+01 -4.027251829e+01 -4.027251829e+01 +4.5612e+00 -5.9292e-01
157 0 +2.928703956e+01 -4.943296044e+01 -4.943296044e+01 +4.5567e+00 -5.9744e-01
162 0 +2.446738412e+00 -7.627326159e+01 -7.627326159e+01 +4.5310e+00 -6.2313e-01
359 0 +2.001900371e+00 -7.671809963e+01 -7.671809963e+01 +4.5335e+00 -6.2056e-01
1337 0 +1.995050016e+00 -7.672494998e+01 -7.672494998e+01 +4.5317e+00 -6.2180e-01
2007 0 +1.921517398e+00 -7.679848260e+01 -7.679848260e+01 +4.4263e+00 -6.9736e-01
2019 0 +1.894390806e+00 -7.682560919e+01 -7.682560919e+01 +4.3960e+00 -7.1906e-01
2028 0 +1.827915539e+00 -7.689208446e+01 -7.689208446e+01 +4.3519e+00 -7.5063e-01
2100 0 +1.802775791e+00 -7.691722421e+01 -7.691722421e+01 +4.3384e+00 -7.6036e-01
2106 0 +1.570449997e+00 -7.714955000e+01 -7.714955000e+01 +4.2545e+00 -8.2045e-01
2125 0 +1.511280076e+00 -7.720871992e+01 -7.720871992e+01 +4.0967e+00 -9.3349e-01
2133 0 +1.425639591e+00 -7.729436041e+01 -7.729436041e+01 +4.1441e+00 -8.9956e-01
2247 0 +9.138895090e-01 -7.780611049e+01 -7.780611049e+01 +4.1726e+00 -8.7767e-01
2287 0 +7.742428461e-01 -7.794575715e+01 -7.794575715e+01 +4.1675e+00 -8.8162e-01
2386 0 +6.963019874e-01 -7.802369801e+01 -7.802369801e+01 +4.1415e+00 -9.0017e-01
2395 0 +6.542853688e-01 -7.806571463e+01 -7.806571463e+01 +4.1294e+00 -9.0898e-01
2417 0 +6.321146712e-01 -7.808788533e+01 -7.808788533e+01 +4.1200e+00 -9.1570e-01
2424 0 +5.171763701e-01 -7.820282363e+01 -7.820282363e+01 +3.9964e+00 -1.0037e+00
2477 0 +2.452798467e-01 -7.847472015e+01 -7.847472015e+01 +3.7327e+00 -1.1917e+00
2487 0 +2.230607705e-01 -7.849693923e+01 -7.849693923e+01 +3.7852e+00 -1.1545e+00
2492 0 +1.776656569e-01 -7.854233434e+01 -7.854233434e+01 +3.7719e+00 -1.1641e+00
2572 0 +1.067940960e-01 -7.861320590e+01 -7.861320590e+01 +3.6699e+00 -1.2370e+00
2575 0 +9.085916598e-02 -7.862914083e+01 -7.862914083e+01 +3.6395e+00 -1.2587e+00
2588 0 +5.947294289e-02 -7.866052706e+01 -7.866052706e+01 +3.5636e+00 -1.3126e+00
2591 0 +1.769923571e-02 -7.870230076e+01 -7.870230076e+01 +3.3754e+00 -1.4473e+00
2605 0 +1.688694803e-03 -7.871831131e+01 -7.871831131e+01 +3.4079e+00 -1.4240e+00
2792 0 +1.115089021e-03 -7.871888491e+01 -7.871888491e+01 +3.4209e+00 -1.4147e+00
2886 0 +7.293201933e-04 -7.871927068e+01 -7.871927068e+01 +3.4133e+00 -1.4202e+00
2953 0 +5.935415356e-04 -7.871940646e+01 -7.871940646e+01 +3.4132e+00 -1.4202e+00
2954 0 +5.825551190e-04 -7.871941744e+01 -7.871941744e+01 +3.4164e+00 -1.4179e+00
2969 0 +4.234421466e-04 -7.871957656e+01 -7.871957656e+01 +3.4063e+00 -1.4251e+00
3008 0 +6.003596565e-05 -7.871993996e+01 -7.871993996e+01 +3.4064e+00 -1.4251e+00
3047 0 +5.821280598e-05 -7.871994179e+01 -7.871994179e+01 +3.4046e+00 -1.4263e+00
3051 0 +5.241569988e-05 -7.871994758e+01 -7.871994758e+01 +3.4062e+00 -1.4251e+00
3060 0 +4.184736801e-05 -7.871995815e+01 -7.871995815e+01 +3.4166e+00 -1.4178e+00
3143 0 +1.583106523e-05 -7.871998417e+01 -7.871998417e+01 +3.4095e+00 -1.4228e+00
3168 0 +6.134760767e-06 -7.871999387e+01 -7.871999387e+01 +3.4130e+00 -1.4203e+00
3244 0 +2.663238135e-06 -7.871999734e+01 -7.871999734e+01 +3.4112e+00 -1.4216e+00
3253 0 +7.789338667e-07 -7.871999922e+01 -7.871999922e+01 +3.4114e+00 -1.4214e+00
3432 0 +6.182590653e-07 -7.871999938e+01 -7.871999938e+01 +3.4118e+00 -1.4212e+00
3537 0 +3.653522498e-07 -7.871999963e+01 -7.871999963e+01 +3.4115e+00 -1.4214e+00
3540 0 +1.324482213e-07 -7.871999987e+01 -7.871999987e+01 +3.4110e+00 -1.4218e+00
3618 0 +7.730623963e-08 -7.871999992e+01 -7.871999992e+01 +3.4110e+00 -1.4218e+00
3620 0 +3.175534857e-08 -7.871999997e+01 -7.871999997e+01 +3.4113e+00 -1.4215e+00
3627 0 +1.661291549e-09 -7.872000000e+01 -7.872000000e+01 +3.4112e+00 -1.4216e+00
4191 0 +4.263256415e-13 -7.872000000e+01 -7.872000000e+01 +3.4112e+00 -1.4216e+00
4663 0 +0.000000000e+00 -7.872000000e+01 -7.872000000e+01 +3.4112e+00 -1.4216e+00
15251 0 +0.000000000e+00 -7.872000000e+01 -7.872000000e+01 +3.4112e+00 -1.4216e+00
% f evaluations | g evaluations | best noise-free fitness - Fopt (7.627000000000e+01) + sum g_i+ | measured fitness | best measured fitness or single-digit g-values | x1 | x2...
1 0 +5.933714654e+06 +5.933790924e+06 +5.933790924e+06 -4.6869e+00 +4.4647e-01
3 0 +2.640181449e+04 +2.647808449e+04 +2.647808449e+04 +2.4506e+00 -4.0496e+00
52 0 +1.397226984e+04 +1.404853984e+04 +1.404853984e+04 +2.6712e+00 -4.4142e+00
60 0 +1.201460232e+04 +1.209087232e+04 +1.209087232e+04 -2.9575e+00 -2.4048e+00
118 0 +1.109236624e+04 +1.116863624e+04 +1.116863624e+04 -2.2176e+00 -2.6428e+00
125 0 +1.073917308e+02 +1.836617308e+02 +1.836617308e+02 -3.1561e+00 -2.4384e+00
149 0 +6.611156921e+01 +1.423815692e+02 +1.423815692e+02 -2.2804e+00 -2.7177e+00
206 0 +4.073366758e+01 +1.170036676e+02 +1.170036676e+02 -2.2917e+00 -2.7290e+00
388 0 +8.643947724e+00 +8.491394772e+01 +8.491394772e+01 -2.2891e+00 -2.7259e+00
444 0 +3.104139698e+00 +7.937413970e+01 +7.937413970e+01 -2.2863e+00 -2.7232e+00
446 0 +2.684092710e+00 +7.895409271e+01 +7.895409271e+01 -2.2866e+00 -2.7234e+00
456 0 +2.441234655e+00 +7.871123466e+01 +7.871123466e+01 -2.2868e+00 -2.7237e+00
632 0 +2.396350102e+00 +7.866635010e+01 +7.866635010e+01 -2.2871e+00 -2.7239e+00
15251 0 +2.389519127e+00 +7.865951913e+01 +7.865951913e+01 -2.2862e+00 -2.7241e+00
% f evaluations | g evaluations | best noise-free fitness - Fopt (-2.255000000000e+01) + sum g_i+ | measured fitness | best measured fitness or single-digit g-values | x1 | x2...
1 0 +1.775476281e+06 +1.775453731e+06 +1.775453731e+06 +1.1995e+00 +2.8361e+00
9 0 +4.102203768e+05 +4.101978268e+05 +4.101978268e+05 +1.9162e+00 +2.6602e+00
14 0 +6.523608016e+04 +6.521353016e+04 +6.521353016e+04 +2.2293e+00 +4.3714e+00
23 0 +2.343345259e+04 +2.341090259e+04 +2.341090259e+04 +2.7721e+00 +2.4199e+00
37 0 +3.622029684e+03 +3.599479684e+03 +3.599479684e+03 +3.8463e+00 -1.0014e+00
61 0 +2.386882280e+03 +2.364332280e+03 +2.364332280e+03 +2.1176e+00 +4.0476e+00
119 0 +2.687400890e+01 +4.324008895e+00 +4.324008895e+00 +4.0886e+00 -1.9231e+00
680 0 +2.444728754e+01 +1.897287545e+00 +1.897287545e+00 +4.0914e+00 -1.9203e+00
775 0 +2.223832689e+01 -3.116731092e-01 -3.116731092e-01 +4.0903e+00 -1.9230e+00
15251 0 +2.206098473e+01 -4.890152700e-01 -4.890152700e-01 +4.0901e+00 -1.9214e+00
% f evaluations | g evaluations | best noise-free fitness - Fopt (1.366000000000e+01) + sum g_i+ | measured fitness | best measured fitness or single-digit g-values | x1 | x2...
1 0 +1.013780641e+07 +1.013782007e+07 +1.013782007e+07 -4.2842e+00 +6.6304e-01
4 0 +7.415589008e+05 +7.415725608e+05 +7.415725608e+05 +1.6897e+00 +2.5375e+00
5 0 +1.409876600e+04 +1.411242600e+04 +1.411242600e+04 -3.3299e+00 -4.2432e+00
54 0 +3.686283368e+03 +3.699943368e+03 +3.699943368e+03 -2.8549e+00 -3.3491e+00
55 0 +9.515095157e+01 +1.088109516e+02 +1.088109516e+02 +1.4747e+00 +3.9468e+00
103 0 +1.626756934e+01 +2.992756934e+01 +2.992756934e+01 +1.4373e+00 +3.9094e+00
123 0 +6.047148690e+00 +1.970714869e+01 +1.970714869e+01 +1.4964e+00 +3.9985e+00
389 0 +5.882485435e+00 +1.954248544e+01 +1.954248544e+01 +1.4960e+00 +3.9982e+00
407 0 +4.951052984e+00 +1.861105298e+01 +1.861105298e+01 +1.4997e+00 +4.0052e+00
447 0 +4.484430043e+00 +1.814443004e+01 +1.814443004e+01 +1.4981e+00 +4.0035e+00
594 0 +3.480279999e+00 +1.714028000e+01 +1.714028000e+01 +1.2728e+00 +3.6274e+00
676 0 +3.444281282e+00 +1.710428128e+01 +1.710428128e+01 +1.4147e+00 +3.8650e+00
684 0 +3.260188216e+00 +1.692018822e+01 +1.692018822e+01 +1.0159e+00 +3.1997e+00
689 0 +3.214855204e+00 +1.687485520e+01 +1.687485520e+01 +1.2863e+00 +3.6501e+00
690 0 +2.967037098e+00 +1.662703710e+01 +1.662703710e+01 +1.3457e+00 +3.7497e+00
693 0 +9.513423168e-01 +1.461134232e+01 +1.461134232e+01 +9.2543e-01 +3.0526e+00
769 0 +8.777327134e-01 +1.453773271e+01 +1.453773271e+01 +9.1297e-01 +3.0319e+00
771 0 +7.873037372e-01 +1.444730374e+01 +1.444730374e+01 +2.5400e-01 +1.9378e+00
781 0 +5.875397286e-01 +1.424753973e+01 +1.424753973e+01 +7.3885e-01 +2.7427e+00
782 0 +3.543530080e-01 +1.401435301e+01 +1.401435301e+01 +4.0885e-01 +2.1946e+00
794 0 +3.235675545e-01 +1.398356755e+01 +1.398356755e+01 +6.5600e-01 +2.6036e+00
872 0 +2.022953953e-01 +1.386229540e+01 +1.386229540e+01 +2.0191e-01 +1.8495e+00
877 0 +8.319872459e-02 +1.374319872e+01 +1.374319872e+01 +3.9620e-01 +2.1719e+00
1055 0 +4.743142964e-02 +1.370743143e+01 +1.370743143e+01 +4.3964e-01 +2.2443e+00
1065 0 +4.013026150e-03 +1.366401303e+01 +1.366401303e+01 +4.5650e-01 +2.2727e+00
1157 0 +2.756036641e-03 +1.366275604e+01 +1.366275604e+01 +4.5099e-01 +2.2635e+00
1242 0 +8.628973212e-04 +1.366086290e+01 +1.366086290e+01 +4.4135e-01 +2.2475e+00
1337 0 +2.632312853e-04 +1.366026323e+01 +1.366026323e+01 +4.3418e-01 +2.2356e+00
1339 0 +1.306762377e-04 +1.366013068e+01 +1.366013068e+01 +4.3262e-01 +2.2330e+00
1435 0 +1.183095593e-04 +1.366011831e+01 +1.366011831e+01 +4.2873e-01 +2.2266e+00
1453 0 +1.599611408e-05 +1.366001600e+01 +1.366001600e+01 +4.2745e-01 +2.2244e+00
1533 0 +6.416551289e-06 +1.366000642e+01 +1.366000642e+01 +4.2796e-01 +2.2253e+00
1561 0 +4.912300655e-06 +1.366000491e+01 +1.366000491e+01 +4.2792e-01 +2.2252e+00
1643 0 +3.520301268e-06 +1.366000352e+01 +1.366000352e+01 +4.2796e-01 +2.2253e+00
1663 0 +3.270669836e-06 +1.366000327e+01 +1.366000327e+01 +4.2791e-01 +2.2252e+00
1717 0 +1.811743616e-06 +1.366000181e+01 +1.366000181e+01 +4.2785e-01 +2.2251e+00
1816 0 +1.570745917e-06 +1.366000157e+01 +1.366000157e+01 +4.2780e-01 +2.2250e+00
1817 0 +1.523761197e-06 +1.366000152e+01 +1.366000152e+01 +4.2773e-01 +2.2249e+00
1821 0 +2.561081214e-07 +1.366000026e+01 +1.366000026e+01 +4.2746e-01 +2.2244e+00
1908 0 +1.117718842e-07 +1.366000011e+01 +1.366000011e+01 +4.2727e-01 +2.2241e+00
1924 0 +8.854814482e-08 +1.366000009e+01 +1.366000009e+01 +4.2732e-01 +2.2242e+00
2013 0 +5.565736139e-08 +1.366000006e+01 +1.366000006e+01 +4.2725e-01 +2.2241e+00
2014 0 +1.410552208e-08 +1.366000001e+01 +1.366000001e+01 +4.2726e-01 +2.2241e+00
2016 0 +1.337680899e-08 +1.366000001e+01 +1.366000001e+01 +4.2723e-01 +2.2241e+00
2019 0 +1.019579443e-08 +1.366000001e+01 +1.366000001e+01 +4.2720e-01 +2.2240e+00
2021 0 +1.723876153e-09 +1.366000000e+01 +1.366000000e+01 +4.2719e-01 +2.2240e+00
2762 0 +6.998845947e-13 +1.366000000e+01 +1.366000000e+01 +4.2720e-01 +2.2240e+00
3153 0 +0.000000000e+00 +1.366000000e+01 +1.366000000e+01 +4.2720e-01 +2.2240e+00
15251 0 +0.000000000e+00 +1.366000000e+01 +1.366000000e+01 +4.2720e-01 +2.2240e+00
% f evaluations | g evaluations | best noise-free fitness - Fopt (9.378400000000e+02) + sum g_i+ | measured fitness | best measured fitness or single-digit g-values | x1 | x2...
1 0 +6.193721997e+06 +6.194659837e+06 +6.194659837e+06 -3.9528e+00 +2.1912e+00
2 0 +1.749136754e+06 +1.750074594e+06 +1.750074594e+06 -2.8369e+00 +1.8168e+00
5 0 +1.356191220e+05 +1.365569620e+05 +1.365569620e+05 -7.5255e-01 +3.5744e+00
18 0 +1.142070639e+04 +1.235854639e+04 +1.235854639e+04 +5.7969e-01 +4.7584e+00
52 0 +7.109976757e+03 +8.047816757e+03 +8.047816757e+03 +5.8459e-01 +4.7986e+00
63 0 +5.629753049e+03 +6.567593049e+03 +6.567593049e+03 +5.5747e-01 +4.7715e+00
108 0 +9.040723815e+00 +9.468807238e+02 +9.468807238e+02 +3.6946e-01 +4.6344e+00
201 0 +2.091437890e+00 +9.399314379e+02 +9.399314379e+02 +3.7510e-01 +4.6387e+00
258 0 +1.934629181e+00 +9.397746292e+02 +9.397746292e+02 +3.7577e-01 +4.6394e+00
294 0 +1.880608125e+00 +9.397206081e+02 +9.397206081e+02 +3.7694e-01 +4.6405e+00
1244 0 +1.858616946e+00 +9.396986169e+02 +9.396986169e+02 +3.7216e-01 +4.6332e+00
1354 0 +1.811153023e+00 +9.396511530e+02 +9.396511530e+02 +3.5952e-01 +4.6133e+00
1443 0 +1.776771736e+00 +9.396167717e+02 +9.396167717e+02 +3.4679e-01 +4.5928e+00
1534 0 +1.729305285e+00 +9.395693053e+02 +9.395693053e+02 +3.3259e-01 +4.5712e+00
1556 0 +1.692955248e+00 +9.395329552e+02 +9.395329552e+02 +3.2693e-01 +4.5623e+00
1559 0 +1.629772170e+00 +9.394697722e+02 +9.394697722e+02 +3.0836e-01 +4.5332e+00
1622 0 +1.457644537e+00 +9.392976445e+02 +9.392976445e+02 +2.6623e-01 +4.4671e+00
1650 0 +1.392431671e+00 +9.392324317e+02 +9.392324317e+02 +2.8387e-01 +4.4944e+00
1718 0 +1.101518973e+00 +9.389415190e+02 +9.389415190e+02 +2.5227e-01 +4.4440e+00
1727 0 +1.095546332e+00 +9.389355463e+02 +9.389355463e+02 +2.4533e-01 +4.4336e+00
1729 0 +7.424058589e-01 +9.385824059e+02 +9.385824059e+02 +1.8581e-01 +4.3397e+00
1813 0 +5.581856715e-01 +9.383981857e+02 +9.383981857e+02 +7.6331e-02 +4.1672e+00
1829 0 +5.145186652e-01 +9.383545187e+02 +9.383545187e+02 +1.0765e-01 +4.2162e+00
1836 0 +1.610240142e-01 +9.380010240e+02 +9.380010240e+02 -1.2369e-01 +3.8518e+00
1909 0 +4.722248122e-02 +9.378872225e+02 +9.378872225e+02 -3.0155e-01 +3.5713e+00
1917 0 +3.835252515e-02 +9.378783525e+02 +9.378783525e+02 -3.7881e-01 +3.4493e+00
2011 0 +5.967413417e-03 +9.378459674e+02 +9.378459674e+02 -3.2539e-01 +3.5334e+00
2097 0 +3.271523744e-03 +9.378432715e+02 +9.378432715e+02 -3.2231e-01 +3.5382e+00
2193 0 +3.112730778e-03 +9.378431127e+02 +9.378431127e+02 -3.2343e-01 +3.5364e+00
2196 0 +5.965678749e-04 +9.378405966e+02 +9.378405966e+02 -3.0634e-01 +3.5633e+00
2292 0 +4.592005171e-04 +9.378404592e+02 +9.378404592e+02 -3.0229e-01 +3.5697e+00
2304 0 +1.360869511e-04 +9.378401361e+02 +9.378401361e+02 -2.9173e-01 +3.5864e+00
2396 0 +1.332500702e-04 +9.378401333e+02 +9.378401333e+02 -2.9150e-01 +3.5868e+00
2398 0 +2.418014890e-05 +9.378400242e+02 +9.378400242e+02 -2.9619e-01 +3.5794e+00
2486 0 +1.720589285e-05 +9.378400172e+02 +9.378400172e+02 -2.9649e-01 +3.5789e+00
2492 0 +1.075397938e-05 +9.378400108e+02 +9.378400108e+02 -2.9568e-01 +3.5802e+00
2575 0 +9.132904324e-06 +9.378400091e+02 +9.378400091e+02 -2.9534e-01 +3.5807e+00
2590 0 +7.676610380e-06 +9.378400077e+02 +9.378400077e+02 -2.9531e-01 +3.5808e+00
2600 0 +7.381015735e-06 +9.378400074e+02 +9.378400074e+02 -2.9717e-01 +3.5778e+00
2669 0 +7.195737453e-06 +9.378400072e+02 +9.378400072e+02 -2.9718e-01 +3.5778e+00
2671 0 +4.471667125e-08 +9.378400000e+02 +9.378400000e+02 -2.9683e-01 +3.5784e+00
2864 0 +2.628974016e-08 +9.378400000e+02 +9.378400000e+02 -2.9679e-01 +3.5784e+00
2865 0 +1.461899046e-09 +9.378400000e+02 +9.378400000e+02 -2.9681e-01 +3.5784e+00
3748 0 +4.547473509e-13 +9.378400000e+02 +9.378400000e+02 -2.9680e-01 +3.5784e+00
4020 0 +0.000000000e+00 +9.378400000e+02 +9.378400000e+02 -2.9680e-01 +3.5784e+00
15251 0 +0.000000000e+00 +9.378400000e+02 +9.378400000e+02 -2.9680e-01 +3.5784e+00
% f evaluations | g evaluations | best noise-free fitness - Fopt (-7.872000000000e+01) + sum g_i+ | measured fitness | best measured fitness or single-digit g-values | x1 | x2...
1 0 +2.694712062e+07 +2.694704190e+07 +2.694704190e+07 -1.0040e+00 +1.8858e+00
3 0 +1.070680451e+07 +1.070672579e+07 +1.070672579e+07 +2.6272e-01 +4.6689e-01
4 0 +2.772350156e+06 +2.772271436e+06 +2.772271436e+06 +1.8337e+00 -4.4316e+00
7 0 +1.494337959e+05 +1.493550759e+05 +1.493550759e+05 +2.7954e+00 -1.3582e+00
8 0 +2.591826251e+04 +2.583954251e+04 +2.583954251e+04 -9.3545e-01 -4.7103e+00
24 0 +1.014546297e+04 +1.006674297e+04 +1.006674297e+04 -7.7974e-01 -4.5403e+00
74 0 +9.474562048e+03 +9.395842048e+03 +9.395842048e+03 +6.1903e-02 -3.6986e+00
76 0 +2.679729439e+03 +2.601009439e+03 +2.601009439e+03 -1.3139e-01 -3.8919e+00
105 0 +1.979615226e+02 +1.192415226e+02 +1.192415226e+02 +2.6157e-01 -3.6534e+00
160 0 +2.799268232e+01 -5.072731768e+01 -5.072731768e+01 +2.1971e-01 -3.6953e+00
219 0 +1.627959141e+01 -6.244040859e+01 -6.244040859e+01 +2.1802e-01 -3.6998e+00
293 0 +1.554927632e+01 -6.317072368e+01 -6.317072368e+01 +2.1506e-01 -3.7027e+00
1438 0 +1.548729127e+01 -6.323270873e+01 -6.323270873e+01 +2.1673e-01 -3.7018e+00
1745 0 +1.504438097e+01 -6.367561903e+01 -6.367561903e+01 +2.6174e-01 -3.6696e+00
1820 0 +1.477176327e+01 -6.394823673e+01 -6.394823673e+01 +2.8978e-01 -3.6496e+00
1907 0 +1.426323611e+01 -6.445676389e+01 -6.445676389e+01 +3.4162e-01 -3.6126e+00
1922 0 +1.335817742e+01 -6.536182258e+01 -6.536182258e+01 +4.3628e-01 -3.5449e+00
1934 0 +1.304401151e+01 -6.567598849e+01 -6.567598849e+01 +4.7078e-01 -3.5202e+00
2006 0 +1.259576802e+01 -6.612423198e+01 -6.612423198e+01 +5.2350e-01 -3.4824e+00
2007 0 +1.243833335e+01 -6.628166665e+01 -6.628166665e+01 +5.5021e-01 -3.4632e+00
2010 0 +1.091492580e+01 -6.780507420e+01 -6.780507420e+01 +7.2478e-01 -3.3385e+00
2011 0 +1.056306407e+01 -6.815693593e+01 -6.815693593e+01 +7.7578e-01 -3.3020e+00
2098 0 +1.004661315e+01 -6.867338685e+01 -6.867338685e+01 +8.5022e-01 -3.2487e+00
2102 0 +8.698922294e+00 -7.002107771e+01 -7.002107771e+01 +1.1327e+00 -3.0467e+00
2104 0 +7.843820898e+00 -7.087617910e+01 -7.087617910e+01 +1.3166e+00 -2.9151e+00
2192 0 +7.357073779e+00 -7.136292622e+01 -7.136292622e+01 +1.4071e+00 -2.8505e+00
2195 0 +6.758169959e+00 -7.196183004e+01 -7.196183004e+01 +1.6369e+00 -2.6861e+00
2235 0 +6.282603242e+00 -7.243739676e+01 -7.243739676e+01 +1.6466e+00 -2.6795e+00
2288 0 +5.573549655e+00 -7.314645034e+01 -7.314645034e+01 +1.7694e+00 -2.5921e+00
2294 0 +5.238692330e+00 -7.348130767e+01 -7.348130767e+01 +1.9503e+00 -2.4627e+00
2299 0 +3.686925205e+00 -7.503307479e+01 -7.503307479e+01 +2.3802e+00 -2.1558e+00
2382 0 +3.628826325e+00 -7.509117367e+01 -7.509117367e+01 +2.3917e+00 -2.1475e+00
2383 0 +2.329830804e+00 -7.639016920e+01 -7.639016920e+01 +2.8568e+00 -1.8155e+00
2392 0 +1.901184962e+00 -7.681881504e+01 -7.681881504e+01 +3.1888e+00 -1.5785e+00
2395 0 +7.255244440e-01 -7.799447556e+01 -7.799447556e+01 +3.3223e+00 -1.4840e+00
2479 0 +6.673444186e-02 -7.865326556e+01 -7.865326556e+01 +3.3047e+00 -1.4973e+00
2502 0 +5.839122558e-02 -7.866160877e+01 -7.866160877e+01 +3.6021e+00 -1.2854e+00
2503 0 +1.353477969e-03 -7.871864652e+01 -7.871864652e+01 +3.3831e+00 -1.4416e+00
2696 0 +1.268303933e-03 -7.871873170e+01 -7.871873170e+01 +3.3838e+00 -1.4412e+00
2858 0 +1.217100222e-03 -7.871878290e+01 -7.871878290e+01 +3.3843e+00 -1.4408e+00
2862 0 +9.238183008e-04 -7.871907618e+01 -7.871907618e+01 +3.3922e+00 -1.4352e+00
2863 0 +5.443725927e-04 -7.871945563e+01 -7.871945563e+01 +3.3925e+00 -1.4349e+00
2889 0 +2.426122815e-04 -7.871975739e+01 -7.871975739e+01 +3.4223e+00 -1.4137e+00
2956 0 +1.728271065e-04 -7.871982717e+01 -7.871982717e+01 +3.4203e+00 -1.4151e+00
2985 0 +1.456939618e-04 -7.871985431e+01 -7.871985431e+01 +3.4174e+00 -1.4171e+00
3052 0 +2.438372468e-05 -7.871997562e+01 -7.871997562e+01 +3.4145e+00 -1.4193e+00
3071 0 +1.267353451e-05 -7.871998733e+01 -7.871998733e+01 +3.4085e+00 -1.4235e+00
3144 0 +1.102242044e-05 -7.871998898e+01 -7.871998898e+01 +3.4131e+00 -1.4203e+00
3146 0 +2.095400518e-06 -7.871999790e+01 -7.871999790e+01 +3.4119e+00 -1.4211e+00
3237 0 +6.182320504e-07 -7.871999938e+01 -7.871999938e+01 +3.4107e+00 -1.4220e+00
3334 0 +4.806196472e-07 -7.871999952e+01 -7.871999952e+01 +3.4113e+00 -1.4215e+00
3335 0 +2.883085841e-07 -7.871999971e+01 -7.871999971e+01 +3.4109e+00 -1.4218e+00
3524 0 +2.520970241e-07 -7.871999975e+01 -7.871999975e+01 +3.4112e+00 -1.4216e+00
3525 0 +2.411224074e-07 -7.871999976e+01 -7.871999976e+01 +3.4110e+00 -1.4218e+00
3526 0 +1.125886655e-07 -7.871999989e+01 -7.871999989e+01 +3.4110e+00 -1.4218e+00
3531 0 +2.112258812e-08 -7.871999998e+01 -7.871999998e+01 +3.4112e+00 -1.4216e+00
3627 0 +1.103323655e-08 -7.871999999e+01 -7.871999999e+01 +3.4112e+00 -1.4216e+00
3648 0 +6.164725619e-09 -7.871999999e+01 -7.871999999e+01 +3.4112e+00 -1.4216e+00
4388 0 +9.237055565e-13 -7.872000000e+01 -7.872000000e+01 +3.4112e+00 -1.4216e+00
4758 0 +0.000000000e+00 -7.872000000e+01 -7.872000000e+01 +3.4112e+00 -1.4216e+00
15251 0 +0.000000000e+00 -7.872000000e+01 -7.872000000e+01 +3.4112e+00 -1.4216e+00
