% f evaluations | g evaluations | best noise-free fitness - Fopt (-1.694000000000e+01) + sum g_i+ | measured fitness | best measured fitness or single-digit g-values | x1 | x2...
1 0 +1.351345839e+03 +1.334405839e+03 +1.334405839e+03 -3.4248e+00 +5.5245e-01 -2.0316e+00 +4.2783e+00 +4.1087e+00
2 0 +1.330514472e+02 +1.161114472e+02 +1.161114472e+02 +1.7525e+00 -3.0802e+00 +4.3338e+00 +3.3626e+00 +3.2970e+00
3 0 +3.849756811e+01 +2.155756811e+01 +2.155756811e+01 +2.6682e+00 -7.0902e-01 +1.4331e-01 +1.5190e+00 -3.4559e+00
22 0 +3.694495329e+01 +2.000495329e+01 +2.000495329e+01 +2.6753e+00 +3.8673e+00 +2.8300e+00 +1.9219e+00 -1.5228e-01
41 0 +2.708138306e+01 +1.014138306e+01 +1.014138306e+01 +4.8621e+00 +2.6811e+00 +3.2847e-01 +9.5170e-01 +1.1162e-01
97 0 +1.746347591e+01 +5.234759118e-01 +5.234759118e-01 +5.0000e+00 +2.1226e+00 +4.7113e-01 +1.0196e+00 -7.8447e-01
119 0 +1.007418881e+01 -6.865811192e+00 -6.865811192e+00 +5.0000e+00 +2.8067e+00 -1.9048e-01 +8.8368e-01 +2.1642e+00
181 0 +5.360333042e+00 -1.157966696e+01 -1.157966696e+01 +3.8587e+00 +1.9554e+00 -1.2706e+00 +1.6575e+00 +2.0186e+00
258 0 +2.816747583e+00 -1.412325242e+01 -1.412325242e+01 +3.4477e+00 +2.6355e+00 -1.5620e+00 +1.2905e+00 +1.1207e+00
361 0 +2.684963006e+00 -1.425503699e+01 -1.425503699e+01 +4.9216e+00 +3.2082e+00 -1.0224e+00 +6.7070e-01 +2.0815e+00
813 0 +2.494740296e+00 -1.444525970e+01 -1.444525970e+01 +3.7216e+00 +3.0356e+00 -1.5798e+00 +1.2094e+00 +1.8173e+00
1665 0 +1.612089270e+00 -1.532791073e+01 -1.532791073e+01 +3.8638e+00 +3.0932e+00 -1.4303e+00 +1.1486e+00 +1.6037e+00
3946 0 +1.123710940e+00 -1.581628906e+01 -1.581628906e+01 +3.8627e+00 +3.3542e+00 -1.2996e+00 +9.3081e-01 +1.6025e+00
7748 0 +1.093099314e+00 -1.584690069e+01 -1.584690069e+01 +3.8078e+00 +2.9667e+00 -1.3821e+00 +1.1160e+00 +1.5273e+00
8728 0 +9.365700293e-01 -1.600342997e+01 -1.600342997e+01 +3.8233e+00 +2.6385e+00 -1.5045e+00 +1.3737e+00 +1.5126e+00
10467 0 +9.250937278e-01 -1.601490627e+01 -1.601490627e+01 +3.6895e+00 +2.9476e+00 -1.4854e+00 +1.1517e+00 +1.5365e+00
11368 0 +5.913793339e-01 -1.634862067e+01 -1.634862067e+01 +3.7378e+00 +2.5877e+00 -1.5613e+00 +1.4480e+00 +1.3625e+00
11959 0 +5.122160845e-01 -1.642778392e+01 -1.642778392e+01 +3.6025e+00 +2.5649e+00 -1.5027e+00 +1.5142e+00 +1.3542e+00
14678 0 +4.320698699e-01 -1.650793013e+01 -1.650793013e+01 +3.6300e+00 +2.4889e+00 -1.6096e+00 +1.4998e+00 +1.4637e+00
15441 0 +2.955661782e-01 -1.664443382e+01 -1.664443382e+01 +3.4188e+00 +2.4895e+00 -1.6371e+00 +1.5585e+00 +1.3540e+00
16451 0 +2.503253051e-01 -1.668967469e+01 -1.668967469e+01 +3.5399e+00 +2.4010e+00 -1.6217e+00 +1.6056e+00 +1.3474e+00
17442 0 +2.210019783e-01 -1.671899802e+01 -1.671899802e+01 +3.6459e+00 +2.5407e+00 -1.5623e+00 +1.4642e+00 +1.4305e+00
17663 0 +1.735364438e-01 -1.676646356e+01 -1.676646356e+01 +3.5900e+00 +2.4988e+00 -1.5741e+00 +1.5410e+00 +1.3874e+00
17713 0 +1.302498607e-01 -1.680975014e+01 -1.680975014e+01 +3.6999e+00 +2.5039e+00 -1.5232e+00 +1.4875e+00 +1.3974e+00
18692 0 +8.898046209e-02 -1.685101954e+01 -1.685101954e+01 +3.6236e+00 +2.4967e+00 -1.5597e+00 +1.5118e+00 +1.3831e+00
19667 0 +8.541416339e-02 -1.685458584e+01 -1.685458584e+01 +3.6294e+00 +2.5352e+00 -1.5367e+00 +1.4868e+00 +1.3892e+00
19694 0 +7.787638067e-02 -1.686212362e+01 -1.686212362e+01 +3.6261e+00 +2.5188e+00 -1.5607e+00 +1.4947e+00 +1.3863e+00
19753 0 +5.131273256e-02 -1.688868727e+01 -1.688868727e+01 +3.6323e+00 +2.5345e+00 -1.5411e+00 +1.4892e+00 +1.3915e+00
19769 0 +3.202633995e-02 -1.690797366e+01 -1.690797366e+01 +3.6337e+00 +2.5369e+00 -1.5431e+00 +1.4824e+00 +1.3906e+00
19914 0 +3.043484058e-02 -1.690956516e+01 -1.690956516e+01 +3.6372e+00 +2.5294e+00 -1.5453e+00 +1.4869e+00 +1.3920e+00
19924 0 +2.734992844e-02 -1.691265007e+01 -1.691265007e+01 +3.6361e+00 +2.5339e+00 -1.5434e+00 +1.4861e+00 +1.3925e+00
19954 0 +1.871575016e-02 -1.692128425e+01 -1.692128425e+01 +3.6336e+00 +2.5333e+00 -1.5429e+00 +1.4845e+00 +1.3912e+00
19983 0 +1.001144701e-02 -1.692998855e+01 -1.692998855e+01 +3.6339e+00 +2.5322e+00 -1.5442e+00 +1.4855e+00 +1.3909e+00
20002 0 +9.646011419e-03 -1.693035399e+01 -1.693035399e+01 +3.6348e+00 +2.5321e+00 -1.5438e+00 +1.4853e+00 +1.3913e+00
20051 0 +9.646011419e-03 -1.693035399e+01 -1.693035399e+01 +3.6348e+00 +2.5321e+00 -1.5438e+00 +1.4853e+00 +1.3913e+00
% f evaluations | g evaluations | best noise-free fitness - Fopt (1.881000000000e+01) + sum g_i+ | measured fitness | best measured fitness or single-digit g-values | x1 | x2...
1 0 +1.735266409e+01 +3.616266409e+01 +3.616266409e+01 +2.9821e-01 +2.2716e+00 -8.3534e-01 +1.9088e+00 -6.4050e-01
108 0 +1.557384018e+01 +3.438384018e+01 +3.438384018e+01 -9.7968e-01 +2.2985e+00 -4.8934e-01 +1.7970e+00 -1.0395e+00
158 0 +1.334939619e+01 +3.215939619e+01 +3.215939619e+01 -1.1174e+00 +2.7103e+00 -5.3295e-01 +2.0951e+00 -1.4998e+00
169 0 +1.160120048e+01 +3.041120048e+01 +3.041120048e+01 -1.9138e+00 +1.8620e+00 -1.2032e+00 +1.6279e+00 +9.9679e-01
207 0 +1.138938052e+01 +3.019938052e+01 +3.019938052e+01 -9.7897e-01 +2.4808e+00 -4.0483e-01 -1.9589e-01 +1.4430e+00
232 0 +4.856084177e+00 +2.366608418e+01 +2.366608418e+01 -1.1530e+00 +3.3472e+00 -1.0271e+00 +1.9485e+00 -3.7282e-01
299 0 +4.466307464e+00 +2.327630746e+01 +2.327630746e+01 -3.3363e-01 +2.1099e+00 -7.7315e-01 +4.1047e-01 -1.0708e-03
336 0 +3.868345108e+00 +2.267834511e+01 +2.267834511e+01 -9.8681e-01 +2.4134e+00 -1.2732e+00 +1.4664e+00 -3.6074e-01
354 0 +3.271461889e+00 +2.208146189e+01 +2.208146189e+01 -5.8407e-01 +2.1597e+00 -9.4820e-01 +7.9445e-01 -1.4340e-01
633 0 +3.052776712e+00 +2.186277671e+01 +2.186277671e+01 -8.8126e-01 +2.3558e+00 -1.1864e+00 +1.2632e+00 +3.7176e-01
758 0 +2.467058240e+00 +2.127705824e+01 +2.127705824e+01 -5.9206e-01 +1.8331e+00 -1.0679e+00 +7.4163e-01 +8.9523e-01
1010 0 +2.408732365e+00 +2.121873236e+01 +2.121873236e+01 -6.7154e-01 +2.6373e+00 -1.0286e+00 +1.1183e+00 +5.0964e-01
1324 0 +1.950239650e+00 +2.076023965e+01 +2.076023965e+01 -6.7630e-01 +2.4249e+00 -1.0441e+00 +1.1875e+00 +5.6109e-01
1505 0 +1.368583846e+00 +2.017858385e+01 +2.017858385e+01 -7.2123e-01 +2.1864e+00 -1.1543e+00 +1.0317e+00 +5.9081e-01
1907 0 +8.728787609e-01 +1.968287876e+01 +1.968287876e+01 -2.6699e-01 +2.6240e+00 -8.5994e-01 +4.5097e-01 +1.1960e+00
4821 0 +8.193908722e-01 +1.962939087e+01 +1.962939087e+01 -2.6416e-01 +2.0103e+00 -8.8170e-01 +2.6505e-01 +1.3070e+00
5244 0 +7.097777867e-01 +1.951977779e+01 +1.951977779e+01 -3.8910e-01 +2.3224e+00 -9.6827e-01 +5.1751e-01 +1.0730e+00
5706 0 +6.762877136e-01 +1.948628771e+01 +1.948628771e+01 -2.6148e-01 +2.4279e+00 -8.8194e-01 +3.0201e-01 +1.4260e+00
6685 0 +5.850065475e-01 +1.939500655e+01 +1.939500655e+01 -4.1502e-01 +2.2279e+00 -9.8453e-01 +5.3967e-01 +1.1089e+00
8840 0 +4.506455458e-01 +1.926064555e+01 +1.926064555e+01 -3.3353e-01 +1.9396e+00 -8.9426e-01 +2.6952e-01 +1.3896e+00
15265 0 +4.175366927e-01 +1.922753669e+01 +1.922753669e+01 -3.0030e-01 +2.0940e+00 -9.1115e-01 +2.9872e-01 +1.3509e+00
15296 0 +3.600328642e-01 +1.917003286e+01 +1.917003286e+01 -3.0729e-01 +2.0602e+00 -9.0742e-01 +2.8307e-01 +1.3347e+00
15938 0 +2.428587151e-01 +1.905285872e+01 +1.905285872e+01 -3.3480e-01 +2.0287e+00 -9.1521e-01 +2.9975e-01 +1.3464e+00
17760 0 +2.244217192e-01 +1.903442172e+01 +1.903442172e+01 -3.2278e-01 +2.0723e+00 -9.0530e-01 +2.7378e-01 +1.3505e+00
17929 0 +1.520367580e-01 +1.896203676e+01 +1.896203676e+01 -3.2765e-01 +1.9855e+00 -9.0686e-01 +2.7179e-01 +1.3593e+00
19131 0 +1.504372344e-01 +1.896043723e+01 +1.896043723e+01 -3.1658e-01 +2.0525e+00 -9.0721e-01 +2.7856e-01 +1.3548e+00
19478 0 +1.395387099e-01 +1.894953871e+01 +1.894953871e+01 -3.2039e-01 +2.0216e+00 -9.0675e-01 +2.7581e-01 +1.3627e+00
19626 0 +1.244191818e-01 +1.893441918e+01 +1.893441918e+01 -3.2066e-01 +2.0198e+00 -9.0751e-01 +2.7674e-01 +1.3552e+00
19857 0 +1.211211382e-01 +1.893112114e+01 +1.893112114e+01 -3.1977e-01 +2.0261e+00 -9.0571e-01 +2.7651e-01 +1.3478e+00
19901 0 +1.056415164e-01 +1.891564152e+01 +1.891564152e+01 -3.2022e-01 +2.0214e+00 -9.0621e-01 +2.7676e-01 +1.3515e+00
19965 0 +1.036291816e-01 +1.891362918e+01 +1.891362918e+01 -3.2057e-01 +2.0191e+00 -9.0619e-01 +2.7610e-01 +1.3521e+00
19982 0 +1.017224493e-01 +1.891172245e+01 +1.891172245e+01 -3.2041e-01 +2.0194e+00 -9.0598e-01 +2.7644e-01 +1.3517e+00
19989 0 +9.353623900e-02 +1.890353624e+01 +1.890353624e+01 -3.2027e-01 +2.0202e+00 -9.0592e-01 +2.7589e-01 +1.3496e+00
20051 0 +9.353623900e-02 +1.890353624e+01 +1.890353624e+01 -3.2027e-01 +2.0202e+00 -9.0592e-01 +2.7589e-01 +1.3496e+00
% f evaluations | g evaluations | best noise-free fitness - Fopt (2.731500000000e+02) + sum g_i+ | measured fitness | best measured fitness or single-digit g-values | x1 | x2...
1 0 +1.413014917e+02 +4.144514917e+02 +4.144514917e+02 +4.2381e+00 +2.0549e-01 +2.8778e+00 -4.3010e+00 -4.0097e+00
4 0 +1.022134131e+02 +3.753634131e+02 +3.753634131e+02 -3.9275e+00 -1.4023e+00 +4.6707e-01 +2.2340e+00 -8.9733e-01
7 0 +4.447041406e+01 +3.176204141e+02 +3.176204141e+02 -3.8936e+00 +3.8719e+00 +1.4434e+00 +7.0327e-01 +2.4881e+00
25 0 +4.017762644e+01 +3.133276264e+02 +3.133276264e+02 +3.2296e+00 +1.1379e+00 +4.9789e+00 +4.7548e+00 +3.1519e+00
43 0 +3.629189886e+01 +3.094418989e+02 +3.094418989e+02 +4.8985e+00 +2.1221e+00 -4.3278e-01 +1.9994e+00 +2.8942e+00
54 0 +1.467618316e+01 +2.878261832e+02 +2.878261832e+02 -5.0000e+00 +3.0509e+00 +4.3100e+00 +5.0000e+00 +2.2815e+00
59 0 +1.396060409e+01 +2.871106041e+02 +2.871106041e+02 -9.7479e-01 +3.2307e+00 +6.9468e-01 +3.1117e+00 +1.4392e+00
89 0 +1.123422192e+01 +2.843842219e+02 +2.843842219e+02 -3.2813e+00 +5.0000e+00 +2.3343e-01 +3.4804e+00 +1.4281e+00
201 0 +1.042634868e+01 +2.835763487e+02 +2.835763487e+02 -4.3954e+00 +4.1529e+00 +5.5222e-01 +3.2012e+00 +1.9242e+00
213 0 +7.097726042e+00 +2.802477260e+02 +2.802477260e+02 -2.2317e+00 +4.7940e+00 -1.7461e+00 +1.4159e+00 +1.4881e+00
340 0 +5.072943817e+00 +2.782229438e+02 +2.782229438e+02 -4.7641e+00 +3.4875e+00 -7.5830e-01 +2.9691e+00 +2.4333e+00
448 0 +4.672858506e+00 +2.778228585e+02 +2.778228585e+02 -4.6047e+00 +4.3030e+00 -1.5691e+00 +2.4210e+00 +1.7574e+00
598 0 +4.228782960e+00 +2.773787830e+02 +2.773787830e+02 -3.9583e+00 +4.3372e+00 -4.2966e-01 +2.6288e+00 +1.6719e+00
650 0 +3.599214393e+00 +2.767492144e+02 +2.767492144e+02 -3.9543e+00 +3.6013e+00 -3.1540e-01 +3.0034e+00 +2.2215e+00
914 0 +3.375689794e+00 +2.765256898e+02 +2.765256898e+02 -5.0000e+00 +3.5929e+00 -3.2321e-01 +2.8100e+00 +2.2208e+00
1266 0 +2.944101878e+00 +2.760941019e+02 +2.760941019e+02 -5.0000e+00 +3.1616e+00 -2.8838e-01 +2.9455e+00 +2.4493e+00
1408 0 +2.513222077e+00 +2.756632221e+02 +2.756632221e+02 -5.0000e+00 +4.0778e+00 -5.6405e-01 +2.7716e+00 +2.0827e+00
2306 0 +1.536320711e+00 +2.746863207e+02 +2.746863207e+02 -5.0000e+00 +3.9514e+00 -4.6146e-01 +2.7716e+00 +2.0977e+00
2676 0 +6.724037458e-01 +2.738224037e+02 +2.738224037e+02 -3.2527e+00 +3.6952e+00 -3.9822e-01 +2.5250e+00 +1.9833e+00
13713 0 +4.170186571e-01 +2.735670187e+02 +2.735670187e+02 -2.6604e+00 +3.8120e+00 -4.4295e-01 +2.3795e+00 +1.8160e+00
18009 0 +3.965338706e-01 +2.735465339e+02 +2.735465339e+02 -3.0772e+00 +3.7778e+00 -3.8660e-01 +2.5137e+00 +1.8964e+00
18120 0 +2.619900167e-01 +2.734119900e+02 +2.734119900e+02 -3.3674e+00 +3.7618e+00 -3.9873e-01 +2.5634e+00 +1.9715e+00
19441 0 +2.163313706e-01 +2.733663314e+02 +2.733663314e+02 -3.2168e+00 +3.7519e+00 -3.9437e-01 +2.5324e+00 +1.9395e+00
19569 0 +1.951093180e-01 +2.733451093e+02 +2.733451093e+02 -3.2494e+00 +3.7526e+00 -4.0394e-01 +2.5365e+00 +1.9458e+00
19627 0 +1.837502407e-01 +2.733337502e+02 +2.733337502e+02 -3.2176e+00 +3.7538e+00 -4.0227e-01 +2.5329e+00 +1.9435e+00
19713 0 +1.798122122e-01 +2.733298122e+02 +2.733298122e+02 -3.2250e+00 +3.7541e+00 -4.0224e-01 +2.5288e+00 +1.9365e+00
19723 0 +1.094726510e-01 +2.732594727e+02 +2.732594727e+02 -3.2479e+00 +3.7583e+00 -4.0277e-01 +2.5341e+00 +1.9475e+00
19953 0 +1.064359754e-01 +2.732564360e+02 +2.732564360e+02 -3.2530e+00 +3.7576e+00 -4.0271e-01 +2.5345e+00 +1.9498e+00
19964 0 +1.030528711e-01 +2.732530529e+02 +2.732530529e+02 -3.2485e+00 +3.7585e+00 -4.0278e-01 +2.5357e+00 +1.9472e+00
19976 0 +9.484540727e-02 +2.732448454e+02 +2.732448454e+02 -3.2514e+00 +3.7561e+00 -4.0246e-01 +2.5349e+00 +1.9506e+00
19986 0 +8.203129077e-02 +2.732320313e+02 +2.732320313e+02 -3.2490e+00 +3.7559e+00 -4.0217e-01 +2.5338e+00 +1.9495e+00
20051 0 +8.203129077e-02 +2.732320313e+02 +2.732320313e+02 -3.2490e+00 +3.7559e+00 -4.0217e-01 +2.5338e+00 +1.9495e+00
% f evaluations | g evaluations | best noise-free fitness - Fopt (3.718000000000e+01) + sum g_i+ | measured fitness | best measured fitness or single-digit g-values | x1 | x2...
1 0 +2.241941198e+02 +2.613741198e+02 +2.613741198e+02 +4.3233e+00 +8.6739e-01 +2.3290e+00 -1.3698e+00 +4.8853e+00
3 0 +1.553594095e+02 +1.925394095e+02 +1.925394095e+02 +2.7707e+00 +8.5799e-01 +1.7565e+00 -1.1636e+00 +1.3983e+00
5 0 +6.527145490e+01 +1.024514549e+02 +1.024514549e+02 -4.6820e-01 -1.3673e+00 +3.2208e+00 +2.0074e+00 +3.5177e+00
6 0 +3.198940409e+01 +6.916940409e+01 +6.916940409e+01 -1.9324e+00 +1.0931e+00 +1.9814e+00 +1.9353e+00 -4.3262e+00
23 0 +2.528598013e+01 +6.246598013e+01 +6.246598013e+01 -3.7973e+00 -4.3856e-01 +2.1197e+00 +3.4114e+00 -2.6765e+00
55 0 +1.712079114e+01 +5.430079114e+01 +5.430079114e+01 -5.0000e+00 +2.3875e+00 +1.8436e+00 +1.5476e+00 -5.0000e+00
72 0 +1.473010663e+01 +5.191010663e+01 +5.191010663e+01 -5.0000e+00 +1.7256e+00 +5.8796e-01 +3.2928e+00 -3.7580e+00
77 0 +1.141677271e+01 +4.859677271e+01 +4.859677271e+01 -5.0000e+00 +2.1065e+00 +8.7774e-01 +1.5061e+00 -5.0000e+00
105 0 +7.844121638e+00 +4.502412164e+01 +4.502412164e+01 -5.0000e+00 +1.6670e+00 +3.1924e-01 +2.4204e+00 -5.0000e+00
147 0 +7.606650408e+00 +4.478665041e+01 +4.478665041e+01 -4.7167e+00 +1.4263e+00 +1.8588e+00 +2.0663e+00 -3.8797e+00
166 0 +6.035305375e+00 +4.321530537e+01 +4.321530537e+01 -5.0000e+00 +2.8917e+00 +1.0679e+00 +1.7438e+00 -3.2795e+00
270 0 +5.691382284e+00 +4.287138228e+01 +4.287138228e+01 -3.3474e+00 -4.8818e-02 +6.5629e-01 +2.2119e+00 -3.6769e+00
283 0 +3.596476099e+00 +4.077647610e+01 +4.077647610e+01 -5.0000e+00 +2.6079e+00 +1.2819e+00 +1.9881e+00 -3.7230e+00
338 0 +3.535319227e+00 +4.071531923e+01 +4.071531923e+01 -4.1182e+00 +1.7908e+00 +1.7493e+00 +1.6501e+00 -4.0526e+00
552 0 +3.006466143e+00 +4.018646614e+01 +4.018646614e+01 -4.2875e+00 +2.4481e+00 +2.2536e+00 +1.6952e+00 -4.1035e+00
1667 0 +2.308436434e+00 +3.948843643e+01 +3.948843643e+01 -4.1352e+00 +2.3941e+00 +1.9041e+00 +1.7372e+00 -3.6902e+00
1967 0 +1.419232056e+00 +3.859923206e+01 +3.859923206e+01 -3.9754e+00 +2.0661e+00 +1.8889e+00 +1.6497e+00 -3.8039e+00
2233 0 +1.260416696e+00 +3.844041670e+01 +3.844041670e+01 -5.0000e+00 +2.3348e+00 +6.0777e-01 +1.9796e+00 -3.8342e+00
10946 0 +1.258868010e+00 +3.843886801e+01 +3.843886801e+01 -5.0000e+00 +2.3440e+00 +7.2269e-01 +1.9572e+00 -3.8974e+00
14515 0 +1.172161392e+00 +3.835216139e+01 +3.835216139e+01 -5.0000e+00 +2.2459e+00 +6.4971e-01 +1.8967e+00 -3.9867e+00
15170 0 +6.059796630e-01 +3.778597966e+01 +3.778597966e+01 -5.0000e+00 +2.3182e+00 +6.2866e-01 +1.9609e+00 -3.9300e+00
18303 0 +4.562955473e-01 +3.763629555e+01 +3.763629555e+01 -5.0000e+00 +2.2738e+00 +5.9724e-01 +1.9809e+00 -3.9967e+00
18780 0 +4.346641455e-01 +3.761466415e+01 +3.761466415e+01 -4.9901e+00 +2.2801e+00 +6.2330e-01 +1.9646e+00 -3.9701e+00
19491 0 +3.351157726e-01 +3.751511577e+01 +3.751511577e+01 -4.9734e+00 +2.2490e+00 +6.0459e-01 +1.9704e+00 -3.9763e+00
19956 0 +3.188520448e-01 +3.749885204e+01 +3.749885204e+01 -4.9749e+00 +2.2477e+00 +6.0477e-01 +1.9725e+00 -3.9762e+00
19962 0 +2.555927071e-01 +3.743559271e+01 +3.743559271e+01 -4.9752e+00 +2.2511e+00 +6.0541e-01 +1.9732e+00 -3.9764e+00
20051 0 +2.555927071e-01 +3.743559271e+01 +3.743559271e+01 -4.9752e+00 +2.2511e+00 +6.0541e-01 +1.9732e+00 -3.9764e+00
% f evaluations | g evaluations | best noise-free fitness - Fopt (-1.479000000000e+02) + sum g_i+ | measured fitness | best measured fitness or single-digit g-values | x1 | x2...
1 0 +7.502677168e+01 -7.287322832e+01 -7.287322832e+01 -2.7190e+00 -9.0939e-01 -6.5457e-01 +1.1922e-01 +4.4434e+00
2 0 +2.101063990e+01 -1.268893601e+02 -1.268893601e+02 -2.9942e+00 -3.6766e-02 +1.2360e+00 -5.0240e-01 -1.7738e-01
86 0 +1.618806394e+01 -1.317119361e+02 -1.317119361e+02 -1.6859e+00 -1.9915e-01 +8.4254e-02 -6.7746e-01 -1.6027e+00
88 0 +1.547035601e+01 -1.324296440e+02 -1.324296440e+02 -3.0719e+00 -1.4227e+00 +8.1378e-02 -2.4770e+00 -2.1333e-01
114 0 +1.308652620e+01 -1.348134738e+02 -1.348134738e+02 -2.1883e+00 -7.1901e-01 +3.1365e+00 -8.6629e-01 -2.9429e+00
115 0 +1.203416723e+01 -1.358658328e+02 -1.358658328e+02 -2.6627e+00 -3.8927e-01 +1.3771e+00 -1.6685e+00 -2.9234e+00
152 0 +4.613511003e+00 -1.432864890e+02 -1.432864890e+02 -2.0038e+00 -6.6621e-02 +1.3285e+00 -1.9053e+00 -3.4631e+00
284 0 +4.501414720e+00 -1.433985853e+02 -1.433985853e+02 -1.7835e+00 -5.3677e-01 +2.1727e+00 -1.2690e+00 -2.7987e+00
333 0 +3.697747417e+00 -1.442022526e+02 -1.442022526e+02 -1.4247e+00 -5.1220e-01 +2.2053e+00 -1.6074e+00 -3.0040e+00
410 0 +2.748752248e+00 -1.451512478e+02 -1.451512478e+02 -1.6525e+00 -7.9132e-01 +3.6111e+00 -8.9119e-01 -1.8716e+00
1975 0 +2.424718219e+00 -1.454752818e+02 -1.454752818e+02 -1.7266e+00 +1.0607e-02 +1.1182e+00 -2.0348e+00 -2.7606e+00
2790 0 +2.178988326e+00 -1.457210117e+02 -1.457210117e+02 -1.8196e+00 -1.4170e-01 +1.2167e+00 -2.1851e+00 -2.8514e+00
3750 0 +1.786533803e+00 -1.461134662e+02 -1.461134662e+02 -1.5809e+00 +1.9613e-01 +9.8954e-01 -1.9512e+00 -3.3370e+00
4133 0 +1.715873921e+00 -1.461841261e+02 -1.461841261e+02 -1.8066e+00 -2.2309e-01 +1.3576e+00 -2.1268e+00 -2.7513e+00
4662 0 +1.195061095e+00 -1.467049389e+02 -1.467049389e+02 -1.9317e+00 -1.8832e-02 +1.2597e+00 -1.7449e+00 -2.6877e+00
5642 0 +1.146372194e+00 -1.467536278e+02 -1.467536278e+02 -1.6840e+00 -3.8806e-02 +1.3480e+00 -2.0627e+00 -2.9446e+00
5671 0 +1.096947004e+00 -1.468030530e+02 -1.468030530e+02 -1.8038e+00 -1.1849e-01 +1.4509e+00 -1.9441e+00 -2.9569e+00
6842 0 +8.718902035e-01 -1.470281098e+02 -1.470281098e+02 -1.9748e+00 -9.6906e-02 +1.5480e+00 -1.5566e+00 -2.5516e+00
7508 0 +6.873926717e-01 -1.472126073e+02 -1.472126073e+02 -1.6567e+00 -1.2072e-01 +1.4614e+00 -1.9963e+00 -2.9901e+00
7830 0 +6.046590640e-01 -1.472953409e+02 -1.472953409e+02 -1.6479e+00 -3.1635e-02 +1.4575e+00 -1.8844e+00 -2.9127e+00
9563 0 +5.897085493e-01 -1.473102915e+02 -1.473102915e+02 -1.6389e+00 -1.0160e-01 +1.4170e+00 -2.0153e+00 -3.0176e+00
11726 0 +5.246789206e-01 -1.473753211e+02 -1.473753211e+02 -1.7004e+00 -8.7500e-03 +1.3014e+00 -1.9253e+00 -2.9968e+00
15399 0 +4.708379919e-01 -1.474291620e+02 -1.474291620e+02 -1.6756e+00 -5.0333e-02 +1.3486e+00 -1.9853e+00 -2.9858e+00
15987 0 +3.862631894e-01 -1.475137368e+02 -1.475137368e+02 -1.6983e+00 -3.0163e-02 +1.3272e+00 -1.9636e+00 -2.9648e+00
16731 0 +2.904154885e-01 -1.476095845e+02 -1.476095845e+02 -1.6899e+00 -4.0369e-02 +1.4349e+00 -1.8815e+00 -2.9453e+00
17090 0 +2.515223735e-01 -1.476484776e+02 -1.476484776e+02 -1.6147e+00 -3.4803e-02 +1.4573e+00 -1.9686e+00 -3.0586e+00
18841 0 +2.495838953e-01 -1.476504161e+02 -1.476504161e+02 -1.6435e+00 -3.8333e-02 +1.4759e+00 -1.9304e+00 -3.0056e+00
19464 0 +2.096075577e-01 -1.476903924e+02 -1.476903924e+02 -1.6108e+00 -3.6371e-02 +1.4616e+00 -1.9613e+00 -3.0598e+00
19541 0 +2.029344459e-01 -1.476970656e+02 -1.476970656e+02 -1.6128e+00 -3.7414e-02 +1.4637e+00 -1.9591e+00 -3.0580e+00
19615 0 +1.701074725e-01 -1.477298925e+02 -1.477298925e+02 -1.6163e+00 -3.7076e-02 +1.4563e+00 -1.9620e+00 -3.0539e+00
19775 0 +1.529724790e-01 -1.477470275e+02 -1.477470275e+02 -1.6136e+00 -3.7147e-02 +1.4571e+00 -1.9688e+00 -3.0585e+00
19971 0 +1.484794011e-01 -1.477515206e+02 -1.477515206e+02 -1.6150e+00 -3.7142e-02 +1.4572e+00 -1.9640e+00 -3.0550e+00
20051 0 +1.480882494e-01 -1.477519118e+02 -1.477519118e+02 -1.6147e+00 -3.7108e-02 +1.4568e+00 -1.9647e+00 -3.0560e+00
% f evaluations | g evaluations | best noise-free fitness - Fopt (-1.694000000000e+01) + sum g_i+ | measured fitness | best measured fitness or single-digit g-values | x1 | x2...
1 0 +1.257202215e+02 +1.087802215e+02 +1.087802215e+02 +2.1831e+00 +2.8494e+00 +3.3469e+00 -1.6020e+00 -3.8713e+00
2 0 +1.245975907e+02 +1.076575907e+02 +1.076575907e+02 -1.5593e+00 -2.9629e+00 -2.5281e-01 -1.2503e+00 +1.2477e+00
3 0 +1.095421467e+02 +9.260214668e+01 +9.260214668e+01 +4.5995e+00 -2.9418e+00 +2.1408e+00 -2.0107e-01 +3.2887e+00
5 0 +9.291389057e+01 +7.597389057e+01 +7.597389057e+01 +9.0617e-01 -1.9282e+00 +4.0368e-01 +1.7843e+00 -4.0722e+00
6 0 +5.718521398e+01 +4.024521398e+01 +4.024521398e+01 +2.5929e+00 -4.3985e+00 -6.7333e-01 +2.8497e+00 -3.4295e+00
13 0 +3.975423601e+01 +2.281423601e+01 +2.281423601e+01 +1.5731e+00 +2.8106e+00 -6.4521e-01 +3.5965e+00 -4.9347e+00
17 0 +3.534196249e+01 +1.840196249e+01 +1.840196249e+01 +3.4606e+00 +4.6191e+00 -1.5650e-02 +3.3756e+00 -3.9919e+00
68 0 +2.822737523e+01 +1.128737523e+01 +1.128737523e+01 +5.0000e+00 +3.7678e+00 +1.5713e+00 +2.3937e+00 -1.1131e+00
82 0 +2.723481317e+01 +1.029481317e+01 +1.029481317e+01 +5.0000e+00 +5.0000e+00 +2.7815e+00 +8.9238e-01 -1.7928e+00
83 0 +3.345823188e+00 -1.359417681e+01 -1.359417681e+01 +3.7624e+00 +2.4820e+00 -1.6019e+00 +1.6112e+00 +1.0200e+00
718 0 +2.649631310e+00 -1.429036869e+01 -1.429036869e+01 +3.8060e+00 +2.2823e+00 -1.6412e+00 +1.7031e+00 +1.4135e+00
720 0 +2.370107723e+00 -1.456989228e+01 -1.456989228e+01 +2.9731e+00 +2.1827e+00 -2.0102e+00 +1.7087e+00 +1.1119e+00
1547 0 +2.269921327e+00 -1.467007867e+01 -1.467007867e+01 +3.4126e+00 +2.0497e+00 -1.5769e+00 +1.7095e+00 +1.0793e+00
3539 0 +2.206779621e+00 -1.473322038e+01 -1.473322038e+01 +3.8169e+00 +2.7913e+00 -1.6064e+00 +1.6091e+00 +1.2698e+00
3745 0 +2.037538183e+00 -1.490246182e+01 -1.490246182e+01 +3.5773e+00 +1.7982e+00 -1.7164e+00 +1.9520e+00 +1.3334e+00
4032 0 +1.893253227e+00 -1.504674677e+01 -1.504674677e+01 +3.7405e+00 +2.3599e+00 -1.5293e+00 +1.6130e+00 +1.2570e+00
4706 0 +1.772570286e+00 -1.516742971e+01 -1.516742971e+01 +3.0531e+00 +2.3351e+00 -1.9414e+00 +1.6573e+00 +1.4808e+00
5209 0 +9.570520376e-01 -1.598294796e+01 -1.598294796e+01 +3.5436e+00 +2.7164e+00 -1.4720e+00 +1.3902e+00 +1.3810e+00
9485 0 +8.765361719e-01 -1.606346383e+01 -1.606346383e+01 +3.2484e+00 +2.5233e+00 -1.6974e+00 +1.6457e+00 +1.3569e+00
9494 0 +6.897765867e-01 -1.625022341e+01 -1.625022341e+01 +3.6572e+00 +2.5273e+00 -1.5049e+00 +1.4695e+00 +1.3776e+00
12834 0 +6.249767445e-01 -1.631502326e+01 -1.631502326e+01 +4.0620e+00 +2.9736e+00 -1.2631e+00 +1.1640e+00 +1.5458e+00
13902 0 +2.893039585e-01 -1.665069604e+01 -1.665069604e+01 +3.6059e+00 +2.7410e+00 -1.5058e+00 +1.3671e+00 +1.4154e+00
16208 0 +2.738382145e-01 -1.666616179e+01 -1.666616179e+01 +3.7920e+00 +2.6871e+00 -1.4569e+00 +1.3759e+00 +1.4606e+00
17808 0 +1.674895311e-01 -1.677251047e+01 -1.677251047e+01 +3.6632e+00 +2.5718e+00 -1.5567e+00 +1.4463e+00 +1.4350e+00
18367 0 +1.576634432e-01 -1.678233656e+01 -1.678233656e+01 +3.6469e+00 +2.5571e+00 -1.5387e+00 +1.4826e+00 +1.4118e+00
18662 0 +1.475618162e-01 -1.679243818e+01 -1.679243818e+01 +3.6823e+00 +2.5432e+00 -1.5496e+00 +1.4530e+00 +1.4325e+00
18901 0 +1.437026975e-01 -1.679629730e+01 -1.679629730e+01 +3.6654e+00 +2.5075e+00 -1.5407e+00 +1.4834e+00 +1.3976e+00
18965 0 +1.266354044e-01 -1.681336460e+01 -1.681336460e+01 +3.6746e+00 +2.5930e+00 -1.5317e+00 +1.4448e+00 +1.4042e+00
19459 0 +1.020333552e-01 -1.683796664e+01 -1.683796664e+01 +3.6382e+00 +2.5585e+00 -1.5318e+00 +1.4683e+00 +1.3985e+00
19538 0 +8.575566606e-02 -1.685424433e+01 -1.685424433e+01 +3.6662e+00 +2.5701e+00 -1.5199e+00 +1.4480e+00 +1.4062e+00
19590 0 +4.831531592e-02 -1.689168468e+01 -1.689168468e+01 +3.6488e+00 +2.5440e+00 -1.5265e+00 +1.4726e+00 +1.3975e+00
19807 0 +4.768820278e-02 -1.689231180e+01 -1.689231180e+01 +3.6566e+00 +2.5500e+00 -1.5242e+00 +1.4729e+00 +1.3977e+00
19842 0 +2.991953049e-02 -1.691008047e+01 -1.691008047e+01 +3.6672e+00 +2.5529e+00 -1.5263e+00 +1.4644e+00 +1.3988e+00
19866 0 +2.592637003e-02 -1.691407363e+01 -1.691407363e+01 +3.6652e+00 +2.5512e+00 -1.5257e+00 +1.4675e+00 +1.3993e+00
19928 0 +1.783521117e-02 -1.692216479e+01 -1.692216479e+01 +3.6609e+00 +2.5516e+00 -1.5280e+00 +1.4692e+00 +1.3985e+00
19967 0 +1.205861568e-02 -1.692794138e+01 -1.692794138e+01 +3.6613e+00 +2.5504e+00 -1.5268e+00 +1.4684e+00 +1.3967e+00
20051 0 +1.205861568e-02 -1.692794138e+01 -1.692794138e+01 +3.6613e+00 +2.5504e+00 -1.5268e+00 +1.4684e+00 +1.3967e+00
% f evaluations | g evaluations | best noise-free fitness - Fopt (1.881000000000e+01) + sum g_i+ | measured fitness | best measured fitness or single-digit g-values | x1 | x2...
1 0 +4.516874319e+01 +6.397874319e+01 +6.397874319e+01 -1.9406e+00 -2.5857e+00 +2.0943e-01 +1.9533e+00 +3.1855e+00
6 0 +4.405749060e+01 +6.286749060e+01 +6.286749060e+01 -1.2734e+00 +2.9684e+00 +1.1668e+00 +2.9855e+00 +1.9930e-01
9 0 +3.682832367e+01 +5.563832367e+01 +5.563832367e+01 +4.3918e+00 +1.9235e+00 +1.2996e-01 -3.7544e+00 +4.8048e+00
31 0 +2.240164454e+01 +4.121164454e+01 +4.121164454e+01 +2.5308e+00 +1.7714e+00 +1.1407e+00 -2.2243e+00 +3.5925e+00
59 0 +1.452153559e+01 +3.333153559e+01 +3.333153559e+01 -1.1335e-02 -1.3518e+00 +4.9824e-01 -1.4469e-01 +2.8542e+00
136 0 +1.268363113e+01 +3.149363113e+01 +3.149363113e+01 +1.3495e+00 +8.6815e-01 -2.9605e-01 -1.7495e+00 +3.2435e+00
157 0 +7.325846450e+00 +2.613584645e+01 +2.613584645e+01 +5.4936e-01 +1.0281e+00 +2.7993e-01 -1.2719e+00 +3.4305e+00
263 0 +5.462962371e+00 +2.427296237e+01 +2.427296237e+01 +1.0525e+00 +2.0602e-01 -4.2987e-01 -1.9370e+00 +3.2102e+00
385 0 +4.995717866e+00 +2.380571787e+01 +2.380571787e+01 +4.8685e-01 +1.0734e+00 -2.6967e-01 -1.7395e+00 +2.9994e+00
537 0 +3.139735066e+00 +2.194973507e+01 +2.194973507e+01 +3.7771e-01 +1.2344e+00 -4.0264e-01 -1.5639e+00 +3.0070e+00
746 0 +2.776970402e+00 +2.158697040e+01 +2.158697040e+01 +6.6626e-01 +1.3748e+00 -2.3983e-01 -1.7452e+00 +3.2257e+00
1026 0 +2.707513580e+00 +2.151751358e+01 +2.151751358e+01 +1.1817e-01 +6.7935e-01 -6.3707e-01 -8.5069e-01 +2.3757e+00
1489 0 +2.257349567e+00 +2.106734957e+01 +2.106734957e+01 +4.6471e-01 +1.3619e+00 -3.8833e-01 -1.4112e+00 +2.7768e+00
1655 0 +2.096898139e+00 +2.090689814e+01 +2.090689814e+01 +3.4028e-01 +9.2715e-01 -5.2466e-01 -1.1946e+00 +2.7408e+00
2444 0 +1.343796120e+00 +2.015379612e+01 +2.015379612e+01 +2.7792e-01 +1.3137e+00 -4.5901e-01 -1.1948e+00 +2.7173e+00
2836 0 +8.194264025e-01 +1.962942640e+01 +1.962942640e+01 +3.7232e-02 +1.4506e+00 -7.0661e-01 -7.0730e-01 +2.3320e+00
4798 0 +7.320791284e-01 +1.954207913e+01 +1.954207913e+01 +3.0633e-02 +1.5424e+00 -6.6228e-01 -6.7949e-01 +2.3550e+00
8451 0 +5.938061889e-01 +1.940380619e+01 +1.940380619e+01 -1.0766e-02 +1.3710e+00 -6.7101e-01 -7.4012e-01 +2.3527e+00
12263 0 +4.682845404e-01 +1.927828454e+01 +1.927828454e+01 -1.5343e-02 +1.5678e+00 -6.8699e-01 -6.2431e-01 +2.3722e+00
12728 0 +4.393298522e-01 +1.924932985e+01 +1.924932985e+01 -1.2573e-02 +1.2928e+00 -6.9110e-01 -7.3102e-01 +2.2388e+00
15942 0 +4.246481587e-01 +1.923464816e+01 +1.923464816e+01 -1.4152e-02 +1.2918e+00 -6.8804e-01 -7.2905e-01 +2.3176e+00
16048 0 +3.718739392e-01 +1.918187394e+01 +1.918187394e+01 -6.4039e-03 +1.2881e+00 -6.9452e-01 -7.4524e-01 +2.2770e+00
16677 0 +3.608371087e-01 +1.917083711e+01 +1.917083711e+01 -1.1338e-02 +1.3740e+00 -6.9204e-01 -7.2430e-01 +2.2908e+00
16721 0 +2.930690979e-01 +1.910306910e+01 +1.910306910e+01 -9.1584e-03 +1.3280e+00 -6.9084e-01 -7.4185e-01 +2.2787e+00
18002 0 +2.533283565e-01 +1.906332836e+01 +1.906332836e+01 -9.2577e-03 +1.2851e+00 -7.0081e-01 -7.5487e-01 +2.2841e+00
18579 0 +1.824927349e-01 +1.899249273e+01 +1.899249273e+01 -9.6442e-03 +1.3000e+00 -6.9677e-01 -7.5216e-01 +2.2946e+00
19196 0 +1.341079983e-01 +1.894410800e+01 +1.894410800e+01 -9.7795e-03 +1.2793e+00 -6.9489e-01 -7.5835e-01 +2.2918e+00
19837 0 +1.240090790e-01 +1.893400908e+01 +1.893400908e+01 -9.7003e-03 +1.2872e+00 -6.9494e-01 -7.5410e-01 +2.2970e+00
19910 0 +1.198129350e-01 +1.892981293e+01 +1.892981293e+01 -9.7326e-03 +1.2875e+00 -6.9515e-01 -7.5527e-01 +2.2976e+00
19942 0 +1.084142579e-01 +1.891841426e+01 +1.891841426e+01 -9.7277e-03 +1.2914e+00 -6.9425e-01 -7.5383e-01 +2.2924e+00
19990 0 +1.057926636e-01 +1.891579266e+01 +1.891579266e+01 -9.7300e-03 +1.2876e+00 -6.9473e-01 -7.5532e-01 +2.2945e+00
20051 0 +1.057926636e-01 +1.891579266e+01 +1.891579266e+01 -9.7300e-03 +1.2876e+00 -6.9473e-01 -7.5532e-01 +2.2945e+00
% f evaluations | g evaluations | best noise-free fitness - Fopt (2.731500000000e+02) + sum g_i+ | measured fitness | best measured fitness or single-digit g-values | x1 | x2...
1 0 +1.415789235e+02 +4.147289235e+02 +4.147289235e+02 -1.2128e+00 +4.1393e+00 +2.6165e+00 -1.2707e+00 +1.6144e+00
2 0 +5.339479521e+01 +3.265447952e+02 +3.265447952e+02 +4.8158e+00 +1.1210e+00 +1.1481e+00 -1.2346e+00 -2.8161e-01
3 0 +1.753258759e+01 +2.906825876e+02 +2.906825876e+02 +2.3770e-01 +4.1801e+00 -1.9410e+00 +2.2071e+00 +1.7288e+00
69 0 +1.214407905e+01 +2.852940791e+02 +2.852940791e+02 +1.4770e+00 +5.0000e+00 +3.3607e-01 +1.8717e+00 +1.2690e+00
107 0 +9.519856826e+00 +2.826698568e+02 +2.826698568e+02 +7.1661e-01 +3.2455e+00 +7.1318e-01 +2.3809e+00 +1.9909e+00
146 0 +7.289963179e+00 +2.804399632e+02 +2.804399632e+02 +1.1266e+00 +3.5427e+00 -6.4275e-01 +1.2000e+00 +1.2346e+00
293 0 +7.065894003e+00 +2.802158940e+02 +2.802158940e+02 -1.6839e-01 +3.7626e+00 +5.1532e-01 +1.7515e+00 +1.4728e+00
309 0 +2.865771923e+00 +2.760157719e+02 +2.760157719e+02 -7.8333e-01 +3.8460e+00 -7.0851e-01 +1.8548e+00 +1.6055e+00
791 0 +1.312349681e+00 +2.744623497e+02 +2.744623497e+02 -1.4918e+00 +3.6900e+00 +2.2864e-01 +2.4653e+00 +1.6812e+00
6264 0 +1.095923681e+00 +2.742459237e+02 +2.742459237e+02 -1.8203e+00 +3.8610e+00 -1.8084e-01 +2.3530e+00 +1.6263e+00
11758 0 +7.849892390e-01 +2.739349892e+02 +2.739349892e+02 -1.1282e+00 +3.8208e+00 -1.1945e-01 +2.2163e+00 +1.5505e+00
16399 0 +6.056895616e-01 +2.737556896e+02 +2.737556896e+02 -1.2268e+00 +3.8026e+00 -1.7099e-01 +2.2247e+00 +1.5654e+00
18118 0 +5.965175492e-01 +2.737465175e+02 +2.737465175e+02 -1.2087e+00 +3.8229e+00 -1.5907e-01 +2.2289e+00 +1.5673e+00
18553 0 +4.242629536e-01 +2.735742630e+02 +2.735742630e+02 -1.1983e+00 +3.8201e+00 -1.6137e-01 +2.2145e+00 +1.5590e+00
19392 0 +3.756702558e-01 +2.735256703e+02 +2.735256703e+02 -1.2029e+00 +3.8245e+00 -1.5926e-01 +2.2157e+00 +1.5591e+00
19718 0 +3.310819114e-01 +2.734810819e+02 +2.734810819e+02 -1.2041e+00 +3.8180e+00 -1.5802e-01 +2.2163e+00 +1.5632e+00
19813 0 +3.072167996e-01 +2.734572168e+02 +2.734572168e+02 -1.2071e+00 +3.8203e+00 -1.5837e-01 +2.2158e+00 +1.5616e+00
19957 0 +3.019565896e-01 +2.734519566e+02 +2.734519566e+02 -1.2042e+00 +3.8171e+00 -1.5811e-01 +2.2148e+00 +1.5627e+00
19994 0 +2.794501749e-01 +2.734294502e+02 +2.734294502e+02 -1.2050e+00 +3.8145e+00 -1.5812e-01 +2.2162e+00 +1.5640e+00
20051 0 +2.794501749e-01 +2.734294502e+02 +2.734294502e+02 -1.2050e+00 +3.8145e+00 -1.5812e-01 +2.2162e+00 +1.5640e+00
% f evaluations | g evaluations | best noise-free fitness - Fopt (3.718000000000e+01) + sum g_i+ | measured fitness | best measured fitness or single-digit g-values | x1 | x2...
1 0 +6.010193009e+01 +9.728193009e+01 +9.728193009e+01 -1.5872e+00 -1.6637e+00 +1.8492e+00 -4.1260e-01 -4.6012e+00
4 0 +2.190921899e+01 +5.908921899e+01 +5.908921899e+01 -3.1507e+00 -5.5370e-01 +1.2808e+00 +2.8201e+00 -4.9193e+00
18 0 +1.572628064e+01 +5.290628064e+01 +5.290628064e+01 -2.8902e+00 +1.6696e+00 +3.7193e+00 +1.5258e+00 -1.4408e+00
103 0 +1.422491093e+01 +5.140491093e+01 +5.140491093e+01 -4.2490e+00 +2.0471e+00 +3.4005e+00 +7.4947e-01 -4.1586e+00
104 0 +1.305189465e+01 +5.023189465e+01 +5.023189465e+01 -4.1248e+00 +2.2827e+00 +4.4408e-01 +1.3541e+00 -2.7747e+00
107 0 +8.371132512e+00 +4.555113251e+01 +4.555113251e+01 -5.0000e+00 -8.0903e-02 -9.3500e-01 +2.2621e+00 -3.4036e+00
112 0 +7.480057369e+00 +4.466005737e+01 +4.466005737e+01 -3.7435e+00 +1.6678e+00 +2.8666e+00 +1.0708e+00 -3.5259e+00
250 0 +5.988496386e+00 +4.316849639e+01 +4.316849639e+01 -4.9015e+00 +1.3773e+00 +1.4375e-01 +2.0811e+00 -3.7168e+00
353 0 +5.092184179e+00 +4.227218418e+01 +4.227218418e+01 -5.0000e+00 +1.3597e+00 +5.3999e-01 +1.4994e+00 -3.9409e+00
563 0 +4.329784587e+00 +4.150978459e+01 +4.150978459e+01 -4.7414e+00 +2.3523e+00 +1.2657e+00 +1.7512e+00 -4.0276e+00
664 0 +3.268656198e+00 +4.044865620e+01 +4.044865620e+01 -4.6610e+00 +1.9936e+00 +7.4160e-01 +1.8910e+00 -4.0591e+00
900 0 +2.640769299e+00 +3.982076930e+01 +3.982076930e+01 -5.0000e+00 +2.4401e+00 +7.9204e-01 +1.7844e+00 -3.9081e+00
3395 0 +1.281751582e+00 +3.846175158e+01 +3.846175158e+01 -4.6916e+00 +2.1818e+00 +1.0334e+00 +1.8952e+00 -3.8200e+00
7533 0 +1.225762165e+00 +3.840576216e+01 +3.840576216e+01 -4.7541e+00 +2.2100e+00 +9.1212e-01 +1.8866e+00 -3.6661e+00
11484 0 +9.155684076e-01 +3.809556841e+01 +3.809556841e+01 -4.6468e+00 +2.0402e+00 +8.4419e-01 +1.8993e+00 -3.8229e+00
16260 0 +7.453961974e-01 +3.792539620e+01 +3.792539620e+01 -4.6450e+00 +2.1659e+00 +9.7191e-01 +1.8595e+00 -3.8653e+00
17377 0 +7.089409197e-01 +3.788894092e+01 +3.788894092e+01 -4.5993e+00 +2.0953e+00 +9.4259e-01 +1.8948e+00 -3.8956e+00
17417 0 +6.946402395e-01 +3.787464024e+01 +3.787464024e+01 -4.7065e+00 +2.2239e+00 +9.9754e-01 +1.8950e+00 -3.7693e+00
17578 0 +4.654580669e-01 +3.764545807e+01 +3.764545807e+01 -4.6908e+00 +2.1835e+00 +9.8131e-01 +1.8849e+00 -3.8326e+00
19323 0 +3.076241529e-01 +3.748762415e+01 +3.748762415e+01 -4.6863e+00 +2.2026e+00 +9.6917e-01 +1.8735e+00 -3.8279e+00
19691 0 +2.716254233e-01 +3.745162542e+01 +3.745162542e+01 -4.6692e+00 +2.1684e+00 +9.5858e-01 +1.8842e+00 -3.8411e+00
19851 0 +2.634010353e-01 +3.744340104e+01 +3.744340104e+01 -4.6813e+00 +2.1917e+00 +9.6727e-01 +1.8765e+00 -3.8342e+00
19863 0 +2.461349491e-01 +3.742613495e+01 +3.742613495e+01 -4.6700e+00 +2.1793e+00 +9.6032e-01 +1.8766e+00 -3.8453e+00
19883 0 +2.415124542e-01 +3.742151245e+01 +3.742151245e+01 -4.6827e+00 +2.1886e+00 +9.6611e-01 +1.8803e+00 -3.8521e+00
19968 0 +2.188967850e-01 +3.739889678e+01 +3.739889678e+01 -4.6718e+00 +2.1801e+00 +9.6587e-01 +1.8783e+00 -3.8437e+00
20051 0 +2.188967850e-01 +3.739889678e+01 +3.739889678e+01 -4.6718e+00 +2.1801e+00 +9.6587e-01 +1.8783e+00 -3.8437e+00
% f evaluations | g evaluations | best noise-free fitness - Fopt (-1.479000000000e+02) + sum g_i+ | measured fitness | best measured fitness or single-digit g-values | x1 | x2...
1 0 +8.848029620e+01 -5.941970380e+01 -5.941970380e+01 -4.4123e-01 +5.8845e-01 -3.5504e+00 -3.0345e-01 +1.8620e+00
3 0 +5.710330877e+01 -9.079669123e+01 -9.079669123e+01 -9.0905e-01 +8.7105e-01 -5.6313e-01 +3.3360e+00 +5.1560e-01
17 0 +5.285001673e+01 -9.504998327e+01 -9.504998327e+01 -4.2729e+00 +2.0278e+00 +2.7426e+00 +1.8663e+00 +3.7920e+00
25 0 +3.707615352e+01 -1.108238465e+02 -1.108238465e+02 -3.9055e+00 -6.7220e-01 +4.3628e-01 -2.7847e+00 -4.8368e+00
27 0 +3.438084877e+01 -1.135191512e+02 -1.135191512e+02 -4.0637e+00 +4.9539e+00 -3.4286e+00 -1.5093e+00 -1.2974e+00
57 0 +3.033053097e+01 -1.175694690e+02 -1.175694690e+02 -2.5029e+00 +3.5339e+00 -1.3063e+00 +4.9704e-01 -2.4591e+00
75 0 +1.299514514e+01 -1.349048549e+02 -1.349048549e+02 -2.3777e+00 +5.4766e-01 -9.6136e-01 -1.2340e+00 -2.1459e+00
109 0 +1.108275268e+01 -1.368172473e+02 -1.368172473e+02 -2.4128e+00 -5.4343e-02 +2.7540e-01 -9.3637e-01 -3.4993e+00
197 0 +1.043574789e+01 -1.374642521e+02 -1.374642521e+02 -2.7739e+00 +7.4921e-02 +2.7123e+00 -5.4510e-01 -1.6712e+00
214 0 +6.126138537e+00 -1.417738615e+02 -1.417738615e+02 -1.7832e+00 +3.4645e-01 +6.6761e-01 -2.2509e+00 -2.7554e+00
310 0 +5.865235792e+00 -1.420347642e+02 -1.420347642e+02 -1.4351e+00 -6.3075e-02 +1.4597e+00 -2.1745e+00 -3.6985e+00
364 0 +4.117607495e+00 -1.437823925e+02 -1.437823925e+02 -1.4681e+00 +3.3662e-01 +1.3761e+00 -2.0284e+00 -2.7230e+00
481 0 +3.428591424e+00 -1.444714086e+02 -1.444714086e+02 -1.6945e+00 +2.8514e-01 +4.5471e-01 -1.9624e+00 -2.9728e+00
519 0 +3.369985637e+00 -1.445300144e+02 -1.445300144e+02 -1.7249e+00 +2.7945e-01 +9.5949e-01 -2.3532e+00 -3.7177e+00
645 0 +2.841975902e+00 -1.450580241e+02 -1.450580241e+02 -2.0785e+00 +3.6623e-01 +6.9545e-01 -1.8397e+00 -2.7237e+00
755 0 +2.800824300e+00 -1.450991757e+02 -1.450991757e+02 -1.7738e+00 +3.5001e-01 +6.4828e-01 -1.9621e+00 -3.0187e+00
785 0 +2.236187899e+00 -1.456638121e+02 -1.456638121e+02 -1.7738e+00 +3.7109e-01 +8.8340e-01 -2.0859e+00 -3.0072e+00
1136 0 +1.825967462e+00 -1.460740325e+02 -1.460740325e+02 -1.5533e+00 +2.3021e-01 +1.1109e+00 -2.3210e+00 -3.4186e+00
2226 0 +1.041498510e+00 -1.468585015e+02 -1.468585015e+02 -1.7737e+00 -7.1870e-02 +1.4120e+00 -1.7186e+00 -2.7421e+00
6561 0 +6.757641796e-01 -1.472242358e+02 -1.472242358e+02 -1.7250e+00 -1.6398e-01 +1.7242e+00 -1.7033e+00 -2.7952e+00
11090 0 +4.861343494e-01 -1.474138657e+02 -1.474138657e+02 -1.7620e+00 -9.0301e-02 +1.4802e+00 -1.8291e+00 -2.8536e+00
12403 0 +3.817606268e-01 -1.475182394e+02 -1.475182394e+02 -1.6968e+00 -9.7842e-02 +1.6046e+00 -1.8182e+00 -2.9071e+00
13012 0 +3.534359600e-01 -1.475465640e+02 -1.475465640e+02 -1.6722e+00 -9.0650e-02 +1.5077e+00 -1.9001e+00 -2.9464e+00
17507 0 +3.142890353e-01 -1.475857110e+02 -1.475857110e+02 -1.7136e+00 -1.0137e-01 +1.5646e+00 -1.8267e+00 -2.8572e+00
18543 0 +2.935988389e-01 -1.476064012e+02 -1.476064012e+02 -1.6772e+00 -9.5281e-02 +1.5332e+00 -1.8724e+00 -2.9281e+00
18783 0 +2.601344717e-01 -1.476398655e+02 -1.476398655e+02 -1.7239e+00 -1.0014e-01 +1.5281e+00 -1.8255e+00 -2.8694e+00
18916 0 +2.199091842e-01 -1.476800908e+02 -1.476800908e+02 -1.7136e+00 -9.9169e-02 +1.5471e+00 -1.8334e+00 -2.8842e+00
19510 0 +1.788192743e-01 -1.477211807e+02 -1.477211807e+02 -1.7252e+00 -9.9689e-02 +1.5433e+00 -1.8137e+00 -2.8655e+00
19587 0 +1.700194656e-01 -1.477299805e+02 -1.477299805e+02 -1.7298e+00 -1.0024e-01 +1.5190e+00 -1.8282e+00 -2.8607e+00
19799 0 +1.367022249e-01 -1.477632978e+02 -1.477632978e+02 -1.7281e+00 -1.0054e-01 +1.5375e+00 -1.8182e+00 -2.8636e+00
19848 0 +1.334337917e-01 -1.477665662e+02 -1.477665662e+02 -1.7303e+00 -1.0062e-01 +1.5358e+00 -1.8154e+00 -2.8583e+00
19957 0 +1.187103716e-01 -1.477812896e+02 -1.477812896e+02 -1.7325e+00 -1.0095e-01 +1.5347e+00 -1.8155e+00 -2.8578e+00
20051 0 +1.187103716e-01 -1.477812896e+02 -1.477812896e+02 -1.7325e+00 -1.0095e-01 +1.5347e+00 -1.8155e+00 -2.8578e+00
% f evaluations | g evaluations | best noise-free fitness - Fopt (-1.694000000000e+01) + sum g_i+ | measured fitness | best measured fitness or single-digit g-values | x1 | x2...
1 0 +6.996308013e+01 +5.302308013e+01 +5.302308013e+01 +4.1355e+00 +2.4982e+00 +1.1484e+00 +3.9293e+00 -4.1773e+00
6 0 +5.822733649e+01 +4.128733649e+01 +4.128733649e+01 +1.9849e+00 +3.5030e-01 -4.3034e+00 +3.3938e+00 +3.4596e+00
10 0 +5.015312329e+01 +3.321312329e+01 +3.321312329e+01 +1.6948e-01 -3.7488e+00 -3.4174e+00 +3.3158e+00 -3.3581e+00
17 0 +1.808269939e+01 +1.142699387e+00 +1.142699387e+00 +4.6741e+00 +5.0451e-01 -2.2682e+00 +1.5231e+00 +1.7458e+00
55 0 +1.438358229e+01 -2.556417711e+00 -2.556417711e+00 +3.2298e+00 +3.0891e+00 +9.9937e-01 +1.8264e+00 -3.5915e-01
69 0 +1.010513844e+01 -6.834861562e+00 -6.834861562e+00 +5.0000e+00 +1.8930e+00 -1.0934e+00 +1.0109e+00 +1.5748e+00
137 0 +9.298299844e+00 -7.641700156e+00 -7.641700156e+00 +5.0000e+00 +3.8156e+00 +9.2509e-01 +1.6530e+00 +2.2696e-01
161 0 +5.197655752e+00 -1.174234425e+01 -1.174234425e+01 +5.0000e+00 +3.6166e+00 -6.5819e-01 +4.4947e-01 +2.0083e+00
381 0 +3.755688500e+00 -1.318431150e+01 -1.318431150e+01 +5.0000e+00 +2.9175e+00 -7.9026e-01 +1.3481e+00 +1.6484e+00
624 0 +3.592754545e+00 -1.334724546e+01 -1.334724546e+01 +5.0000e+00 +3.2900e+00 -1.0509e+00 +6.6597e-01 +1.9960e+00
693 0 +3.430683166e+00 -1.350931683e+01 -1.350931683e+01 +3.7668e+00 +3.2289e+00 -1.1158e+00 +1.2967e+00 +1.2654e+00
696 0 +3.166665782e+00 -1.377333422e+01 -1.377333422e+01 +4.0681e+00 +3.3815e+00 -1.1819e+00 +1.0107e+00 +1.6871e+00
710 0 +2.471377534e+00 -1.446862247e+01 -1.446862247e+01 +4.9139e+00 +2.3880e+00 -1.0219e+00 +1.3964e+00 +1.6411e+00
845 0 +2.346877893e+00 -1.459312211e+01 -1.459312211e+01 +4.1240e+00 +2.5493e+00 -1.4854e+00 +1.3409e+00 +1.5597e+00
1238 0 +2.242440642e+00 -1.469755936e+01 -1.469755936e+01 +3.5183e+00 +2.5053e+00 -1.2657e+00 +1.6497e+00 +1.5364e+00
2422 0 +1.959925865e+00 -1.498007414e+01 -1.498007414e+01 +3.2951e+00 +3.6553e+00 -1.4541e+00 +8.9532e-01 +1.5266e+00
2620 0 +1.857578780e+00 -1.508242122e+01 -1.508242122e+01 +4.0291e+00 +2.6061e+00 -1.4787e+00 +1.4088e+00 +1.4712e+00
4407 0 +1.218221428e+00 -1.572177857e+01 -1.572177857e+01 +3.8672e+00 +2.7057e+00 -1.5684e+00 +1.3411e+00 +1.5205e+00
7158 0 +8.946337457e-01 -1.604536625e+01 -1.604536625e+01 +3.2721e+00 +2.1702e+00 -1.8058e+00 +1.7557e+00 +1.3144e+00
8910 0 +7.764715499e-01 -1.616352845e+01 -1.616352845e+01 +3.3110e+00 +2.6136e+00 -1.6185e+00 +1.4672e+00 +1.3797e+00
11532 0 +7.343994878e-01 -1.620560051e+01 -1.620560051e+01 +3.4086e+00 +2.2057e+00 -1.7439e+00 +1.7513e+00 +1.3254e+00
12605 0 +6.436779804e-01 -1.629632202e+01 -1.629632202e+01 +3.6740e+00 +2.3948e+00 -1.5554e+00 +1.5762e+00 +1.4228e+00
13169 0 +3.245017212e-01 -1.661549828e+01 -1.661549828e+01 +3.4896e+00 +2.3120e+00 -1.6725e+00 +1.6594e+00 +1.3556e+00
17727 0 +2.781175521e-01 -1.666188245e+01 -1.666188245e+01 +3.5629e+00 +2.4613e+00 -1.6168e+00 +1.5207e+00 +1.4044e+00
17860 0 +1.959653879e-01 -1.674403461e+01 -1.674403461e+01 +3.6627e+00 +2.5823e+00 -1.5098e+00 +1.4454e+00 +1.4215e+00
18722 0 +1.238461158e-01 -1.681615388e+01 -1.681615388e+01 +3.6031e+00 +2.5126e+00 -1.5448e+00 +1.4983e+00 +1.3998e+00
19143 0 +9.582343998e-02 -1.684417656e+01 -1.684417656e+01 +3.6527e+00 +2.5460e+00 -1.5330e+00 +1.4672e+00 +1.4073e+00
19672 0 +6.658681960e-02 -1.687341318e+01 -1.687341318e+01 +3.6454e+00 +2.5431e+00 -1.5403e+00 +1.4777e+00 +1.3970e+00
19719 0 +4.560984798e-02 -1.689439015e+01 -1.689439015e+01 +3.6499e+00 +2.5526e+00 -1.5320e+00 +1.4695e+00 +1.3984e+00
19827 0 +3.987043793e-02 -1.690012956e+01 -1.690012956e+01 +3.6557e+00 +2.5496e+00 -1.5269e+00 +1.4710e+00 +1.4004e+00
19855 0 +3.802626596e-02 -1.690197373e+01 -1.690197373e+01 +3.6548e+00 +2.5477e+00 -1.5318e+00 +1.4662e+00 +1.3970e+00
19935 0 +2.817712044e-02 -1.691182288e+01 -1.691182288e+01 +3.6646e+00 +2.5514e+00 -1.5242e+00 +1.4678e+00 +1.3985e+00
19937 0 +2.740241319e-02 -1.691259759e+01 -1.691259759e+01 +3.6627e+00 +2.5499e+00 -1.5274e+00 +1.4678e+00 +1.3978e+00
19939 0 +2.308275327e-02 -1.691691725e+01 -1.691691725e+01 +3.6462e+00 +2.5512e+00 -1.5328e+00 +1.4705e+00 +1.3969e+00
19971 0 +1.527411509e-02 -1.692472588e+01 -1.692472588e+01 +3.6587e+00 +2.5500e+00 -1.5266e+00 +1.4691e+00 +1.3967e+00
20051 0 +1.527411509e-02 -1.692472588e+01 -1.692472588e+01 +3.6587e+00 +2.5500e+00 -1.5266e+00 +1.4691e+00 +1.3967e+00
% f evaluations | g evaluations | best noise-free fitness - Fopt (1.881000000000e+01) + sum g_i+ | measured fitness | best measured fitness or single-digit g-values | x1 | x2...
1 0 +6.550905387e+01 +8.431905387e+01 +8.431905387e+01 +3.1934e+00 +9.0754e-01 -3.1048e+00 -2.0837e+00 +3.6664e-01
2 0 +3.560778327e+01 +5.441778327e+01 +5.441778327e+01 +3.1417e+00 +3.1873e+00 +3.8163e+00 +2.9070e-01 +7.1362e-01
11 0 +2.085380255e+01 +3.966380255e+01 +3.966380255e+01 -8.2219e-01 +3.1309e+00 -3.9124e-01 +2.2501e+00 +1.5312e+00
53 0 +1.778274182e+01 +3.659274182e+01 +3.659274182e+01 -7.7224e-01 +1.4112e+00 -2.0203e+00 +2.6228e+00 -1.7400e+00
91 0 +1.117306970e+01 +2.998306970e+01 +2.998306970e+01 -2.5657e-01 -6.6793e-01 -7.8307e-01 -4.6910e-01 +2.4719e+00
174 0 +6.567568636e+00 +2.537756864e+01 +2.537756864e+01 -1.8845e+00 +1.9756e-01 -1.7608e+00 +2.5260e+00 -2.0285e+00
301 0 +5.229876685e+00 +2.403987668e+01 +2.403987668e+01 -1.0630e+00 +1.3100e+00 -1.4482e+00 +1.1791e+00 +1.5955e+00
403 0 +4.549199145e+00 +2.335919915e+01 +2.335919915e+01 -1.0272e+00 +1.5270e+00 -1.3716e+00 +1.5065e+00 -1.2992e-02
706 0 +4.461634397e+00 +2.327163440e+01 +2.327163440e+01 -9.5158e-01 +2.2067e+00 -1.2624e+00 +1.4264e+00 +1.0267e+00
755 0 +3.205534732e+00 +2.201553473e+01 +2.201553473e+01 -5.3671e-01 +3.1121e+00 -9.6759e-01 +8.9686e-01 +8.7114e-01
961 0 +2.922979451e+00 +2.173297945e+01 +2.173297945e+01 -8.1951e-01 +7.0507e-01 -1.3254e+00 +7.7905e-01 +5.3619e-01
983 0 +2.835672623e+00 +2.164567262e+01 +2.164567262e+01 -6.2171e-01 +2.3464e+00 -1.0673e+00 +9.4380e-01 +1.0181e+00
1209 0 +2.743350973e+00 +2.155335097e+01 +2.155335097e+01 -6.5571e-01 +1.5114e+00 -9.8498e-01 +4.2354e-01 +9.3707e-01
1494 0 +2.072430291e+00 +2.088243029e+01 +2.088243029e+01 -5.3481e-01 +1.9948e+00 -1.1440e+00 +6.2208e-01 +1.2299e+00
1505 0 +1.688901909e+00 +2.049890191e+01 +2.049890191e+01 -3.1856e-01 +1.7789e+00 -9.1952e-01 +5.9675e-02 +1.3166e+00
1837 0 +1.646349220e+00 +2.045634922e+01 +2.045634922e+01 -5.0716e-01 +1.9200e+00 -1.0063e+00 +3.8284e-01 +1.0827e+00
1969 0 +1.252631994e+00 +2.006263199e+01 +2.006263199e+01 -3.4597e-01 +2.3389e+00 -9.5383e-01 +4.8768e-01 +1.0299e+00
2136 0 +9.938585241e-01 +1.980385852e+01 +1.980385852e+01 -2.8813e-01 +1.9397e+00 -8.4040e-01 +2.0478e-01 +1.5802e+00
3993 0 +8.454445305e-01 +1.965544453e+01 +1.965544453e+01 -2.9828e-01 +1.9165e+00 -8.4938e-01 +8.8911e-03 +1.6155e+00
4094 0 +7.915244264e-01 +1.960152443e+01 +1.960152443e+01 -2.2995e-01 +1.6923e+00 -7.9586e-01 -1.4004e-01 +1.6780e+00
4546 0 +6.554353648e-01 +1.946543536e+01 +1.946543536e+01 -2.9478e-01 +1.8449e+00 -9.0390e-01 +1.1869e-01 +1.6075e+00
5555 0 +1.384169843e-01 +1.894841698e+01 +1.894841698e+01 -2.0972e-01 +1.8038e+00 -8.3081e-01 -2.6144e-02 +1.6557e+00
17071 0 +1.011498658e-01 +1.891114987e+01 +1.891114987e+01 -2.0348e-01 +1.7658e+00 -8.3540e-01 -2.8326e-02 +1.6549e+00
18253 0 +8.480823053e-02 +1.889480823e+01 +1.889480823e+01 -2.0106e-01 +1.7894e+00 -8.2855e-01 -2.5894e-02 +1.6612e+00
18521 0 +7.071239383e-02 +1.888071239e+01 +1.888071239e+01 -2.0065e-01 +1.7835e+00 -8.2710e-01 -2.7054e-02 +1.6670e+00
18524 0 +6.017870374e-02 +1.887017870e+01 +1.887017870e+01 -1.9553e-01 +1.8007e+00 -8.2380e-01 -2.7333e-02 +1.6706e+00
19321 0 +4.660319135e-02 +1.885660319e+01 +1.885660319e+01 -1.9786e-01 +1.7943e+00 -8.2539e-01 -2.7226e-02 +1.6658e+00
19608 0 +1.699097378e-02 +1.882699097e+01 +1.882699097e+01 -1.9300e-01 +1.7894e+00 -8.2351e-01 -2.7529e-02 +1.6646e+00
19835 0 +1.474038594e-02 +1.882474039e+01 +1.882474039e+01 -1.9324e-01 +1.7863e+00 -8.2408e-01 -2.7374e-02 +1.6662e+00
19959 0 +1.326731206e-02 +1.882326731e+01 +1.882326731e+01 -1.9340e-01 +1.7870e+00 -8.2353e-01 -2.7414e-02 +1.6659e+00
20002 0 +1.072728705e-02 +1.882072729e+01 +1.882072729e+01 -1.9312e-01 +1.7874e+00 -8.2370e-01 -2.7412e-02 +1.6657e+00
20051 0 +1.072728705e-02 +1.882072729e+01 +1.882072729e+01 -1.9312e-01 +1.7874e+00 -8.2370e-01 -2.7412e-02 +1.6657e+00
% f evaluations | g evaluations | best noise-free fitness - Fopt (2.731500000000e+02) + sum g_i+ | measured fitness | best measured fitness or single-digit g-values | x1 | x2...
1 0 +1.870387711e+02 +4.601887711e+02 +4.601887711e+02 -5.6038e-03 -3.9319e+00 -1.3304e+00 +1.9504e+00 -2.2022e+00
2 0 +6.089057040e+01 +3.340405704e+02 +3.340405704e+02 +7.6493e-01 +5.8232e-01 -4.4987e+00 -8.2434e-01 +1.3356e+00
5 0 +4.203768463e+01 +3.151876846e+02 +3.151876846e+02 +2.6092e-01 +3.6128e+00 -6.8462e-02 +3.8260e+00 -6.4249e-02
7 0 +2.492314243e+01 +2.980731424e+02 +2.980731424e+02 -9.3776e-01 +1.3933e+00 -4.9307e+00 +1.5806e-01 +2.5164e+00
82 0 +2.160742444e+01 +2.947574244e+02 +2.947574244e+02 -1.5452e-01 +2.1063e+00 -2.7389e+00 -3.0940e-01 +2.9785e+00
152 0 +1.945731989e+01 +2.926073199e+02 +2.926073199e+02 -4.0521e-01 +1.3956e+00 -9.0197e-01 +1.7608e+00 +2.9028e+00
154 0 +1.357525010e+01 +2.867252501e+02 +2.867252501e+02 -5.7172e-01 +4.7243e+00 -4.6370e-01 +2.8189e+00 +1.0784e+00
214 0 +1.308620913e+01 +2.862362091e+02 +2.862362091e+02 -5.9219e-01 +4.6009e+00 -6.0080e-02 +2.6421e+00 +1.7764e+00
243 0 +1.154158620e+01 +2.846915862e+02 +2.846915862e+02 -5.0776e-01 +4.5151e+00 -2.8138e+00 +3.9728e-01 +9.8160e-01
254 0 +1.123463917e+01 +2.843846392e+02 +2.843846392e+02 -2.1692e-01 +5.0000e+00 -6.2430e-01 +1.6072e+00 +1.0371e+00
333 0 +1.061022637e+01 +2.837602264e+02 +2.837602264e+02 -4.3334e-01 +4.7266e+00 -1.3076e+00 +1.3425e+00 +1.7803e+00
354 0 +9.890736352e+00 +2.830407364e+02 +2.830407364e+02 -2.9320e-02 +4.3672e+00 -8.3019e-01 +1.5006e+00 +1.4668e+00
363 0 +8.071320419e+00 +2.812213204e+02 +2.812213204e+02 -3.0765e-01 +5.0000e+00 -1.7373e+00 +1.0297e+00 +1.3226e+00
492 0 +6.411543231e+00 +2.795615432e+02 +2.795615432e+02 +2.2488e-01 +4.2222e+00 -1.8749e+00 +8.1562e-01 +1.2609e+00
620 0 +6.241220280e+00 +2.793912203e+02 +2.793912203e+02 +5.4900e-01 +4.5445e+00 -1.7279e+00 +1.0160e+00 +1.1916e+00
922 0 +5.962182480e+00 +2.791121825e+02 +2.791121825e+02 +1.5092e+00 +3.9851e+00 -2.0725e+00 +6.5569e-01 +1.2131e+00
1027 0 +3.779607686e+00 +2.769296077e+02 +2.769296077e+02 +7.7677e-02 +4.1184e+00 -1.1081e+00 +1.2649e+00 +1.2706e+00
3707 0 +3.522013129e+00 +2.766720131e+02 +2.766720131e+02 +4.0908e-01 +4.0813e+00 -1.0215e+00 +1.3455e+00 +1.1898e+00
5169 0 +3.146139835e+00 +2.762961398e+02 +2.762961398e+02 +2.6874e-01 +3.9828e+00 -9.2743e-01 +1.5399e+00 +1.2896e+00
6185 0 +3.058325043e+00 +2.762083250e+02 +2.762083250e+02 +3.3550e-01 +4.2244e+00 -1.0292e+00 +1.2774e+00 +1.1875e+00
10497 0 +2.842030967e+00 +2.759920310e+02 +2.759920310e+02 +2.6618e-01 +4.2473e+00 -1.0474e+00 +1.3351e+00 +1.1343e+00
10962 0 +2.499271962e+00 +2.756492720e+02 +2.756492720e+02 +3.1658e-01 +4.2162e+00 -1.1249e+00 +1.3528e+00 +1.1759e+00
11947 0 +2.417214812e+00 +2.755672148e+02 +2.755672148e+02 +3.2166e-01 +4.1483e+00 -1.0853e+00 +1.4142e+00 +1.2376e+00
12730 0 +2.101679755e+00 +2.752516798e+02 +2.752516798e+02 +3.2082e-01 +4.1216e+00 -1.1018e+00 +1.3629e+00 +1.2060e+00
13863 0 +2.082080097e+00 +2.752320801e+02 +2.752320801e+02 +2.7030e-01 +4.1426e+00 -1.1939e+00 +1.3868e+00 +1.2475e+00
14640 0 +1.637195327e+00 +2.747871953e+02 +2.747871953e+02 +3.0430e-01 +4.0899e+00 -1.1715e+00 +1.3792e+00 +1.2354e+00
17674 0 +1.598515236e+00 +2.747485152e+02 +2.747485152e+02 +3.1677e-01 +4.1454e+00 -1.1247e+00 +1.3827e+00 +1.2213e+00
18335 0 +1.427650005e+00 +2.745776500e+02 +2.745776500e+02 +2.9768e-01 +4.1240e+00 -1.1514e+00 +1.3899e+00 +1.2292e+00
19096 0 +1.227169503e+00 +2.743771695e+02 +2.743771695e+02 +2.9888e-01 +4.1087e+00 -1.1627e+00 +1.3884e+00 +1.2395e+00
19962 0 +1.189412571e+00 +2.743394126e+02 +2.743394126e+02 +2.9852e-01 +4.1128e+00 -1.1620e+00 +1.3877e+00 +1.2375e+00
20051 0 +1.189412571e+00 +2.743394126e+02 +2.743394126e+02 +2.9852e-01 +4.1128e+00 -1.1620e+00 +1.3877e+00 +1.2375e+00
% f evaluations | g evaluations | best noise-free fitness - Fopt (3.718000000000e+01) + sum g_i+ | measured fitness | best measured fitness or single-digit g-values | x1 | x2...
1 0 +1.395660412e+02 +1.767460412e+02 +1.767460412e+02 +2.8699e+00 -4.5299e+00 +6.9910e-02 +1.7124e+00 -2.7828e+00
7 0 +9.626484779e+01 +1.334448478e+02 +1.334448478e+02 +1.8177e+00 +4.9608e+00 -5.9557e-01 +4.3337e+00 -4.2309e+00
15 0 +5.412655807e+01 +9.130655807e+01 +9.130655807e+01 -1.8534e+00 -2.5370e+00 +1.6408e-01 +1.0458e+00 -3.6363e+00
31 0 +5.141410067e+01 +8.859410067e+01 +8.859410067e+01 -2.8243e-01 +4.2627e+00 +4.3277e+00 -3.6927e-01 +3.9805e+00
42 0 +4.410250046e+01 +8.128250046e+01 +8.128250046e+01 -2.0183e+00 +6.9019e-01 +3.2962e+00 +4.8932e+00 -2.4919e+00
54 0 +3.915848873e+01 +7.633848873e+01 +7.633848873e+01 +8.6099e-01 +3.1643e+00 +3.3729e+00 +5.0000e+00 -2.9982e+00
61 0 +2.445169322e+01 +6.163169322e+01 +6.163169322e+01 -2.5986e+00 +4.6104e-01 +5.0000e+00 +1.7929e+00 -3.7094e+00
67 0 +2.037274956e+01 +5.755274956e+01 +5.755274956e+01 -1.3494e+00 +1.4345e+00 +5.0000e+00 -4.1469e-01 -3.4018e+00
118 0 +1.775555530e+01 +5.493555530e+01 +5.493555530e+01 -2.6763e+00 +4.1024e-01 +3.5376e+00 +1.3998e+00 -5.0000e+00
134 0 +1.144388992e+01 +4.862388992e+01 +4.862388992e+01 -3.4019e+00 +9.0193e-01 +1.4533e+00 +2.0036e+00 -5.0000e+00
163 0 +9.844883265e+00 +4.702488327e+01 +4.702488327e+01 -5.0000e+00 +2.1100e+00 +1.2661e-01 +9.6212e-01 -4.1919e+00
226 0 +9.208701135e+00 +4.638870113e+01 +4.638870113e+01 -5.0000e+00 +1.6414e+00 +3.0840e-01 +2.4986e+00 -5.0000e+00
272 0 +8.683602599e+00 +4.586360260e+01 +4.586360260e+01 -5.0000e+00 +2.0409e+00 +5.6391e-02 +1.7913e+00 -3.7150e+00
298 0 +7.521034412e+00 +4.470103441e+01 +4.470103441e+01 -4.9824e+00 +2.3846e+00 +2.8780e-01 +2.1041e+00 -5.0000e+00
344 0 +6.642323079e+00 +4.382232308e+01 +4.382232308e+01 -5.0000e+00 +1.7883e+00 +2.9030e-01 +2.6215e+00 -4.6233e+00
421 0 +5.879237282e+00 +4.305923728e+01 +4.305923728e+01 -5.0000e+00 +2.3521e+00 +5.1355e-01 +2.0925e+00 -3.4279e+00
509 0 +3.663545586e+00 +4.084354559e+01 +4.084354559e+01 -5.0000e+00 +2.7718e+00 +1.0376e+00 +1.9615e+00 -3.8807e+00
757 0 +2.303228244e+00 +3.948322824e+01 +3.948322824e+01 -4.6020e+00 +2.3476e+00 +9.0461e-01 +2.0473e+00 -3.7454e+00
2807 0 +1.305953567e+00 +3.848595357e+01 +3.848595357e+01 -4.9781e+00 +2.4839e+00 +8.0260e-01 +1.9240e+00 -3.8007e+00
12828 0 +1.147968558e+00 +3.832796856e+01 +3.832796856e+01 -5.0000e+00 +2.3807e+00 +7.9095e-01 +1.9478e+00 -3.8986e+00
14386 0 +1.040473226e+00 +3.822047323e+01 +3.822047323e+01 -5.0000e+00 +2.3403e+00 +7.6101e-01 +1.9407e+00 -3.9809e+00
15404 0 +9.546081150e-01 +3.813460812e+01 +3.813460812e+01 -4.6795e+00 +2.1563e+00 +8.8490e-01 +1.8655e+00 -3.8263e+00
17972 0 +8.898152142e-01 +3.806981521e+01 +3.806981521e+01 -4.9246e+00 +2.3844e+00 +8.4188e-01 +1.9270e+00 -3.9237e+00
18404 0 +8.415912368e-01 +3.802159124e+01 +3.802159124e+01 -4.9201e+00 +2.3737e+00 +8.4393e-01 +1.9207e+00 -3.9104e+00
19027 0 +7.781232890e-01 +3.795812329e+01 +3.795812329e+01 -5.0000e+00 +2.4585e+00 +8.0702e-01 +1.9311e+00 -3.9496e+00
19107 0 +6.093191653e-01 +3.778931917e+01 +3.778931917e+01 -5.0000e+00 +2.4722e+00 +8.2878e-01 +1.9168e+00 -3.9349e+00
19291 0 +5.767346724e-01 +3.775673467e+01 +3.775673467e+01 -5.0000e+00 +2.4706e+00 +8.2232e-01 +1.9198e+00 -3.9417e+00
19518 0 +4.827889276e-01 +3.766278893e+01 +3.766278893e+01 -5.0000e+00 +2.4619e+00 +8.2598e-01 +1.9169e+00 -3.9234e+00
19682 0 +4.356366644e-01 +3.761563666e+01 +3.761563666e+01 -5.0000e+00 +2.4674e+00 +8.2763e-01 +1.9172e+00 -3.9440e+00
19876 0 +4.165706567e-01 +3.759657066e+01 +3.759657066e+01 -5.0000e+00 +2.4624e+00 +8.2661e-01 +1.9209e+00 -3.9464e+00
19954 0 +3.927976644e-01 +3.757279766e+01 +3.757279766e+01 -4.9991e+00 +2.4627e+00 +8.2795e-01 +1.9196e+00 -3.9401e+00
20051 0 +3.927976644e-01 +3.757279766e+01 +3.757279766e+01 -4.9991e+00 +2.4627e+00 +8.2795e-01 +1.9196e+00 -3.9401e+00
% f evaluations | g evaluations | best noise-free fitness - Fopt (-1.479000000000e+02) + sum g_i+ | measured fitness | best measured fitness or single-digit g-values | x1 | x2...
1 0 +7.849224036e+01 -6.940775964e+01 -6.940775964e+01 +4.7405e+00 -2.2598e+00 -1.3750e+00 +2.1613e+00 -4.2772e+00
4 0 +5.890387757e+01 -8.899612243e+01 -8.899612243e+01 -2.7352e+00 +9.2757e-02 -1.8599e+00 -3.5206e-02 -4.7793e+00
6 0 +4.887300332e+01 -9.902699668e+01 -9.902699668e+01 -3.9100e+00 +4.4773e+00 -4.6130e+00 -4.5677e+00 -3.9700e+00
12 0 +3.472370476e+01 -1.131762952e+02 -1.131762952e+02 -2.4398e+00 +1.3162e+00 +3.5356e+00 +1.1821e+00 -3.2936e+00
31 0 +2.945612211e+01 -1.184438779e+02 -1.184438779e+02 -3.7340e+00 +1.5372e+00 -1.6940e-01 -1.3982e+00 -1.1152e+00
54 0 +2.869969436e+01 -1.192003056e+02 -1.192003056e+02 -7.5669e-01 -4.1806e-01 +2.4644e+00 -5.0774e-01 -2.3650e+00
58 0 +2.722138463e+01 -1.206786154e+02 -1.206786154e+02 -2.2098e+00 -1.3415e-01 -1.7678e-02 -1.5493e-01 -3.8227e+00
75 0 +2.569530434e+01 -1.222046957e+02 -1.222046957e+02 -1.4009e+00 +1.2933e+00 +7.3423e-01 +1.7925e+00 -8.6461e-01
76 0 +2.227846455e+01 -1.256215354e+02 -1.256215354e+02 -1.7325e+00 -1.6391e+00 +3.3031e+00 +6.7192e-01 -2.7600e+00
78 0 +7.712313154e+00 -1.401876868e+02 -1.401876868e+02 -2.1572e+00 -7.0830e-01 +2.3606e-01 -2.0620e+00 -2.4262e+00
160 0 +6.762362167e+00 -1.411376378e+02 -1.411376378e+02 -2.7552e+00 +4.8024e-02 +6.4779e-01 -1.9747e+00 -2.7948e+00
240 0 +6.682255262e+00 -1.412177447e+02 -1.412177447e+02 -1.8528e+00 -7.2766e-01 +7.6539e-01 -3.0919e+00 -2.1007e+00
242 0 +5.604322434e+00 -1.422956776e+02 -1.422956776e+02 -2.1666e+00 +1.5788e-02 +5.0508e-01 -1.3932e+00 -2.6323e+00
344 0 +5.290916263e+00 -1.426090837e+02 -1.426090837e+02 -1.5754e+00 +1.1330e+00 -1.4291e+00 -2.8600e+00 -3.9766e+00
385 0 +1.979180759e+00 -1.459208192e+02 -1.459208192e+02 -1.2456e+00 +8.2529e-01 -1.0137e-01 -2.9563e+00 -4.2726e+00
2511 0 +1.793279607e+00 -1.461067204e+02 -1.461067204e+02 -1.8486e+00 +4.3990e-01 +2.6018e-01 -2.2231e+00 -3.4331e+00
4264 0 +1.571949013e+00 -1.463280510e+02 -1.463280510e+02 -1.6103e+00 +7.3842e-01 +1.0069e-01 -2.6583e+00 -3.6376e+00
4762 0 +1.291921149e+00 -1.466080789e+02 -1.466080789e+02 -1.6720e+00 +5.8017e-01 +1.4621e-01 -2.4952e+00 -3.7726e+00
5469 0 +1.207172038e+00 -1.466928280e+02 -1.466928280e+02 -1.7199e+00 +7.5449e-01 +8.7243e-02 -2.3552e+00 -3.7245e+00
8307 0 +1.101191526e+00 -1.467988085e+02 -1.467988085e+02 -1.3908e+00 +7.7798e-01 +1.5175e-01 -2.6466e+00 -4.0538e+00
10681 0 +8.479373050e-01 -1.470520627e+02 -1.470520627e+02 -1.6197e+00 +6.1769e-01 +1.6300e-01 -2.6048e+00 -3.7819e+00
10933 0 +8.019344298e-01 -1.470980656e+02 -1.470980656e+02 -1.6259e+00 +5.9202e-01 +1.6342e-01 -2.5269e+00 -3.7489e+00
11993 0 +5.163472654e-01 -1.473836527e+02 -1.473836527e+02 -1.7602e+00 +6.5249e-01 +1.0325e-01 -2.3971e+00 -3.6140e+00
12114 0 +4.588438031e-01 -1.474411562e+02 -1.474411562e+02 -1.6426e+00 +6.5914e-01 +1.4250e-01 -2.4998e+00 -3.7281e+00
18534 0 +4.399009526e-01 -1.474600990e+02 -1.474600990e+02 -1.6413e+00 +6.3804e-01 +1.3302e-01 -2.5268e+00 -3.7340e+00
19129 0 +3.519851656e-01 -1.475480148e+02 -1.475480148e+02 -1.6567e+00 +6.3943e-01 +1.3187e-01 -2.4879e+00 -3.6947e+00
19135 0 +3.206846630e-01 -1.475793153e+02 -1.475793153e+02 -1.6347e+00 +6.5538e-01 +1.3337e-01 -2.5216e+00 -3.7437e+00
19483 0 +2.748459546e-01 -1.476251540e+02 -1.476251540e+02 -1.6517e+00 +6.4204e-01 +1.3213e-01 -2.5090e+00 -3.7127e+00
19590 0 +2.676815746e-01 -1.476323184e+02 -1.476323184e+02 -1.6396e+00 +6.4744e-01 +1.2983e-01 -2.5228e+00 -3.7275e+00
19655 0 +2.231867984e-01 -1.476768132e+02 -1.476768132e+02 -1.6628e+00 +6.4647e-01 +1.3086e-01 -2.4978e+00 -3.7076e+00
19957 0 +2.055484538e-01 -1.476944515e+02 -1.476944515e+02 -1.6603e+00 +6.4461e-01 +1.3005e-01 -2.5024e+00 -3.7085e+00
20000 0 +1.894574483e-01 -1.477105426e+02 -1.477105426e+02 -1.6589e+00 +6.4393e-01 +1.3042e-01 -2.5028e+00 -3.7086e+00
20051 0 +1.894574483e-01 -1.477105426e+02 -1.477105426e+02 -1.6589e+00 +6.4393e-01 +1.3042e-01 -2.5028e+00 -3.7086e+00
