% f evaluations | g evaluations | best noise-free fitness - Fopt (3.590000000000e+01) + sum g_i+ | measured fitness | best measured fitness or single-digit g-values | x1 | x2...
1 0 +3.279434130e+04 +3.283024130e+04 +3.283024130e+04 +2.9654e+00 -3.1657e+00 +2.7969e+00
2 0 +1.809857718e+02 +2.168857718e+02 +2.168857718e+02 +9.6850e-01 -5.4167e-01 -4.0003e+00
3 0 +1.436382937e+02 +1.795382937e+02 +1.795382937e+02 -4.0751e-01 -1.6629e+00 -3.5713e+00
12 0 +1.047062278e+02 +1.406062278e+02 +1.406062278e+02 +4.4220e+00 +6.3288e-01 -1.1458e+00
19 0 +3.318739731e+01 +6.908739731e+01 +6.908739731e+01 +2.2727e+00 -1.7346e+00 +7.0444e-01
21 0 +1.675087316e+01 +5.265087316e+01 +5.265087316e+01 +2.4732e+00 +3.9692e-01 +8.6751e-01
95 0 +6.228070837e+00 +4.212807084e+01 +4.212807084e+01 +3.1707e+00 -5.2921e-01 +2.2744e+00
155 0 +4.968539151e+00 +4.086853915e+01 +4.086853915e+01 +3.1707e+00 -2.9760e-01 +2.2744e+00
246 0 +2.984581459e+00 +3.888458146e+01 +3.888458146e+01 +2.2363e+00 +1.1941e+00 +1.7561e+00
288 0 +1.987388306e+00 +3.788738831e+01 +3.788738831e+01 +3.1553e+00 +4.7123e-01 +2.3668e+00
297 0 +3.289870268e-01 +3.622898703e+01 +3.622898703e+01 +2.9245e+00 +8.4902e-01 +2.5188e+00
328 0 +3.042893705e-01 +3.620428937e+01 +3.620428937e+01 +2.7551e+00 +9.1379e-01 +2.4449e+00
357 0 +2.561038132e-01 +3.615610381e+01 +3.615610381e+01 +2.8991e+00 +8.9228e-01 +2.5188e+00
452 0 +9.040709476e-02 +3.599040709e+01 +3.599040709e+01 +2.8525e+00 +1.0426e+00 +2.5333e+00
482 0 +4.473558870e-02 +3.594473559e+01 +3.594473559e+01 +2.7479e+00 +1.0426e+00 +2.5333e+00
895 0 +3.344994969e-02 +3.593344995e+01 +3.593344995e+01 +2.8124e+00 +1.0745e+00 +2.5538e+00
1225 0 +2.860244536e-02 +3.592860245e+01 +3.592860245e+01 +2.8124e+00 +1.1095e+00 +2.5538e+00
1271 0 +2.304260651e-02 +3.592304261e+01 +3.592304261e+01 +2.8411e+00 +1.0319e+00 +2.5968e+00
1282 0 +1.745724762e-02 +3.591745725e+01 +3.591745725e+01 +2.7957e+00 +1.0589e+00 +2.5691e+00
1346 0 +1.695401476e-02 +3.591695401e+01 +3.591695401e+01 +2.7813e+00 +1.0703e+00 +2.5607e+00
1381 0 +1.502756251e-02 +3.591502756e+01 +3.591502756e+01 +2.8056e+00 +1.0889e+00 +2.5677e+00
1391 0 +9.584002419e-03 +3.590958400e+01 +3.590958400e+01 +2.7804e+00 +1.0718e+00 +2.5725e+00
1419 0 +7.869401871e-03 +3.590786940e+01 +3.590786940e+01 +2.7880e+00 +1.0976e+00 +2.5691e+00
1435 0 +6.012511153e-03 +3.590601251e+01 +3.590601251e+01 +2.8124e+00 +1.0866e+00 +2.5885e+00
1513 0 +2.623452380e-03 +3.590262345e+01 +3.590262345e+01 +2.7760e+00 +1.1053e+00 +2.5734e+00
1687 0 +2.498523342e-03 +3.590249852e+01 +3.590249852e+01 +2.7973e+00 +1.0893e+00 +2.5890e+00
1722 0 +1.414847106e-03 +3.590141485e+01 +3.590141485e+01 +2.7849e+00 +1.0974e+00 +2.5842e+00
1922 0 +8.246270849e-04 +3.590082463e+01 +3.590082463e+01 +2.7780e+00 +1.1079e+00 +2.5809e+00
1952 0 +8.095108124e-04 +3.590080951e+01 +3.590080951e+01 +2.7780e+00 +1.1079e+00 +2.5810e+00
1989 0 +5.435404132e-04 +3.590054354e+01 +3.590054354e+01 +2.7831e+00 +1.1080e+00 +2.5832e+00
1996 0 +2.719411391e-04 +3.590027194e+01 +3.590027194e+01 +2.7826e+00 +1.1077e+00 +2.5855e+00
2086 0 +1.295912630e-04 +3.590012959e+01 +3.590012959e+01 +2.7826e+00 +1.1153e+00 +2.5855e+00
2206 0 +7.236443073e-05 +3.590007236e+01 +3.590007236e+01 +2.7826e+00 +1.1108e+00 +2.5865e+00
2236 0 +5.437177578e-05 +3.590005437e+01 +3.590005437e+01 +2.7822e+00 +1.1113e+00 +2.5865e+00
2401 0 +1.671315115e-05 +3.590001671e+01 +3.590001671e+01 +2.7812e+00 +1.1130e+00 +2.5864e+00
2627 0 +1.232288190e-05 +3.590001232e+01 +3.590001232e+01 +2.7813e+00 +1.1132e+00 +2.5865e+00
2657 0 +9.378748238e-06 +3.590000938e+01 +3.590000938e+01 +2.7817e+00 +1.1132e+00 +2.5867e+00
2677 0 +9.311214882e-06 +3.590000931e+01 +3.590000931e+01 +2.7814e+00 +1.1135e+00 +2.5865e+00
2806 0 +8.933320743e-06 +3.590000893e+01 +3.590000893e+01 +2.7822e+00 +1.1132e+00 +2.5870e+00
2865 0 +4.992758250e-06 +3.590000499e+01 +3.590000499e+01 +2.7819e+00 +1.1133e+00 +2.5870e+00
2944 0 +1.687020095e-06 +3.590000169e+01 +3.590000169e+01 +2.7819e+00 +1.1133e+00 +2.5872e+00
3048 0 +5.350245971e-07 +3.590000054e+01 +3.590000054e+01 +2.7816e+00 +1.1134e+00 +2.5871e+00
3352 0 +4.193107017e-07 +3.590000042e+01 +3.590000042e+01 +2.7816e+00 +1.1135e+00 +2.5871e+00
3575 0 +3.519236458e-07 +3.590000035e+01 +3.590000035e+01 +2.7817e+00 +1.1135e+00 +2.5872e+00
3651 0 +2.973969231e-07 +3.590000030e+01 +3.590000030e+01 +2.7815e+00 +1.1136e+00 +2.5871e+00
3683 0 +9.858651140e-08 +3.590000010e+01 +3.590000010e+01 +2.7816e+00 +1.1136e+00 +2.5872e+00
3729 0 +4.930098640e-08 +3.590000005e+01 +3.590000005e+01 +2.7816e+00 +1.1136e+00 +2.5872e+00
3821 0 +3.157271777e-08 +3.590000003e+01 +3.590000003e+01 +2.7816e+00 +1.1136e+00 +2.5872e+00
3881 0 +2.911016850e-08 +3.590000003e+01 +3.590000003e+01 +2.7816e+00 +1.1136e+00 +2.5872e+00
3939 0 +2.152100365e-08 +3.590000002e+01 +3.590000002e+01 +2.7816e+00 +1.1136e+00 +2.5872e+00
4136 0 +1.344223222e-08 +3.590000001e+01 +3.590000001e+01 +2.7816e+00 +1.1136e+00 +2.5872e+00
4154 0 +1.204985267e-08 +3.590000001e+01 +3.590000001e+01 +2.7816e+00 +1.1136e+00 +2.5872e+00
4156 0 +1.092712409e-08 +3.590000001e+01 +3.590000001e+01 +2.7816e+00 +1.1136e+00 +2.5872e+00
4244 0 +4.463856840e-09 +3.590000000e+01 +3.590000000e+01 +2.7816e+00 +1.1136e+00 +2.5872e+00
5832 0 +7.531752999e-13 +3.590000000e+01 +3.590000000e+01 +2.7816e+00 +1.1136e+00 +2.5872e+00
7035 0 +0.000000000e+00 +3.590000000e+01 +3.590000000e+01 +2.7816e+00 +1.1136e+00 +2.5872e+00
8400 0 +0.000000000e+00 +3.590000000e+01 +3.590000000e+01 +2.7816e+00 +1.1136e+00 +2.5872e+00
% f evaluations | g evaluations | best noise-free fitness - Fopt (3.137000000000e+01) + sum g_i+ | measured fitness | best measured fitness or single-digit g-values | x1 | x2...
1 0 +3.143856034e+02 +3.457556034e+02 +3.457556034e+02 +2.9654e+00 -3.1657e+00 +2.7969e+00
12 0 +1.848869403e+02 +2.162569403e+02 +2.162569403e+02 +4.4220e+00 +6.3288e-01 -1.1458e+00
19 0 +1.810500397e+02 +2.124200397e+02 +2.124200397e+02 +2.2727e+00 -1.7346e+00 +7.0444e-01
21 0 +1.659139771e+02 +1.972839771e+02 +1.972839771e+02 +2.4732e+00 +3.9692e-01 +8.6751e-01
22 0 +1.362942594e+02 +1.676642594e+02 +1.676642594e+02 +4.6526e+00 +1.0703e+00 -2.2400e+00
29 0 +1.195245243e+02 +1.508945243e+02 +1.508945243e+02 +1.6884e+00 +1.6592e+00 +9.1298e-01
38 0 +9.593041857e+01 +1.273004186e+02 +1.273004186e+02 +2.6398e+00 +4.7376e+00 -1.1151e+00
46 0 +4.463019351e+01 +7.600019351e+01 +7.600019351e+01 +2.5536e+00 +2.3686e+00 -3.1319e+00
59 0 +6.666946652e+00 +3.803694665e+01 +3.803694665e+01 +3.6447e-01 +1.6592e+00 -3.2694e+00
119 0 +6.245251529e+00 +3.761525153e+01 +3.761525153e+01 +3.6447e-01 +2.4767e+00 -3.2694e+00
129 0 +3.133778851e-01 +3.168337789e+01 +3.168337789e+01 -2.9370e-01 +1.9667e+00 -3.6465e+00
459 0 +3.058181605e-01 +3.167581816e+01 +3.167581816e+01 -3.0496e-01 +1.9548e+00 -3.6404e+00
734 0 +1.060727170e-01 +3.147607272e+01 +3.147607272e+01 -2.3554e-01 +1.9612e+00 -3.7903e+00
764 0 +7.896370385e-02 +3.144896370e+01 +3.144896370e+01 -2.7162e-01 +1.9612e+00 -3.7903e+00
846 0 +4.279583186e-02 +3.141279583e+01 +3.141279583e+01 -2.2361e-01 +1.9686e+00 -3.8573e+00
1081 0 +4.182969260e-02 +3.141182969e+01 +3.141182969e+01 -2.4571e-01 +1.8893e+00 -3.8340e+00
1116 0 +2.449333639e-02 +3.139449334e+01 +3.139449334e+01 -2.2361e-01 +1.9686e+00 -3.8845e+00
1126 0 +6.537494185e-03 +3.137653749e+01 +3.137653749e+01 -2.5341e-01 +1.9150e+00 -3.8752e+00
1216 0 +5.329541843e-03 +3.137532954e+01 +3.137532954e+01 -2.5386e-01 +1.9122e+00 -3.8764e+00
1276 0 +2.875036006e-03 +3.137287504e+01 +3.137287504e+01 -2.6836e-01 +1.9122e+00 -3.8719e+00
1519 0 +2.326838823e-03 +3.137232684e+01 +3.137232684e+01 -2.6718e-01 +1.9056e+00 -3.8739e+00
1608 0 +1.242363325e-03 +3.137124236e+01 +3.137124236e+01 -2.6906e-01 +1.9026e+00 -3.8761e+00
1663 0 +4.537444827e-04 +3.137045374e+01 +3.137045374e+01 -2.7036e-01 +1.9020e+00 -3.8803e+00
1768 0 +3.475124863e-04 +3.137034751e+01 +3.137034751e+01 -2.6795e-01 +1.8960e+00 -3.8832e+00
1813 0 +3.211511739e-04 +3.137032115e+01 +3.137032115e+01 -2.7036e-01 +1.8960e+00 -3.8803e+00
1849 0 +6.594691363e-05 +3.137006595e+01 +3.137006595e+01 -2.7240e-01 +1.8957e+00 -3.8816e+00
1939 0 +2.211218026e-05 +3.137002211e+01 +3.137002211e+01 -2.7240e-01 +1.8957e+00 -3.8827e+00
1976 0 +6.547559646e-06 +3.137000655e+01 +3.137000655e+01 -2.7180e-01 +1.8970e+00 -3.8836e+00
2408 0 +3.158690756e-06 +3.137000316e+01 +3.137000316e+01 -2.7176e-01 +1.8973e+00 -3.8839e+00
2498 0 +1.853055934e-06 +3.137000185e+01 +3.137000185e+01 -2.7176e-01 +1.8970e+00 -3.8839e+00
2537 0 +1.404200258e-06 +3.137000140e+01 +3.137000140e+01 -2.7176e-01 +1.8970e+00 -3.8840e+00
2899 0 +1.130312569e-06 +3.137000113e+01 +3.137000113e+01 -2.7173e-01 +1.8971e+00 -3.8841e+00
2941 0 +9.530680209e-07 +3.137000095e+01 +3.137000095e+01 -2.7205e-01 +1.8968e+00 -3.8838e+00
2964 0 +9.229289049e-07 +3.137000092e+01 +3.137000092e+01 -2.7188e-01 +1.8969e+00 -3.8839e+00
3016 0 +4.704449204e-07 +3.137000047e+01 +3.137000047e+01 -2.7191e-01 +1.8968e+00 -3.8840e+00
3072 0 +1.047713312e-07 +3.137000010e+01 +3.137000010e+01 -2.7199e-01 +1.8968e+00 -3.8839e+00
3506 0 +4.606751247e-08 +3.137000005e+01 +3.137000005e+01 -2.7197e-01 +1.8968e+00 -3.8840e+00
3686 0 +2.504527785e-08 +3.137000003e+01 +3.137000003e+01 -2.7197e-01 +1.8968e+00 -3.8840e+00
3867 0 +1.367970626e-08 +3.137000001e+01 +3.137000001e+01 -2.7200e-01 +1.8968e+00 -3.8840e+00
4017 0 +1.036775643e-08 +3.137000001e+01 +3.137000001e+01 -2.7200e-01 +1.8968e+00 -3.8840e+00
4022 0 +3.250509195e-09 +3.137000000e+01 +3.137000000e+01 -2.7199e-01 +1.8968e+00 -3.8840e+00
5656 0 +9.627854070e-13 +3.137000000e+01 +3.137000000e+01 -2.7200e-01 +1.8968e+00 -3.8840e+00
7116 0 +0.000000000e+00 +3.137000000e+01 +3.137000000e+01 -2.7200e-01 +1.8968e+00 -3.8840e+00
9240 0 +0.000000000e+00 +3.137000000e+01 +3.137000000e+01 -2.7200e-01 +1.8968e+00 -3.8840e+00
% f evaluations | g evaluations | best noise-free fitness - Fopt (-1.000000000000e+03) + sum g_i+ | measured fitness | best measured fitness or single-digit g-values | x1 | x2...
1 0 +6.633456430e+04 +6.533456430e+04 +6.533456430e+04 +2.9654e+00 -3.1657e+00 +2.7969e+00
4 0 +4.232409092e+04 +4.132409092e+04 +4.132409092e+04 +1.5089e+00 -4.4359e+00 +2.2200e+00
7 0 +1.783632333e+04 +1.683632333e+04 +1.683632333e+04 -4.7694e+00 +2.4775e-01 -1.0014e+00
25 0 +4.300281267e+01 -9.569971873e+02 -9.569971873e+02 -4.8592e+00 -3.0116e+00 +2.1134e+00
40 0 +7.269369305e+00 -9.927306307e+02 -9.927306307e+02 -2.4166e+00 -4.0230e+00 +3.5994e+00
70 0 +5.018877582e+00 -9.949811224e+02 -9.949811224e+02 -1.9421e+00 -4.0444e+00 +3.5994e+00
247 0 +4.099420489e+00 -9.959005795e+02 -9.959005795e+02 -1.7030e+00 -3.6733e+00 +3.1405e+00
258 0 +4.052220848e+00 -9.959477792e+02 -9.959477792e+02 -1.5831e+00 -4.1187e+00 +3.2966e+00
304 0 +1.609476863e+00 -9.983905231e+02 -9.983905231e+02 -7.4214e-01 -4.0817e+00 +3.2574e+00
469 0 +1.366494039e+00 -9.986335060e+02 -9.986335060e+02 -9.6636e-01 -3.8802e+00 +3.3243e+00
511 0 +5.917251234e-01 -9.994082749e+02 -9.994082749e+02 -6.6784e-01 -3.3491e+00 +2.8858e+00
660 0 +2.204056055e-01 -9.997795944e+02 -9.997795944e+02 -4.1232e-01 -3.4762e+00 +3.0951e+00
750 0 +1.456526099e-01 -9.998543474e+02 -9.998543474e+02 -4.1232e-01 -3.4846e+00 +2.9939e+00
981 0 +1.437317488e-01 -9.998562683e+02 -9.998562683e+02 -4.1232e-01 -3.3758e+00 +2.8632e+00
984 0 +1.190439512e-01 -9.998809560e+02 -9.998809560e+02 -3.6729e-01 -3.4686e+00 +3.0117e+00
1013 0 +1.020387047e-01 -9.998979613e+02 -9.998979613e+02 -3.7782e-01 -3.4429e+00 +2.9103e+00
1051 0 +8.028083860e-02 -9.999197192e+02 -9.999197192e+02 -3.1775e-01 -3.4779e+00 +2.9592e+00
1069 0 +4.369252420e-02 -9.999563075e+02 -9.999563075e+02 -3.1239e-01 -3.3641e+00 +2.8931e+00
1087 0 +3.618420890e-02 -9.999638158e+02 -9.999638158e+02 -2.8512e-01 -3.3611e+00 +2.8956e+00
1177 0 +3.279131529e-02 -9.999672087e+02 -9.999672087e+02 -2.8512e-01 -3.3349e+00 +2.8488e+00
1284 0 +1.499187602e-02 -9.999850081e+02 -9.999850081e+02 -2.3513e-01 -3.3570e+00 +2.8821e+00
1345 0 +7.482009788e-03 -9.999925180e+02 -9.999925180e+02 -2.2216e-01 -3.3665e+00 +2.8558e+00
1414 0 +4.663995115e-03 -9.999953360e+02 -9.999953360e+02 -2.2010e-01 -3.3504e+00 +2.8527e+00
1653 0 +2.404612917e-03 -9.999975954e+02 -9.999975954e+02 -2.0920e-01 -3.3467e+00 +2.8410e+00
1794 0 +5.387730063e-04 -9.999994612e+02 -9.999994612e+02 -1.9616e-01 -3.3386e+00 +2.8311e+00
1922 0 +5.204953582e-04 -9.999994795e+02 -9.999994795e+02 -1.9558e-01 -3.3384e+00 +2.8304e+00
2006 0 +2.960783473e-04 -9.999997039e+02 -9.999997039e+02 -1.9355e-01 -3.3361e+00 +2.8287e+00
2027 0 +2.741230734e-04 -9.999997259e+02 -9.999997259e+02 -1.9133e-01 -3.3356e+00 +2.8263e+00
2076 0 +1.471049494e-04 -9.999998529e+02 -9.999998529e+02 -1.9163e-01 -3.3328e+00 +2.8277e+00
2155 0 +1.147829175e-04 -9.999998852e+02 -9.999998852e+02 -1.8987e-01 -3.3338e+00 +2.8263e+00
2171 0 +8.533774997e-05 -9.999999147e+02 -9.999999147e+02 -1.9018e-01 -3.3320e+00 +2.8252e+00
2300 0 +7.437736394e-05 -9.999999256e+02 -9.999999256e+02 -1.8913e-01 -3.3307e+00 +2.8236e+00
2305 0 +6.683681693e-05 -9.999999332e+02 -9.999999332e+02 -1.8987e-01 -3.3316e+00 +2.8258e+00
2312 0 +2.915154550e-05 -9.999999708e+02 -9.999999708e+02 -1.8818e-01 -3.3308e+00 +2.8240e+00
2432 0 +2.330392249e-05 -9.999999767e+02 -9.999999767e+02 -1.8825e-01 -3.3308e+00 +2.8246e+00
2462 0 +2.001675557e-05 -9.999999800e+02 -9.999999800e+02 -1.8817e-01 -3.3308e+00 +2.8245e+00
2556 0 +8.024507338e-06 -9.999999920e+02 -9.999999920e+02 -1.8745e-01 -3.3307e+00 +2.8245e+00
2586 0 +7.541020523e-06 -9.999999925e+02 -9.999999925e+02 -1.8741e-01 -3.3307e+00 +2.8245e+00
2676 0 +7.064343208e-06 -9.999999929e+02 -9.999999929e+02 -1.8737e-01 -3.3308e+00 +2.8245e+00
2818 0 +3.158656568e-06 -9.999999968e+02 -9.999999968e+02 -1.8701e-01 -3.3307e+00 +2.8244e+00
2968 0 +2.113290861e-06 -9.999999979e+02 -9.999999979e+02 -1.8676e-01 -3.3308e+00 +2.8244e+00
3088 0 +1.918122052e-06 -9.999999981e+02 -9.999999981e+02 -1.8671e-01 -3.3308e+00 +2.8243e+00
3102 0 +1.728963980e-06 -9.999999983e+02 -9.999999983e+02 -1.8685e-01 -3.3305e+00 +2.8242e+00
3156 0 +1.030960675e-06 -9.999999990e+02 -9.999999990e+02 -1.8668e-01 -3.3307e+00 +2.8243e+00
3238 0 +9.139821486e-07 -9.999999991e+02 -9.999999991e+02 -1.8663e-01 -3.3306e+00 +2.8241e+00
3278 0 +7.653986813e-07 -9.999999992e+02 -9.999999992e+02 -1.8666e-01 -3.3305e+00 +2.8240e+00
3297 0 +5.580427569e-07 -9.999999994e+02 -9.999999994e+02 -1.8662e-01 -3.3304e+00 +2.8240e+00
3322 0 +2.426039600e-07 -9.999999998e+02 -9.999999998e+02 -1.8653e-01 -3.3304e+00 +2.8240e+00
3380 0 +2.287048346e-07 -9.999999998e+02 -9.999999998e+02 -1.8648e-01 -3.3305e+00 +2.8241e+00
3410 0 +1.833393526e-07 -9.999999998e+02 -9.999999998e+02 -1.8652e-01 -3.3304e+00 +2.8241e+00
3442 0 +1.443439714e-07 -9.999999999e+02 -9.999999999e+02 -1.8650e-01 -3.3304e+00 +2.8240e+00
3545 0 +7.409221325e-08 -9.999999999e+02 -9.999999999e+02 -1.8646e-01 -3.3304e+00 +2.8240e+00
3666 0 +5.822732874e-08 -9.999999999e+02 -9.999999999e+02 -1.8645e-01 -3.3304e+00 +2.8241e+00
3682 0 +5.179140317e-08 -9.999999999e+02 -9.999999999e+02 -1.8645e-01 -3.3304e+00 +2.8240e+00
3734 0 +4.590538083e-08 -1.000000000e+03 -1.000000000e+03 -1.8645e-01 -3.3304e+00 +2.8241e+00
3752 0 +3.436946372e-08 -1.000000000e+03 -1.000000000e+03 -1.8645e-01 -3.3304e+00 +2.8240e+00
3756 0 +3.123807346e-08 -1.000000000e+03 -1.000000000e+03 -1.8644e-01 -3.3304e+00 +2.8240e+00
3832 0 +2.635727014e-08 -1.000000000e+03 -1.000000000e+03 -1.8644e-01 -3.3304e+00 +2.8240e+00
3942 0 +2.110402875e-08 -1.000000000e+03 -1.000000000e+03 -1.8644e-01 -3.3304e+00 +2.8240e+00
4008 0 +1.940441052e-08 -1.000000000e+03 -1.000000000e+03 -1.8643e-01 -3.3304e+00 +2.8240e+00
4067 0 +1.466128197e-08 -1.000000000e+03 -1.000000000e+03 -1.8643e-01 -3.3304e+00 +2.8240e+00
4093 0 +1.187288490e-08 -1.000000000e+03 -1.000000000e+03 -1.8642e-01 -3.3304e+00 +2.8240e+00
4135 0 +3.632067092e-09 -1.000000000e+03 -1.000000000e+03 -1.8641e-01 -3.3304e+00 +2.8240e+00
6048 0 +6.821210263e-13 -1.000000000e+03 -1.000000000e+03 -1.8640e-01 -3.3304e+00 +2.8240e+00
6467 0 +0.000000000e+00 -1.000000000e+03 -1.000000000e+03 -1.8640e-01 -3.3304e+00 +2.8240e+00
8370 0 +0.000000000e+00 -1.000000000e+03 -1.000000000e+03 -1.8640e-01 -3.3304e+00 +2.8240e+00
% f evaluations | g evaluations | best noise-free fitness - Fopt (1.319200000000e+02) + sum g_i+ | measured fitness | best measured fitness or single-digit g-values | x1 | x2...
1 0 +2.000387126e+05 +2.001706326e+05 +2.001706326e+05 +2.9654e+00 -3.1657e+00 +2.7969e+00
2 0 +1.389353751e+02 +2.708553751e+02 +2.708553751e+02 +9.6850e-01 -5.4167e-01 -4.0003e+00
6 0 +1.024465790e+02 +2.343665790e+02 +2.343665790e+02 +1.1748e+00 +1.1165e+00 -4.9293e+00
45 0 +6.167388916e+01 +1.935938892e+02 +1.935938892e+02 -1.4593e+00 -4.0322e-01 -4.6346e+00
59 0 +2.103340722e+01 +1.529534072e+02 +1.529534072e+02 -1.7994e+00 +1.6592e+00 -4.3032e+00
101 0 +1.615103754e+01 +1.480710375e+02 +1.480710375e+02 -3.0162e+00 +5.1121e-01 -4.8674e+00
107 0 +8.811264755e+00 +1.407312648e+02 +1.407312648e+02 -4.9764e+00 -8.3969e-02 -4.8484e+00
131 0 +7.451111874e+00 +1.393711119e+02 +1.393711119e+02 -3.0162e+00 +1.3947e+00 -4.8083e+00
161 0 +7.365296311e+00 +1.392852963e+02 +1.392852963e+02 -3.0162e+00 +1.3947e+00 -4.7759e+00
191 0 +7.000721262e+00 +1.389207213e+02 +1.389207213e+02 -3.0953e+00 +1.3838e+00 -4.7876e+00
194 0 +4.775448805e+00 +1.366954488e+02 +1.366954488e+02 -4.2178e+00 +9.4313e-01 -4.7877e+00
266 0 +2.770858688e+00 +1.346908587e+02 +1.346908587e+02 -4.0103e+00 +1.3670e+00 -4.5846e+00
286 0 +1.529831823e+00 +1.334498318e+02 +1.334498318e+02 -3.3047e+00 +2.0700e+00 -4.1980e+00
346 0 +1.383625291e+00 +1.333036253e+02 +1.333036253e+02 -3.3047e+00 +2.0700e+00 -3.9493e+00
378 0 +3.201939189e-01 +1.322401939e+02 +1.322401939e+02 -3.8370e+00 +1.8052e+00 -3.8752e+00
656 0 +3.120432663e-01 +1.322320433e+02 +1.322320433e+02 -3.8056e+00 +1.9019e+00 -3.9509e+00
889 0 +1.742967561e-01 +1.320942968e+02 +1.320942968e+02 -3.9933e+00 +1.7730e+00 -3.8805e+00
962 0 +7.949414359e-02 +1.319994941e+02 +1.319994941e+02 -3.9231e+00 +1.8892e+00 -3.8216e+00
1256 0 +7.427331936e-02 +1.319942733e+02 +1.319942733e+02 -3.9132e+00 +1.9019e+00 -3.8105e+00
1352 0 +6.269286844e-02 +1.319826929e+02 +1.319826929e+02 -3.9231e+00 +1.8964e+00 -3.8040e+00
1445 0 +4.216380411e-02 +1.319621638e+02 +1.319621638e+02 -3.9197e+00 +1.8900e+00 -3.7335e+00
1475 0 +3.970148004e-02 +1.319597015e+02 +1.319597015e+02 -3.9160e+00 +1.9000e+00 -3.7335e+00
1502 0 +3.517974760e-02 +1.319551797e+02 +1.319551797e+02 -3.9231e+00 +1.8964e+00 -3.7263e+00
1527 0 +1.082321924e-02 +1.319308232e+02 +1.319308232e+02 -3.9601e+00 +1.9053e+00 -3.7409e+00
1587 0 +9.561722805e-03 +1.319295617e+02 +1.319295617e+02 -3.9673e+00 +1.9053e+00 -3.7409e+00
1592 0 +8.721761183e-03 +1.319287218e+02 +1.319287218e+02 -3.9637e+00 +1.8964e+00 -3.7263e+00
1712 0 +4.613018785e-03 +1.319246130e+02 +1.319246130e+02 -3.9637e+00 +1.9165e+00 -3.7245e+00
1810 0 +4.308856796e-03 +1.319243089e+02 +1.319243089e+02 -3.9677e+00 +1.9027e+00 -3.7129e+00
1888 0 +2.690646486e-03 +1.319226906e+02 +1.319226906e+02 -3.9744e+00 +1.8996e+00 -3.7113e+00
1897 0 +1.453132942e-03 +1.319214531e+02 +1.319214531e+02 -3.9814e+00 +1.9005e+00 -3.7105e+00
1927 0 +1.215689742e-03 +1.319212157e+02 +1.319212157e+02 -3.9814e+00 +1.9029e+00 -3.7105e+00
2160 0 +8.983809879e-04 +1.319208984e+02 +1.319208984e+02 -3.9793e+00 +1.9042e+00 -3.7062e+00
2192 0 +7.851948650e-04 +1.319207852e+02 +1.319207852e+02 -3.9732e+00 +1.9167e+00 -3.7080e+00
2249 0 +3.117303308e-04 +1.319203117e+02 +1.319203117e+02 -3.9793e+00 +1.9105e+00 -3.7055e+00
2482 0 +1.448123558e-04 +1.319201448e+02 +1.319201448e+02 -3.9783e+00 +1.9125e+00 -3.7024e+00
2520 0 +1.156727762e-04 +1.319201157e+02 +1.319201157e+02 -3.9794e+00 +1.9115e+00 -3.7023e+00
2708 0 +3.273866540e-05 +1.319200327e+02 +1.319200327e+02 -3.9821e+00 +1.9091e+00 -3.7001e+00
2742 0 +2.767850623e-05 +1.319200277e+02 +1.319200277e+02 -3.9809e+00 +1.9116e+00 -3.7004e+00
2832 0 +2.616433059e-05 +1.319200262e+02 +1.319200262e+02 -3.9808e+00 +1.9116e+00 -3.7003e+00
2851 0 +2.214731549e-05 +1.319200221e+02 +1.319200221e+02 -3.9812e+00 +1.9104e+00 -3.6999e+00
2967 0 +1.581299426e-05 +1.319200158e+02 +1.319200158e+02 -3.9818e+00 +1.9100e+00 -3.6997e+00
3061 0 +3.680146961e-06 +1.319200037e+02 +1.319200037e+02 -3.9819e+00 +1.9105e+00 -3.6996e+00
3301 0 +3.485514952e-06 +1.319200035e+02 +1.319200035e+02 -3.9820e+00 +1.9105e+00 -3.6996e+00
3376 0 +1.876785575e-06 +1.319200019e+02 +1.319200019e+02 -3.9823e+00 +1.9102e+00 -3.6995e+00
3461 0 +1.478698351e-06 +1.319200015e+02 +1.319200015e+02 -3.9824e+00 +1.9102e+00 -3.6994e+00
3581 0 +2.354652509e-07 +1.319200002e+02 +1.319200002e+02 -3.9824e+00 +1.9103e+00 -3.6993e+00
3761 0 +2.316741075e-07 +1.319200002e+02 +1.319200002e+02 -3.9824e+00 +1.9103e+00 -3.6993e+00
3881 0 +2.252699289e-07 +1.319200002e+02 +1.319200002e+02 -3.9824e+00 +1.9103e+00 -3.6993e+00
3898 0 +4.919880325e-08 +1.319200000e+02 +1.319200000e+02 -3.9824e+00 +1.9104e+00 -3.6992e+00
4108 0 +4.895372285e-08 +1.319200000e+02 +1.319200000e+02 -3.9824e+00 +1.9104e+00 -3.6992e+00
4223 0 +1.885143774e-08 +1.319200000e+02 +1.319200000e+02 -3.9824e+00 +1.9104e+00 -3.6992e+00
4319 0 +1.739655886e-08 +1.319200000e+02 +1.319200000e+02 -3.9824e+00 +1.9104e+00 -3.6992e+00
4427 0 +1.106312197e-08 +1.319200000e+02 +1.319200000e+02 -3.9824e+00 +1.9104e+00 -3.6992e+00
4580 0 +5.874284170e-09 +1.319200000e+02 +1.319200000e+02 -3.9824e+00 +1.9104e+00 -3.6992e+00
6609 0 +4.547473509e-13 +1.319200000e+02 +1.319200000e+02 -3.9824e+00 +1.9104e+00 -3.6992e+00
7524 0 +0.000000000e+00 +1.319200000e+02 +1.319200000e+02 -3.9824e+00 +1.9104e+00 -3.6992e+00
10380 0 +0.000000000e+00 +1.319200000e+02 +1.319200000e+02 -3.9824e+00 +1.9104e+00 -3.6992e+00
% f evaluations | g evaluations | best noise-free fitness - Fopt (5.908400000000e+02) + sum g_i+ | measured fitness | best measured fitness or single-digit g-values | x1 | x2...
1 0 +1.116013052e+02 +7.024413052e+02 +7.024413052e+02 +2.9654e+00 -3.1657e+00 +2.7969e+00
10 0 +1.075671699e+02 +6.984071699e+02 +6.984071699e+02 +4.8323e+00 -3.3237e-01 +3.5994e+00
35 0 +5.470889416e+01 +6.455488942e+02 +6.455488942e+02 +4.3855e+00 -9.9408e-01 +1.3916e+00
61 0 +4.034213696e+01 +6.311821370e+02 +6.311821370e+02 +3.6141e+00 -3.1657e+00 +2.1174e-01
83 0 +2.357922823e+01 +6.144192282e+02 +6.144192282e+02 +3.7208e+00 -3.3013e+00 -1.0144e+00
113 0 +2.335468828e+01 +6.141946883e+02 +6.141946883e+02 +3.2282e+00 -3.8655e+00 -1.0144e+00
123 0 +2.276795293e+01 +6.136079529e+02 +6.136079529e+02 +1.8057e+00 -3.8139e+00 -1.2482e+00
125 0 +1.654904068e+01 +6.073890407e+02 +6.073890407e+02 +2.9597e+00 -2.6292e+00 -1.0465e+00
143 0 +1.343076254e+01 +6.042707625e+02 +6.042707625e+02 +3.2282e+00 -2.2137e+00 -1.5037e+00
150 0 +6.644740345e+00 +5.974847403e+02 +5.974847403e+02 +2.0320e+00 -4.4517e+00 -2.6328e+00
241 0 +4.477457679e+00 +5.953174577e+02 +5.953174577e+02 +2.0764e+00 -2.7264e+00 -2.2358e+00
302 0 +1.226874800e+00 +5.920668748e+02 +5.920668748e+02 +1.8795e+00 -3.7724e+00 -3.2771e+00
542 0 +1.152280612e+00 +5.919922806e+02 +5.919922806e+02 +1.8664e+00 -3.8079e+00 -3.3178e+00
614 0 +1.044996526e+00 +5.918849965e+02 +5.918849965e+02 +1.7836e+00 -3.8192e+00 -3.2707e+00
628 0 +1.022149965e+00 +5.918621500e+02 +5.918621500e+02 +1.8179e+00 -3.8435e+00 -3.3241e+00
687 0 +3.213976361e-01 +5.911613976e+02 +5.911613976e+02 +1.5895e+00 -3.5834e+00 -3.3658e+00
734 0 +2.588616605e-01 +5.910988617e+02 +5.910988617e+02 +1.6312e+00 -3.4755e+00 -3.3576e+00
985 0 +1.579529175e-01 +5.909979529e+02 +5.909979529e+02 +1.5477e+00 -3.3894e+00 -3.3436e+00
1096 0 +1.459552899e-01 +5.909859553e+02 +5.909859553e+02 +1.5662e+00 -3.3693e+00 -3.3577e+00
1099 0 +9.660776651e-02 +5.909366078e+02 +5.909366078e+02 +1.5132e+00 -3.5085e+00 -3.4562e+00
1160 0 +5.340410353e-02 +5.908934041e+02 +5.908934041e+02 +1.5236e+00 -3.2643e+00 -3.4088e+00
1205 0 +3.725620359e-02 +5.908772562e+02 +5.908772562e+02 +1.5161e+00 -3.3782e+00 -3.4700e+00
1248 0 +3.001147985e-02 +5.908700115e+02 +5.908700115e+02 +1.4838e+00 -3.3566e+00 -3.4373e+00
1342 0 +2.356634174e-02 +5.908635663e+02 +5.908635663e+02 +1.4471e+00 -3.3550e+00 -3.4532e+00
1419 0 +7.411766314e-03 +5.908474118e+02 +5.908474118e+02 +1.4636e+00 -3.3593e+00 -3.4786e+00
1488 0 +2.777992356e-03 +5.908427780e+02 +5.908427780e+02 +1.4591e+00 -3.3510e+00 -3.4870e+00
1548 0 +2.636216450e-03 +5.908426362e+02 +5.908426362e+02 +1.4591e+00 -3.3496e+00 -3.4870e+00
1695 0 +1.606974098e-03 +5.908416070e+02 +5.908416070e+02 +1.4582e+00 -3.3386e+00 -3.4893e+00
1869 0 +1.256804986e-03 +5.908412568e+02 +5.908412568e+02 +1.4553e+00 -3.3334e+00 -3.4875e+00
1924 0 +8.880361195e-04 +5.908408880e+02 +5.908408880e+02 +1.4541e+00 -3.3401e+00 -3.4924e+00
1952 0 +3.505474796e-04 +5.908403505e+02 +5.908403505e+02 +1.4498e+00 -3.3432e+00 -3.4969e+00
2029 0 +2.925675938e-04 +5.908402926e+02 +5.908402926e+02 +1.4486e+00 -3.3432e+00 -3.4969e+00
2044 0 +1.334148243e-04 +5.908401334e+02 +5.908401334e+02 +1.4483e+00 -3.3401e+00 -3.4985e+00
2224 0 +1.076729001e-04 +5.908401077e+02 +5.908401077e+02 +1.4479e+00 -3.3401e+00 -3.4985e+00
2254 0 +1.043150335e-04 +5.908401043e+02 +5.908401043e+02 +1.4478e+00 -3.3401e+00 -3.4985e+00
2282 0 +5.592150740e-05 +5.908400559e+02 +5.908400559e+02 +1.4460e+00 -3.3381e+00 -3.4974e+00
2500 0 +5.004123580e-05 +5.908400500e+02 +5.908400500e+02 +1.4460e+00 -3.3363e+00 -3.4967e+00
2502 0 +2.587528911e-05 +5.908400259e+02 +5.908400259e+02 +1.4460e+00 -3.3367e+00 -3.4974e+00
2562 0 +1.867033109e-05 +5.908400187e+02 +5.908400187e+02 +1.4460e+00 -3.3353e+00 -3.4974e+00
2792 0 +1.589030717e-05 +5.908400159e+02 +5.908400159e+02 +1.4460e+00 -3.3366e+00 -3.4976e+00
2852 0 +6.352140645e-06 +5.908400064e+02 +5.908400064e+02 +1.4460e+00 -3.3366e+00 -3.4981e+00
3122 0 +5.160258411e-06 +5.908400052e+02 +5.908400052e+02 +1.4460e+00 -3.3366e+00 -3.4982e+00
3130 0 +3.855681143e-06 +5.908400039e+02 +5.908400039e+02 +1.4460e+00 -3.3363e+00 -3.4981e+00
3190 0 +3.392147391e-06 +5.908400034e+02 +5.908400034e+02 +1.4458e+00 -3.3363e+00 -3.4981e+00
3415 0 +3.367528393e-06 +5.908400034e+02 +5.908400034e+02 +1.4458e+00 -3.3366e+00 -3.4983e+00
3430 0 +1.737864523e-06 +5.908400017e+02 +5.908400017e+02 +1.4458e+00 -3.3358e+00 -3.4980e+00
3622 0 +2.601328788e-07 +5.908400003e+02 +5.908400003e+02 +1.4457e+00 -3.3360e+00 -3.4983e+00
3910 0 +2.165043043e-07 +5.908400002e+02 +5.908400002e+02 +1.4456e+00 -3.3361e+00 -3.4983e+00
3940 0 +1.888342922e-07 +5.908400002e+02 +5.908400002e+02 +1.4456e+00 -3.3361e+00 -3.4984e+00
4019 0 +1.808837169e-07 +5.908400002e+02 +5.908400002e+02 +1.4456e+00 -3.3361e+00 -3.4983e+00
4115 0 +6.866480362e-08 +5.908400001e+02 +5.908400001e+02 +1.4456e+00 -3.3360e+00 -3.4984e+00
4152 0 +3.078866939e-09 +5.908400000e+02 +5.908400000e+02 +1.4456e+00 -3.3360e+00 -3.4984e+00
6460 0 +2.273736754e-13 +5.908400000e+02 +5.908400000e+02 +1.4456e+00 -3.3360e+00 -3.4984e+00
7107 0 +0.000000000e+00 +5.908400000e+02 +5.908400000e+02 +1.4456e+00 -3.3360e+00 -3.4984e+00
9540 0 +0.000000000e+00 +5.908400000e+02 +5.908400000e+02 +1.4456e+00 -3.3360e+00 -3.4984e+00
% f evaluations | g evaluations | best noise-free fitness - Fopt (3.098000000000e+01) + sum g_i+ | measured fitness | best measured fitness or single-digit g-values | x1 | x2...
1 0 +1.246036567e+02 +1.555836567e+02 +1.555836567e+02 +2.9654e+00 -3.1657e+00 +2.7969e+00
4 0 +8.548071675e+01 +1.164607167e+02 +1.164607167e+02 +1.5089e+00 -4.4359e+00 +2.2200e+00
19 0 +5.036811791e+01 +8.134811791e+01 +8.134811791e+01 +2.2727e+00 -1.7346e+00 +7.0444e-01
31 0 +1.942244363e+01 +5.040244363e+01 +5.040244363e+01 +6.7387e-01 -3.1657e+00 -3.4372e-01
137 0 +1.253434514e+01 +4.351434514e+01 +4.351434514e+01 +1.1805e+00 -4.8240e+00 -9.9264e-01
185 0 +1.192027919e+01 +4.290027919e+01 +4.290027919e+01 +9.4944e-01 -4.2804e+00 -1.0251e+00
221 0 +6.126143089e+00 +3.710614309e+01 +3.710614309e+01 +1.0817e+00 -3.3147e+00 -1.5640e+00
251 0 +6.014409205e+00 +3.699440921e+01 +3.699440921e+01 +1.0886e+00 -3.3320e+00 -1.5800e+00
255 0 +3.311780606e+00 +3.429178061e+01 +3.429178061e+01 +2.0911e+00 -2.7322e+00 -1.9388e+00
303 0 +2.841273805e+00 +3.382127381e+01 +3.382127381e+01 +1.7154e+00 -3.7582e+00 -2.0480e+00
396 0 +2.433740946e+00 +3.341374095e+01 +3.341374095e+01 +1.9905e+00 -3.3445e+00 -2.1220e+00
445 0 +1.138729460e+00 +3.211872946e+01 +3.211872946e+01 +1.8491e+00 -3.0524e+00 -2.2950e+00
566 0 +1.007676641e-01 +3.108076766e+01 +3.108076766e+01 +2.0594e+00 -2.5915e+00 -2.6311e+00
866 0 +7.802611726e-02 +3.105802612e+01 +3.105802612e+01 +2.1072e+00 -2.5915e+00 -2.6485e+00
1076 0 +7.375251213e-02 +3.105375251e+01 +3.105375251e+01 +2.1072e+00 -2.5425e+00 -2.6485e+00
1098 0 +6.887668977e-02 +3.104887669e+01 +3.104887669e+01 +2.1397e+00 -2.6125e+00 -2.6674e+00
1158 0 +6.144441949e-02 +3.104144442e+01 +3.104144442e+01 +2.1232e+00 -2.6125e+00 -2.6674e+00
1248 0 +4.924394707e-02 +3.102924395e+01 +3.102924395e+01 +2.1430e+00 -2.4541e+00 -2.6674e+00
1262 0 +4.081036513e-02 +3.102081037e+01 +3.102081037e+01 +2.1723e+00 -2.4494e+00 -2.6890e+00
1356 0 +3.490440317e-02 +3.101490440e+01 +3.101490440e+01 +2.1633e+00 -2.4702e+00 -2.6888e+00
1367 0 +2.209014117e-02 +3.100209014e+01 +3.100209014e+01 +2.1346e+00 -2.5497e+00 -2.7038e+00
1382 0 +1.660083079e-02 +3.099660083e+01 +3.099660083e+01 +2.1637e+00 -2.4494e+00 -2.7128e+00
1413 0 +1.650481888e-02 +3.099650482e+01 +3.099650482e+01 +2.1413e+00 -2.5269e+00 -2.7087e+00
1446 0 +8.559277917e-03 +3.098855928e+01 +3.098855928e+01 +2.1633e+00 -2.4702e+00 -2.7241e+00
1515 0 +5.596473947e-03 +3.098559647e+01 +3.098559647e+01 +2.1776e+00 -2.4881e+00 -2.7319e+00
1545 0 +7.294925151e-04 +3.098072949e+01 +3.098072949e+01 +2.1732e+00 -2.4881e+00 -2.7467e+00
1725 0 +7.157850607e-04 +3.098071579e+01 +3.098071579e+01 +2.1735e+00 -2.4881e+00 -2.7468e+00
1965 0 +5.919176909e-04 +3.098059192e+01 +3.098059192e+01 +2.1794e+00 -2.4881e+00 -2.7500e+00
2072 0 +4.765211706e-04 +3.098047652e+01 +3.098047652e+01 +2.1732e+00 -2.4839e+00 -2.7490e+00
2154 0 +4.045351572e-04 +3.098040454e+01 +3.098040454e+01 +2.1752e+00 -2.4819e+00 -2.7492e+00
2191 0 +2.421189962e-04 +3.098024212e+01 +3.098024212e+01 +2.1754e+00 -2.4853e+00 -2.7508e+00
2247 0 +1.743761647e-04 +3.098017438e+01 +3.098017438e+01 +2.1773e+00 -2.4872e+00 -2.7522e+00
2337 0 +1.424539608e-04 +3.098014245e+01 +3.098014245e+01 +2.1773e+00 -2.4854e+00 -2.7522e+00
2346 0 +1.770143524e-05 +3.098001770e+01 +3.098001770e+01 +2.1782e+00 -2.4820e+00 -2.7542e+00
2526 0 +8.938959489e-06 +3.098000894e+01 +3.098000894e+01 +2.1778e+00 -2.4820e+00 -2.7544e+00
2586 0 +8.492492526e-06 +3.098000849e+01 +3.098000849e+01 +2.1778e+00 -2.4820e+00 -2.7545e+00
2680 0 +8.268928937e-06 +3.098000827e+01 +3.098000827e+01 +2.1780e+00 -2.4824e+00 -2.7545e+00
2872 0 +6.288575591e-06 +3.098000629e+01 +3.098000629e+01 +2.1779e+00 -2.4822e+00 -2.7546e+00
2902 0 +5.928836519e-06 +3.098000593e+01 +3.098000593e+01 +2.1779e+00 -2.4819e+00 -2.7546e+00
2961 0 +3.215705853e-06 +3.098000322e+01 +3.098000322e+01 +2.1784e+00 -2.4816e+00 -2.7548e+00
2972 0 +1.230991732e-06 +3.098000123e+01 +3.098000123e+01 +2.1782e+00 -2.4818e+00 -2.7549e+00
3204 0 +1.111449578e-06 +3.098000111e+01 +3.098000111e+01 +2.1783e+00 -2.4814e+00 -2.7550e+00
3273 0 +1.028142517e-06 +3.098000103e+01 +3.098000103e+01 +2.1783e+00 -2.4818e+00 -2.7550e+00
3290 0 +9.166013015e-07 +3.098000092e+01 +3.098000092e+01 +2.1784e+00 -2.4816e+00 -2.7550e+00
3311 0 +8.224289836e-07 +3.098000082e+01 +3.098000082e+01 +2.1782e+00 -2.4819e+00 -2.7551e+00
3341 0 +8.079924712e-07 +3.098000081e+01 +3.098000081e+01 +2.1782e+00 -2.4819e+00 -2.7551e+00
3363 0 +7.714100647e-07 +3.098000077e+01 +3.098000077e+01 +2.1783e+00 -2.4819e+00 -2.7551e+00
3446 0 +1.910429503e-07 +3.098000019e+01 +3.098000019e+01 +2.1784e+00 -2.4817e+00 -2.7551e+00
3596 0 +1.878297766e-07 +3.098000019e+01 +3.098000019e+01 +2.1784e+00 -2.4817e+00 -2.7551e+00
3689 0 +1.730546089e-07 +3.098000017e+01 +3.098000017e+01 +2.1783e+00 -2.4816e+00 -2.7551e+00
3700 0 +7.018073944e-08 +3.098000007e+01 +3.098000007e+01 +2.1784e+00 -2.4817e+00 -2.7552e+00
3730 0 +6.852378220e-08 +3.098000007e+01 +3.098000007e+01 +2.1784e+00 -2.4817e+00 -2.7552e+00
3986 0 +5.187678553e-08 +3.098000005e+01 +3.098000005e+01 +2.1784e+00 -2.4816e+00 -2.7552e+00
3991 0 +2.295413992e-08 +3.098000002e+01 +3.098000002e+01 +2.1784e+00 -2.4816e+00 -2.7552e+00
4024 0 +5.011813187e-09 +3.098000001e+01 +3.098000001e+01 +2.1784e+00 -2.4816e+00 -2.7552e+00
6128 0 +7.567280136e-13 +3.098000000e+01 +3.098000000e+01 +2.1784e+00 -2.4816e+00 -2.7552e+00
7269 0 +0.000000000e+00 +3.098000000e+01 +3.098000000e+01 +2.1784e+00 -2.4816e+00 -2.7552e+00
8310 0 +0.000000000e+00 +3.098000000e+01 +3.098000000e+01 +2.1784e+00 -2.4816e+00 -2.7552e+00
% f evaluations | g evaluations | best noise-free fitness - Fopt (-1.445400000000e+02) + sum g_i+ | measured fitness | best measured fitness or single-digit g-values | x1 | x2...
1 0 +5.785987419e+05 +5.784542019e+05 +5.784542019e+05 +2.9654e+00 -3.1657e+00 +2.7969e+00
2 0 +1.200934943e+05 +1.199489543e+05 +1.199489543e+05 +9.6850e-01 -5.4167e-01 -4.0003e+00
3 0 +9.686245264e+04 +9.671791264e+04 +9.671791264e+04 -4.0751e-01 -1.6629e+00 -3.5713e+00
6 0 +6.056475583e+04 +6.042021583e+04 +6.042021583e+04 +1.1748e+00 +1.1165e+00 -4.9293e+00
13 0 +3.331387859e+04 +3.316933859e+04 +3.316933859e+04 -4.8403e+00 -2.6911e+00 -2.5897e+00
15 0 +3.459169152e+03 +3.314629152e+03 +3.314629152e+03 -3.2664e+00 -1.0894e+00 -3.1776e+00
45 0 +1.725342525e+01 -1.272865747e+02 -1.272865747e+02 -4.9333e+00 -1.6887e+00 -4.8296e+00
83 0 +6.888365955e+00 -1.376516340e+02 -1.376516340e+02 -1.9984e+00 +1.0326e-02 -4.8436e+00
152 0 +4.838857777e+00 -1.397011422e+02 -1.397011422e+02 -3.2980e+00 -8.6663e-01 -4.0003e+00
163 0 +3.474409876e+00 -1.410655901e+02 -1.410655901e+02 -2.3636e+00 -3.8909e-01 -3.2575e+00
193 0 +1.365750179e+00 -1.431742498e+02 -1.431742498e+02 -2.3636e+00 -6.6392e-01 -3.8141e+00
202 0 +7.230895634e-01 -1.438169104e+02 -1.438169104e+02 -2.1044e+00 -5.7065e-01 -3.6693e+00
257 0 +4.958327415e-01 -1.440441673e+02 -1.440441673e+02 -2.1216e+00 -3.8146e-01 -3.4021e+00
287 0 +1.379471286e-01 -1.444020529e+02 -1.444020529e+02 -1.8592e+00 -3.8146e-01 -3.4021e+00
870 0 +9.403144800e-02 -1.444459686e+02 -1.444459686e+02 -1.9997e+00 -4.6959e-01 -3.3108e+00
881 0 +1.932250374e-02 -1.445206775e+02 -1.445206775e+02 -1.8742e+00 -4.6333e-01 -3.3000e+00
1066 0 +8.344700241e-03 -1.445316553e+02 -1.445316553e+02 -1.9230e+00 -5.0140e-01 -3.2559e+00
1179 0 +6.466283536e-03 -1.445335337e+02 -1.445335337e+02 -1.9348e+00 -5.2075e-01 -3.2658e+00
1193 0 +5.053557941e-04 -1.445394946e+02 -1.445394946e+02 -1.9022e+00 -5.0923e-01 -3.2540e+00
1828 0 +1.858985813e-04 -1.445398141e+02 -1.445398141e+02 -1.8984e+00 -5.0801e-01 -3.2501e+00
1883 0 +1.035410580e-04 -1.445398965e+02 -1.445398965e+02 -1.8974e+00 -5.0923e-01 -3.2496e+00
2176 0 +7.456380021e-05 -1.445399254e+02 -1.445399254e+02 -1.9024e+00 -5.1262e-01 -3.2481e+00
2365 0 +6.445024425e-05 -1.445399355e+02 -1.445399355e+02 -1.9019e+00 -5.1250e-01 -3.2490e+00
2416 0 +4.069526699e-05 -1.445399593e+02 -1.445399593e+02 -1.9018e+00 -5.1284e-01 -3.2481e+00
2424 0 +3.070247334e-05 -1.445399693e+02 -1.445399693e+02 -1.9005e+00 -5.1242e-01 -3.2489e+00
2430 0 +1.898453866e-05 -1.445399810e+02 -1.445399810e+02 -1.9015e+00 -5.1333e-01 -3.2479e+00
2707 0 +1.416604832e-05 -1.445399858e+02 -1.445399858e+02 -1.9002e+00 -5.1218e-01 -3.2481e+00
2776 0 +3.677365441e-06 -1.445399963e+02 -1.445399963e+02 -1.9005e+00 -5.1284e-01 -3.2476e+00
2784 0 +2.976078974e-06 -1.445399970e+02 -1.445399970e+02 -1.8998e+00 -5.1245e-01 -3.2476e+00
2858 0 +1.720948603e-06 -1.445399983e+02 -1.445399983e+02 -1.9000e+00 -5.1255e-01 -3.2475e+00
3038 0 +1.539285392e-06 -1.445399985e+02 -1.445399985e+02 -1.8999e+00 -5.1258e-01 -3.2475e+00
3041 0 +7.580531189e-07 -1.445399992e+02 -1.445399992e+02 -1.9000e+00 -5.1262e-01 -3.2474e+00
3101 0 +5.696182939e-07 -1.445399994e+02 -1.445399994e+02 -1.9000e+00 -5.1262e-01 -3.2473e+00
3285 0 +4.742011583e-07 -1.445399995e+02 -1.445399995e+02 -1.9000e+00 -5.1265e-01 -3.2473e+00
3316 0 +4.383366843e-07 -1.445399996e+02 -1.445399996e+02 -1.9000e+00 -5.1270e-01 -3.2473e+00
3352 0 +3.397030639e-07 -1.445399997e+02 -1.445399997e+02 -1.9001e+00 -5.1283e-01 -3.2473e+00
3443 0 +2.910301191e-07 -1.445399997e+02 -1.445399997e+02 -1.9001e+00 -5.1284e-01 -3.2473e+00
3461 0 +2.547402573e-07 -1.445399997e+02 -1.445399997e+02 -1.9001e+00 -5.1278e-01 -3.2473e+00
3468 0 +7.208126362e-08 -1.445399999e+02 -1.445399999e+02 -1.9000e+00 -5.1280e-01 -3.2473e+00
3496 0 +8.356522585e-09 -1.445400000e+02 -1.445400000e+02 -1.9000e+00 -5.1279e-01 -3.2472e+00
5913 0 +3.694822226e-13 -1.445400000e+02 -1.445400000e+02 -1.9000e+00 -5.1280e-01 -3.2472e+00
6766 0 +0.000000000e+00 -1.445400000e+02 -1.445400000e+02 -1.9000e+00 -5.1280e-01 -3.2472e+00
7980 0 +0.000000000e+00 -1.445400000e+02 -1.445400000e+02 -1.9000e+00 -5.1280e-01 -3.2472e+00
% f evaluations | g evaluations | best noise-free fitness - Fopt (-9.649000000000e+01) + sum g_i+ | measured fitness | best measured fitness or single-digit g-values | x1 | x2...
1 0 +3.116602626e+05 +3.115637726e+05 +3.115637726e+05 +2.9654e+00 -3.1657e+00 +2.7969e+00
2 0 +6.934274422e+03 +6.837784422e+03 +6.837784422e+03 +9.6850e-01 -5.4167e-01 -4.0003e+00
6 0 +5.816903591e+03 +5.720413591e+03 +5.720413591e+03 +1.1748e+00 +1.1165e+00 -4.9293e+00
11 0 +3.671252226e+03 +3.574762226e+03 +3.574762226e+03 +1.8031e+00 -4.9501e-01 -4.8674e+00
12 0 +6.015495351e+01 -3.633504649e+01 -3.633504649e+01 +4.4220e+00 +6.3288e-01 -1.1458e+00
21 0 +5.235787424e+01 -4.413212576e+01 -4.413212576e+01 +2.4732e+00 +3.9692e-01 +8.6751e-01
29 0 +2.414516422e+01 -7.234483578e+01 -7.234483578e+01 +1.6884e+00 +1.6592e+00 +9.1298e-01
111 0 +1.646715287e+01 -8.002284713e+01 -8.002284713e+01 -1.2615e+00 +7.8279e-01 +8.6751e-01
162 0 +1.247525968e+01 -8.401474032e+01 -8.401474032e+01 +2.6258e-01 +2.0660e+00 +2.2479e+00
201 0 +4.179259948e+00 -9.231074005e+01 -9.231074005e+01 -1.2615e+00 +1.2935e+00 +2.1718e+00
272 0 +3.318122720e+00 -9.317187728e+01 -9.317187728e+01 -1.6083e+00 +1.7635e+00 +2.4779e+00
350 0 +2.702511127e+00 -9.378748887e+01 -9.378748887e+01 -2.5392e+00 +1.9841e+00 +2.6634e+00
420 0 +7.487606372e-01 -9.574123936e+01 -9.574123936e+01 -2.6500e+00 +1.9208e+00 +3.0142e+00
539 0 +7.287636673e-01 -9.576123633e+01 -9.576123633e+01 -2.5538e+00 +1.9057e+00 +3.0464e+00
632 0 +4.420377527e-01 -9.604796225e+01 -9.604796225e+01 -2.5090e+00 +1.6042e+00 +2.9123e+00
671 0 +3.303981231e-01 -9.615960188e+01 -9.615960188e+01 -2.6715e+00 +1.6195e+00 +2.9593e+00
699 0 +3.225411533e-01 -9.616745885e+01 -9.616745885e+01 -2.6088e+00 +1.7257e+00 +3.0427e+00
719 0 +1.689190844e-01 -9.632108092e+01 -9.632108092e+01 -2.7567e+00 +1.6631e+00 +3.0464e+00
798 0 +7.520459705e-02 -9.641479540e+01 -9.641479540e+01 -2.8427e+00 +1.6139e+00 +3.0937e+00
1090 0 +5.432941962e-02 -9.643567058e+01 -9.643567058e+01 -2.8048e+00 +1.6236e+00 +3.1197e+00
1133 0 +4.533620078e-02 -9.644466380e+01 -9.644466380e+01 -2.8366e+00 +1.6315e+00 +3.1195e+00
1270 0 +2.603842442e-02 -9.646396158e+01 -9.646396158e+01 -2.9374e+00 +1.6921e+00 +3.1720e+00
1320 0 +2.308297765e-02 -9.646691702e+01 -9.646691702e+01 -2.8967e+00 +1.6278e+00 +3.1446e+00
1367 0 +1.740867287e-02 -9.647259133e+01 -9.647259133e+01 -2.9043e+00 +1.6855e+00 +3.1914e+00
1399 0 +8.398255462e-03 -9.648160174e+01 -9.648160174e+01 -2.9323e+00 +1.6694e+00 +3.1862e+00
1549 0 +7.410444332e-03 -9.648258956e+01 -9.648258956e+01 -2.9340e+00 +1.6541e+00 +3.1786e+00
1609 0 +5.684524319e-03 -9.648431548e+01 -9.648431548e+01 -2.9340e+00 +1.6442e+00 +3.1786e+00
1621 0 +4.603323441e-03 -9.648539668e+01 -9.648539668e+01 -2.9493e+00 +1.6593e+00 +3.1868e+00
1812 0 +1.560239938e-03 -9.648843976e+01 -9.648843976e+01 -2.9575e+00 +1.6648e+00 +3.2002e+00
1877 0 +1.260021344e-03 -9.648873998e+01 -9.648873998e+01 -2.9611e+00 +1.6629e+00 +3.1998e+00
1926 0 +1.193087628e-03 -9.648880691e+01 -9.648880691e+01 -2.9578e+00 +1.6591e+00 +3.1980e+00
1932 0 +8.529093954e-04 -9.648914709e+01 -9.648914709e+01 -2.9575e+00 +1.6574e+00 +3.2002e+00
1992 0 +6.257256276e-04 -9.648937427e+01 -9.648937427e+01 -2.9604e+00 +1.6565e+00 +3.2002e+00
2096 0 +5.927368785e-04 -9.648940726e+01 -9.648940726e+01 -2.9683e+00 +1.6597e+00 +3.2012e+00
2154 0 +5.467848010e-04 -9.648945322e+01 -9.648945322e+01 -2.9648e+00 +1.6602e+00 +3.2017e+00
2191 0 +2.962570456e-04 -9.648970374e+01 -9.648970374e+01 -2.9633e+00 +1.6583e+00 +3.2048e+00
2324 0 +2.884639141e-04 -9.648971154e+01 -9.648971154e+01 -2.9695e+00 +1.6576e+00 +3.2026e+00
2364 0 +2.683635085e-04 -9.648973164e+01 -9.648973164e+01 -2.9648e+00 +1.6594e+00 +3.2057e+00
2427 0 +1.348471843e-04 -9.648986515e+01 -9.648986515e+01 -2.9679e+00 +1.6591e+00 +3.2056e+00
2724 0 +9.523689442e-05 -9.648990476e+01 -9.648990476e+01 -2.9715e+00 +1.6592e+00 +3.2055e+00
2767 0 +8.493623335e-05 -9.648991506e+01 -9.648991506e+01 -2.9705e+00 +1.6584e+00 +3.2053e+00
2777 0 +2.989957724e-05 -9.648997010e+01 -9.648997010e+01 -2.9716e+00 +1.6586e+00 +3.2065e+00
2804 0 +2.616270679e-05 -9.648997384e+01 -9.648997384e+01 -2.9718e+00 +1.6584e+00 +3.2066e+00
2979 0 +2.152918394e-05 -9.648997847e+01 -9.648997847e+01 -2.9723e+00 +1.6592e+00 +3.2069e+00
2984 0 +1.646251447e-05 -9.648998354e+01 -9.648998354e+01 -2.9722e+00 +1.6584e+00 +3.2068e+00
3004 0 +1.583432068e-05 -9.648998417e+01 -9.648998417e+01 -2.9719e+00 +1.6595e+00 +3.2076e+00
3108 0 +8.591022180e-06 -9.648999141e+01 -9.648999141e+01 -2.9725e+00 +1.6591e+00 +3.2073e+00
3125 0 +8.420965074e-06 -9.648999158e+01 -9.648999158e+01 -2.9723e+00 +1.6591e+00 +3.2074e+00
3155 0 +7.593971930e-06 -9.648999241e+01 -9.648999241e+01 -2.9728e+00 +1.6587e+00 +3.2073e+00
3206 0 +4.252061558e-06 -9.648999575e+01 -9.648999575e+01 -2.9731e+00 +1.6588e+00 +3.2075e+00
3372 0 +3.977198219e-06 -9.648999602e+01 -9.648999602e+01 -2.9731e+00 +1.6592e+00 +3.2076e+00
3387 0 +3.066113081e-06 -9.648999693e+01 -9.648999693e+01 -2.9731e+00 +1.6591e+00 +3.2076e+00
3572 0 +2.356090249e-06 -9.648999764e+01 -9.648999764e+01 -2.9731e+00 +1.6591e+00 +3.2076e+00
3588 0 +1.472301221e-06 -9.648999853e+01 -9.648999853e+01 -2.9732e+00 +1.6592e+00 +3.2078e+00
3790 0 +1.225327708e-06 -9.648999877e+01 -9.648999877e+01 -2.9733e+00 +1.6592e+00 +3.2078e+00
3808 0 +1.035958078e-06 -9.648999896e+01 -9.648999896e+01 -2.9733e+00 +1.6593e+00 +3.2079e+00
3820 0 +7.026334998e-07 -9.648999930e+01 -9.648999930e+01 -2.9733e+00 +1.6592e+00 +3.2079e+00
3851 0 +3.352442945e-07 -9.648999966e+01 -9.648999966e+01 -2.9735e+00 +1.6592e+00 +3.2079e+00
4096 0 +3.255410519e-07 -9.648999967e+01 -9.648999967e+01 -2.9734e+00 +1.6592e+00 +3.2079e+00
4180 0 +1.029693522e-07 -9.648999990e+01 -9.648999990e+01 -2.9735e+00 +1.6592e+00 +3.2079e+00
4270 0 +8.501358195e-08 -9.648999991e+01 -9.648999991e+01 -2.9735e+00 +1.6592e+00 +3.2080e+00
4535 0 +4.521314168e-08 -9.648999995e+01 -9.648999995e+01 -2.9736e+00 +1.6592e+00 +3.2080e+00
4625 0 +4.279837640e-08 -9.648999996e+01 -9.648999996e+01 -2.9736e+00 +1.6592e+00 +3.2080e+00
4627 0 +1.089058799e-08 -9.648999999e+01 -9.648999999e+01 -2.9736e+00 +1.6592e+00 +3.2080e+00
4828 0 +5.766537470e-09 -9.648999999e+01 -9.648999999e+01 -2.9736e+00 +1.6592e+00 +3.2080e+00
7033 0 +8.668621376e-13 -9.649000000e+01 -9.649000000e+01 -2.9736e+00 +1.6592e+00 +3.2080e+00
8470 0 +0.000000000e+00 -9.649000000e+01 -9.649000000e+01 -2.9736e+00 +1.6592e+00 +3.2080e+00
10050 0 +0.000000000e+00 -9.649000000e+01 -9.649000000e+01 -2.9736e+00 +1.6592e+00 +3.2080e+00
% f evaluations | g evaluations | best noise-free fitness - Fopt (1.000000000000e+03) + sum g_i+ | measured fitness | best measured fitness or single-digit g-values | x1 | x2...
1 0 +1.220163465e+05 +1.230163465e+05 +1.230163465e+05 +2.9654e+00 -3.1657e+00 +2.7969e+00
10 0 +8.995921807e+02 +1.899592181e+03 +1.899592181e+03 +4.8323e+00 -3.3237e-01 +3.5994e+00
39 0 +2.787447229e+01 +1.027874472e+03 +1.027874472e+03 +4.6881e+00 +1.1839e+00 -3.7919e-01
67 0 +1.597642586e+01 +1.015976426e+03 +1.015976426e+03 +4.6899e+00 +3.4229e-01 +2.9703e+00
134 0 +1.248014201e+01 +1.012480142e+03 +1.012480142e+03 +3.6610e+00 +2.3172e+00 +2.8441e+00
152 0 +9.001022438e+00 +1.009001022e+03 +1.009001022e+03 +3.7046e+00 +2.0631e+00 +2.1435e+00
163 0 +7.065384547e+00 +1.007065385e+03 +1.007065385e+03 +3.3980e+00 +2.0445e+00 +2.3658e+00
182 0 +5.788645924e+00 +1.005788646e+03 +1.005788646e+03 +2.8585e+00 +2.6719e+00 +2.1435e+00
212 0 +1.413637390e+00 +1.001413637e+03 +1.001413637e+03 +2.4239e+00 +2.6719e+00 +1.2777e+00
375 0 +1.330427954e+00 +1.001330428e+03 +1.001330428e+03 +2.3228e+00 +2.6420e+00 +7.3118e-01
452 0 +9.083460647e-01 +1.000908346e+03 +1.000908346e+03 +2.2753e+00 +2.4895e+00 +1.1860e+00
486 0 +6.203089898e-01 +1.000620309e+03 +1.000620309e+03 +2.1573e+00 +2.7392e+00 +8.7516e-01
565 0 +4.791953605e-01 +1.000479195e+03 +1.000479195e+03 +2.0796e+00 +2.6123e+00 +1.0076e+00
693 0 +4.759528021e-01 +1.000475953e+03 +1.000475953e+03 +2.0796e+00 +2.8547e+00 +1.0076e+00
720 0 +4.327424271e-01 +1.000432742e+03 +1.000432742e+03 +2.0550e+00 +2.8438e+00 +1.0398e+00
726 0 +3.299710868e-01 +1.000329971e+03 +1.000329971e+03 +2.0235e+00 +2.7380e+00 +9.4052e-01
769 0 +1.494502242e-01 +1.000149450e+03 +1.000149450e+03 +1.8935e+00 +2.9314e+00 +7.9795e-01
796 0 +3.279674817e-02 +1.000032797e+03 +1.000032797e+03 +1.7722e+00 +2.9747e+00 +7.5384e-01
1174 0 +1.815208443e-02 +1.000018152e+03 +1.000018152e+03 +1.7435e+00 +2.9953e+00 +7.3992e-01
1412 0 +1.465899578e-02 +1.000014659e+03 +1.000014659e+03 +1.7300e+00 +3.0218e+00 +7.2462e-01
1442 0 +1.395724332e-02 +1.000013957e+03 +1.000013957e+03 +1.7300e+00 +3.0218e+00 +7.2862e-01
1492 0 +8.610554599e-03 +1.000008611e+03 +1.000008611e+03 +1.7044e+00 +3.0484e+00 +7.1090e-01
1561 0 +7.083991749e-03 +1.000007084e+03 +1.000007084e+03 +1.7078e+00 +3.0494e+00 +7.3693e-01
1681 0 +2.861496840e-03 +1.000002861e+03 +1.000002861e+03 +1.6967e+00 +3.0494e+00 +7.2584e-01
1763 0 +7.727174331e-04 +1.000000773e+03 +1.000000773e+03 +1.6800e+00 +3.0623e+00 +7.2775e-01
1943 0 +7.503694277e-04 +1.000000750e+03 +1.000000750e+03 +1.6800e+00 +3.0621e+00 +7.2775e-01
2111 0 +6.092863603e-04 +1.000000609e+03 +1.000000609e+03 +1.6824e+00 +3.0568e+00 +7.2123e-01
2187 0 +4.827800999e-04 +1.000000483e+03 +1.000000483e+03 +1.6794e+00 +3.0604e+00 +7.2057e-01
2220 0 +2.595769106e-04 +1.000000260e+03 +1.000000260e+03 +1.6777e+00 +3.0591e+00 +7.1928e-01
2277 0 +1.745558419e-04 +1.000000175e+03 +1.000000175e+03 +1.6771e+00 +3.0604e+00 +7.2057e-01
2427 0 +1.488430944e-04 +1.000000149e+03 +1.000000149e+03 +1.6765e+00 +3.0604e+00 +7.2322e-01
2487 0 +1.408046279e-04 +1.000000141e+03 +1.000000141e+03 +1.6760e+00 +3.0604e+00 +7.2322e-01
2683 0 +3.490833944e-05 +1.000000035e+03 +1.000000035e+03 +1.6742e+00 +3.0618e+00 +7.2029e-01
2976 0 +1.569875656e-05 +1.000000016e+03 +1.000000016e+03 +1.6734e+00 +3.0622e+00 +7.1960e-01
3283 0 +1.485627195e-05 +1.000000015e+03 +1.000000015e+03 +1.6732e+00 +3.0621e+00 +7.1920e-01
3366 0 +6.596338949e-06 +1.000000007e+03 +1.000000007e+03 +1.6728e+00 +3.0622e+00 +7.1960e-01
3488 0 +6.288037866e-06 +1.000000006e+03 +1.000000006e+03 +1.6724e+00 +3.0630e+00 +7.1974e-01
3684 0 +4.713492558e-06 +1.000000005e+03 +1.000000005e+03 +1.6726e+00 +3.0630e+00 +7.1966e-01
3698 0 +2.032589805e-06 +1.000000002e+03 +1.000000002e+03 +1.6725e+00 +3.0628e+00 +7.1954e-01
3833 0 +6.211490700e-07 +1.000000001e+03 +1.000000001e+03 +1.6722e+00 +3.0631e+00 +7.1923e-01
3893 0 +5.618138630e-07 +1.000000001e+03 +1.000000001e+03 +1.6722e+00 +3.0631e+00 +7.1935e-01
4071 0 +5.097077747e-07 +1.000000001e+03 +1.000000001e+03 +1.6722e+00 +3.0631e+00 +7.1927e-01
4240 0 +4.621983862e-07 +1.000000000e+03 +1.000000000e+03 +1.6722e+00 +3.0631e+00 +7.1929e-01
4246 0 +4.283896260e-07 +1.000000000e+03 +1.000000000e+03 +1.6722e+00 +3.0631e+00 +7.1930e-01
4281 0 +2.383108040e-07 +1.000000000e+03 +1.000000000e+03 +1.6721e+00 +3.0631e+00 +7.1928e-01
4311 0 +1.883046252e-07 +1.000000000e+03 +1.000000000e+03 +1.6721e+00 +3.0631e+00 +7.1926e-01
4481 0 +1.856612926e-07 +1.000000000e+03 +1.000000000e+03 +1.6721e+00 +3.0631e+00 +7.1927e-01
4518 0 +1.025558731e-07 +1.000000000e+03 +1.000000000e+03 +1.6721e+00 +3.0631e+00 +7.1926e-01
4531 0 +5.311653695e-08 +1.000000000e+03 +1.000000000e+03 +1.6721e+00 +3.0631e+00 +7.1923e-01
4708 0 +4.560445177e-08 +1.000000000e+03 +1.000000000e+03 +1.6720e+00 +3.0631e+00 +7.1921e-01
4738 0 +3.967295470e-08 +1.000000000e+03 +1.000000000e+03 +1.6720e+00 +3.0632e+00 +7.1920e-01
4795 0 +9.159293768e-09 +1.000000000e+03 +1.000000000e+03 +1.6720e+00 +3.0632e+00 +7.1921e-01
6964 0 +2.273736754e-13 +1.000000000e+03 +1.000000000e+03 +1.6720e+00 +3.0632e+00 +7.1920e-01
7453 0 +0.000000000e+00 +1.000000000e+03 +1.000000000e+03 +1.6720e+00 +3.0632e+00 +7.1920e-01
8280 0 +0.000000000e+00 +1.000000000e+03 +1.000000000e+03 +1.6720e+00 +3.0632e+00 +7.1920e-01
% f evaluations | g evaluations | best noise-free fitness - Fopt (-1.547600000000e+02) + sum g_i+ | measured fitness | best measured fitness or single-digit g-values | x1 | x2...
1 0 +6.153649330e+04 +6.138173330e+04 +6.138173330e+04 +2.9654e+00 -3.1657e+00 +2.7969e+00
10 0 +2.583354588e+03 +2.428594588e+03 +2.428594588e+03 +4.8323e+00 -3.3237e-01 +3.5994e+00
14 0 +8.464259474e+02 +6.916659474e+02 +6.916659474e+02 +1.8326e+00 +1.1000e+00 +3.3319e+00
26 0 +5.632666097e+01 -9.843333903e+01 -9.843333903e+01 +2.9018e+00 +1.0596e+00 +4.2630e+00
56 0 +4.693982678e+01 -1.078201732e+02 -1.078201732e+02 +4.5788e+00 +1.0596e+00 +4.0229e+00
57 0 +2.715427661e+01 -1.276057234e+02 -1.276057234e+02 +4.4989e+00 +4.4265e+00 +4.4252e+00
67 0 +1.440622524e+01 -1.403537748e+02 -1.403537748e+02 +3.6582e+00 +3.0434e+00 +2.8627e+00
72 0 +1.340256270e+01 -1.413574373e+02 -1.413574373e+02 +3.8683e+00 +2.5049e+00 +1.7545e+00
132 0 +1.253508794e+01 -1.422249121e+02 -1.422249121e+02 +3.6464e+00 +3.0994e+00 +2.5115e+00
168 0 +7.831666339e+00 -1.469283337e+02 -1.469283337e+02 +3.0906e+00 +3.6993e+00 +2.3000e+00
221 0 +3.109504544e+00 -1.516504955e+02 -1.516504955e+02 +2.3320e+00 +2.4987e+00 +8.6932e-01
341 0 +1.260738164e+00 -1.534992618e+02 -1.534992618e+02 +1.9372e+00 +3.4497e+00 +8.6932e-01
371 0 +1.247826614e+00 -1.535121734e+02 -1.535121734e+02 +1.9372e+00 +3.1687e+00 +8.6932e-01
527 0 +1.169130770e+00 -1.535908692e+02 -1.535908692e+02 +1.5967e+00 +2.9596e+00 +6.8296e-01
645 0 +3.345737252e-01 -1.544254263e+02 -1.544254263e+02 +1.7415e+00 +3.0154e+00 +5.0903e-01
693 0 +2.352253139e-01 -1.545247747e+02 -1.545247747e+02 +1.6734e+00 +3.0243e+00 +4.5512e-01
729 0 +1.526358290e-01 -1.546073642e+02 -1.546073642e+02 +1.6331e+00 +2.8509e+00 +3.1254e-01
970 0 +1.389644052e-01 -1.546210356e+02 -1.546210356e+02 +1.6782e+00 +3.0001e+00 +3.5114e-01
1029 0 +6.846126327e-02 -1.546915387e+02 -1.546915387e+02 +1.5759e+00 +2.8727e+00 +2.3515e-01
1089 0 +3.915444288e-02 -1.547208456e+02 -1.547208456e+02 +1.5759e+00 +2.9427e+00 +2.3515e-01
1299 0 +3.854888396e-02 -1.547214511e+02 -1.547214511e+02 +1.5756e+00 +2.9449e+00 +2.3537e-01
1509 0 +2.868761749e-02 -1.547313124e+02 -1.547313124e+02 +1.5653e+00 +2.9464e+00 +2.3627e-01
1599 0 +2.663693209e-02 -1.547333631e+02 -1.547333631e+02 +1.5653e+00 +2.9650e+00 +2.3627e-01
1749 0 +1.293884016e-02 -1.547470612e+02 -1.547470612e+02 +1.5245e+00 +2.9501e+00 +2.2202e-01
1791 0 +4.303819775e-03 -1.547556962e+02 -1.547556962e+02 +1.5059e+00 +2.9300e+00 +1.8747e-01
1881 0 +2.754845794e-03 -1.547572452e+02 -1.547572452e+02 +1.4995e+00 +2.9300e+00 +1.8747e-01
1889 0 +2.695013325e-03 -1.547573050e+02 -1.547573050e+02 +1.4985e+00 +2.9469e+00 +1.8677e-01
1927 0 +2.542887612e-03 -1.547574571e+02 -1.547574571e+02 +1.4990e+00 +2.9308e+00 +1.8615e-01
2039 0 +1.751041739e-03 -1.547582490e+02 -1.547582490e+02 +1.4867e+00 +2.9264e+00 +1.8077e-01
2078 0 +8.861787126e-04 -1.547591138e+02 -1.547591138e+02 +1.4860e+00 +2.9343e+00 +1.7594e-01
2159 0 +5.038820318e-04 -1.547594961e+02 -1.547594961e+02 +1.4867e+00 +2.9264e+00 +1.7004e-01
2494 0 +1.225150776e-04 -1.547598775e+02 -1.547598775e+02 +1.4808e+00 +2.9228e+00 +1.6523e-01
2664 0 +8.565870758e-05 -1.547599143e+02 -1.547599143e+02 +1.4807e+00 +2.9237e+00 +1.6508e-01
2858 0 +6.388505366e-05 -1.547599361e+02 -1.547599361e+02 +1.4802e+00 +2.9239e+00 +1.6542e-01
2948 0 +5.237618078e-05 -1.547599476e+02 -1.547599476e+02 +1.4799e+00 +2.9242e+00 +1.6542e-01
2959 0 +3.049454588e-05 -1.547599695e+02 -1.547599695e+02 +1.4795e+00 +2.9257e+00 +1.6512e-01
3185 0 +3.019240333e-05 -1.547599698e+02 -1.547599698e+02 +1.4793e+00 +2.9252e+00 +1.6532e-01
3247 0 +2.487957207e-05 -1.547599751e+02 -1.547599751e+02 +1.4792e+00 +2.9250e+00 +1.6494e-01
3258 0 +1.698131109e-05 -1.547599830e+02 -1.547599830e+02 +1.4786e+00 +2.9247e+00 +1.6476e-01
3277 0 +1.458666532e-05 -1.547599854e+02 -1.547599854e+02 +1.4788e+00 +2.9247e+00 +1.6447e-01
3334 0 +1.040454310e-05 -1.547599896e+02 -1.547599896e+02 +1.4787e+00 +2.9247e+00 +1.6425e-01
3338 0 +6.674744782e-06 -1.547599933e+02 -1.547599933e+02 +1.4783e+00 +2.9242e+00 +1.6401e-01
3386 0 +3.894541152e-06 -1.547599961e+02 -1.547599961e+02 +1.4781e+00 +2.9240e+00 +1.6377e-01
3482 0 +3.283764840e-06 -1.547599967e+02 -1.547599967e+02 +1.4779e+00 +2.9238e+00 +1.6362e-01
3497 0 +2.978316758e-06 -1.547599970e+02 -1.547599970e+02 +1.4781e+00 +2.9243e+00 +1.6374e-01
3535 0 +2.748196692e-06 -1.547599973e+02 -1.547599973e+02 +1.4780e+00 +2.9239e+00 +1.6343e-01
3675 0 +1.999297865e-06 -1.547599980e+02 -1.547599980e+02 +1.4779e+00 +2.9241e+00 +1.6364e-01
3707 0 +1.782218277e-06 -1.547599982e+02 -1.547599982e+02 +1.4780e+00 +2.9240e+00 +1.6351e-01
3726 0 +1.373210722e-06 -1.547599986e+02 -1.547599986e+02 +1.4779e+00 +2.9242e+00 +1.6352e-01
3760 0 +1.261274576e-06 -1.547599987e+02 -1.547599987e+02 +1.4778e+00 +2.9240e+00 +1.6350e-01
3820 0 +7.864447298e-07 -1.547599992e+02 -1.547599992e+02 +1.4778e+00 +2.9242e+00 +1.6345e-01
3876 0 +4.872567843e-07 -1.547599995e+02 -1.547599995e+02 +1.4777e+00 +2.9242e+00 +1.6340e-01
4109 0 +3.475706762e-07 -1.547599997e+02 -1.547599997e+02 +1.4777e+00 +2.9240e+00 +1.6332e-01
4269 0 +3.285132948e-07 -1.547599997e+02 -1.547599997e+02 +1.4777e+00 +2.9240e+00 +1.6336e-01
4312 0 +2.066736045e-07 -1.547599998e+02 -1.547599998e+02 +1.4776e+00 +2.9240e+00 +1.6332e-01
4327 0 +1.897483344e-07 -1.547599998e+02 -1.547599998e+02 +1.4777e+00 +2.9241e+00 +1.6331e-01
4331 0 +1.730267911e-07 -1.547599998e+02 -1.547599998e+02 +1.4777e+00 +2.9241e+00 +1.6331e-01
4365 0 +9.718982596e-08 -1.547599999e+02 -1.547599999e+02 +1.4776e+00 +2.9240e+00 +1.6328e-01
4402 0 +4.588989100e-08 -1.547600000e+02 -1.547600000e+02 +1.4776e+00 +2.9240e+00 +1.6325e-01
4672 0 +4.562033951e-08 -1.547600000e+02 -1.547600000e+02 +1.4776e+00 +2.9240e+00 +1.6325e-01
4683 0 +4.266027531e-08 -1.547600000e+02 -1.547600000e+02 +1.4776e+00 +2.9240e+00 +1.6324e-01
4713 0 +2.486160611e-08 -1.547600000e+02 -1.547600000e+02 +1.4776e+00 +2.9240e+00 +1.6322e-01
4754 0 +1.138477046e-08 -1.547600000e+02 -1.547600000e+02 +1.4776e+00 +2.9240e+00 +1.6321e-01
5023 0 +6.013948450e-09 -1.547600000e+02 -1.547600000e+02 +1.4776e+00 +2.9240e+00 +1.6322e-01
7087 0 +9.663381206e-13 -1.547600000e+02 -1.547600000e+02 +1.4776e+00 +2.9240e+00 +1.6320e-01
7883 0 +0.000000000e+00 -1.547600000e+02 -1.547600000e+02 +1.4776e+00 +2.9240e+00 +1.6320e-01
8850 0 +0.000000000e+00 -1.547600000e+02 -1.547600000e+02 +1.4776e+00 +2.9240e+00 +1.6320e-01
% f evaluations | g evaluations | best noise-free fitness - Fopt (3.914000000000e+01) + sum g_i+ | measured fitness | best measured fitness or single-digit g-values | x1 | x2...
1 0 +3.973054336e+01 +7.887054336e+01 +7.887054336e+01 +2.9654e+00 -3.1657e+00 +2.7969e+00
63 0 +2.220626594e+01 +6.134626594e+01 +6.134626594e+01 -4.0014e-01 -1.8141e+00 +2.1900e+00
78 0 +6.873977501e+00 +4.601397750e+01 +4.601397750e+01 -5.0246e-01 -2.6028e+00 +9.0241e-01
165 0 +1.700981416e+00 +4.084098142e+01 +4.084098142e+01 -1.1361e+00 -2.3368e+00 +8.1657e-02
225 0 +1.611917468e+00 +4.075191747e+01 +4.075191747e+01 -1.1412e+00 -2.3712e+00 +8.1657e-02
408 0 +1.434166389e+00 +4.057416639e+01 +4.057416639e+01 -5.5599e-01 -2.6028e+00 -8.3903e-02
418 0 +5.726953388e-01 +3.971269534e+01 +3.971269534e+01 -1.1911e+00 -2.6856e+00 -2.7671e-01
568 0 +8.344245821e-02 +3.922344246e+01 +3.922344246e+01 -1.1911e+00 -2.6856e+00 -5.2837e-01
851 0 +4.306209579e-02 +3.918306210e+01 +3.918306210e+01 -1.2765e+00 -2.6025e+00 -5.4156e-01
883 0 +3.130564826e-02 +3.917130565e+01 +3.917130565e+01 -1.3172e+00 -2.6438e+00 -5.4932e-01
943 0 +2.265493387e-02 +3.916265493e+01 +3.916265493e+01 -1.3772e+00 -2.5895e+00 -5.4932e-01
1212 0 +2.210562504e-02 +3.916210563e+01 +3.916210563e+01 -1.3237e+00 -2.6310e+00 -5.5546e-01
1240 0 +2.130618831e-02 +3.916130619e+01 +3.916130619e+01 -1.3406e+00 -2.6068e+00 -5.5179e-01
1244 0 +7.687997112e-03 +3.914768800e+01 +3.914768800e+01 -1.3452e+00 -2.6246e+00 -5.8171e-01
1274 0 +7.574556581e-03 +3.914757456e+01 +3.914757456e+01 -1.3452e+00 -2.6231e+00 -5.8171e-01
1349 0 +4.872324326e-03 +3.914487232e+01 +3.914487232e+01 -1.3555e+00 -2.6191e+00 -5.8444e-01
1379 0 +4.407853004e-03 +3.914440785e+01 +3.914440785e+01 -1.3816e+00 -2.6271e+00 -5.9636e-01
1508 0 +1.900590987e-03 +3.914190059e+01 +3.914190059e+01 -1.3587e+00 -2.6208e+00 -6.0171e-01
1628 0 +1.768008146e-03 +3.914176801e+01 +3.914176801e+01 -1.3590e+00 -2.6268e+00 -6.0171e-01
1638 0 +1.400618812e-03 +3.914140062e+01 +3.914140062e+01 -1.3724e+00 -2.6152e+00 -5.9915e-01
1734 0 +1.173698146e-03 +3.914117370e+01 +3.914117370e+01 -1.3650e+00 -2.6238e+00 -6.0214e-01
1772 0 +4.452365474e-04 +3.914044524e+01 +3.914044524e+01 -1.3793e+00 -2.6191e+00 -6.0357e-01
1802 0 +3.094023278e-04 +3.914030940e+01 +3.914030940e+01 -1.3793e+00 -2.6191e+00 -6.0440e-01
1912 0 +1.370201080e-04 +3.914013702e+01 +3.914013702e+01 -1.3784e+00 -2.6215e+00 -6.0791e-01
2002 0 +1.341623634e-04 +3.914013416e+01 +3.914013416e+01 -1.3813e+00 -2.6215e+00 -6.0791e-01
2027 0 +1.097010459e-04 +3.914010970e+01 +3.914010970e+01 -1.3780e+00 -2.6204e+00 -6.0859e-01
2049 0 +2.139855847e-05 +3.914002140e+01 +3.914002140e+01 -1.3835e+00 -2.6193e+00 -6.0914e-01
2294 0 +1.543926546e-05 +3.914001544e+01 +3.914001544e+01 -1.3817e+00 -2.6202e+00 -6.0959e-01
2414 0 +1.208134401e-05 +3.914001208e+01 +3.914001208e+01 -1.3823e+00 -2.6202e+00 -6.0959e-01
2498 0 +1.041080854e-05 +3.914001041e+01 +3.914001041e+01 -1.3820e+00 -2.6199e+00 -6.0979e-01
2529 0 +8.535589423e-06 +3.914000854e+01 +3.914000854e+01 -1.3827e+00 -2.6199e+00 -6.0960e-01
2580 0 +8.278464009e-06 +3.914000828e+01 +3.914000828e+01 -1.3833e+00 -2.6197e+00 -6.0963e-01
2713 0 +5.603170003e-06 +3.914000560e+01 +3.914000560e+01 -1.3828e+00 -2.6197e+00 -6.0988e-01
2743 0 +3.964167952e-06 +3.914000396e+01 +3.914000396e+01 -1.3828e+00 -2.6198e+00 -6.0995e-01
2753 0 +3.384767986e-06 +3.914000338e+01 +3.914000338e+01 -1.3830e+00 -2.6197e+00 -6.1000e-01
2795 0 +2.281568058e-06 +3.914000228e+01 +3.914000228e+01 -1.3830e+00 -2.6200e+00 -6.1005e-01
2825 0 +1.829193174e-06 +3.914000183e+01 +3.914000183e+01 -1.3830e+00 -2.6199e+00 -6.1005e-01
2910 0 +1.534760422e-06 +3.914000153e+01 +3.914000153e+01 -1.3828e+00 -2.6201e+00 -6.1020e-01
3006 0 +8.061947128e-07 +3.914000081e+01 +3.914000081e+01 -1.3831e+00 -2.6200e+00 -6.1022e-01
3098 0 +6.867732765e-07 +3.914000069e+01 +3.914000069e+01 -1.3829e+00 -2.6200e+00 -6.1025e-01
3103 0 +5.385263862e-07 +3.914000054e+01 +3.914000054e+01 -1.3830e+00 -2.6200e+00 -6.1024e-01
3118 0 +4.270638740e-07 +3.914000043e+01 +3.914000043e+01 -1.3831e+00 -2.6200e+00 -6.1027e-01
3163 0 +3.280439245e-07 +3.914000033e+01 +3.914000033e+01 -1.3831e+00 -2.6200e+00 -6.1029e-01
3255 0 +1.038478388e-07 +3.914000010e+01 +3.914000010e+01 -1.3831e+00 -2.6200e+00 -6.1037e-01
3345 0 +5.624733035e-08 +3.914000006e+01 +3.914000006e+01 -1.3831e+00 -2.6200e+00 -6.1037e-01
3525 0 +5.064979547e-08 +3.914000005e+01 +3.914000005e+01 -1.3831e+00 -2.6200e+00 -6.1037e-01
3555 0 +4.086451355e-08 +3.914000004e+01 +3.914000004e+01 -1.3832e+00 -2.6200e+00 -6.1037e-01
3615 0 +1.941160122e-08 +3.914000002e+01 +3.914000002e+01 -1.3832e+00 -2.6200e+00 -6.1038e-01
3621 0 +4.625789529e-09 +3.914000000e+01 +3.914000000e+01 -1.3832e+00 -2.6200e+00 -6.1039e-01
5744 0 +8.242295735e-13 +3.914000000e+01 +3.914000000e+01 -1.3832e+00 -2.6200e+00 -6.1040e-01
6828 0 +0.000000000e+00 +3.914000000e+01 +3.914000000e+01 -1.3832e+00 -2.6200e+00 -6.1040e-01
8070 0 +0.000000000e+00 +3.914000000e+01 +3.914000000e+01 -1.3832e+00 -2.6200e+00 -6.1040e-01
% f evaluations | g evaluations | best noise-free fitness - Fopt (-1.186000000000e+01) + sum g_i+ | measured fitness | best measured fitness or single-digit g-values | x1 | x2...
1 0 +1.086683129e+06 +1.086671269e+06 +1.086671269e+06 +2.9654e+00 -3.1657e+00 +2.7969e+00
2 0 +1.304586071e+01 +1.185860706e+00 +1.185860706e+00 +9.6850e-01 -5.4167e-01 -4.0003e+00
152 0 +1.259258692e+01 +7.325869236e-01 +7.325869236e-01 +9.6850e-01 +8.1581e-01 -3.9921e+00
166 0 +5.453153375e+00 -6.406846625e+00 -6.406846625e+00 +1.7466e+00 +1.2994e+00 -3.5601e+00
270 0 +4.380749628e+00 -7.479250372e+00 -7.479250372e+00 +2.3691e+00 +1.3678e+00 -3.6284e+00
300 0 +4.284019925e+00 -7.575980075e+00 -7.575980075e+00 +2.7210e+00 +1.3678e+00 -3.6284e+00
344 0 +3.684849344e+00 -8.175150656e+00 -8.175150656e+00 +2.2588e+00 +1.8162e+00 -3.5115e+00
364 0 +3.275747086e+00 -8.584252914e+00 -8.584252914e+00 +2.6706e+00 +1.3004e+00 -3.4228e+00
377 0 +2.871161813e+00 -8.988838187e+00 -8.988838187e+00 +2.0547e+00 +2.0116e+00 -3.3024e+00
385 0 +1.280307143e+00 -1.057969286e+01 -1.057969286e+01 +2.5596e+00 +2.2177e+00 -3.1823e+00
501 0 +8.169063906e-01 -1.104309361e+01 -1.104309361e+01 +2.5370e+00 +1.9693e+00 -3.0940e+00
530 0 +4.253066774e-01 -1.143469332e+01 -1.143469332e+01 +2.6157e+00 +2.1382e+00 -2.9828e+00
577 0 +2.824572027e-01 -1.157754280e+01 -1.157754280e+01 +2.5699e+00 +2.4471e+00 -2.8844e+00
703 0 +2.791372153e-01 -1.158086278e+01 -1.158086278e+01 +2.6260e+00 +2.3415e+00 -2.9402e+00
755 0 +2.417019814e-01 -1.161829802e+01 -1.161829802e+01 +2.8951e+00 +2.4610e+00 -2.9866e+00
757 0 +2.298983401e-01 -1.163010166e+01 -1.163010166e+01 +2.6105e+00 +2.4543e+00 -2.8844e+00
789 0 +1.279619269e-01 -1.173203807e+01 -1.173203807e+01 +2.8588e+00 +2.5963e+00 -2.9174e+00
876 0 +1.093551002e-01 -1.175064490e+01 -1.175064490e+01 +2.8129e+00 +2.4308e+00 -2.9106e+00
879 0 +1.010383304e-01 -1.175896167e+01 -1.175896167e+01 +2.8459e+00 +2.5350e+00 -2.9174e+00
925 0 +8.336274867e-02 -1.177663725e+01 -1.177663725e+01 +2.7277e+00 +2.5024e+00 -2.8652e+00
955 0 +4.260825448e-02 -1.181739175e+01 -1.181739175e+01 +2.7912e+00 +2.5540e+00 -2.8521e+00
1052 0 +2.161900456e-02 -1.183838100e+01 -1.183838100e+01 +2.8101e+00 +2.5563e+00 -2.8341e+00
1159 0 +1.802442028e-02 -1.184197558e+01 -1.184197558e+01 +2.8188e+00 +2.5730e+00 -2.8319e+00
1195 0 +1.458394156e-02 -1.184541606e+01 -1.184541606e+01 +2.8639e+00 +2.5859e+00 -2.8457e+00
1267 0 +1.259965339e-02 -1.184740035e+01 -1.184740035e+01 +2.8411e+00 +2.5542e+00 -2.8334e+00
1316 0 +1.025253819e-02 -1.184974746e+01 -1.184974746e+01 +2.8661e+00 +2.5736e+00 -2.8405e+00
1345 0 +6.647301366e-03 -1.185335270e+01 -1.185335270e+01 +2.8639e+00 +2.5859e+00 -2.8324e+00
1405 0 +4.865025889e-03 -1.185513497e+01 -1.185513497e+01 +2.8639e+00 +2.5870e+00 -2.8293e+00
1448 0 +3.437901886e-03 -1.185656210e+01 -1.185656210e+01 +2.8575e+00 +2.5966e+00 -2.8196e+00
1515 0 +2.630830617e-03 -1.185736917e+01 -1.185736917e+01 +2.8831e+00 +2.6136e+00 -2.8259e+00
1559 0 +2.483383314e-03 -1.185751662e+01 -1.185751662e+01 +2.8650e+00 +2.6011e+00 -2.8206e+00
1568 0 +2.430592307e-03 -1.185756941e+01 -1.185756941e+01 +2.8670e+00 +2.5999e+00 -2.8213e+00
1605 0 +2.038019881e-03 -1.185796198e+01 -1.185796198e+01 +2.8833e+00 +2.6136e+00 -2.8235e+00
1654 0 +1.062219050e-03 -1.185893778e+01 -1.185893778e+01 +2.8817e+00 +2.6024e+00 -2.8186e+00
1714 0 +9.680279328e-04 -1.185903197e+01 -1.185903197e+01 +2.8817e+00 +2.6178e+00 -2.8186e+00
1785 0 +1.862878709e-04 -1.185981371e+01 -1.185981371e+01 +2.8841e+00 +2.6136e+00 -2.8151e+00
1876 0 +1.543059989e-04 -1.185984569e+01 -1.185984569e+01 +2.8818e+00 +2.6136e+00 -2.8145e+00
1907 0 +1.221366323e-04 -1.185987786e+01 -1.185987786e+01 +2.8817e+00 +2.6146e+00 -2.8139e+00
2087 0 +8.185964038e-05 -1.185991814e+01 -1.185991814e+01 +2.8835e+00 +2.6146e+00 -2.8137e+00
2099 0 +6.501612813e-06 -1.185999350e+01 -1.185999350e+01 +2.8850e+00 +2.6183e+00 -2.8125e+00
2611 0 +5.166304344e-06 -1.185999483e+01 -1.185999483e+01 +2.8843e+00 +2.6183e+00 -2.8122e+00
2681 0 +1.773634713e-06 -1.185999823e+01 -1.185999823e+01 +2.8847e+00 +2.6182e+00 -2.8122e+00
2779 0 +1.129625449e-06 -1.185999887e+01 -1.185999887e+01 +2.8846e+00 +2.6181e+00 -2.8122e+00
2881 0 +7.948654304e-07 -1.185999921e+01 -1.185999921e+01 +2.8847e+00 +2.6183e+00 -2.8121e+00
2994 0 +1.002202055e-07 -1.185999990e+01 -1.185999990e+01 +2.8848e+00 +2.6184e+00 -2.8120e+00
3263 0 +9.503943232e-08 -1.185999990e+01 -1.185999990e+01 +2.8848e+00 +2.6184e+00 -2.8120e+00
3330 0 +8.328324874e-08 -1.185999992e+01 -1.185999992e+01 +2.8848e+00 +2.6183e+00 -2.8120e+00
3413 0 +5.254364943e-08 -1.185999995e+01 -1.185999995e+01 +2.8848e+00 +2.6184e+00 -2.8120e+00
3500 0 +4.831784217e-08 -1.185999995e+01 -1.185999995e+01 +2.8848e+00 +2.6184e+00 -2.8120e+00
3559 0 +3.556225714e-08 -1.185999996e+01 -1.185999996e+01 +2.8848e+00 +2.6184e+00 -2.8120e+00
3582 0 +2.034783542e-08 -1.185999998e+01 -1.185999998e+01 +2.8848e+00 +2.6184e+00 -2.8120e+00
3650 0 +1.139242656e-08 -1.185999999e+01 -1.185999999e+01 +2.8848e+00 +2.6184e+00 -2.8120e+00
3662 0 +3.166137574e-09 -1.186000000e+01 -1.186000000e+01 +2.8848e+00 +2.6184e+00 -2.8120e+00
5442 0 +4.174438573e-13 -1.186000000e+01 -1.186000000e+01 +2.8848e+00 +2.6184e+00 -2.8120e+00
6947 0 +0.000000000e+00 -1.186000000e+01 -1.186000000e+01 +2.8848e+00 +2.6184e+00 -2.8120e+00
8850 0 +0.000000000e+00 -1.186000000e+01 -1.186000000e+01 +2.8848e+00 +2.6184e+00 -2.8120e+00
% f evaluations | g evaluations | best noise-free fitness - Fopt (7.068000000000e+01) + sum g_i+ | measured fitness | best measured fitness or single-digit g-values | x1 | x2...
1 0 +3.512774875e+05 +3.513481675e+05 +3.513481675e+05 +2.9654e+00 -3.1657e+00 +2.7969e+00
2 0 +2.648861654e+05 +2.649568454e+05 +2.649568454e+05 +9.6850e-01 -5.4167e-01 -4.0003e+00
3 0 +2.539382351e+05 +2.540089151e+05 +2.540089151e+05 -4.0751e-01 -1.6629e+00 -3.5713e+00
7 0 +1.125241449e+05 +1.125948249e+05 +1.125948249e+05 -4.7694e+00 +2.4775e-01 -1.0014e+00
8 0 +2.792026363e+01 +9.860026363e+01 +9.860026363e+01 -4.5333e+00 +4.7376e+00 -2.6723e+00
63 0 +6.830356009e+00 +7.751035601e+01 +7.751035601e+01 -4.1315e-01 +4.6885e+00 -1.6458e+00
142 0 +4.013076210e+00 +7.469307621e+01 +7.469307621e+01 -1.3514e+00 +3.6879e+00 -1.9600e+00
168 0 +3.923301106e+00 +7.460330111e+01 +7.460330111e+01 -5.0246e-01 +4.2744e+00 -1.7913e+00
202 0 +7.213137023e-01 +7.140131370e+01 +7.140131370e+01 -3.2431e-01 +3.6879e+00 -2.0307e+00
455 0 +4.220336457e-01 +7.110203365e+01 +7.110203365e+01 -6.6685e-01 +3.2781e+00 -2.0581e+00
591 0 +4.110525734e-01 +7.109105257e+01 +7.109105257e+01 -5.6867e-01 +3.5555e+00 -2.1215e+00
643 0 +3.770494431e-01 +7.105704944e+01 +7.105704944e+01 -2.1812e-01 +3.4278e+00 -1.9668e+00
682 0 +3.046014029e-01 +7.098460140e+01 +7.098460140e+01 -4.8932e-01 +3.5223e+00 -2.1519e+00
713 0 +2.489682967e-01 +7.092896830e+01 +7.092896830e+01 -3.5054e-01 +3.4626e+00 -2.0097e+00
725 0 +2.240589555e-01 +7.090405896e+01 +7.090405896e+01 -3.5377e-01 +3.4733e+00 -2.0581e+00
779 0 +1.264096079e-01 +7.080640961e+01 +7.080640961e+01 -3.3583e-01 +3.3873e+00 -2.0290e+00
786 0 +7.282605824e-02 +7.075282606e+01 +7.075282606e+01 -3.4304e-01 +3.3168e+00 -2.0192e+00
846 0 +4.161315158e-02 +7.072161315e+01 +7.072161315e+01 -3.4304e-01 +3.3168e+00 -2.0883e+00
902 0 +9.756013488e-04 +7.068097560e+01 +7.068097560e+01 -2.9951e-01 +3.2295e+00 -2.0421e+00
962 0 +8.598148670e-04 +7.068085981e+01 +7.068085981e+01 -3.0251e-01 +3.2295e+00 -2.0461e+00
1580 0 +8.312211704e-04 +7.068083122e+01 +7.068083122e+01 -2.9161e-01 +3.2214e+00 -2.0422e+00
1610 0 +2.629099170e-04 +7.068026291e+01 +7.068026291e+01 -2.9347e-01 +3.2259e+00 -2.0422e+00
1910 0 +2.003179527e-04 +7.068020032e+01 +7.068020032e+01 -2.9329e-01 +3.2258e+00 -2.0430e+00
2095 0 +1.980230228e-04 +7.068019802e+01 +7.068019802e+01 -2.9296e-01 +3.2252e+00 -2.0419e+00
2099 0 +1.741537402e-04 +7.068017415e+01 +7.068017415e+01 -2.9412e-01 +3.2248e+00 -2.0427e+00
2156 0 +8.882011802e-05 +7.068008882e+01 +7.068008882e+01 -2.9013e-01 +3.2224e+00 -2.0402e+00
2248 0 +7.909156405e-05 +7.068007909e+01 +7.068007909e+01 -2.9121e-01 +3.2237e+00 -2.0418e+00
2306 0 +6.308011876e-05 +7.068006308e+01 +7.068006308e+01 -2.8929e-01 +3.2224e+00 -2.0402e+00
2404 0 +5.448459342e-05 +7.068005448e+01 +7.068005448e+01 -2.9176e-01 +3.2214e+00 -2.0414e+00
2502 0 +4.008654889e-05 +7.068004009e+01 +7.068004009e+01 -2.9068e-01 +3.2229e+00 -2.0421e+00
2524 0 +9.599494021e-06 +7.068000960e+01 +7.068000960e+01 -2.8982e-01 +3.2214e+00 -2.0413e+00
2644 0 +7.948192689e-06 +7.068000795e+01 +7.068000795e+01 -2.8953e-01 +3.2214e+00 -2.0413e+00
2751 0 +6.868032301e-06 +7.068000687e+01 +7.068000687e+01 -2.8993e-01 +3.2213e+00 -2.0414e+00
2811 0 +4.696277898e-06 +7.068000470e+01 +7.068000470e+01 -2.8993e-01 +3.2211e+00 -2.0414e+00
2862 0 +3.335646923e-06 +7.068000334e+01 +7.068000334e+01 -2.8971e-01 +3.2210e+00 -2.0414e+00
2973 0 +9.104751371e-07 +7.068000091e+01 +7.068000091e+01 -2.8951e-01 +3.2209e+00 -2.0414e+00
3053 0 +6.629511802e-07 +7.068000066e+01 +7.068000066e+01 -2.8978e-01 +3.2210e+00 -2.0417e+00
3285 0 +5.240603542e-07 +7.068000052e+01 +7.068000052e+01 -2.8967e-01 +3.2210e+00 -2.0416e+00
3353 0 +5.079331800e-07 +7.068000051e+01 +7.068000051e+01 -2.8972e-01 +3.2210e+00 -2.0417e+00
3458 0 +4.731163727e-07 +7.068000047e+01 +7.068000047e+01 -2.8971e-01 +3.2210e+00 -2.0416e+00
3469 0 +3.705644360e-07 +7.068000037e+01 +7.068000037e+01 -2.8963e-01 +3.2209e+00 -2.0416e+00
3526 0 +3.329458735e-07 +7.068000033e+01 +7.068000033e+01 -2.8964e-01 +3.2209e+00 -2.0416e+00
3560 0 +3.131595321e-07 +7.068000031e+01 +7.068000031e+01 -2.8971e-01 +3.2209e+00 -2.0417e+00
3601 0 +2.449349097e-07 +7.068000024e+01 +7.068000024e+01 -2.8966e-01 +3.2209e+00 -2.0416e+00
3646 0 +2.108306347e-07 +7.068000021e+01 +7.068000021e+01 -2.8966e-01 +3.2209e+00 -2.0416e+00
3649 0 +1.649396779e-07 +7.068000016e+01 +7.068000016e+01 -2.8967e-01 +3.2209e+00 -2.0416e+00
3682 0 +1.154644451e-07 +7.068000012e+01 +7.068000012e+01 -2.8964e-01 +3.2209e+00 -2.0416e+00
3712 0 +1.123404303e-07 +7.068000011e+01 +7.068000011e+01 -2.8964e-01 +3.2209e+00 -2.0416e+00
3729 0 +4.788257968e-08 +7.068000005e+01 +7.068000005e+01 -2.8959e-01 +3.2208e+00 -2.0416e+00
3965 0 +9.635769516e-09 +7.068000001e+01 +7.068000001e+01 -2.8960e-01 +3.2208e+00 -2.0416e+00
5873 0 +8.526512829e-13 +7.068000000e+01 +7.068000000e+01 -2.8960e-01 +3.2208e+00 -2.0416e+00
6818 0 +0.000000000e+00 +7.068000000e+01 +7.068000000e+01 -2.8960e-01 +3.2208e+00 -2.0416e+00
8400 0 +0.000000000e+00 +7.068000000e+01 +7.068000000e+01 -2.8960e-01 +3.2208e+00 -2.0416e+00
% f evaluations | g evaluations | best noise-free fitness - Fopt (-6.260000000000e+00) + sum g_i+ | measured fitness | best measured fitness or single-digit g-values | x1 | x2...
1 0 +3.249730827e+04 +3.249104827e+04 +3.249104827e+04 +2.9654e+00 -3.1657e+00 +2.7969e+00
4 0 +1.056247867e+04 +1.055621867e+04 +1.055621867e+04 +1.5089e+00 -4.4359e+00 +2.2200e+00
14 0 +6.724191908e+01 +6.098191908e+01 +6.098191908e+01 +1.8326e+00 +1.1000e+00 +3.3319e+00
28 0 +1.240579485e+01 +6.145794853e+00 +6.145794853e+00 -5.0549e-01 -4.0459e+00 -1.2918e+00
148 0 +4.435916815e+00 -1.824083185e+00 -1.824083185e+00 -5.0549e-01 -3.1620e+00 -1.2918e+00
266 0 +2.635248388e+00 -3.624751612e+00 -3.624751612e+00 -2.2985e-01 -2.5412e+00 -1.1374e+00
268 0 +1.181358947e+00 -5.078641053e+00 -5.078641053e+00 +6.9111e-02 -2.2186e+00 -1.2918e+00
530 0 +1.654502003e-01 -6.094549800e+00 -6.094549800e+00 +9.1772e-02 -2.0564e+00 -1.5334e+00
770 0 +1.424622885e-01 -6.117537712e+00 -6.117537712e+00 +1.0508e-01 -2.0538e+00 -1.5644e+00
909 0 +1.386981332e-01 -6.121301867e+00 -6.121301867e+00 +2.1591e-01 -2.0788e+00 -1.5783e+00
948 0 +1.186912469e-01 -6.141308753e+00 -6.141308753e+00 +2.3845e-01 -2.0044e+00 -1.5300e+00
1068 0 +1.086182723e-01 -6.151381728e+00 -6.151381728e+00 +2.6521e-01 -1.9890e+00 -1.5300e+00
1075 0 +1.047014434e-01 -6.155298557e+00 -6.155298557e+00 +2.7947e-01 -1.9580e+00 -1.5147e+00
1119 0 +8.558642063e-02 -6.174413579e+00 -6.174413579e+00 +2.2003e-01 -2.0456e+00 -1.5783e+00
1129 0 +2.582399100e-02 -6.234176009e+00 -6.234176009e+00 +2.5861e-01 -1.9358e+00 -1.5716e+00
1260 0 +2.356471491e-02 -6.236435285e+00 -6.236435285e+00 +3.0648e-01 -1.9391e+00 -1.5825e+00
1434 0 +1.507819763e-02 -6.244921802e+00 -6.244921802e+00 +2.9932e-01 -1.9197e+00 -1.5799e+00
1487 0 +1.308849382e-02 -6.246911506e+00 -6.246911506e+00 +2.7725e-01 -1.9390e+00 -1.5973e+00
1554 0 +1.268279691e-02 -6.247317203e+00 -6.247317203e+00 +2.8980e-01 -1.9105e+00 -1.5799e+00
1560 0 +1.122163056e-02 -6.248778369e+00 -6.248778369e+00 +2.8666e-01 -1.9420e+00 -1.6029e+00
1605 0 +9.373561125e-03 -6.250626439e+00 -6.250626439e+00 +2.8573e-01 -1.9364e+00 -1.6023e+00
1623 0 +8.876717082e-03 -6.251123283e+00 -6.251123283e+00 +2.8391e-01 -1.9129e+00 -1.5923e+00
1642 0 +6.068289958e-03 -6.253931710e+00 -6.253931710e+00 +3.2099e-01 -1.8923e+00 -1.5851e+00
1652 0 +4.512381951e-03 -6.255487618e+00 -6.255487618e+00 +3.1328e-01 -1.8952e+00 -1.5911e+00
1725 0 +3.100886306e-03 -6.256899114e+00 -6.256899114e+00 +3.0974e-01 -1.9107e+00 -1.6023e+00
1788 0 +2.373095920e-03 -6.257626904e+00 -6.257626904e+00 +3.1004e-01 -1.9015e+00 -1.6016e+00
1862 0 +1.645828715e-03 -6.258354171e+00 -6.258354171e+00 +3.1834e-01 -1.8964e+00 -1.6002e+00
1887 0 +1.539832809e-03 -6.258460167e+00 -6.258460167e+00 +3.1982e-01 -1.8986e+00 -1.6017e+00
1893 0 +1.038172048e-03 -6.258961828e+00 -6.258961828e+00 +3.2920e-01 -1.8835e+00 -1.5995e+00
1955 0 +8.819096359e-04 -6.259118090e+00 -6.259118090e+00 +3.2334e-01 -1.8917e+00 -1.6023e+00
2209 0 +8.678405634e-04 -6.259132159e+00 -6.259132159e+00 +3.2417e-01 -1.8898e+00 -1.6019e+00
2232 0 +7.164111800e-04 -6.259283589e+00 -6.259283589e+00 +3.2709e-01 -1.8976e+00 -1.6074e+00
2237 0 +5.987297121e-04 -6.259401270e+00 -6.259401270e+00 +3.3082e-01 -1.8891e+00 -1.6035e+00
2284 0 +4.046852690e-04 -6.259595315e+00 -6.259595315e+00 +3.3146e-01 -1.8897e+00 -1.6056e+00
2327 0 +2.694720986e-04 -6.259730528e+00 -6.259730528e+00 +3.3126e-01 -1.8891e+00 -1.6063e+00
2405 0 +2.523305665e-04 -6.259747669e+00 -6.259747669e+00 +3.2807e-01 -1.8937e+00 -1.6084e+00
2407 0 +1.526286152e-04 -6.259847371e+00 -6.259847371e+00 +3.2954e-01 -1.8926e+00 -1.6089e+00
2413 0 +1.052966831e-04 -6.259894703e+00 -6.259894703e+00 +3.2865e-01 -1.8903e+00 -1.6079e+00
2497 0 +6.304123300e-05 -6.259936959e+00 -6.259936959e+00 +3.2822e-01 -1.8921e+00 -1.6095e+00
2524 0 +4.199966064e-05 -6.259958000e+00 -6.259958000e+00 +3.3080e-01 -1.8887e+00 -1.6087e+00
2754 0 +3.450918053e-05 -6.259965491e+00 -6.259965491e+00 +3.2946e-01 -1.8915e+00 -1.6101e+00
2771 0 +6.961334202e-06 -6.259993039e+00 -6.259993039e+00 +3.2983e-01 -1.8901e+00 -1.6100e+00
2861 0 +4.060402103e-06 -6.259995940e+00 -6.259995940e+00 +3.2983e-01 -1.8901e+00 -1.6102e+00
3341 0 +3.274970755e-06 -6.259996725e+00 -6.259996725e+00 +3.2984e-01 -1.8900e+00 -1.6102e+00
3360 0 +1.196716799e-06 -6.259998803e+00 -6.259998803e+00 +3.3009e-01 -1.8899e+00 -1.6103e+00
3459 0 +9.260106433e-07 -6.259999074e+00 -6.259999074e+00 +3.3013e-01 -1.8898e+00 -1.6103e+00
3500 0 +9.891146036e-08 -6.259999901e+00 -6.259999901e+00 +3.3034e-01 -1.8896e+00 -1.6104e+00
3650 0 +5.965204952e-08 -6.259999940e+00 -6.259999940e+00 +3.3034e-01 -1.8897e+00 -1.6104e+00
4061 0 +5.668790060e-08 -6.259999943e+00 -6.259999943e+00 +3.3038e-01 -1.8896e+00 -1.6104e+00
4133 0 +4.525960140e-08 -6.259999955e+00 -6.259999955e+00 +3.3041e-01 -1.8896e+00 -1.6104e+00
4151 0 +3.556155814e-08 -6.259999964e+00 -6.259999964e+00 +3.3038e-01 -1.8896e+00 -1.6104e+00
4296 0 +3.388126402e-08 -6.259999966e+00 -6.259999966e+00 +3.3038e-01 -1.8896e+00 -1.6104e+00
4315 0 +3.143245220e-08 -6.259999969e+00 -6.259999969e+00 +3.3035e-01 -1.8896e+00 -1.6104e+00
4326 0 +8.729566403e-09 -6.259999991e+00 -6.259999991e+00 +3.3038e-01 -1.8896e+00 -1.6104e+00
6357 0 +3.428368700e-13 -6.260000000e+00 -6.260000000e+00 +3.3040e-01 -1.8896e+00 -1.6104e+00
8036 0 +0.000000000e+00 -6.260000000e+00 -6.260000000e+00 +3.3040e-01 -1.8896e+00 -1.6104e+00
9840 0 +0.000000000e+00 -6.260000000e+00 -6.260000000e+00 +3.3040e-01 -1.8896e+00 -1.6104e+00
% f evaluations | g evaluations | best noise-free fitness - Fopt (1.838600000000e+02) + sum g_i+ | measured fitness | best measured fitness or single-digit g-values | x1 | x2...
1 0 +9.850966270e+04 +9.869352270e+04 +9.869352270e+04 +2.9654e+00 -3.1657e+00 +2.7969e+00
4 0 +3.475754991e+04 +3.494140991e+04 +3.494140991e+04 +1.5089e+00 -4.4359e+00 +2.2200e+00
17 0 +6.663220906e+02 +8.501820906e+02 +8.501820906e+02 +6.7700e-01 -4.6869e+00 +3.4228e+00
43 0 +9.741555554e+00 +1.936015556e+02 +1.936015556e+02 -1.5302e+00 -4.3446e+00 +3.4176e+00
126 0 +6.522501185e+00 +1.903825012e+02 +1.903825012e+02 -4.3268e-01 -4.9616e+00 +4.0680e+00
173 0 +2.302258700e+00 +1.861622587e+02 +1.861622587e+02 -1.6603e-01 -4.7561e+00 +3.3114e+00
230 0 +1.623689045e+00 +1.854836890e+02 +1.854836890e+02 -5.9930e-02 -4.5355e+00 +3.8114e+00
318 0 +1.495089369e+00 +1.853550894e+02 +1.853550894e+02 -1.1878e-01 -4.4396e+00 +3.8417e+00
327 0 +1.287759240e+00 +1.851477592e+02 +1.851477592e+02 +1.2598e-01 -4.6291e+00 +3.4448e+00
337 0 +7.776035715e-01 +1.846376036e+02 +1.846376036e+02 -6.6543e-02 -4.0611e+00 +3.6646e+00
390 0 +3.593702271e-01 +1.842193702e+02 +1.842193702e+02 +2.5019e-01 -4.2069e+00 +3.7716e+00
499 0 +1.964900862e-01 +1.840564901e+02 +1.840564901e+02 +8.6177e-02 -3.8791e+00 +3.8900e+00
601 0 +1.114469652e-01 +1.839714470e+02 +1.839714470e+02 +2.4599e-01 -3.9865e+00 +3.8504e+00
603 0 +2.687406052e-02 +1.838868741e+02 +1.838868741e+02 +2.3445e-01 -3.8063e+00 +3.8975e+00
967 0 +1.558500773e-02 +1.838755850e+02 +1.838755850e+02 +2.7487e-01 -3.8309e+00 +3.9161e+00
1281 0 +8.132544060e-03 +1.838681325e+02 +1.838681325e+02 +2.7694e-01 -3.8043e+00 +3.9107e+00
1413 0 +5.581194482e-03 +1.838655812e+02 +1.838655812e+02 +2.8900e-01 -3.8063e+00 +3.9123e+00
1467 0 +4.982606299e-03 +1.838649826e+02 +1.838649826e+02 +2.8616e-01 -3.8006e+00 +3.9265e+00
1558 0 +3.186248298e-03 +1.838631862e+02 +1.838631862e+02 +2.8357e-01 -3.7884e+00 +3.9299e+00
1683 0 +2.415388535e-03 +1.838624154e+02 +1.838624154e+02 +2.7870e-01 -3.7717e+00 +3.9403e+00
1785 0 +2.283453419e-03 +1.838622835e+02 +1.838622835e+02 +2.9460e-01 -3.7870e+00 +3.9250e+00
1833 0 +9.158006438e-04 +1.838609158e+02 +1.838609158e+02 +2.8873e-01 -3.7717e+00 +3.9306e+00
1844 0 +7.823643353e-04 +1.838607824e+02 +1.838607824e+02 +2.9375e-01 -3.7741e+00 +3.9313e+00
1949 0 +4.104749196e-04 +1.838604105e+02 +1.838604105e+02 +2.8900e-01 -3.7665e+00 +3.9354e+00
2099 0 +3.296886863e-04 +1.838603297e+02 +1.838603297e+02 +2.9185e-01 -3.7665e+00 +3.9348e+00
2139 0 +2.952949207e-04 +1.838602953e+02 +1.838602953e+02 +2.9235e-01 -3.7681e+00 +3.9364e+00
2228 0 +2.944861269e-04 +1.838602945e+02 +1.838602945e+02 +2.9311e-01 -3.7680e+00 +3.9368e+00
2282 0 +2.817480866e-04 +1.838602817e+02 +1.838602817e+02 +2.9082e-01 -3.7664e+00 +3.9352e+00
2303 0 +2.642128015e-04 +1.838602642e+02 +1.838602642e+02 +2.8844e-01 -3.7628e+00 +3.9394e+00
2333 0 +1.889363435e-04 +1.838601889e+02 +1.838601889e+02 +2.8844e-01 -3.7609e+00 +3.9394e+00
2354 0 +1.454420965e-04 +1.838601454e+02 +1.838601454e+02 +2.9294e-01 -3.7645e+00 +3.9368e+00
2384 0 +1.436754465e-04 +1.838601437e+02 +1.838601437e+02 +2.9294e-01 -3.7645e+00 +3.9369e+00
2440 0 +1.402136370e-04 +1.838601402e+02 +1.838601402e+02 +2.9195e-01 -3.7643e+00 +3.9378e+00
2474 0 +1.252364275e-04 +1.838601252e+02 +1.838601252e+02 +2.9281e-01 -3.7601e+00 +3.9404e+00
2500 0 +1.013754099e-04 +1.838601014e+02 +1.838601014e+02 +2.9378e-01 -3.7635e+00 +3.9377e+00
2555 0 +8.666821554e-05 +1.838600867e+02 +1.838600867e+02 +2.9061e-01 -3.7613e+00 +3.9390e+00
2588 0 +4.323048731e-05 +1.838600432e+02 +1.838600432e+02 +2.9098e-01 -3.7596e+00 +3.9405e+00
2674 0 +2.947026866e-05 +1.838600295e+02 +1.838600295e+02 +2.9194e-01 -3.7603e+00 +3.9402e+00
2704 0 +1.630876901e-05 +1.838600163e+02 +1.838600163e+02 +2.9194e-01 -3.7597e+00 +3.9402e+00
2884 0 +1.208082799e-05 +1.838600121e+02 +1.838600121e+02 +2.9194e-01 -3.7591e+00 +3.9406e+00
2957 0 +1.659701354e-06 +1.838600017e+02 +1.838600017e+02 +2.9259e-01 -3.7588e+00 +3.9406e+00
3311 0 +3.592911071e-07 +1.838600004e+02 +1.838600004e+02 +2.9273e-01 -3.7586e+00 +3.9407e+00
3347 0 +3.015067591e-07 +1.838600003e+02 +1.838600003e+02 +2.9270e-01 -3.7585e+00 +3.9407e+00
3578 0 +4.505545803e-08 +1.838600000e+02 +1.838600000e+02 +2.9278e-01 -3.7585e+00 +3.9408e+00
3861 0 +4.100763817e-08 +1.838600000e+02 +1.838600000e+02 +2.9278e-01 -3.7585e+00 +3.9408e+00
4066 0 +3.519784286e-08 +1.838600000e+02 +1.838600000e+02 +2.9277e-01 -3.7584e+00 +3.9408e+00
4131 0 +2.996208082e-08 +1.838600000e+02 +1.838600000e+02 +2.9279e-01 -3.7585e+00 +3.9408e+00
4178 0 +2.390635245e-08 +1.838600000e+02 +1.838600000e+02 +2.9277e-01 -3.7584e+00 +3.9408e+00
4208 0 +2.049480941e-08 +1.838600000e+02 +1.838600000e+02 +2.9277e-01 -3.7584e+00 +3.9408e+00
4221 0 +1.118306159e-08 +1.838600000e+02 +1.838600000e+02 +2.9279e-01 -3.7584e+00 +3.9408e+00
4298 0 +5.776911394e-09 +1.838600000e+02 +1.838600000e+02 +2.9280e-01 -3.7584e+00 +3.9408e+00
6487 0 +3.126388037e-13 +1.838600000e+02 +1.838600000e+02 +2.9280e-01 -3.7584e+00 +3.9408e+00
7467 0 +0.000000000e+00 +1.838600000e+02 +1.838600000e+02 +2.9280e-01 -3.7584e+00 +3.9408e+00
8700 0 +0.000000000e+00 +1.838600000e+02 +1.838600000e+02 +2.9280e-01 -3.7584e+00 +3.9408e+00
