% f evaluations | g evaluations | best noise-free fitness - Fopt (2.997000000000e+01) + sum g_i+ | measured fitness | best measured fitness or single-digit g-values | x1 | x2...
1 0 +3.914479279e+02 +4.214179279e+02 +4.214179279e+02 +2.7396e+00 -6.1122e-01
4 0 +1.130036637e+02 +1.429736637e+02 +1.429736637e+02 +2.6114e+00 +2.8606e+00
14 0 +9.400824389e+01 +1.239782439e+02 +1.239782439e+02 -3.3279e-01 -4.5620e+00
28 0 +8.750569734e+01 +1.174756973e+02 +1.174756973e+02 +2.0517e+00 +2.8073e+00
33 0 +6.432988765e+01 +9.429988765e+01 +9.429988765e+01 +1.3472e+00 +5.3579e-01
34 0 +5.206992998e+01 +8.203992998e+01 +8.203992998e+01 +5.9207e-01 -1.9605e+00
38 0 +3.558033781e+01 +6.555033781e+01 +6.555033781e+01 +1.9491e+00 +1.9737e+00
43 0 +1.930442758e+01 +4.927442758e+01 +4.927442758e+01 +1.4387e+00 +2.9528e-01
45 0 +8.321765972e+00 +3.829176597e+01 +3.829176597e+01 +7.2992e-01 -2.2728e+00
73 0 +2.267403093e+00 +3.223740309e+01 +3.223740309e+01 +9.2442e-01 -1.5133e+00
341 0 +1.948146580e+00 +3.191814658e+01 +3.191814658e+01 +7.7513e-01 -2.0038e+00
426 0 +1.766213223e+00 +3.173621322e+01 +3.173621322e+01 +8.9210e-01 -1.6241e+00
517 0 +1.275188859e+00 +3.124518886e+01 +3.124518886e+01 +8.8900e-01 -1.6404e+00
878 0 +5.325487971e-01 +3.050254880e+01 +3.050254880e+01 +1.0057e+00 -1.2804e+00
996 0 +1.596944622e-02 +2.998596945e+01 +2.998596945e+01 +8.6111e-01 -1.7471e+00
1813 0 +9.522265182e-03 +2.997952227e+01 +2.997952227e+01 +8.9083e-01 -1.6505e+00
1814 0 +7.806300288e-03 +2.997780630e+01 +2.997780630e+01 +8.5289e-01 -1.7740e+00
1817 0 +6.915537091e-03 +2.997691554e+01 +2.997691554e+01 +8.6906e-01 -1.7214e+00
1819 0 +9.143027600e-04 +2.997091430e+01 +2.997091430e+01 +8.7590e-01 -1.6991e+00
1825 0 +8.489267290e-04 +2.997084893e+01 +2.997084893e+01 +8.6767e-01 -1.7259e+00
1827 0 +6.428331424e-04 +2.997064283e+01 +2.997064283e+01 +8.7298e-01 -1.7086e+00
1829 0 +3.424059574e-04 +2.997034241e+01 +2.997034241e+01 +8.7311e-01 -1.7082e+00
1831 0 +3.082878006e-04 +2.997030829e+01 +2.997030829e+01 +8.7573e-01 -1.6997e+00
1835 0 +1.777761464e-05 +2.997001778e+01 +2.997001778e+01 +8.7392e-01 -1.7056e+00
1843 0 +1.656435309e-05 +2.997001656e+01 +2.997001656e+01 +8.7524e-01 -1.7013e+00
1847 0 +7.702498248e-06 +2.997000770e+01 +2.997000770e+01 +8.7471e-01 -1.7030e+00
1849 0 +6.821866169e-06 +2.997000682e+01 +2.997000682e+01 +8.7445e-01 -1.7039e+00
1851 0 +2.485550123e-06 +2.997000249e+01 +2.997000249e+01 +8.7425e-01 -1.7045e+00
1853 0 +2.167895275e-06 +2.997000217e+01 +2.997000217e+01 +8.7453e-01 -1.7036e+00
1857 0 +9.621718142e-07 +2.997000096e+01 +2.997000096e+01 +8.7436e-01 -1.7041e+00
1859 0 +5.050097087e-07 +2.997000051e+01 +2.997000051e+01 +8.7443e-01 -1.7039e+00
1863 0 +2.092668154e-07 +2.997000021e+01 +2.997000021e+01 +8.7437e-01 -1.7041e+00
1866 0 +1.287263736e-07 +2.997000013e+01 +2.997000013e+01 +8.7443e-01 -1.7039e+00
1868 0 +1.170993187e-07 +2.997000012e+01 +2.997000012e+01 +8.7436e-01 -1.7041e+00
1870 0 +4.968093137e-08 +2.997000005e+01 +2.997000005e+01 +8.7438e-01 -1.7041e+00
1874 0 +3.036619134e-08 +2.997000003e+01 +2.997000003e+01 +8.7441e-01 -1.7040e+00
1876 0 +1.642145264e-08 +2.997000002e+01 +2.997000002e+01 +8.7440e-01 -1.7040e+00
1878 0 +1.549375739e-08 +2.997000002e+01 +2.997000002e+01 +8.7441e-01 -1.7040e+00
1880 0 +8.037503108e-09 +2.997000001e+01 +2.997000001e+01 +8.7441e-01 -1.7040e+00
1925 0 +7.460698725e-13 +2.997000000e+01 +2.997000000e+01 +8.7440e-01 -1.7040e+00
3490 0 +0.000000000e+00 +2.997000000e+01 +2.997000000e+01 +8.7440e-01 -1.7040e+00
8000 0 +0.000000000e+00 +2.997000000e+01 +2.997000000e+01 +8.7440e-01 -1.7040e+00
% f evaluations | g evaluations | best noise-free fitness - Fopt (-5.171000000000e+01) + sum g_i+ | measured fitness | best measured fitness or single-digit g-values | x1 | x2...
1 0 +5.346178944e+02 +4.829078944e+02 +4.829078944e+02 +2.7396e+00 -6.1122e-01
2 0 +2.563413773e+02 +2.046313773e+02 +2.046313773e+02 +3.5860e+00 +1.9737e+00
4 0 +3.066753090e+01 -2.104246910e+01 -2.104246910e+01 +2.6114e+00 +2.8606e+00
73 0 +2.954882624e+01 -2.216117376e+01 -2.216117376e+01 +2.8059e+00 +3.6201e+00
86 0 +2.954882624e+01 -2.216117376e+01 -2.216117376e+01 +2.8059e+00 +3.6201e+00
% f evaluations | g evaluations | best noise-free fitness - Fopt (-2.799500000000e+02) + sum g_i+ | measured fitness | best measured fitness or single-digit g-values | x1 | x2...
1 0 +2.908220266e+02 +1.087202661e+01 +1.087202661e+01 +2.7396e+00 -6.1122e-01
8 0 +5.137235695e+01 -2.285776430e+02 -2.285776430e+02 -5.6586e-01 -2.7276e+00
30 0 +1.999430427e+01 -2.599556957e+02 -2.599556957e+02 -3.6020e+00 -3.8547e+00
86 0 +1.999430427e+01 -2.599556957e+02 -2.599556957e+02 -3.6020e+00 -3.8547e+00
% f evaluations | g evaluations | best noise-free fitness - Fopt (9.319900000000e+02) + sum g_i+ | measured fitness | best measured fitness or single-digit g-values | x1 | x2...
1 0 +1.213417989e+02 +1.053331799e+03 +1.053331799e+03 +2.7396e+00 -6.1122e-01
33 0 +4.364553748e+01 +9.756355375e+02 +9.756355375e+02 +1.3472e+00 +5.3579e-01
69 0 +1.439985411e+01 +9.463898541e+02 +9.463898541e+02 +1.3472e+00 +9.9296e-01
102 0 +1.170602092e+01 +9.436960209e+02 +9.436960209e+02 +1.5879e+00 +6.8741e-01
155 0 +6.233125720e+00 +9.382231257e+02 +9.382231257e+02 +1.4142e+00 +8.0207e-01
219 0 +2.145641673e+00 +9.341356417e+02 +9.341356417e+02 +1.3256e+00 +8.7172e-01
655 0 +6.722240900e-01 +9.326622241e+02 +9.326622241e+02 +1.4987e+00 +8.1121e-01
771 0 +8.927947418e-02 +9.320792795e+02 +9.320792795e+02 +1.2688e+00 +9.1318e-01
853 0 +4.613724440e-02 +9.320361372e+02 +9.320361372e+02 +1.3569e+00 +8.7502e-01
945 0 +1.167577090e-02 +9.320016758e+02 +9.320016758e+02 +1.3605e+00 +8.7390e-01
1454 0 +1.072725550e-02 +9.320007273e+02 +9.320007273e+02 +1.3572e+00 +8.7517e-01
1559 0 +3.438759880e-03 +9.319934388e+02 +9.319934388e+02 +1.3374e+00 +8.8367e-01
1621 0 +1.831271698e-03 +9.319918313e+02 +9.319918313e+02 +1.3383e+00 +8.8326e-01
1634 0 +4.172447746e-04 +9.319904172e+02 +9.319904172e+02 +1.3446e+00 +8.8058e-01
1965 0 +6.399344431e-05 +9.319900640e+02 +9.319900640e+02 +1.3361e+00 +8.8418e-01
1992 0 +3.963642121e-05 +9.319900396e+02 +9.319900396e+02 +1.3382e+00 +8.8327e-01
2535 0 +3.630759704e-05 +9.319900363e+02 +9.319900363e+02 +1.3373e+00 +8.8365e-01
2566 0 +1.475387887e-05 +9.319900148e+02 +9.319900148e+02 +1.3399e+00 +8.8257e-01
2606 0 +4.139454859e-07 +9.319900004e+02 +9.319900004e+02 +1.3382e+00 +8.8327e-01
3058 0 +2.459644293e-07 +9.319900002e+02 +9.319900002e+02 +1.3382e+00 +8.8328e-01
3078 0 +2.356673576e-07 +9.319900002e+02 +9.319900002e+02 +1.3383e+00 +8.8323e-01
3128 0 +6.076982118e-08 +9.319900001e+02 +9.319900001e+02 +1.3384e+00 +8.8319e-01
3347 0 +4.473133686e-08 +9.319900000e+02 +9.319900000e+02 +1.3384e+00 +8.8320e-01
3440 0 +3.842683327e-08 +9.319900000e+02 +9.319900000e+02 +1.3385e+00 +8.8318e-01
3463 0 +2.909871455e-08 +9.319900000e+02 +9.319900000e+02 +1.3384e+00 +8.8318e-01
3524 0 +1.482442258e-08 +9.319900000e+02 +9.319900000e+02 +1.3384e+00 +8.8320e-01
3525 0 +8.779807104e-09 +9.319900000e+02 +9.319900000e+02 +1.3384e+00 +8.8321e-01
4353 0 +4.547473509e-13 +9.319900000e+02 +9.319900000e+02 +1.3384e+00 +8.8320e-01
4638 0 +0.000000000e+00 +9.319900000e+02 +9.319900000e+02 +1.3384e+00 +8.8320e-01
8000 0 +0.000000000e+00 +9.319900000e+02 +9.319900000e+02 +1.3384e+00 +8.8320e-01
% f evaluations | g evaluations | best noise-free fitness - Fopt (1.133100000000e+02) + sum g_i+ | measured fitness | best measured fitness or single-digit g-values | x1 | x2...
1 0 +1.015262417e+03 +1.128572417e+03 +1.128572417e+03 +2.7396e+00 -6.1122e-01
2 0 +4.254633206e+02 +5.387733206e+02 +5.387733206e+02 +3.5860e+00 +1.9737e+00
4 0 +1.147395073e+02 +2.280495073e+02 +2.280495073e+02 +2.6114e+00 +2.8606e+00
7 0 +7.217644849e+01 +1.854864485e+02 +1.854864485e+02 +1.4387e+00 +3.2276e+00
12 0 +2.554019930e+01 +1.388501993e+02 +1.388501993e+02 +4.7070e+00 +3.9312e+00
32 0 +1.352770459e+01 +1.268377046e+02 +1.268377046e+02 +6.5236e-01 +2.6500e+00
127 0 +4.920638230e+00 +1.182306382e+02 +1.182306382e+02 +1.7860e+00 +3.0728e+00
301 0 +4.559926005e+00 +1.178699260e+02 +1.178699260e+02 +2.7813e+00 +3.3569e+00
339 0 +4.021731222e+00 +1.173317312e+02 +1.173317312e+02 +3.4109e+00 +3.5685e+00
447 0 +3.335723736e+00 +1.166457237e+02 +1.166457237e+02 +2.8437e+00 +3.4027e+00
573 0 +3.173071917e+00 +1.164830719e+02 +1.164830719e+02 +2.5225e+00 +3.2778e+00
580 0 +3.022312224e+00 +1.163323122e+02 +1.163323122e+02 +1.2826e+00 +2.9000e+00
631 0 +2.631512066e+00 +1.159415121e+02 +1.159415121e+02 +1.4056e+00 +2.9248e+00
666 0 +2.107909081e+00 +1.154179091e+02 +1.154179091e+02 +3.2527e+00 +3.5237e+00
679 0 +7.179740000e-01 +1.140279740e+02 +1.140279740e+02 +1.4861e+00 +2.9579e+00
825 0 +5.990613803e-01 +1.139090614e+02 +1.139090614e+02 +2.1254e+00 +3.1601e+00
872 0 +3.480301532e-01 +1.136580302e+02 +1.136580302e+02 +2.0349e+00 +3.1348e+00
991 0 +2.476258344e-01 +1.135576258e+02 +1.135576258e+02 +1.7659e+00 +3.0473e+00
1038 0 +6.835869487e-02 +1.133783587e+02 +1.133783587e+02 +2.0700e+00 +3.1450e+00
1230 0 +6.741820016e-02 +1.133774182e+02 +1.133774182e+02 +2.0401e+00 +3.1349e+00
1241 0 +1.989481868e-02 +1.133298948e+02 +1.133298948e+02 +2.1466e+00 +3.1692e+00
1331 0 +1.497544009e-02 +1.133249754e+02 +1.133249754e+02 +2.0708e+00 +3.1449e+00
1395 0 +5.948430483e-03 +1.133159484e+02 +1.133159484e+02 +2.1236e+00 +3.1619e+00
1621 0 +4.407164132e-03 +1.133144072e+02 +1.133144072e+02 +2.1153e+00 +3.1592e+00
1643 0 +3.156509530e-03 +1.133131565e+02 +1.133131565e+02 +2.1578e+00 +3.1728e+00
1660 0 +5.586802417e-04 +1.133105587e+02 +1.133105587e+02 +2.1407e+00 +3.1674e+00
2002 0 +5.422302316e-04 +1.133105422e+02 +1.133105422e+02 +2.1267e+00 +3.1629e+00
2022 0 +3.938002378e-05 +1.133100394e+02 +1.133100394e+02 +2.1374e+00 +3.1663e+00
2121 0 +3.303400385e-05 +1.133100330e+02 +1.133100330e+02 +2.1377e+00 +3.1664e+00
2469 0 +2.161114183e-05 +1.133100216e+02 +1.133100216e+02 +2.1334e+00 +3.1650e+00
2487 0 +1.687977792e-05 +1.133100169e+02 +1.133100169e+02 +2.1361e+00 +3.1659e+00
2497 0 +3.473764494e-06 +1.133100035e+02 +1.133100035e+02 +2.1350e+00 +3.1655e+00
2741 0 +2.534988852e-06 +1.133100025e+02 +1.133100025e+02 +2.1358e+00 +3.1658e+00
2784 0 +1.928827245e-06 +1.133100019e+02 +1.133100019e+02 +2.1350e+00 +3.1655e+00
2838 0 +1.883885986e-06 +1.133100019e+02 +1.133100019e+02 +2.1348e+00 +3.1655e+00
2904 0 +1.036009479e-06 +1.133100010e+02 +1.133100010e+02 +2.1348e+00 +3.1655e+00
2927 0 +7.381600255e-07 +1.133100007e+02 +1.133100007e+02 +2.1345e+00 +3.1654e+00
2970 0 +4.082979785e-07 +1.133100004e+02 +1.133100004e+02 +2.1348e+00 +3.1655e+00
3022 0 +3.976512772e-07 +1.133100004e+02 +1.133100004e+02 +2.1348e+00 +3.1655e+00
3096 0 +1.727351417e-07 +1.133100002e+02 +1.133100002e+02 +2.1352e+00 +3.1656e+00
3170 0 +1.263788789e-07 +1.133100001e+02 +1.133100001e+02 +2.1352e+00 +3.1656e+00
3172 0 +1.767568847e-08 +1.133100000e+02 +1.133100000e+02 +2.1352e+00 +3.1656e+00
3281 0 +9.192277162e-09 +1.133100000e+02 +1.133100000e+02 +2.1352e+00 +3.1656e+00
4299 0 +8.810729923e-13 +1.133100000e+02 +1.133100000e+02 +2.1352e+00 +3.1656e+00
4625 0 +0.000000000e+00 +1.133100000e+02 +1.133100000e+02 +2.1352e+00 +3.1656e+00
8000 0 +0.000000000e+00 +1.133100000e+02 +1.133100000e+02 +2.1352e+00 +3.1656e+00
% f evaluations | g evaluations | best noise-free fitness - Fopt (-3.000200000000e+02) + sum g_i+ | measured fitness | best measured fitness or single-digit g-values | x1 | x2...
1 0 +3.261310821e+02 +2.611108210e+01 +2.611108210e+01 +2.7396e+00 -6.1122e-01
10 0 +3.115510988e+02 +1.153109880e+01 +1.153109880e+01 +3.2763e+00 +1.3166e+00
20 0 +2.919518691e+02 -8.068130900e+00 -8.068130900e+00 -2.7309e+00 +1.6981e+00
29 0 +2.058976448e+01 -2.794302355e+02 -2.794302355e+02 -4.1084e-01 +6.8741e-01
33 0 +1.599702551e+01 -2.840229745e+02 -2.840229745e+02 +1.3472e+00 +5.3579e-01
86 0 +1.599702551e+01 -2.840229745e+02 -2.840229745e+02 +1.3472e+00 +5.3579e-01
% f evaluations | g evaluations | best noise-free fitness - Fopt (4.471000000000e+01) + sum g_i+ | measured fitness | best measured fitness or single-digit g-values | x1 | x2...
1 0 +1.169788924e+01 +5.640788924e+01 +5.640788924e+01 +2.7396e+00 -6.1122e-01
221 0 +9.901679710e+00 +5.461167971e+01 +5.461167971e+01 +3.5753e+00 -1.8987e+00
258 0 +3.759773438e+00 +4.846977344e+01 +4.846977344e+01 +2.8899e+00 -9.0409e-01
319 0 +2.374500750e+00 +4.708450075e+01 +4.708450075e+01 +3.1973e+00 -1.3746e+00
431 0 +1.272705579e+00 +4.598270558e+01 +4.598270558e+01 +3.0798e+00 -1.2151e+00
757 0 +1.039067715e+00 +4.574906772e+01 +4.574906772e+01 +2.8715e+00 -9.1442e-01
803 0 +5.493336922e-01 +4.525933369e+01 +4.525933369e+01 +3.0996e+00 -1.2308e+00
928 0 +9.542540945e-02 +4.480542541e+01 +4.480542541e+01 +2.9465e+00 -1.0260e+00
1257 0 +3.632530896e-03 +4.471363253e+01 +4.471363253e+01 +2.9174e+00 -9.8825e-01
1703 0 +8.540108536e-04 +4.471085401e+01 +4.471085401e+01 +2.9190e+00 -9.9037e-01
2238 0 +5.917646437e-04 +4.471059176e+01 +4.471059176e+01 +2.9162e+00 -9.8663e-01
2304 0 +4.399261131e-04 +4.471043993e+01 +4.471043993e+01 +2.9149e+00 -9.8494e-01
2368 0 +3.295131177e-04 +4.471032951e+01 +4.471032951e+01 +2.9190e+00 -9.9037e-01
2466 0 +4.114912664e-05 +4.471004115e+01 +4.471004115e+01 +2.9174e+00 -9.8832e-01
2699 0 +9.147394685e-06 +4.471000915e+01 +4.471000915e+01 +2.9157e+00 -9.8594e-01
2883 0 +3.504496448e-06 +4.471000350e+01 +4.471000350e+01 +2.9162e+00 -9.8667e-01
3096 0 +3.242851548e-06 +4.471000324e+01 +4.471000324e+01 +2.9163e+00 -9.8681e-01
3117 0 +1.889183721e-06 +4.471000189e+01 +4.471000189e+01 +2.9159e+00 -9.8623e-01
3173 0 +1.551814798e-06 +4.471000155e+01 +4.471000155e+01 +2.9160e+00 -9.8639e-01
3195 0 +1.163911229e-06 +4.471000116e+01 +4.471000116e+01 +2.9160e+00 -9.8636e-01
3225 0 +8.321218914e-07 +4.471000083e+01 +4.471000083e+01 +2.9159e+00 -9.8630e-01
3389 0 +7.944157616e-07 +4.471000079e+01 +4.471000079e+01 +2.9161e+00 -9.8654e-01
3408 0 +2.555870324e-07 +4.471000026e+01 +4.471000026e+01 +2.9159e+00 -9.8629e-01
3419 0 +7.565619597e-08 +4.471000008e+01 +4.471000008e+01 +2.9160e+00 -9.8639e-01
3620 0 +5.446080564e-08 +4.471000005e+01 +4.471000005e+01 +2.9160e+00 -9.8640e-01
3692 0 +3.307137320e-08 +4.471000003e+01 +4.471000003e+01 +2.9160e+00 -9.8636e-01
3722 0 +2.199433879e-08 +4.471000002e+01 +4.471000002e+01 +2.9160e+00 -9.8642e-01
3859 0 +1.806267846e-08 +4.471000002e+01 +4.471000002e+01 +2.9160e+00 -9.8636e-01
3906 0 +4.112465035e-09 +4.471000000e+01 +4.471000000e+01 +2.9160e+00 -9.8641e-01
4624 0 +4.902744877e-13 +4.471000000e+01 +4.471000000e+01 +2.9160e+00 -9.8640e-01
4939 0 +0.000000000e+00 +4.471000000e+01 +4.471000000e+01 +2.9160e+00 -9.8640e-01
8000 0 +0.000000000e+00 +4.471000000e+01 +4.471000000e+01 +2.9160e+00 -9.8640e-01
% f evaluations | g evaluations | best noise-free fitness - Fopt (-1.000000000000e+03) + sum g_i+ | measured fitness | best measured fitness or single-digit g-values | x1 | x2...
1 0 +1.219855956e+03 +2.198559561e+02 +2.198559561e+02 +2.7396e+00 -6.1122e-01
2 0 +9.756269611e+02 -2.437303891e+01 -2.437303891e+01 +3.5860e+00 +1.9737e+00
3 0 +6.177721005e+02 -3.822278995e+02 -3.822278995e+02 -4.0582e+00 +4.7562e+00
5 0 +9.284711863e+01 -9.071528814e+02 -9.071528814e+02 -3.7189e+00 -4.9614e-01
6 0 +8.599247273e+01 -9.140075273e+02 -9.140075273e+02 -1.2920e+00 +4.2676e+00
19 0 +6.176077700e+01 -9.382392230e+02 -9.382392230e+02 -3.7008e+00 -2.4295e-01
20 0 +1.978027145e+01 -9.802197286e+02 -9.802197286e+02 -2.7309e+00 +1.6981e+00
42 0 +1.924211104e+01 -9.807578890e+02 -9.807578890e+02 -1.2920e+00 +3.5270e+00
53 0 +4.098724670e+00 -9.959012753e+02 -9.959012753e+02 -2.7664e+00 +1.4527e+00
86 0 +4.098724670e+00 -9.959012753e+02 -9.959012753e+02 -2.7664e+00 +1.4527e+00
% f evaluations | g evaluations | best noise-free fitness - Fopt (3.042000000000e+02) + sum g_i+ | measured fitness | best measured fitness or single-digit g-values | x1 | x2...
1 0 +6.502098737e+02 +9.544098737e+02 +9.544098737e+02 +2.7396e+00 -6.1122e-01
2 0 +3.122833559e+02 +6.164833559e+02 +6.164833559e+02 +3.5860e+00 +1.9737e+00
3 0 +1.143220720e+02 +4.185220720e+02 +4.185220720e+02 -4.0582e+00 +4.7562e+00
21 0 +7.568755959e+01 +3.798875596e+02 +3.798875596e+02 -6.2848e-01 +3.3268e+00
73 0 +5.058742443e+01 +3.547874244e+02 +3.547874244e+02 -1.4502e-01 +2.7096e+00
110 0 +2.428231329e+01 +3.284823133e+02 +3.284823133e+02 -8.9420e-01 +2.8800e+00
132 0 +4.062076698e+00 +3.082620767e+02 +3.082620767e+02 -3.1282e+00 +3.7059e+00
233 0 +2.556693241e+00 +3.067566932e+02 +3.067566932e+02 -2.6637e+00 +3.5287e+00
240 0 +1.654748527e+00 +3.058547485e+02 +3.058547485e+02 -2.4076e+00 +3.4441e+00
621 0 +8.847332951e-01 +3.050847333e+02 +3.050847333e+02 -2.4386e+00 +3.4615e+00
698 0 +6.074804178e-01 +3.048074804e+02 +3.048074804e+02 -2.3312e+00 +3.4313e+00
870 0 +4.869701220e-01 +3.046869701e+02 +3.046869701e+02 -2.3709e+00 +3.4458e+00
891 0 +4.690205917e-01 +3.046690206e+02 +3.046690206e+02 -2.6287e+00 +3.5340e+00
962 0 +2.255692442e-01 +3.044255692e+02 +3.044255692e+02 -2.6002e+00 +3.5290e+00
1085 0 +8.034979723e-02 +3.042803498e+02 +3.042803498e+02 -2.5635e+00 +3.5145e+00
1089 0 +3.499330123e-02 +3.042349933e+02 +3.042349933e+02 -2.5100e+00 +3.4945e+00
1203 0 +2.798859396e-02 +3.042279886e+02 +3.042279886e+02 -2.5047e+00 +3.4925e+00
1346 0 +1.882507369e-02 +3.042188251e+02 +3.042188251e+02 -2.5216e+00 +3.4987e+00
1406 0 +1.290710333e-02 +3.042129071e+02 +3.042129071e+02 -2.5883e+00 +3.5229e+00
1555 0 +9.955917093e-03 +3.042099559e+02 +3.042099559e+02 -2.5389e+00 +3.5050e+00
1617 0 +7.665844527e-03 +3.042076658e+02 +3.042076658e+02 -2.5620e+00 +3.5133e+00
1676 0 +7.427701825e-03 +3.042074277e+02 +3.042074277e+02 -2.5569e+00 +3.5115e+00
1695 0 +7.246146117e-03 +3.042072461e+02 +3.042072461e+02 -2.5494e+00 +3.5088e+00
1731 0 +3.082835875e-03 +3.042030828e+02 +3.042030828e+02 -2.5528e+00 +3.5099e+00
1855 0 +1.369995569e-03 +3.042013700e+02 +3.042013700e+02 -2.5402e+00 +3.5054e+00
2026 0 +7.575811234e-04 +3.042007576e+02 +3.042007576e+02 -2.5551e+00 +3.5108e+00
2035 0 +4.469289103e-04 +3.042004469e+02 +3.042004469e+02 -2.5459e+00 +3.5075e+00
2063 0 +4.299555611e-04 +3.042004300e+02 +3.042004300e+02 -2.5562e+00 +3.5112e+00
2202 0 +2.195970720e-04 +3.042002196e+02 +3.042002196e+02 -2.5504e+00 +3.5091e+00
2329 0 +1.712233931e-04 +3.042001712e+02 +3.042001712e+02 -2.5452e+00 +3.5072e+00
2358 0 +1.323452826e-04 +3.042001323e+02 +3.042001323e+02 -2.5535e+00 +3.5102e+00
2359 0 +6.761167589e-05 +3.042000676e+02 +3.042000676e+02 -2.5492e+00 +3.5087e+00
2486 0 +4.975355949e-05 +3.042000498e+02 +3.042000498e+02 -2.5504e+00 +3.5091e+00
2540 0 +4.380913924e-05 +3.042000438e+02 +3.042000438e+02 -2.5501e+00 +3.5090e+00
2577 0 +3.484189568e-05 +3.042000348e+02 +3.042000348e+02 -2.5497e+00 +3.5088e+00
2597 0 +2.550865145e-05 +3.042000255e+02 +3.042000255e+02 -2.5492e+00 +3.5087e+00
2603 0 +5.919186833e-06 +3.042000059e+02 +3.042000059e+02 -2.5503e+00 +3.5091e+00
2717 0 +5.707734203e-06 +3.042000057e+02 +3.042000057e+02 -2.5499e+00 +3.5089e+00
2809 0 +5.459375984e-06 +3.042000055e+02 +3.042000055e+02 -2.5500e+00 +3.5090e+00
2834 0 +1.998612788e-06 +3.042000020e+02 +3.042000020e+02 -2.5491e+00 +3.5086e+00
2937 0 +1.763148987e-06 +3.042000018e+02 +3.042000018e+02 -2.5499e+00 +3.5089e+00
2979 0 +6.158861652e-07 +3.042000006e+02 +3.042000006e+02 -2.5495e+00 +3.5088e+00
3094 0 +1.293918217e-07 +3.042000001e+02 +3.042000001e+02 -2.5497e+00 +3.5088e+00
3316 0 +8.804306617e-08 +3.042000001e+02 +3.042000001e+02 -2.5496e+00 +3.5088e+00
3318 0 +8.587790035e-09 +3.042000000e+02 +3.042000000e+02 -2.5496e+00 +3.5088e+00
4363 0 +5.115907697e-13 +3.042000000e+02 +3.042000000e+02 -2.5496e+00 +3.5088e+00
4555 0 +0.000000000e+00 +3.042000000e+02 +3.042000000e+02 -2.5496e+00 +3.5088e+00
8000 0 +0.000000000e+00 +3.042000000e+02 +3.042000000e+02 -2.5496e+00 +3.5088e+00
% f evaluations | g evaluations | best noise-free fitness - Fopt (-1.046700000000e+02) + sum g_i+ | measured fitness | best measured fitness or single-digit g-values | x1 | x2...
1 0 +5.310963610e+02 +4.264263610e+02 +4.264263610e+02 +2.7396e+00 -6.1122e-01
2 0 +3.237043409e+02 +2.190343409e+02 +2.190343409e+02 +3.5860e+00 +1.9737e+00
4 0 +2.121072148e+02 +1.074372148e+02 +1.074372148e+02 +2.6114e+00 +2.8606e+00
15 0 +1.273989393e+02 +2.272893930e+01 +2.272893930e+01 -3.4571e+00 +1.8305e+00
20 0 +8.138691066e+01 -2.328308934e+01 -2.328308934e+01 -2.7309e+00 +1.6981e+00
53 0 +4.428442317e+01 -6.038557683e+01 -6.038557683e+01 -3.2220e+00 +7.9908e-01
55 0 +1.560456581e+01 -8.906543419e+01 -8.906543419e+01 -3.7008e+00 +8.5516e-01
86 0 +1.560456581e+01 -8.906543419e+01 -8.906543419e+01 -3.7008e+00 +8.5516e-01
% f evaluations | g evaluations | best noise-free fitness - Fopt (4.869500000000e+02) + sum g_i+ | measured fitness | best measured fitness or single-digit g-values | x1 | x2...
1 0 +8.098817324e+02 +1.296831732e+03 +1.296831732e+03 +2.7396e+00 -6.1122e-01
3 0 +2.511831967e+02 +7.381331967e+02 +7.381331967e+02 -4.0582e+00 +4.7562e+00
5 0 +3.310352668e+01 +5.200535267e+02 +5.200535267e+02 -3.7189e+00 -4.9614e-01
19 0 +3.167105642e+01 +5.186210564e+02 +5.186210564e+02 -3.7008e+00 -2.4295e-01
41 0 +1.444858219e+01 +5.013985822e+02 +5.013985822e+02 -4.1180e+00 -2.7916e-01
61 0 +6.905153592e+00 +4.938551536e+02 +4.938551536e+02 -3.8973e+00 +3.0070e-01
145 0 +3.053074207e+00 +4.900030742e+02 +4.900030742e+02 -4.0160e+00 -6.3283e-01
349 0 +1.499017711e+00 +4.884490177e+02 +4.884490177e+02 -3.9895e+00 -4.0232e-01
511 0 +1.188264415e+00 +4.881382644e+02 +4.881382644e+02 -3.9997e+00 -4.5788e-01
713 0 +9.685619023e-01 +4.879185619e+02 +4.879185619e+02 -3.9960e+00 -3.5706e-01
716 0 +5.482298048e-01 +4.874982298e+02 +4.874982298e+02 -3.9895e+00 -2.6941e-01
815 0 +4.210695624e-01 +4.873710696e+02 +4.873710696e+02 -3.9762e+00 -1.5708e-01
875 0 +2.704249797e-01 +4.872204250e+02 +4.872204250e+02 -3.9680e+00 +3.9759e-02
899 0 +1.516461624e-01 +4.871016462e+02 +4.871016462e+02 -3.9747e+00 -1.0277e-01
986 0 +1.486065461e-01 +4.870986065e+02 +4.870986065e+02 -3.9749e+00 -1.0535e-01
1048 0 +1.262076199e-01 +4.870762076e+02 +4.870762076e+02 -3.9718e+00 -2.4410e-02
1069 0 +2.871058003e-02 +4.869787106e+02 +4.869787106e+02 -3.9782e+00 -1.3602e-01
1201 0 +2.779901103e-02 +4.869777990e+02 +4.869777990e+02 -3.9782e+00 -1.3602e-01
1287 0 +1.726886798e-02 +4.869672689e+02 +4.869672689e+02 -3.9768e+00 -1.1555e-01
1335 0 +9.980966593e-03 +4.869599810e+02 +4.869599810e+02 -3.9731e+00 -5.6056e-02
1338 0 +3.157574794e-03 +4.869531576e+02 +4.869531576e+02 -3.9739e+00 -6.9489e-02
1577 0 +2.059632835e-03 +4.869520596e+02 +4.869520596e+02 -3.9760e+00 -1.0099e-01
1588 0 +4.154964710e-04 +4.869504155e+02 +4.869504155e+02 -3.9748e+00 -8.3211e-02
1833 0 +2.624986350e-04 +4.869502625e+02 +4.869502625e+02 -3.9752e+00 -8.8475e-02
1996 0 +2.510827906e-04 +4.869502511e+02 +4.869502511e+02 -3.9750e+00 -8.5772e-02
2032 0 +1.233034365e-04 +4.869501233e+02 +4.869501233e+02 -3.9753e+00 -9.0621e-02
2180 0 +5.919750993e-05 +4.869500592e+02 +4.869500592e+02 -3.9753e+00 -8.9905e-02
2312 0 +1.483196093e-05 +4.869500148e+02 +4.869500148e+02 -3.9752e+00 -8.8489e-02
2563 0 +1.555907602e-06 +4.869500016e+02 +4.869500016e+02 -3.9752e+00 -8.8436e-02
2764 0 +6.723208230e-07 +4.869500007e+02 +4.869500007e+02 -3.9752e+00 -8.8953e-02
2800 0 +3.323766009e-07 +4.869500003e+02 +4.869500003e+02 -3.9752e+00 -8.8759e-02
2896 0 +1.753056722e-07 +4.869500002e+02 +4.869500002e+02 -3.9752e+00 -8.8865e-02
3000 0 +1.532876013e-07 +4.869500002e+02 +4.869500002e+02 -3.9752e+00 -8.8734e-02
3100 0 +2.794052989e-08 +4.869500000e+02 +4.869500000e+02 -3.9752e+00 -8.8817e-02
3188 0 +2.390038389e-08 +4.869500000e+02 +4.869500000e+02 -3.9752e+00 -8.8850e-02
3335 0 +1.980799880e-08 +4.869500000e+02 +4.869500000e+02 -3.9752e+00 -8.8830e-02
3351 0 +4.377909590e-09 +4.869500000e+02 +4.869500000e+02 -3.9752e+00 -8.8810e-02
4345 0 +3.410605132e-13 +4.869500000e+02 +4.869500000e+02 -3.9752e+00 -8.8800e-02
4732 0 +0.000000000e+00 +4.869500000e+02 +4.869500000e+02 -3.9752e+00 -8.8800e-02
8000 0 +0.000000000e+00 +4.869500000e+02 +4.869500000e+02 -3.9752e+00 -8.8800e-02
% f evaluations | g evaluations | best noise-free fitness - Fopt (9.655000000000e+01) + sum g_i+ | measured fitness | best measured fitness or single-digit g-values | x1 | x2...
1 0 +4.567176581e+02 +5.532676581e+02 +5.532676581e+02 +2.7396e+00 -6.1122e-01
2 0 +4.219347322e+02 +5.184847322e+02 +5.184847322e+02 +3.5860e+00 +1.9737e+00
4 0 +1.215996288e+02 +2.181496288e+02 +2.181496288e+02 +2.6114e+00 +2.8606e+00
16 0 +5.060135453e+01 +1.471513545e+02 +1.471513545e+02 +2.4476e+00 +4.6751e+00
28 0 +3.467154746e+00 +1.000171547e+02 +1.000171547e+02 +2.0517e+00 +2.8073e+00
439 0 +3.001569623e+00 +9.955156962e+01 +9.955156962e+01 +2.1010e+00 +2.9619e+00
509 0 +1.810151264e+00 +9.836015126e+01 +9.836015126e+01 +2.1658e+00 +3.1544e+00
541 0 +2.007226234e-01 +9.675072262e+01 +9.675072262e+01 +2.2384e+00 +3.3639e+00
921 0 +1.156445571e-01 +9.666564456e+01 +9.666564456e+01 +2.1687e+00 +3.1396e+00
1210 0 +8.892061786e-02 +9.663892062e+01 +9.663892062e+01 +2.2311e+00 +3.3392e+00
1218 0 +3.760690435e-02 +9.658760690e+01 +9.658760690e+01 +2.2357e+00 +3.3524e+00
1221 0 +3.019963513e-02 +9.658019964e+01 +9.658019964e+01 +2.2392e+00 +3.3637e+00
1296 0 +2.279387040e-02 +9.657279387e+01 +9.657279387e+01 +2.2239e+00 +3.3148e+00
1313 0 +1.135100239e-02 +9.656135100e+01 +9.656135100e+01 +2.2329e+00 +3.3437e+00
1379 0 +7.819235877e-03 +9.655781924e+01 +9.655781924e+01 +2.2045e+00 +3.2531e+00
1661 0 +6.776098500e-03 +9.655677610e+01 +9.655677610e+01 +2.2268e+00 +3.3243e+00
1692 0 +3.930950367e-03 +9.655393095e+01 +9.655393095e+01 +2.2238e+00 +3.3147e+00
1698 0 +2.936497545e-03 +9.655293650e+01 +9.655293650e+01 +2.2075e+00 +3.2626e+00
1801 0 +1.093566271e-03 +9.655109357e+01 +9.655109357e+01 +2.2081e+00 +3.2646e+00
1997 0 +1.045925945e-03 +9.655104593e+01 +9.655104593e+01 +2.2171e+00 +3.2933e+00
2141 0 +7.279228235e-05 +9.655007279e+01 +9.655007279e+01 +2.2120e+00 +3.2770e+00
2515 0 +4.966528155e-05 +9.655004967e+01 +9.655004967e+01 +2.2109e+00 +3.2734e+00
2530 0 +1.804724837e-05 +9.655001805e+01 +9.655001805e+01 +2.2108e+00 +3.2731e+00
2687 0 +9.321384425e-06 +9.655000932e+01 +9.655000932e+01 +2.2110e+00 +3.2737e+00
2691 0 +2.622846196e-06 +9.655000262e+01 +9.655000262e+01 +2.2113e+00 +3.2749e+00
2790 0 +1.875092238e-06 +9.655000188e+01 +9.655000188e+01 +2.2114e+00 +3.2749e+00
2988 0 +1.696257684e-06 +9.655000170e+01 +9.655000170e+01 +2.2110e+00 +3.2737e+00
3033 0 +3.748806705e-07 +9.655000037e+01 +9.655000037e+01 +2.2111e+00 +3.2742e+00
3089 0 +2.298260569e-07 +9.655000023e+01 +9.655000023e+01 +2.2113e+00 +3.2747e+00
3318 0 +1.387439426e-07 +9.655000014e+01 +9.655000014e+01 +2.2112e+00 +3.2744e+00
3330 0 +9.689217961e-08 +9.655000010e+01 +9.655000010e+01 +2.2112e+00 +3.2743e+00
3379 0 +1.540531969e-08 +9.655000002e+01 +9.655000002e+01 +2.2112e+00 +3.2745e+00
3592 0 +5.962263572e-09 +9.655000001e+01 +9.655000001e+01 +2.2112e+00 +3.2744e+00
4362 0 +5.115907697e-13 +9.655000000e+01 +9.655000000e+01 +2.2112e+00 +3.2744e+00
4801 0 +0.000000000e+00 +9.655000000e+01 +9.655000000e+01 +2.2112e+00 +3.2744e+00
8000 0 +0.000000000e+00 +9.655000000e+01 +9.655000000e+01 +2.2112e+00 +3.2744e+00
% f evaluations | g evaluations | best noise-free fitness - Fopt (6.320000000000e+00) + sum g_i+ | measured fitness | best measured fitness or single-digit g-values | x1 | x2...
1 0 +1.528803314e+01 +2.160803314e+01 +2.160803314e+01 +2.7396e+00 -6.1122e-01
207 0 +1.250512353e+01 +1.882512353e+01 +1.882512353e+01 +4.0673e+00 -3.9756e+00
271 0 +6.218584358e+00 +1.253858436e+01 +1.253858436e+01 +2.8416e+00 -7.1417e-01
438 0 +4.478124978e+00 +1.079812498e+01 +1.079812498e+01 +3.1207e+00 -1.4590e+00
526 0 +1.360773399e+00 +7.680773399e+00 +7.680773399e+00 +3.6262e+00 -2.8575e+00
601 0 +9.540393665e-01 +7.274039367e+00 +7.274039367e+00 +3.2266e+00 -1.7963e+00
839 0 +7.055282767e-01 +7.025528277e+00 +7.025528277e+00 +3.3027e+00 -1.9828e+00
873 0 +2.660890429e-01 +6.586089043e+00 +6.586089043e+00 +3.3282e+00 -2.0611e+00
1074 0 +1.536868393e-01 +6.473686839e+00 +6.473686839e+00 +3.3824e+00 -2.2031e+00
1264 0 +7.975711401e-02 +6.399757114e+00 +6.399757114e+00 +3.3506e+00 -2.1189e+00
1305 0 +4.299105520e-02 +6.362991055e+00 +6.362991055e+00 +3.2846e+00 -1.9423e+00
1345 0 +2.375545025e-02 +6.343755450e+00 +6.343755450e+00 +3.3336e+00 -2.0731e+00
1507 0 +1.177803177e-02 +6.331778032e+00 +6.331778032e+00 +3.2614e+00 -1.8798e+00
1547 0 +2.770777676e-03 +6.322770778e+00 +6.322770778e+00 +3.2774e+00 -1.9226e+00
1909 0 +4.314252985e-04 +6.320431425e+00 +6.320431425e+00 +3.2919e+00 -1.9614e+00
2164 0 +2.607110635e-04 +6.320260711e+00 +6.320260711e+00 +3.2852e+00 -1.9433e+00
2192 0 +9.615946524e-05 +6.320096159e+00 +6.320096159e+00 +3.2923e+00 -1.9623e+00
2451 0 +3.816299227e-05 +6.320038163e+00 +6.320038163e+00 +3.2890e+00 -1.9535e+00
2606 0 +2.257361003e-05 +6.320022574e+00 +6.320022574e+00 +3.2888e+00 -1.9530e+00
2618 0 +1.081125539e-05 +6.320010811e+00 +6.320010811e+00 +3.2889e+00 -1.9532e+00
2745 0 +1.234213668e-06 +6.320001234e+00 +6.320001234e+00 +3.2896e+00 -1.9551e+00
2888 0 +5.292226692e-07 +6.320000529e+00 +6.320000529e+00 +3.2895e+00 -1.9549e+00
2977 0 +5.019432461e-07 +6.320000502e+00 +6.320000502e+00 +3.2895e+00 -1.9550e+00
3116 0 +2.823815679e-07 +6.320000282e+00 +6.320000282e+00 +3.2896e+00 -1.9551e+00
3239 0 +2.141717026e-08 +6.320000021e+00 +6.320000021e+00 +3.2896e+00 -1.9553e+00
3534 0 +8.773696436e-09 +6.320000009e+00 +6.320000009e+00 +3.2896e+00 -1.9553e+00
4613 0 +9.698908343e-13 +6.320000000e+00 +6.320000000e+00 +3.2896e+00 -1.9552e+00
5817 0 +0.000000000e+00 +6.320000000e+00 +6.320000000e+00 +3.2896e+00 -1.9552e+00
8000 0 +0.000000000e+00 +6.320000000e+00 +6.320000000e+00 +3.2896e+00 -1.9552e+00
% f evaluations | g evaluations | best noise-free fitness - Fopt (-1.275100000000e+02) + sum g_i+ | measured fitness | best measured fitness or single-digit g-values | x1 | x2...
1 0 +9.737833768e+02 +8.462733768e+02 +8.462733768e+02 +2.7396e+00 -6.1122e-01
2 0 +6.334302153e+02 +5.059202153e+02 +5.059202153e+02 +3.5860e+00 +1.9737e+00
4 0 +2.144637392e+02 +8.695373919e+01 +8.695373919e+01 +2.6114e+00 +2.8606e+00
17 0 +7.172840485e+01 -5.578159515e+01 -5.578159515e+01 -1.7417e+00 -1.2954e+00
69 0 +2.603462161e+01 -1.014753784e+02 -1.014753784e+02 -2.5613e-01 +5.3579e-01
86 0 +2.603462161e+01 -1.014753784e+02 -1.014753784e+02 -2.5613e-01 +5.3579e-01
% f evaluations | g evaluations | best noise-free fitness - Fopt (8.328000000000e+02) + sum g_i+ | measured fitness | best measured fitness or single-digit g-values | x1 | x2...
1 0 +8.436511941e+02 +1.676451194e+03 +1.676451194e+03 +2.7396e+00 -6.1122e-01
2 0 +2.887303507e+02 +1.121530351e+03 +1.121530351e+03 +3.5860e+00 +1.9737e+00
4 0 +1.974759919e+02 +1.030275992e+03 +1.030275992e+03 +2.6114e+00 +2.8606e+00
23 0 +1.480593107e+02 +9.808593107e+02 +9.808593107e+02 +3.3226e+00 +3.0476e+00
29 0 +4.286395241e+01 +8.756639524e+02 +8.756639524e+02 -4.1084e-01 +6.8741e-01
36 0 +2.097221105e+01 +8.537722111e+02 +8.537722111e+02 -2.8542e+00 -9.1471e-01
206 0 +1.157226785e+01 +8.443722678e+02 +8.443722678e+02 -2.5311e+00 -6.1122e-01
255 0 +9.370522779e+00 +8.421705228e+02 +8.421705228e+02 -2.5990e+00 -6.5794e-01
322 0 +7.449547535e+00 +8.402495475e+02 +8.402495475e+02 -4.5210e-01 +5.3560e-01
392 0 +4.745318201e+00 +8.375453182e+02 +8.375453182e+02 -1.2744e+00 +7.1173e-02
445 0 +8.490304379e-01 +8.336490304e+02 +8.336490304e+02 -2.5011e+00 -6.3343e-01
770 0 +5.735620242e-01 +8.333735620e+02 +8.333735620e+02 -2.3926e+00 -5.7552e-01
943 0 +3.202509072e-01 +8.331202509e+02 +8.331202509e+02 -3.0198e+00 -9.3170e-01
994 0 +1.259767526e-01 +8.329259768e+02 +8.329259768e+02 -2.8743e+00 -8.4983e-01
1287 0 +9.029138504e-02 +8.328902914e+02 +8.328902914e+02 -2.9094e+00 -8.6975e-01
1366 0 +8.911138767e-02 +8.328891114e+02 +8.328891114e+02 -2.7788e+00 -7.9516e-01
1374 0 +3.726453400e-02 +8.328372645e+02 +8.328372645e+02 -2.9019e+00 -8.6525e-01
1493 0 +2.636336645e-02 +8.328263634e+02 +8.328263634e+02 -2.7590e+00 -7.8343e-01
1589 0 +1.475285345e-02 +8.328147529e+02 +8.328147529e+02 -2.6885e+00 -7.4329e-01
1695 0 +1.202509376e-02 +8.328120251e+02 +8.328120251e+02 -2.8520e+00 -8.3667e-01
1735 0 +3.848666551e-03 +8.328038487e+02 +8.328038487e+02 -2.8185e+00 -8.1754e-01
1943 0 +9.458188808e-04 +8.328009458e+02 +8.328009458e+02 -2.7937e+00 -8.0339e-01
2159 0 +2.132528130e-05 +8.328000213e+02 +8.328000213e+02 -2.7724e+00 -7.9118e-01
2885 0 +1.814370376e-05 +8.328000181e+02 +8.328000181e+02 -2.7737e+00 -7.9193e-01
2887 0 +1.006743366e-05 +8.328000101e+02 +8.328000101e+02 -2.7755e+00 -7.9297e-01
2889 0 +5.142335908e-06 +8.328000051e+02 +8.328000051e+02 -2.7744e+00 -7.9235e-01
2891 0 +3.508629447e-06 +8.328000035e+02 +8.328000035e+02 -2.7756e+00 -7.9303e-01
2893 0 +3.073777975e-06 +8.328000031e+02 +8.328000031e+02 -2.7753e+00 -7.9283e-01
2895 0 +2.318569841e-06 +8.328000023e+02 +8.328000023e+02 -2.7749e+00 -7.9264e-01
2897 0 +1.460823000e-06 +8.328000015e+02 +8.328000015e+02 -2.7753e+00 -7.9288e-01
2899 0 +6.227833182e-07 +8.328000006e+02 +8.328000006e+02 -2.7752e+00 -7.9280e-01
2901 0 +5.811114079e-07 +8.328000006e+02 +8.328000006e+02 -2.7754e+00 -7.9294e-01
2903 0 +4.588993079e-07 +8.328000005e+02 +8.328000005e+02 -2.7753e+00 -7.9288e-01
2905 0 +3.391992323e-07 +8.328000003e+02 +8.328000003e+02 -2.7753e+00 -7.9285e-01
2907 0 +2.663906571e-07 +8.328000003e+02 +8.328000003e+02 -2.7754e+00 -7.9290e-01
2909 0 +1.038566779e-07 +8.328000001e+02 +8.328000001e+02 -2.7753e+00 -7.9288e-01
2912 0 +8.840277133e-08 +8.328000001e+02 +8.328000001e+02 -2.7754e+00 -7.9290e-01
2916 0 +3.896911949e-08 +8.328000000e+02 +8.328000000e+02 -2.7753e+00 -7.9288e-01
2917 0 +1.943681127e-08 +8.328000000e+02 +8.328000000e+02 -2.7753e+00 -7.9285e-01
2918 0 +1.206183242e-08 +8.328000000e+02 +8.328000000e+02 -2.7752e+00 -7.9282e-01
2923 0 +1.089688340e-08 +8.328000000e+02 +8.328000000e+02 -2.7752e+00 -7.9280e-01
2927 0 +3.956870387e-09 +8.328000000e+02 +8.328000000e+02 -2.7752e+00 -7.9280e-01
2972 0 +3.410605132e-13 +8.328000000e+02 +8.328000000e+02 -2.7752e+00 -7.9280e-01
2985 0 +0.000000000e+00 +8.328000000e+02 +8.328000000e+02 -2.7752e+00 -7.9280e-01
8000 0 +0.000000000e+00 +8.328000000e+02 +8.328000000e+02 -2.7752e+00 -7.9280e-01
