% f evaluations | g evaluations | best noise-free fitness - Fopt (1.238300000000e+02) + sum g_i+ | measured fitness | best measured fitness or single-digit g-values | x1 | x2...
1 0 +4.740847374e+04 +4.753230374e+04 +4.753230374e+04 -2.9822e+00 +3.3400e+00 +1.5821e+00
2 0 +1.459481820e+04 +1.471864820e+04 +1.471864820e+04 -1.3775e+00 -4.5722e+00 -6.9113e-01
3 0 +1.309819259e+04 +1.322202259e+04 +1.322202259e+04 +2.2939e+00 +3.8420e+00 -4.7325e+00
5 0 +9.683379325e+03 +9.807209325e+03 +9.807209325e+03 -1.0635e+00 +8.0692e-01 -3.9009e+00
7 0 +5.629556760e+03 +5.753386760e+03 +5.753386760e+03 -4.6212e-02 -2.1535e+00 -3.1269e+00
14 0 +4.043277044e+03 +4.167107044e+03 +4.167107044e+03 +3.1202e+00 +3.6216e+00 -2.0856e+00
18 0 +2.743190138e+03 +2.867020138e+03 +2.867020138e+03 +1.9784e-01 +1.9878e+00 +1.4261e+00
20 0 +2.116937680e+02 +3.355237680e+02 +3.355237680e+02 +5.4465e-01 -1.9962e-01 -1.4571e+00
28 0 +4.413218093e+01 +1.679621809e+02 +1.679621809e+02 +1.8147e+00 +1.7170e+00 -3.9426e-01
128 0 +3.743234456e+01 +1.612623446e+02 +1.612623446e+02 +1.8499e+00 +1.7502e+00 -3.8663e-01
143 0 +1.698350453e+01 +1.408135045e+02 +1.408135045e+02 +2.0393e+00 +1.8634e+00 -1.5038e-01
160 0 +1.173875772e+01 +1.355687577e+02 +1.355687577e+02 +1.9983e+00 +1.8201e+00 -1.5724e-01
161 0 +2.497877960e+00 +1.263278780e+02 +1.263278780e+02 +1.8642e+00 +1.6958e+00 -2.0951e-01
185 0 +8.325220217e-01 +1.246625220e+02 +1.246625220e+02 +1.9247e+00 +1.7791e+00 -2.3293e-01
252 0 +7.125606556e-01 +1.245425607e+02 +1.245425607e+02 +1.9283e+00 +1.7869e+00 -2.3272e-01
343 0 +6.725346097e-01 +1.245025346e+02 +1.245025346e+02 +1.9309e+00 +1.7895e+00 -2.3114e-01
481 0 +6.159547010e-01 +1.244459547e+02 +1.244459547e+02 +1.9445e+00 +1.8019e+00 -2.3020e-01
605 0 +6.017352815e-01 +1.244317353e+02 +1.244317353e+02 +1.9501e+00 +1.8068e+00 -2.3232e-01
634 0 +5.835982634e-01 +1.244135983e+02 +1.244135983e+02 +1.9521e+00 +1.8112e+00 -2.3089e-01
679 0 +5.599385540e-01 +1.243899386e+02 +1.243899386e+02 +1.9543e+00 +1.8191e+00 -2.3027e-01
702 0 +5.282169433e-01 +1.243582169e+02 +1.243582169e+02 +1.9453e+00 +1.8188e+00 -2.3161e-01
849 0 +5.247753996e-01 +1.243547754e+02 +1.243547754e+02 +1.9424e+00 +1.8152e+00 -2.3165e-01
6813 0 +5.128604493e-01 +1.243428604e+02 +1.243428604e+02 +1.9218e+00 +1.8012e+00 -2.2451e-01
12051 0 +5.046414762e-01 +1.243346415e+02 +1.243346415e+02 +1.9066e+00 +1.7924e+00 -2.1949e-01
% f evaluations | g evaluations | best noise-free fitness - Fopt (4.751000000000e+01) + sum g_i+ | measured fitness | best measured fitness or single-digit g-values | x1 | x2...
1 0 +3.709295581e+04 +3.714046581e+04 +3.714046581e+04 +4.4484e+00 -4.0732e+00 -1.5036e+00
2 0 +4.890314032e+02 +5.365414032e+02 +5.365414032e+02 -2.9033e+00 +1.6859e+00 -2.3086e-01
30 0 +4.354760250e+02 +4.829860250e+02 +4.829860250e+02 -1.4231e+00 +1.6289e+00 +6.1541e-01
38 0 +4.077973758e+02 +4.553073758e+02 +4.553073758e+02 +7.1105e-01 -6.1590e-01 +1.0816e+00
65 0 +2.429650492e+02 +2.904750492e+02 +2.904750492e+02 +6.1082e-01 -1.0361e+00 +7.5204e-01
71 0 +9.467664900e+01 +1.421866490e+02 +1.421866490e+02 -1.3293e-01 -8.4308e-01 +1.6932e-01
110 0 +9.244111659e+01 +1.399511166e+02 +1.399511166e+02 -1.2170e-01 -8.3071e-01 +1.7861e-01
118 0 +6.933224805e+01 +1.168422480e+02 +1.168422480e+02 -1.2833e-01 -5.9596e-01 +2.1611e-01
134 0 +2.693565857e+01 +7.444565857e+01 +7.444565857e+01 +6.4414e-02 -5.5482e-01 +1.9509e-01
157 0 +2.012246209e+01 +6.763246209e+01 +6.763246209e+01 +2.7849e-02 -6.1786e-01 +2.9352e-02
160 0 +6.247924097e+00 +5.375792410e+01 +5.375792410e+01 +1.4892e-01 -3.4809e-01 +2.1133e-01
202 0 +2.879624187e+00 +5.038962419e+01 +5.038962419e+01 +1.8192e-01 -2.9183e-01 +2.1697e-01
214 0 +1.085841548e+00 +4.859584155e+01 +4.859584155e+01 +1.6576e-01 -1.6592e-01 +2.4308e-01
257 0 +2.453450253e-01 +4.775534503e+01 +4.775534503e+01 +1.8014e-01 -8.0580e-02 +2.6706e-01
325 0 +2.172904832e-01 +4.772729048e+01 +4.772729048e+01 +2.0243e-01 +1.8276e-02 +3.4200e-01
344 0 +1.887293170e-01 +4.769872932e+01 +4.769872932e+01 +1.8439e-01 -5.7594e-02 +2.7304e-01
363 0 +1.760913681e-01 +4.768609137e+01 +4.768609137e+01 +1.8839e-01 -4.2444e-02 +2.8241e-01
454 0 +1.734303868e-01 +4.768343039e+01 +4.768343039e+01 +1.8745e-01 -4.4124e-02 +2.8255e-01
513 0 +1.693618711e-01 +4.767936187e+01 +4.767936187e+01 +1.9246e-01 -3.7653e-02 +2.8994e-01
657 0 +1.659167077e-01 +4.767591671e+01 +4.767591671e+01 +1.9073e-01 -5.2460e-02 +2.8406e-01
762 0 +1.603401906e-01 +4.767034019e+01 +4.767034019e+01 +1.9476e-01 -2.2689e-02 +3.0680e-01
816 0 +1.549556871e-01 +4.766495569e+01 +4.766495569e+01 +1.9525e-01 -1.1112e-02 +3.1914e-01
821 0 +1.518662773e-01 +4.766186628e+01 +4.766186628e+01 +1.9212e-01 -2.5592e-02 +3.0467e-01
857 0 +1.460032664e-01 +4.765600327e+01 +4.765600327e+01 +1.9285e-01 -1.1863e-04 +3.2220e-01
915 0 +1.427979975e-01 +4.765279800e+01 +4.765279800e+01 +1.9353e-01 +1.6309e-02 +3.3556e-01
926 0 +1.401319617e-01 +4.765013196e+01 +4.765013196e+01 +1.9401e-01 +4.4636e-02 +3.5776e-01
937 0 +1.374952961e-01 +4.764749530e+01 +4.764749530e+01 +1.8612e-01 -6.2275e-03 +3.1872e-01
952 0 +1.330234322e-01 +4.764302343e+01 +4.764302343e+01 +1.8835e-01 -3.4398e-04 +3.2301e-01
953 0 +1.308613114e-01 +4.764086131e+01 +4.764086131e+01 +1.8804e-01 +2.4998e-03 +3.2568e-01
954 0 +1.214773151e-01 +4.763147732e+01 +4.763147732e+01 +1.8721e-01 +2.4819e-02 +3.4836e-01
1022 0 +1.170393241e-01 +4.762703932e+01 +4.762703932e+01 +1.8767e-01 +3.7945e-02 +3.5881e-01
1122 0 +1.133441030e-01 +4.762334410e+01 +4.762334410e+01 +1.8688e-01 +3.5159e-02 +3.5303e-01
1154 0 +1.089414951e-01 +4.761894150e+01 +4.761894150e+01 +1.8721e-01 +4.5378e-02 +3.5765e-01
1210 0 +1.057380863e-01 +4.761573809e+01 +4.761573809e+01 +1.8832e-01 +7.4628e-02 +3.8348e-01
1284 0 +1.037138575e-01 +4.761371386e+01 +4.761371386e+01 +1.8738e-01 +6.1091e-02 +3.6934e-01
1356 0 +1.022668178e-01 +4.761226682e+01 +4.761226682e+01 +1.8714e-01 +6.4094e-02 +3.7115e-01
1423 0 +9.976947045e-02 +4.760976947e+01 +4.760976947e+01 +1.8498e-01 +6.1478e-02 +3.6809e-01
1594 0 +9.769683997e-02 +4.760769684e+01 +4.760769684e+01 +1.8530e-01 +6.7499e-02 +3.7244e-01
1654 0 +9.421018363e-02 +4.760421018e+01 +4.760421018e+01 +1.8558e-01 +7.9241e-02 +3.8090e-01
1680 0 +9.234876131e-02 +4.760234876e+01 +4.760234876e+01 +1.8567e-01 +8.6928e-02 +3.8641e-01
1726 0 +8.892911436e-02 +4.759892911e+01 +4.759892911e+01 +1.8577e-01 +1.1104e-01 +4.0300e-01
1763 0 +8.679374286e-02 +4.759679374e+01 +4.759679374e+01 +1.8492e-01 +1.0708e-01 +3.9875e-01
1812 0 +8.493570297e-02 +4.759493570e+01 +4.759493570e+01 +1.8432e-01 +1.0343e-01 +3.9739e-01
1976 0 +8.262068211e-02 +4.759262068e+01 +4.759262068e+01 +1.8286e-01 +1.0109e-01 +3.9577e-01
1991 0 +8.109517928e-02 +4.759109518e+01 +4.759109518e+01 +1.8400e-01 +1.1969e-01 +4.0872e-01
2053 0 +7.867443635e-02 +4.758867444e+01 +4.758867444e+01 +1.8359e-01 +1.3594e-01 +4.1808e-01
2069 0 +7.604463448e-02 +4.758604463e+01 +4.758604463e+01 +1.8163e-01 +1.1744e-01 +4.0584e-01
2102 0 +7.549252342e-02 +4.758549252e+01 +4.758549252e+01 +1.8068e-01 +1.1708e-01 +4.0452e-01
2139 0 +7.356241515e-02 +4.758356242e+01 +4.758356242e+01 +1.8164e-01 +1.3211e-01 +4.1863e-01
2187 0 +7.181779858e-02 +4.758181780e+01 +4.758181780e+01 +1.8100e-01 +1.3067e-01 +4.1626e-01
2253 0 +6.933059418e-02 +4.757933059e+01 +4.757933059e+01 +1.7946e-01 +1.3249e-01 +4.1554e-01
2334 0 +6.792727752e-02 +4.757792728e+01 +4.757792728e+01 +1.7990e-01 +1.3828e-01 +4.1948e-01
2338 0 +6.716189019e-02 +4.757716189e+01 +4.757716189e+01 +1.7963e-01 +1.3999e-01 +4.2032e-01
2402 0 +6.580552897e-02 +4.757580553e+01 +4.757580553e+01 +1.7999e-01 +1.4863e-01 +4.2555e-01
2430 0 +6.413385335e-02 +4.757413385e+01 +4.757413385e+01 +1.8021e-01 +1.6537e-01 +4.3721e-01
2487 0 +6.236941307e-02 +4.757236941e+01 +4.757236941e+01 +1.7932e-01 +1.6285e-01 +4.3372e-01
2511 0 +6.140720367e-02 +4.757140720e+01 +4.757140720e+01 +1.7812e-01 +1.6071e-01 +4.3083e-01
2630 0 +5.957361641e-02 +4.756957362e+01 +4.756957362e+01 +1.7800e-01 +1.6602e-01 +4.3475e-01
2661 0 +5.788330100e-02 +4.756788330e+01 +4.756788330e+01 +1.7820e-01 +1.7522e-01 +4.4155e-01
2706 0 +5.702681519e-02 +4.756702682e+01 +4.756702682e+01 +1.7820e-01 +1.8498e-01 +4.4777e-01
2754 0 +5.595117422e-02 +4.756595117e+01 +4.756595117e+01 +1.7757e-01 +1.7893e-01 +4.4376e-01
2820 0 +5.486224002e-02 +4.756486224e+01 +4.756486224e+01 +1.7773e-01 +1.9299e-01 +4.5369e-01
2871 0 +5.300086608e-02 +4.756300087e+01 +4.756300087e+01 +1.7670e-01 +1.8923e-01 +4.4951e-01
2975 0 +5.189295463e-02 +4.756189295e+01 +4.756189295e+01 +1.7663e-01 +1.9543e-01 +4.5384e-01
3015 0 +5.051773231e-02 +4.756051773e+01 +4.756051773e+01 +1.7593e-01 +1.9506e-01 +4.5319e-01
3070 0 +5.011357946e-02 +4.756011358e+01 +4.756011358e+01 +1.7493e-01 +1.9384e-01 +4.5105e-01
3226 0 +4.839016184e-02 +4.755839016e+01 +4.755839016e+01 +1.7429e-01 +1.9497e-01 +4.5364e-01
3267 0 +4.747850465e-02 +4.755747850e+01 +4.755747850e+01 +1.7494e-01 +2.0232e-01 +4.5803e-01
3302 0 +4.657451914e-02 +4.755657452e+01 +4.755657452e+01 +1.7504e-01 +2.1107e-01 +4.6358e-01
3388 0 +4.542033575e-02 +4.755542034e+01 +4.755542034e+01 +1.7429e-01 +2.1150e-01 +4.6552e-01
3438 0 +4.411031497e-02 +4.755411031e+01 +4.755411031e+01 +1.7301e-01 +2.0995e-01 +4.6211e-01
3518 0 +4.356494710e-02 +4.755356495e+01 +4.755356495e+01 +1.7329e-01 +2.1285e-01 +4.6467e-01
3616 0 +4.232927709e-02 +4.755232928e+01 +4.755232928e+01 +1.7331e-01 +2.2558e-01 +4.7063e-01
3694 0 +4.128323179e-02 +4.755128323e+01 +4.755128323e+01 +1.7270e-01 +2.2203e-01 +4.7045e-01
3719 0 +4.038786437e-02 +4.755038786e+01 +4.755038786e+01 +1.7276e-01 +2.2951e-01 +4.7559e-01
3803 0 +3.980617786e-02 +4.754980618e+01 +4.754980618e+01 +1.7237e-01 +2.2847e-01 +4.7412e-01
3865 0 +3.803735649e-02 +4.754803736e+01 +4.754803736e+01 +1.7193e-01 +2.3679e-01 +4.7861e-01
3906 0 +3.762988744e-02 +4.754762989e+01 +4.754762989e+01 +1.7195e-01 +2.4099e-01 +4.8121e-01
3989 0 +3.706244293e-02 +4.754706244e+01 +4.754706244e+01 +1.7079e-01 +2.3702e-01 +4.7922e-01
4022 0 +3.599231306e-02 +4.754599231e+01 +4.754599231e+01 +1.7131e-01 +2.5133e-01 +4.8863e-01
4061 0 +3.540538960e-02 +4.754540539e+01 +4.754540539e+01 +1.6922e-01 +2.4617e-01 +4.8141e-01
4076 0 +3.456809093e-02 +4.754456809e+01 +4.754456809e+01 +1.6973e-01 +2.4756e-01 +4.8326e-01
4186 0 +3.354366457e-02 +4.754354366e+01 +4.754354366e+01 +1.6983e-01 +2.5723e-01 +4.8844e-01
4219 0 +3.267069026e-02 +4.754267069e+01 +4.754267069e+01 +1.6889e-01 +2.5408e-01 +4.8803e-01
4257 0 +3.211683093e-02 +4.754211683e+01 +4.754211683e+01 +1.6971e-01 +2.6519e-01 +4.9390e-01
4365 0 +3.146484434e-02 +4.754146484e+01 +4.754146484e+01 +1.6951e-01 +2.6690e-01 +4.9524e-01
4472 0 +3.065540026e-02 +4.754065540e+01 +4.754065540e+01 +1.6920e-01 +2.6917e-01 +4.9754e-01
4552 0 +2.987649179e-02 +4.753987649e+01 +4.753987649e+01 +1.6861e-01 +2.7031e-01 +4.9688e-01
4622 0 +2.933628789e-02 +4.753933629e+01 +4.753933629e+01 +1.6783e-01 +2.6930e-01 +4.9628e-01
4691 0 +2.865185075e-02 +4.753865185e+01 +4.753865185e+01 +1.6838e-01 +2.8239e-01 +5.0401e-01
4746 0 +2.813633981e-02 +4.753813634e+01 +4.753813634e+01 +1.6797e-01 +2.7818e-01 +5.0239e-01
4867 0 +2.744133700e-02 +4.753744134e+01 +4.753744134e+01 +1.6668e-01 +2.7759e-01 +5.0112e-01
4908 0 +2.660883647e-02 +4.753660884e+01 +4.753660884e+01 +1.6722e-01 +2.8477e-01 +5.0535e-01
4956 0 +2.620329111e-02 +4.753620329e+01 +4.753620329e+01 +1.6717e-01 +2.8816e-01 +5.0760e-01
5122 0 +2.566184106e-02 +4.753566184e+01 +4.753566184e+01 +1.6658e-01 +2.8844e-01 +5.0694e-01
5360 0 +2.511781288e-02 +4.753511781e+01 +4.753511781e+01 +1.6599e-01 +2.8965e-01 +5.0748e-01
5427 0 +2.453736927e-02 +4.753453737e+01 +4.753453737e+01 +1.6583e-01 +2.9337e-01 +5.0938e-01
5511 0 +2.376998249e-02 +4.753376998e+01 +4.753376998e+01 +1.6566e-01 +2.9717e-01 +5.1203e-01
5676 0 +2.314924974e-02 +4.753314925e+01 +4.753314925e+01 +1.6563e-01 +3.0291e-01 +5.1532e-01
5732 0 +2.289543126e-02 +4.753289543e+01 +4.753289543e+01 +1.6566e-01 +3.0867e-01 +5.1862e-01
5795 0 +2.238169151e-02 +4.753238169e+01 +4.753238169e+01 +1.6514e-01 +3.0607e-01 +5.1793e-01
5865 0 +2.158466669e-02 +4.753158467e+01 +4.753158467e+01 +1.6485e-01 +3.1159e-01 +5.2093e-01
5921 0 +2.127902006e-02 +4.753127902e+01 +4.753127902e+01 +1.6377e-01 +3.0921e-01 +5.1901e-01
5998 0 +2.087343933e-02 +4.753087344e+01 +4.753087344e+01 +1.6429e-01 +3.1327e-01 +5.2158e-01
6002 0 +2.038898762e-02 +4.753038899e+01 +4.753038899e+01 +1.6434e-01 +3.2059e-01 +5.2530e-01
6087 0 +1.949706207e-02 +4.752949706e+01 +4.752949706e+01 +1.6288e-01 +3.1986e-01 +5.2518e-01
6141 0 +1.900683388e-02 +4.752900683e+01 +4.752900683e+01 +1.6328e-01 +3.2432e-01 +5.2771e-01
6206 0 +1.854915551e-02 +4.752854916e+01 +4.752854916e+01 +1.6267e-01 +3.2506e-01 +5.2771e-01
6216 0 +1.813510264e-02 +4.752813510e+01 +4.752813510e+01 +1.6287e-01 +3.2963e-01 +5.2999e-01
6307 0 +1.760707986e-02 +4.752760708e+01 +4.752760708e+01 +1.6253e-01 +3.3254e-01 +5.3146e-01
6387 0 +1.736339572e-02 +4.752736340e+01 +4.752736340e+01 +1.6148e-01 +3.3214e-01 +5.3129e-01
6427 0 +1.638705531e-02 +4.752638706e+01 +4.752638706e+01 +1.6175e-01 +3.4010e-01 +5.3528e-01
6506 0 +1.616392983e-02 +4.752616393e+01 +4.752616393e+01 +1.6184e-01 +3.4686e-01 +5.3994e-01
6515 0 +1.577587407e-02 +4.752577587e+01 +4.752577587e+01 +1.6159e-01 +3.4777e-01 +5.4014e-01
6549 0 +1.507911273e-02 +4.752507911e+01 +4.752507911e+01 +1.6073e-01 +3.4719e-01 +5.3945e-01
6655 0 +1.477349412e-02 +4.752477349e+01 +4.752477349e+01 +1.6047e-01 +3.4895e-01 +5.4003e-01
6770 0 +1.414975680e-02 +4.752414976e+01 +4.752414976e+01 +1.6021e-01 +3.5386e-01 +5.4293e-01
6812 0 +1.411424408e-02 +4.752411424e+01 +4.752411424e+01 +1.6022e-01 +3.5430e-01 +5.4321e-01
7035 0 +1.378955741e-02 +4.752378956e+01 +4.752378956e+01 +1.5996e-01 +3.5674e-01 +5.4396e-01
7207 0 +1.341431026e-02 +4.752341431e+01 +4.752341431e+01 +1.5983e-01 +3.6162e-01 +5.4642e-01
7293 0 +1.317551452e-02 +4.752317551e+01 +4.752317551e+01 +1.5939e-01 +3.6054e-01 +5.4581e-01
7628 0 +1.287971808e-02 +4.752287972e+01 +4.752287972e+01 +1.5947e-01 +3.6487e-01 +5.4827e-01
7769 0 +1.242436435e-02 +4.752242436e+01 +4.752242436e+01 +1.5887e-01 +3.6628e-01 +5.4877e-01
7975 0 +1.229838296e-02 +4.752229838e+01 +4.752229838e+01 +1.5864e-01 +3.6649e-01 +5.4896e-01
8202 0 +1.201916798e-02 +4.752201917e+01 +4.752201917e+01 +1.5856e-01 +3.6889e-01 +5.5094e-01
8365 0 +1.155402902e-02 +4.752155403e+01 +4.752155403e+01 +1.5789e-01 +3.7217e-01 +5.5177e-01
8457 0 +1.147735647e-02 +4.752147736e+01 +4.752147736e+01 +1.5825e-01 +3.7525e-01 +5.5325e-01
8653 0 +1.116750438e-02 +4.752116750e+01 +4.752116750e+01 +1.5779e-01 +3.7496e-01 +5.5375e-01
8808 0 +1.096028258e-02 +4.752096028e+01 +4.752096028e+01 +1.5784e-01 +3.7829e-01 +5.5497e-01
8906 0 +1.066927662e-02 +4.752066928e+01 +4.752066928e+01 +1.5777e-01 +3.8063e-01 +5.5673e-01
9044 0 +1.043787228e-02 +4.752043787e+01 +4.752043787e+01 +1.5743e-01 +3.8167e-01 +5.5699e-01
9175 0 +1.019016716e-02 +4.752019017e+01 +4.752019017e+01 +1.5748e-01 +3.8624e-01 +5.5979e-01
9325 0 +9.919900975e-03 +4.751991990e+01 +4.751991990e+01 +1.5723e-01 +3.8806e-01 +5.6057e-01
9419 0 +9.755436674e-03 +4.751975544e+01 +4.751975544e+01 +1.5694e-01 +3.8758e-01 +5.6020e-01
9576 0 +9.399728070e-03 +4.751939973e+01 +4.751939973e+01 +1.5650e-01 +3.9112e-01 +5.6153e-01
9609 0 +9.311842728e-03 +4.751931184e+01 +4.751931184e+01 +1.5663e-01 +3.9377e-01 +5.6310e-01
9757 0 +9.091395137e-03 +4.751909140e+01 +4.751909140e+01 +1.5649e-01 +3.9455e-01 +5.6409e-01
9874 0 +8.901426879e-03 +4.751890143e+01 +4.751890143e+01 +1.5623e-01 +3.9544e-01 +5.6470e-01
10052 0 +8.696854759e-03 +4.751869685e+01 +4.751869685e+01 +1.5583e-01 +3.9613e-01 +5.6486e-01
10347 0 +8.490136929e-03 +4.751849014e+01 +4.751849014e+01 +1.5554e-01 +3.9832e-01 +5.6525e-01
10533 0 +8.224583302e-03 +4.751822458e+01 +4.751822458e+01 +1.5567e-01 +4.0194e-01 +5.6788e-01
10626 0 +7.985536256e-03 +4.751798554e+01 +4.751798554e+01 +1.5501e-01 +4.0474e-01 +5.6815e-01
10658 0 +7.859414989e-03 +4.751785941e+01 +4.751785941e+01 +1.5520e-01 +4.0556e-01 +5.6903e-01
10819 0 +7.758306496e-03 +4.751775831e+01 +4.751775831e+01 +1.5501e-01 +4.0500e-01 +5.6899e-01
10863 0 +7.533773158e-03 +4.751753377e+01 +4.751753377e+01 +1.5486e-01 +4.0758e-01 +5.7079e-01
11018 0 +7.405449489e-03 +4.751740545e+01 +4.751740545e+01 +1.5479e-01 +4.1258e-01 +5.7250e-01
11110 0 +7.224624247e-03 +4.751722462e+01 +4.751722462e+01 +1.5436e-01 +4.1006e-01 +5.7144e-01
11453 0 +7.068596962e-03 +4.751706860e+01 +4.751706860e+01 +1.5432e-01 +4.1167e-01 +5.7248e-01
11614 0 +6.913236696e-03 +4.751691324e+01 +4.751691324e+01 +1.5444e-01 +4.1698e-01 +5.7576e-01
11752 0 +6.599716095e-03 +4.751659972e+01 +4.751659972e+01 +1.5406e-01 +4.1881e-01 +5.7601e-01
11903 0 +6.452516179e-03 +4.751645252e+01 +4.751645252e+01 +1.5352e-01 +4.1787e-01 +5.7568e-01
12051 0 +6.349491844e-03 +4.751634949e+01 +4.751634949e+01 +1.5384e-01 +4.2201e-01 +5.7813e-01
% f evaluations | g evaluations | best noise-free fitness - Fopt (5.534000000000e+01) + sum g_i+ | measured fitness | best measured fitness or single-digit g-values | x1 | x2...
1 0 +4.602501398e+02 +5.155901398e+02 +5.155901398e+02 +1.5794e+00 +2.2061e-01 +7.3654e-01
20 0 +2.332274169e+02 +2.885674169e+02 +2.885674169e+02 -7.8601e-01 +1.1227e+00 -1.5669e+00
77 0 +8.849967948e+01 +1.438396795e+02 +1.438396795e+02 -3.1836e-01 +1.3050e+00 -9.1703e-01
91 0 +3.655646387e+01 +9.189646387e+01 +9.189646387e+01 +4.2464e-02 +1.1610e+00 -3.0462e-01
105 0 +2.168136118e+01 +7.702136118e+01 +7.702136118e+01 -2.6809e-02 +9.8048e-01 -4.9865e-01
116 0 +7.663687580e+00 +6.300368758e+01 +6.300368758e+01 -3.7619e-01 +9.4333e-01 -9.1565e-01
134 0 +5.453480973e+00 +6.079348097e+01 +6.079348097e+01 -1.9652e-01 +8.1648e-01 -6.9626e-01
155 0 +4.728324652e+00 +6.006832465e+01 +6.006832465e+01 -2.2091e-01 +8.0197e-01 -7.2886e-01
298 0 +4.626128201e+00 +5.996612820e+01 +5.996612820e+01 -2.3395e-01 +7.8771e-01 -7.5688e-01
309 0 +4.255226726e+00 +5.959522673e+01 +5.959522673e+01 -2.2457e-01 +8.1404e-01 -7.4993e-01
367 0 +4.135765546e+00 +5.947576555e+01 +5.947576555e+01 -2.3662e-01 +8.0363e-01 -7.6534e-01
368 0 +3.958119791e+00 +5.929811979e+01 +5.929811979e+01 -2.3761e-01 +8.0630e-01 -7.7967e-01
381 0 +3.634340481e+00 +5.897434048e+01 +5.897434048e+01 -2.7137e-01 +8.1183e-01 -7.9274e-01
420 0 +3.479043783e+00 +5.881904378e+01 +5.881904378e+01 -2.6534e-01 +8.3160e-01 -7.5751e-01
427 0 +3.326169061e+00 +5.866616906e+01 +5.866616906e+01 -2.6779e-01 +8.3375e-01 -7.8288e-01
502 0 +3.204154418e+00 +5.854415442e+01 +5.854415442e+01 -2.7266e-01 +8.5592e-01 -7.8271e-01
555 0 +3.142160678e+00 +5.848216068e+01 +5.848216068e+01 -2.8932e-01 +8.4611e-01 -7.9631e-01
2627 0 +3.090195079e+00 +5.843019508e+01 +5.843019508e+01 -2.9967e-01 +8.5939e-01 -7.8224e-01
4354 0 +3.019402493e+00 +5.835940249e+01 +5.835940249e+01 -3.2812e-01 +8.7686e-01 -7.0620e-01
6755 0 +2.950123845e+00 +5.829012384e+01 +5.829012384e+01 -3.5286e-01 +8.9637e-01 -6.1696e-01
8338 0 +2.880137836e+00 +5.822013784e+01 +5.822013784e+01 -3.7166e-01 +9.0137e-01 -5.6768e-01
9055 0 +2.743004039e+00 +5.808300404e+01 +5.808300404e+01 -3.6913e-01 +9.0900e-01 -2.3723e-01
9143 0 +2.619590173e+00 +5.795959017e+01 +5.795959017e+01 -3.7805e-01 +8.8736e-01 -2.4217e-01
9154 0 +2.556997943e+00 +5.789699794e+01 +5.789699794e+01 -3.7735e-01 +8.9065e-01 -1.9107e-01
9209 0 +2.472048589e+00 +5.781204859e+01 +5.781204859e+01 -3.9252e-01 +8.5130e-01 -1.7069e-01
9228 0 +2.444244283e+00 +5.778424428e+01 +5.778424428e+01 -3.8795e-01 +8.6985e-01 -1.7177e-01
9272 0 +2.395259060e+00 +5.773525906e+01 +5.773525906e+01 -3.8480e-01 +8.7391e-01 -1.0745e-01
9335 0 +2.341314273e+00 +5.768131427e+01 +5.768131427e+01 -3.9022e-01 +8.6533e-01 -1.0808e-01
9368 0 +2.281315933e+00 +5.762131593e+01 +5.762131593e+01 -3.9486e-01 +8.5434e-01 -6.3064e-02
9431 0 +2.229615174e+00 +5.756961517e+01 +5.756961517e+01 -3.9986e-01 +8.4067e-01 -6.4362e-02
9834 0 +2.184377853e+00 +5.752437785e+01 +5.752437785e+01 -4.0756e-01 +8.2701e-01 -3.4838e-02
10698 0 +2.137433798e+00 +5.747743380e+01 +5.747743380e+01 -4.1841e-01 +7.9757e-01 -5.1381e-03
10976 0 +2.080841888e+00 +5.742084189e+01 +5.742084189e+01 -3.9936e-01 +7.9402e-01 +8.7499e-04
11434 0 +2.040379597e+00 +5.738037960e+01 +5.738037960e+01 -4.0132e-01 +7.7964e-01 +1.7318e-02
11719 0 +1.994524247e+00 +5.733452425e+01 +5.733452425e+01 -4.0938e-01 +7.6126e-01 +4.6134e-02
12051 0 +1.982073406e+00 +5.732207341e+01 +5.732207341e+01 -4.1475e-01 +7.5062e-01 +5.8043e-02
% f evaluations | g evaluations | best noise-free fitness - Fopt (-9.033000000000e+01) + sum g_i+ | measured fitness | best measured fitness or single-digit g-values | x1 | x2...
1 0 +1.060580033e+03 +9.702500333e+02 +9.702500333e+02 +2.0120e+00 -3.6333e+00 +2.9303e+00
23 0 +4.059513821e+02 +3.156213821e+02 +3.156213821e+02 -1.6361e+00 -2.3660e+00 +1.5141e+00
54 0 +5.792802026e+01 -3.240197974e+01 -3.240197974e+01 -1.2283e+00 -8.3892e-01 +1.9935e+00
203 0 +5.530193786e+01 -3.502806214e+01 -3.502806214e+01 -1.2417e+00 -8.5425e-01 +1.9844e+00
209 0 +4.250758321e+01 -4.782241679e+01 -4.782241679e+01 -1.2303e+00 -8.8610e-01 +1.9748e+00
214 0 +3.764952951e+01 -5.268047049e+01 -5.268047049e+01 -1.3253e+00 -1.2517e+00 +1.9038e+00
255 0 +3.333093639e+01 -5.699906361e+01 -5.699906361e+01 -1.3167e+00 -1.2014e+00 +1.9116e+00
258 0 +2.650106083e+01 -6.382893917e+01 -6.382893917e+01 -1.3070e+00 -1.2053e+00 +1.9311e+00
262 0 +1.827927499e+01 -7.205072501e+01 -7.205072501e+01 -1.2783e+00 -1.1672e+00 +2.1658e+00
265 0 +1.040227424e+01 -7.992772576e+01 -7.992772576e+01 -1.2789e+00 -1.2030e+00 +2.0097e+00
283 0 +9.277857287e+00 -8.105214271e+01 -8.105214271e+01 -1.2382e+00 -1.2473e+00 +1.9246e+00
284 0 +9.116927864e+00 -8.121307214e+01 -8.121307214e+01 -1.2201e+00 -1.0690e+00 +1.9448e+00
324 0 +8.240537961e+00 -8.208946204e+01 -8.208946204e+01 -1.2296e+00 -1.1253e+00 +1.9212e+00
342 0 +3.802509113e+00 -8.652749089e+01 -8.652749089e+01 -1.1532e+00 -1.0667e+00 +1.9554e+00
365 0 +2.089384078e+00 -8.824061592e+01 -8.824061592e+01 -1.1643e+00 -1.0715e+00 +1.8921e+00
383 0 +1.574421085e+00 -8.875557892e+01 -8.875557892e+01 -1.1887e+00 -1.1423e+00 +1.9425e+00
405 0 +1.424271478e+00 -8.890572852e+01 -8.890572852e+01 -1.1890e+00 -1.1549e+00 +1.9410e+00
495 0 +1.333663396e+00 -8.899633660e+01 -8.899633660e+01 -1.1856e+00 -1.1446e+00 +1.9416e+00
535 0 +1.274448160e+00 -8.905555184e+01 -8.905555184e+01 -1.1850e+00 -1.1443e+00 +1.9446e+00
536 0 +1.075828533e+00 -8.925417147e+01 -8.925417147e+01 -1.1752e+00 -1.1316e+00 +1.9491e+00
546 0 +9.118697625e-01 -8.941813024e+01 -8.941813024e+01 -1.1735e+00 -1.1377e+00 +1.9533e+00
558 0 +7.286152602e-01 -8.960138474e+01 -8.960138474e+01 -1.1739e+00 -1.1471e+00 +1.9503e+00
615 0 +6.934835184e-01 -8.963651648e+01 -8.963651648e+01 -1.1768e+00 -1.1616e+00 +1.9454e+00
657 0 +6.076805900e-01 -8.972231941e+01 -8.972231941e+01 -1.1744e+00 -1.1602e+00 +1.9479e+00
715 0 +5.798187414e-01 -8.975018126e+01 -8.975018126e+01 -1.1733e+00 -1.1596e+00 +1.9490e+00
717 0 +4.848205995e-01 -8.984517940e+01 -8.984517940e+01 -1.1628e+00 -1.1601e+00 +1.9504e+00
771 0 +4.751473378e-01 -8.985485266e+01 -8.985485266e+01 -1.1659e+00 -1.1627e+00 +1.9497e+00
7310 0 +4.677262079e-01 -8.986227379e+01 -8.986227379e+01 -1.1621e+00 -1.1593e+00 +1.9434e+00
12051 0 +4.654104439e-01 -8.986458956e+01 -8.986458956e+01 -1.1604e+00 -1.1555e+00 +1.9399e+00
% f evaluations | g evaluations | best noise-free fitness - Fopt (6.561000000000e+01) + sum g_i+ | measured fitness | best measured fitness or single-digit g-values | x1 | x2...
1 0 +1.434700022e+05 +1.435356122e+05 +1.435356122e+05 -4.6007e+00 -5.8076e-01 +3.8203e+00
2 0 +3.051837313e+01 +9.612837313e+01 +9.612837313e+01 -1.1896e-01 +1.0792e-01 -1.1369e+00
57 0 +1.396756468e+01 +7.957756468e+01 +7.957756468e+01 -2.4573e-02 +3.0313e-01 -8.3108e-01
110 0 +5.888098470e+00 +7.149809847e+01 +7.149809847e+01 +8.4360e-02 +3.9316e-01 -2.6310e-01
157 0 +4.748502623e+00 +7.035850262e+01 +7.035850262e+01 +1.0341e-01 +4.0306e-01 -1.5106e-01
164 0 +3.621961017e+00 +6.923196102e+01 +6.923196102e+01 -3.7593e-01 +3.3132e-01 -7.5456e-01
202 0 +3.458308953e+00 +6.906830895e+01 +6.906830895e+01 -2.4995e-01 +3.6018e-01 -6.6631e-01
209 0 +3.281408302e+00 +6.889140830e+01 +6.889140830e+01 -2.5648e-01 +3.7142e-01 -6.7800e-01
215 0 +2.809289347e+00 +6.841928935e+01 +6.841928935e+01 -3.0849e-01 +3.7877e-01 -6.9174e-01
221 0 +2.688660202e+00 +6.829866020e+01 +6.829866020e+01 -3.6986e-01 +3.7338e-01 -7.1850e-01
227 0 +2.374045247e+00 +6.798404525e+01 +6.798404525e+01 -1.9165e-01 +4.1162e-01 -5.5693e-01
252 0 +2.286019044e+00 +6.789601904e+01 +6.789601904e+01 -1.8594e-01 +4.1665e-01 -5.4623e-01
259 0 +2.075464899e+00 +6.768546490e+01 +6.768546490e+01 -1.6530e-01 +4.2795e-01 -5.0773e-01
265 0 +1.681770372e+00 +6.729177037e+01 +6.729177037e+01 -1.7960e-02 +5.3977e-01 -2.2885e-01
310 0 +1.444489914e+00 +6.705448991e+01 +6.705448991e+01 -3.7645e-02 +5.1693e-01 -2.8422e-01
336 0 +1.039325886e+00 +6.664932589e+01 +6.664932589e+01 -6.2251e-02 +4.8093e-01 -2.7332e-01
353 0 +9.184088302e-01 +6.652840883e+01 +6.652840883e+01 -4.1090e-02 +4.8740e-01 -1.2216e-01
410 0 +9.094961980e-01 +6.651949620e+01 +6.651949620e+01 -4.3087e-02 +4.7029e-01 -2.1610e-01
436 0 +8.597630298e-01 +6.646976303e+01 +6.646976303e+01 -5.2176e-02 +4.8401e-01 -2.0135e-01
453 0 +8.468345985e-01 +6.645683460e+01 +6.645683460e+01 -5.0021e-02 +4.8467e-01 -1.8596e-01
605 0 +8.296161929e-01 +6.643961619e+01 +6.643961619e+01 -4.2315e-02 +4.8389e-01 -1.5997e-01
680 0 +7.996701497e-01 +6.640967015e+01 +6.640967015e+01 -2.8347e-02 +4.7565e-01 -1.5552e-01
705 0 +7.870985918e-01 +6.639709859e+01 +6.639709859e+01 -3.2168e-02 +4.7339e-01 -1.5674e-01
754 0 +7.399923754e-01 +6.634999238e+01 +6.634999238e+01 -2.6721e-02 +4.5678e-01 -1.4094e-01
919 0 +7.187234349e-01 +6.632872343e+01 +6.632872343e+01 -2.2781e-02 +4.5348e-01 -1.2817e-01
967 0 +7.070689307e-01 +6.631706893e+01 +6.631706893e+01 -2.0059e-02 +4.5301e-01 -1.1910e-01
1010 0 +6.896929081e-01 +6.629969291e+01 +6.629969291e+01 -1.4264e-02 +4.2434e-01 -1.0365e-01
1051 0 +6.679766630e-01 +6.627797666e+01 +6.627797666e+01 -1.3017e-02 +4.3664e-01 -1.0028e-01
1056 0 +6.606456449e-01 +6.627064564e+01 +6.627064564e+01 -9.6750e-03 +4.4116e-01 -9.1388e-02
1267 0 +6.333142627e-01 +6.624331426e+01 +6.624331426e+01 -4.8608e-03 +4.3045e-01 -7.8352e-02
1310 0 +6.293358863e-01 +6.623933589e+01 +6.623933589e+01 -3.3847e-03 +4.3110e-01 -7.4121e-02
1452 0 +6.146685261e-01 +6.622466853e+01 +6.622466853e+01 +1.1362e-03 +4.2893e-01 -5.9305e-02
1621 0 +5.990821523e-01 +6.620908215e+01 +6.620908215e+01 +2.1434e-03 +4.2011e-01 -5.7103e-02
1741 0 +5.884373056e-01 +6.619843731e+01 +6.619843731e+01 +4.4001e-03 +4.1610e-01 -5.0777e-02
1867 0 +5.724149320e-01 +6.618241493e+01 +6.618241493e+01 +6.9831e-03 +4.0450e-01 -4.0788e-02
1948 0 +5.621063574e-01 +6.617210636e+01 +6.617210636e+01 +1.3743e-02 +4.1079e-01 -1.9251e-02
2012 0 +5.489249578e-01 +6.615892496e+01 +6.615892496e+01 +1.2058e-02 +3.9941e-01 -2.5616e-02
2181 0 +5.365077078e-01 +6.614650771e+01 +6.614650771e+01 +1.4298e-02 +3.9453e-01 -1.6201e-02
2270 0 +5.245210403e-01 +6.613452104e+01 +6.613452104e+01 +1.7469e-02 +3.9282e-01 -5.5178e-03
2495 0 +5.082602627e-01 +6.611826026e+01 +6.611826026e+01 +2.2452e-02 +3.8756e-01 +7.0950e-03
2602 0 +4.996763987e-01 +6.610967640e+01 +6.610967640e+01 +2.3467e-02 +3.8186e-01 +1.3188e-02
2919 0 +4.883264131e-01 +6.609832641e+01 +6.609832641e+01 +2.5452e-02 +3.7099e-01 +2.2166e-02
3209 0 +4.784301951e-01 +6.608843020e+01 +6.608843020e+01 +2.8198e-02 +3.6899e-01 +2.8245e-02
3356 0 +4.674330863e-01 +6.607743309e+01 +6.607743309e+01 +3.4026e-02 +3.6994e-01 +3.5710e-02
3574 0 +4.546599695e-01 +6.606465997e+01 +6.606465997e+01 +3.5775e-02 +3.6023e-01 +3.8749e-02
3853 0 +4.464906838e-01 +6.605649068e+01 +6.605649068e+01 +4.1456e-02 +3.5941e-01 +4.7094e-02
4362 0 +4.360921278e-01 +6.604609213e+01 +6.604609213e+01 +4.3448e-02 +3.5131e-01 +5.0993e-02
4826 0 +4.259477157e-01 +6.603594772e+01 +6.603594772e+01 +4.7223e-02 +3.4179e-01 +5.8236e-02
5075 0 +4.166130544e-01 +6.602661305e+01 +6.602661305e+01 +5.2319e-02 +3.4102e-01 +6.8795e-02
5389 0 +4.072445426e-01 +6.601724454e+01 +6.601724454e+01 +5.5341e-02 +3.3605e-01 +7.6715e-02
5560 0 +3.977466974e-01 +6.600774670e+01 +6.600774670e+01 +5.7353e-02 +3.3003e-01 +8.2118e-02
5877 0 +3.874050790e-01 +6.599740508e+01 +6.599740508e+01 +5.8886e-02 +3.2660e-01 +9.1229e-02
6131 0 +3.780038599e-01 +6.598800386e+01 +6.598800386e+01 +5.9419e-02 +3.2136e-01 +9.8110e-02
6572 0 +3.715180493e-01 +6.598151805e+01 +6.598151805e+01 +5.9042e-02 +3.1428e-01 +1.0325e-01
7110 0 +3.630693606e-01 +6.597306936e+01 +6.597306936e+01 +6.2254e-02 +3.1041e-01 +1.1018e-01
7679 0 +3.546988847e-01 +6.596469888e+01 +6.596469888e+01 +6.6993e-02 +3.0287e-01 +1.1218e-01
8734 0 +3.466707237e-01 +6.595667072e+01 +6.595667072e+01 +7.2320e-02 +2.9610e-01 +1.2042e-01
9547 0 +3.387179870e-01 +6.594871799e+01 +6.594871799e+01 +7.6122e-02 +2.8976e-01 +1.2819e-01
9965 0 +3.311123201e-01 +6.594111232e+01 +6.594111232e+01 +7.8076e-02 +2.8616e-01 +1.3447e-01
10107 0 +3.230649445e-01 +6.593306494e+01 +6.593306494e+01 +7.8393e-02 +2.8344e-01 +1.4037e-01
10563 0 +3.160005625e-01 +6.592600056e+01 +6.592600056e+01 +7.7901e-02 +2.7825e-01 +1.4591e-01
12051 0 +3.091844210e-01 +6.591918442e+01 +6.591918442e+01 +8.1158e-02 +2.7116e-01 +1.4950e-01
% f evaluations | g evaluations | best noise-free fitness - Fopt (1.238300000000e+02) + sum g_i+ | measured fitness | best measured fitness or single-digit g-values | x1 | x2...
1 0 +1.435932629e+04 +1.448315629e+04 +1.448315629e+04 -7.4232e-01 -4.5006e+00 -3.1884e-01
6 0 +3.832354150e+02 +5.070654150e+02 +5.070654150e+02 +8.1424e-01 -1.1427e+00 -2.0897e+00
36 0 +2.227888447e+02 +3.466188447e+02 +3.466188447e+02 -1.7326e+00 -9.1475e-01 +2.6309e-01
58 0 +1.375430476e+02 +2.613730476e+02 +2.613730476e+02 -1.4642e+00 -8.7610e-01 +3.8391e-01
75 0 +1.333204840e+02 +2.571504840e+02 +2.571504840e+02 -1.3145e+00 -1.8202e-01 +6.5607e-01
79 0 +2.180694724e+01 +1.456369472e+02 +1.456369472e+02 -6.9696e-01 -1.9684e-01 +3.4403e-01
147 0 +1.708971307e+01 +1.409197131e+02 +1.409197131e+02 -8.4521e-01 -3.0791e-01 +9.1622e-02
181 0 +1.497385086e+01 +1.388038509e+02 +1.388038509e+02 -8.1294e-01 -2.9166e-01 +1.3164e-01
182 0 +3.635607899e+00 +1.274656079e+02 +1.274656079e+02 -5.5852e-01 -1.1046e-01 +1.4526e-01
206 0 +3.508068307e+00 +1.273380683e+02 +1.273380683e+02 -5.3928e-01 -9.7701e-02 +1.6068e-01
213 0 +1.123517321e+00 +1.249535173e+02 +1.249535173e+02 -3.4387e-01 +3.0986e-02 +1.6828e-01
251 0 +6.619205961e-01 +1.244919206e+02 +1.244919206e+02 -2.9281e-01 +6.8778e-02 +1.5456e-01
264 0 +3.648063856e-01 +1.241948064e+02 +1.241948064e+02 -2.4093e-01 +1.8490e-01 +1.6247e-01
303 0 +3.611892663e-01 +1.241911893e+02 +1.241911893e+02 -2.3605e-01 +1.8628e-01 +1.6602e-01
306 0 +1.314072111e-01 +1.239614072e+02 +1.239614072e+02 -2.2023e-02 +3.9224e-01 +1.6378e-01
373 0 +7.973822363e-02 +1.239097382e+02 +1.239097382e+02 +1.8846e-02 +4.2176e-01 +1.6989e-01
414 0 +7.599489060e-02 +1.239059949e+02 +1.239059949e+02 +2.9336e-02 +4.3039e-01 +1.7078e-01
425 0 +7.553025324e-02 +1.239055303e+02 +1.239055303e+02 +1.8945e-02 +4.2523e-01 +1.7121e-01
456 0 +7.057912782e-02 +1.239005791e+02 +1.239005791e+02 +3.2262e-02 +4.3595e-01 +1.7362e-01
500 0 +6.613549031e-02 +1.238961355e+02 +1.238961355e+02 +4.9799e-02 +4.5186e-01 +1.7518e-01
503 0 +5.159255763e-02 +1.238815926e+02 +1.238815926e+02 +1.4761e-01 +5.4274e-01 +1.7832e-01
559 0 +4.949109231e-02 +1.238794911e+02 +1.238794911e+02 +1.1913e-01 +5.1109e-01 +1.7353e-01
608 0 +4.194014272e-02 +1.238719401e+02 +1.238719401e+02 +1.4034e-01 +5.3442e-01 +1.7577e-01
653 0 +3.914589771e-02 +1.238691459e+02 +1.238691459e+02 +1.3210e-01 +5.2499e-01 +1.7288e-01
709 0 +3.098880739e-02 +1.238609888e+02 +1.238609888e+02 +1.6729e-01 +5.6271e-01 +1.7465e-01
768 0 +3.048001475e-02 +1.238604800e+02 +1.238604800e+02 +1.6504e-01 +5.5979e-01 +1.7438e-01
793 0 +2.876201189e-02 +1.238587620e+02 +1.238587620e+02 +1.5863e-01 +5.5536e-01 +1.7331e-01
859 0 +2.791371479e-02 +1.238579137e+02 +1.238579137e+02 +1.5992e-01 +5.5662e-01 +1.7278e-01
876 0 +2.737542573e-02 +1.238573754e+02 +1.238573754e+02 +1.5717e-01 +5.5300e-01 +1.7208e-01
1007 0 +2.611598788e-02 +1.238561160e+02 +1.238561160e+02 +1.6399e-01 +5.5928e-01 +1.7211e-01
1055 0 +2.466345313e-02 +1.238546635e+02 +1.238546635e+02 +1.7766e-01 +5.7211e-01 +1.7235e-01
1113 0 +2.430899070e-02 +1.238543090e+02 +1.238543090e+02 +1.8109e-01 +5.7517e-01 +1.7236e-01
1127 0 +2.373304168e-02 +1.238537330e+02 +1.238537330e+02 +2.0694e-01 +5.9773e-01 +1.7244e-01
1128 0 +2.338824367e-02 +1.238533882e+02 +1.238533882e+02 +1.7558e-01 +5.6831e-01 +1.7151e-01
1156 0 +2.169555560e-02 +1.238516956e+02 +1.238516956e+02 +1.9370e-01 +5.8480e-01 +1.7176e-01
1256 0 +2.132452918e-02 +1.238513245e+02 +1.238513245e+02 +1.9216e-01 +5.8272e-01 +1.7150e-01
1316 0 +1.872434210e-02 +1.238487243e+02 +1.238487243e+02 +1.9548e-01 +5.8482e-01 +1.6953e-01
1396 0 +1.858640419e-02 +1.238485864e+02 +1.238485864e+02 +1.9661e-01 +5.8580e-01 +1.6963e-01
1439 0 +1.789928140e-02 +1.238478993e+02 +1.238478993e+02 +2.0328e-01 +5.9180e-01 +1.6993e-01
1464 0 +1.725180067e-02 +1.238472518e+02 +1.238472518e+02 +2.0310e-01 +5.9091e-01 +1.6875e-01
1504 0 +1.569616984e-02 +1.238456962e+02 +1.238456962e+02 +2.1618e-01 +6.0213e-01 +1.6900e-01
1578 0 +1.531183796e-02 +1.238453118e+02 +1.238453118e+02 +2.1604e-01 +6.0177e-01 +1.6853e-01
1604 0 +1.510726910e-02 +1.238451073e+02 +1.238451073e+02 +2.1584e-01 +6.0124e-01 +1.6782e-01
1674 0 +1.462825460e-02 +1.238446283e+02 +1.238446283e+02 +2.2672e-01 +6.1009e-01 +1.6831e-01
1748 0 +1.418146177e-02 +1.238441815e+02 +1.238441815e+02 +2.2473e-01 +6.0877e-01 +1.6806e-01
1755 0 +1.403591013e-02 +1.238440359e+02 +1.238440359e+02 +2.2698e-01 +6.1064e-01 +1.6807e-01
1806 0 +1.378501189e-02 +1.238437850e+02 +1.238437850e+02 +2.4095e-01 +6.2434e-01 +1.6848e-01
1893 0 +1.341906657e-02 +1.238434191e+02 +1.238434191e+02 +2.3056e-01 +6.1355e-01 +1.6771e-01
1951 0 +1.284291669e-02 +1.238428429e+02 +1.238428429e+02 +2.2957e-01 +6.1347e-01 +1.6733e-01
1988 0 +1.257611504e-02 +1.238425761e+02 +1.238425761e+02 +2.3728e-01 +6.2037e-01 +1.6775e-01
2052 0 +1.213641600e-02 +1.238421364e+02 +1.238421364e+02 +2.3790e-01 +6.2134e-01 +1.6749e-01
2109 0 +1.186552442e-02 +1.238418655e+02 +1.238418655e+02 +2.3696e-01 +6.2043e-01 +1.6714e-01
2157 0 +1.172780271e-02 +1.238417278e+02 +1.238417278e+02 +2.3674e-01 +6.2007e-01 +1.6689e-01
2222 0 +1.142425080e-02 +1.238414243e+02 +1.238414243e+02 +2.4119e-01 +6.2383e-01 +1.6701e-01
2274 0 +1.113529865e-02 +1.238411353e+02 +1.238411353e+02 +2.4873e-01 +6.3047e-01 +1.6703e-01
2306 0 +1.075552558e-02 +1.238407555e+02 +1.238407555e+02 +2.4353e-01 +6.2599e-01 +1.6637e-01
2435 0 +1.066618357e-02 +1.238406662e+02 +1.238406662e+02 +2.4585e-01 +6.2818e-01 +1.6652e-01
2453 0 +1.036963693e-02 +1.238403696e+02 +1.238403696e+02 +2.5171e-01 +6.3326e-01 +1.6653e-01
2520 0 +1.007136957e-02 +1.238400714e+02 +1.238400714e+02 +2.4889e-01 +6.3082e-01 +1.6596e-01
2606 0 +9.954954344e-03 +1.238399550e+02 +1.238399550e+02 +2.5253e-01 +6.3430e-01 +1.6607e-01
2673 0 +9.740734755e-03 +1.238397407e+02 +1.238397407e+02 +2.5215e-01 +6.3140e-01 +1.6501e-01
2714 0 +9.266982859e-03 +1.238392670e+02 +1.238392670e+02 +2.5606e-01 +6.3648e-01 +1.6567e-01
2799 0 +9.071696835e-03 +1.238390717e+02 +1.238390717e+02 +2.5579e-01 +6.3604e-01 +1.6535e-01
2865 0 +8.907801561e-03 +1.238389078e+02 +1.238389078e+02 +2.5796e-01 +6.3742e-01 +1.6529e-01
3066 0 +8.704092453e-03 +1.238387041e+02 +1.238387041e+02 +2.5818e-01 +6.3748e-01 +1.6492e-01
3270 0 +8.506177437e-03 +1.238385062e+02 +1.238385062e+02 +2.6182e-01 +6.4138e-01 +1.6513e-01
3365 0 +8.223712706e-03 +1.238382237e+02 +1.238382237e+02 +2.6326e-01 +6.4271e-01 +1.6480e-01
3419 0 +8.059369273e-03 +1.238380594e+02 +1.238380594e+02 +2.6316e-01 +6.4231e-01 +1.6445e-01
3456 0 +7.937669027e-03 +1.238379377e+02 +1.238379377e+02 +2.6596e-01 +6.4482e-01 +1.6468e-01
3602 0 +7.685558312e-03 +1.238376856e+02 +1.238376856e+02 +2.6882e-01 +6.4695e-01 +1.6456e-01
3723 0 +7.578020006e-03 +1.238375780e+02 +1.238375780e+02 +2.6774e-01 +6.4571e-01 +1.6428e-01
3817 0 +7.405688704e-03 +1.238374057e+02 +1.238374057e+02 +2.6929e-01 +6.4678e-01 +1.6411e-01
3943 0 +7.195753633e-03 +1.238371958e+02 +1.238371958e+02 +2.7166e-01 +6.4871e-01 +1.6400e-01
4046 0 +7.072234852e-03 +1.238370722e+02 +1.238370722e+02 +2.7405e-01 +6.5105e-01 +1.6406e-01
4179 0 +6.881401516e-03 +1.238368814e+02 +1.238368814e+02 +2.7501e-01 +6.5221e-01 +1.6386e-01
4272 0 +6.562918007e-03 +1.238365629e+02 +1.238365629e+02 +2.7764e-01 +6.5310e-01 +1.6321e-01
4356 0 +6.432004338e-03 +1.238364320e+02 +1.238364320e+02 +2.7729e-01 +6.5388e-01 +1.6324e-01
4412 0 +6.258621869e-03 +1.238362586e+02 +1.238362586e+02 +2.7935e-01 +6.5543e-01 +1.6321e-01
4447 0 +6.150419970e-03 +1.238361504e+02 +1.238361504e+02 +2.8075e-01 +6.5718e-01 +1.6295e-01
4576 0 +5.983476021e-03 +1.238359835e+02 +1.238359835e+02 +2.8232e-01 +6.5845e-01 +1.6281e-01
4603 0 +5.882631181e-03 +1.238358826e+02 +1.238358826e+02 +2.8228e-01 +6.5800e-01 +1.6262e-01
4717 0 +5.682243213e-03 +1.238356822e+02 +1.238356822e+02 +2.8616e-01 +6.6128e-01 +1.6281e-01
4768 0 +5.621193465e-03 +1.238356212e+02 +1.238356212e+02 +2.8573e-01 +6.6089e-01 +1.6265e-01
4856 0 +5.405903313e-03 +1.238354059e+02 +1.238354059e+02 +2.8750e-01 +6.6247e-01 +1.6231e-01
4914 0 +5.344012687e-03 +1.238353440e+02 +1.238353440e+02 +2.8885e-01 +6.6351e-01 +1.6241e-01
5056 0 +5.244729392e-03 +1.238352447e+02 +1.238352447e+02 +2.8985e-01 +6.6414e-01 +1.6233e-01
5243 0 +5.126938070e-03 +1.238351269e+02 +1.238351269e+02 +2.9060e-01 +6.6467e-01 +1.6215e-01
5358 0 +4.996340496e-03 +1.238349963e+02 +1.238349963e+02 +2.9127e-01 +6.6513e-01 +1.6188e-01
5607 0 +4.884822037e-03 +1.238348848e+02 +1.238348848e+02 +2.9265e-01 +6.6579e-01 +1.6156e-01
5800 0 +4.761627243e-03 +1.238347616e+02 +1.238347616e+02 +2.9495e-01 +6.6764e-01 +1.6162e-01
5963 0 +4.671610946e-03 +1.238346716e+02 +1.238346716e+02 +2.9609e-01 +6.6872e-01 +1.6162e-01
6015 0 +4.560241040e-03 +1.238345602e+02 +1.238345602e+02 +2.9810e-01 +6.7033e-01 +1.6153e-01
6125 0 +4.421095502e-03 +1.238344211e+02 +1.238344211e+02 +2.9786e-01 +6.7092e-01 +1.6124e-01
6162 0 +4.362702536e-03 +1.238343627e+02 +1.238343627e+02 +2.9961e-01 +6.7205e-01 +1.6140e-01
6204 0 +4.234444605e-03 +1.238342344e+02 +1.238342344e+02 +3.0018e-01 +6.7258e-01 +1.6117e-01
6319 0 +4.154795982e-03 +1.238341548e+02 +1.238341548e+02 +3.0506e-01 +6.7661e-01 +1.6122e-01
6431 0 +4.071006785e-03 +1.238340710e+02 +1.238340710e+02 +3.0161e-01 +6.7348e-01 +1.6085e-01
6599 0 +3.970441842e-03 +1.238339704e+02 +1.238339704e+02 +3.0524e-01 +6.7707e-01 +1.6097e-01
6669 0 +3.875520878e-03 +1.238338755e+02 +1.238338755e+02 +3.0386e-01 +6.7528e-01 +1.6057e-01
6820 0 +3.797936135e-03 +1.238337979e+02 +1.238337979e+02 +3.0569e-01 +6.7688e-01 +1.6066e-01
7064 0 +3.699129325e-03 +1.238336991e+02 +1.238336991e+02 +3.0639e-01 +6.7742e-01 +1.6047e-01
7271 0 +3.629042958e-03 +1.238336290e+02 +1.238336290e+02 +3.0683e-01 +6.7774e-01 +1.6025e-01
7525 0 +3.540309058e-03 +1.238335403e+02 +1.238335403e+02 +3.0872e-01 +6.7921e-01 +1.6028e-01
7661 0 +3.466744129e-03 +1.238334667e+02 +1.238334667e+02 +3.0886e-01 +6.7933e-01 +1.5996e-01
7817 0 +3.374605347e-03 +1.238333746e+02 +1.238333746e+02 +3.1127e-01 +6.8138e-01 +1.6012e-01
7962 0 +3.295002701e-03 +1.238332950e+02 +1.238332950e+02 +3.1222e-01 +6.8226e-01 +1.6003e-01
8082 0 +3.214635212e-03 +1.238332146e+02 +1.238332146e+02 +3.1449e-01 +6.8387e-01 +1.5991e-01
8161 0 +3.156279279e-03 +1.238331563e+02 +1.238331563e+02 +3.1520e-01 +6.8430e-01 +1.5976e-01
8251 0 +3.073905943e-03 +1.238330739e+02 +1.238330739e+02 +3.1706e-01 +6.8642e-01 +1.5979e-01
8331 0 +3.003376288e-03 +1.238330034e+02 +1.238330034e+02 +3.1600e-01 +6.8520e-01 +1.5958e-01
8459 0 +2.934356322e-03 +1.238329344e+02 +1.238329344e+02 +3.1598e-01 +6.8527e-01 +1.5918e-01
8557 0 +2.883284920e-03 +1.238328833e+02 +1.238328833e+02 +3.1770e-01 +6.8621e-01 +1.5919e-01
8655 0 +2.805232002e-03 +1.238328052e+02 +1.238328052e+02 +3.1798e-01 +6.8701e-01 +1.5920e-01
8798 0 +2.753652778e-03 +1.238327537e+02 +1.238327537e+02 +3.1958e-01 +6.8841e-01 +1.5925e-01
8888 0 +2.686324327e-03 +1.238326863e+02 +1.238326863e+02 +3.2151e-01 +6.8991e-01 +1.5919e-01
9027 0 +2.618301163e-03 +1.238326183e+02 +1.238326183e+02 +3.2197e-01 +6.9007e-01 +1.5903e-01
9146 0 +2.554774572e-03 +1.238325548e+02 +1.238325548e+02 +3.2150e-01 +6.8968e-01 +1.5863e-01
9214 0 +2.501561095e-03 +1.238325016e+02 +1.238325016e+02 +3.2294e-01 +6.9110e-01 +1.5882e-01
9406 0 +2.452693838e-03 +1.238324527e+02 +1.238324527e+02 +3.2339e-01 +6.9139e-01 +1.5869e-01
9659 0 +2.382480235e-03 +1.238323825e+02 +1.238323825e+02 +3.2552e-01 +6.9303e-01 +1.5866e-01
9822 0 +2.329205235e-03 +1.238323292e+02 +1.238323292e+02 +3.2572e-01 +6.9341e-01 +1.5854e-01
9859 0 +2.286341668e-03 +1.238322863e+02 +1.238322863e+02 +3.2584e-01 +6.9305e-01 +1.5815e-01
10106 0 +2.232660172e-03 +1.238322327e+02 +1.238322327e+02 +3.2701e-01 +6.9433e-01 +1.5834e-01
10303 0 +2.147611688e-03 +1.238321476e+02 +1.238321476e+02 +3.2931e-01 +6.9571e-01 +1.5809e-01
10358 0 +2.133652316e-03 +1.238321337e+02 +1.238321337e+02 +3.2946e-01 +6.9600e-01 +1.5815e-01
10419 0 +2.064472975e-03 +1.238320645e+02 +1.238320645e+02 +3.2959e-01 +6.9649e-01 +1.5801e-01
10648 0 +2.038969677e-03 +1.238320390e+02 +1.238320390e+02 +3.3100e-01 +6.9776e-01 +1.5805e-01
10711 0 +1.991194425e-03 +1.238319912e+02 +1.238319912e+02 +3.3094e-01 +6.9761e-01 +1.5789e-01
10904 0 +1.947746448e-03 +1.238319477e+02 +1.238319477e+02 +3.3179e-01 +6.9823e-01 +1.5783e-01
11108 0 +1.902061468e-03 +1.238319021e+02 +1.238319021e+02 +3.3292e-01 +6.9910e-01 +1.5777e-01
11360 0 +1.859969467e-03 +1.238318600e+02 +1.238318600e+02 +3.3378e-01 +6.9995e-01 +1.5770e-01
11573 0 +1.814716179e-03 +1.238318147e+02 +1.238318147e+02 +3.3481e-01 +7.0090e-01 +1.5760e-01
11752 0 +1.776646829e-03 +1.238317766e+02 +1.238317766e+02 +3.3534e-01 +7.0119e-01 +1.5754e-01
11975 0 +1.736895554e-03 +1.238317369e+02 +1.238317369e+02 +3.3552e-01 +7.0091e-01 +1.5731e-01
12051 0 +1.712840550e-03 +1.238317128e+02 +1.238317128e+02 +3.3636e-01 +7.0187e-01 +1.5740e-01
% f evaluations | g evaluations | best noise-free fitness - Fopt (4.751000000000e+01) + sum g_i+ | measured fitness | best measured fitness or single-digit g-values | x1 | x2...
1 0 +9.876494828e+04 +9.881245828e+04 +9.881245828e+04 -3.9625e+00 +1.7148e+00 +3.6945e+00
2 0 +4.180807097e+03 +4.228317097e+03 +4.228317097e+03 -2.1840e+00 -2.2538e+00 -1.8169e+00
3 0 +1.507329332e+03 +1.554839332e+03 +1.554839332e+03 -2.1855e+00 +1.4432e-01 -1.3845e+00
5 0 +7.896824099e+02 +8.371924099e+02 +8.371924099e+02 -1.1611e-02 -3.3549e+00 -5.7741e-01
39 0 +5.615573591e+02 +6.090673591e+02 +6.090673591e+02 +1.0893e+00 -1.9497e+00 +2.4594e-01
53 0 +4.956312512e+02 +5.431412512e+02 +5.431412512e+02 +1.0163e+00 -1.9963e+00 +2.0959e-01
71 0 +3.581643060e+02 +4.056743060e+02 +4.056743060e+02 -8.9350e-01 -2.3785e+00 -7.2458e-01
103 0 +2.873316614e+02 +3.348416614e+02 +3.348416614e+02 +8.6587e-02 -2.1824e+00 -2.4519e-01
108 0 +1.743795540e+02 +2.218895540e+02 +2.218895540e+02 -7.3158e-01 -1.6243e+00 -3.8296e-01
119 0 +3.473836872e+01 +8.224836872e+01 +8.224836872e+01 +1.0068e-01 -1.1084e+00 -5.0342e-01
153 0 +8.425927390e+00 +5.593592739e+01 +5.593592739e+01 +1.0485e-01 -7.9025e-01 -4.2693e-01
178 0 +4.992808061e+00 +5.250280806e+01 +5.250280806e+01 +1.4962e-01 -3.5152e-01 -4.1525e-01
203 0 +2.517140251e+00 +5.002714025e+01 +5.002714025e+01 +1.2243e-01 -6.1797e-01 -4.2234e-01
214 0 +1.753983497e+00 +4.926398350e+01 +4.926398350e+01 +9.2246e-02 -4.6892e-01 -4.3053e-01
257 0 +1.641870726e+00 +4.915187073e+01 +4.915187073e+01 +8.6070e-02 -4.7963e-01 -4.3502e-01
280 0 +1.596831122e+00 +4.910683112e+01 +4.910683112e+01 +9.1147e-03 -5.5389e-01 -5.1396e-01
284 0 +1.518930509e+00 +4.902893051e+01 +4.902893051e+01 +1.7824e-02 -5.1755e-01 -4.6882e-01
312 0 +1.512237737e+00 +4.902223774e+01 +4.902223774e+01 +1.7625e-02 -5.2138e-01 -4.7195e-01
503 0 +1.440120674e+00 +4.895012067e+01 +4.895012067e+01 +4.0501e-02 -5.1374e-01 -4.5114e-01
565 0 +1.319165688e+00 +4.882916569e+01 +4.882916569e+01 +6.2891e-02 -5.0460e-01 -3.9265e-01
605 0 +1.128958868e+00 +4.863895887e+01 +4.863895887e+01 +1.6357e-01 -4.5742e-01 -2.5508e-01
621 0 +9.319400998e-01 +4.844194010e+01 +4.844194010e+01 +1.4136e-01 -4.6685e-01 -1.7936e-01
647 0 +9.105456080e-01 +4.842054561e+01 +4.842054561e+01 +1.3525e-01 -4.6042e-01 -2.1998e-01
654 0 +8.652480805e-01 +4.837524808e+01 +4.837524808e+01 +2.0452e-01 -4.1930e-01 -5.3525e-02
659 0 +7.760014035e-01 +4.828600140e+01 +4.828600140e+01 +1.6768e-01 -4.4331e-01 -1.4071e-01
670 0 +7.467965218e-01 +4.825679652e+01 +4.825679652e+01 +1.5333e-01 -3.3287e-01 -2.5801e-02
683 0 +6.471039113e-01 +4.815710391e+01 +4.815710391e+01 +1.6650e-01 -3.1425e-01 -1.4253e-02
707 0 +6.105649507e-01 +4.812056495e+01 +4.812056495e+01 +1.6980e-01 -3.0663e-01 -1.7740e-03
712 0 +2.179013805e-01 +4.772790138e+01 +4.772790138e+01 +1.9180e-01 -1.1214e-01 +2.3064e-01
768 0 +2.010383865e-01 +4.771103839e+01 +4.771103839e+01 +1.9356e-01 -9.8801e-02 +2.4720e-01
805 0 +1.845628579e-01 +4.769456286e+01 +4.769456286e+01 +1.9441e-01 -6.9769e-02 +2.8037e-01
884 0 +1.790871316e-01 +4.768908713e+01 +4.768908713e+01 +1.9317e-01 -6.9794e-02 +2.7647e-01
922 0 +1.743484479e-01 +4.768434845e+01 +4.768434845e+01 +1.9814e-01 -2.2639e-02 +3.1257e-01
926 0 +1.613979628e-01 +4.767139796e+01 +4.767139796e+01 +1.9430e-01 -3.4824e-02 +3.0536e-01
1030 0 +1.543973952e-01 +4.766439740e+01 +4.766439740e+01 +1.9471e-01 -1.5422e-02 +3.2009e-01
1039 0 +1.502664049e-01 +4.766026640e+01 +4.766026640e+01 +1.9466e-01 +2.1013e-03 +3.3475e-01
1053 0 +1.467525574e-01 +4.765675256e+01 +4.765675256e+01 +1.9489e-01 +3.2938e-02 +3.5752e-01
1094 0 +1.363333381e-01 +4.764633334e+01 +4.764633334e+01 +1.9013e-01 -5.0741e-03 +3.2137e-01
1143 0 +1.337341169e-01 +4.764373412e+01 +4.764373412e+01 +1.9153e-01 +2.4900e-02 +3.5220e-01
1161 0 +1.306081012e-01 +4.764060810e+01 +4.764060810e+01 +1.9138e-01 +1.5461e-02 +3.4109e-01
1243 0 +1.262904390e-01 +4.763629044e+01 +4.763629044e+01 +1.9015e-01 +2.2480e-02 +3.4750e-01
1261 0 +1.258287061e-01 +4.763582871e+01 +4.763582871e+01 +1.8941e-01 +1.8293e-02 +3.4368e-01
1281 0 +1.227323121e-01 +4.763273231e+01 +4.763273231e+01 +1.9071e-01 +3.8809e-02 +3.5936e-01
1328 0 +1.182507301e-01 +4.762825073e+01 +4.762825073e+01 +1.8928e-01 +3.8454e-02 +3.5860e-01
1352 0 +1.114786073e-01 +4.762147861e+01 +4.762147861e+01 +1.8689e-01 +3.7997e-02 +3.5346e-01
1420 0 +1.061572415e-01 +4.761615724e+01 +4.761615724e+01 +1.8751e-01 +5.4324e-02 +3.6459e-01
1452 0 +1.045522399e-01 +4.761455224e+01 +4.761455224e+01 +1.8786e-01 +6.3483e-02 +3.7083e-01
1558 0 +1.002970967e-01 +4.761029710e+01 +4.761029710e+01 +1.8436e-01 +6.0544e-02 +3.7000e-01
1621 0 +9.925377877e-02 +4.760925378e+01 +4.760925378e+01 +1.8521e-01 +6.3092e-02 +3.7139e-01
1630 0 +9.580008062e-02 +4.760580008e+01 +4.760580008e+01 +1.8587e-01 +7.5343e-02 +3.7965e-01
1679 0 +9.489780972e-02 +4.760489781e+01 +4.760489781e+01 +1.8634e-01 +8.5074e-02 +3.8508e-01
1793 0 +9.286194356e-02 +4.760286194e+01 +4.760286194e+01 +1.8278e-01 +7.6913e-02 +3.7692e-01
1811 0 +8.849685077e-02 +4.759849685e+01 +4.759849685e+01 +1.8335e-01 +9.3033e-02 +3.8670e-01
1819 0 +8.521378887e-02 +4.759521379e+01 +4.759521379e+01 +1.8426e-01 +1.0111e-01 +3.9662e-01
1853 0 +8.508411313e-02 +4.759508411e+01 +4.759508411e+01 +1.8437e-01 +1.0296e-01 +3.9801e-01
1941 0 +8.278622039e-02 +4.759278622e+01 +4.759278622e+01 +1.8355e-01 +1.0475e-01 +3.9919e-01
2020 0 +7.905546018e-02 +4.758905546e+01 +4.758905546e+01 +1.8217e-01 +1.1097e-01 +4.0071e-01
2114 0 +7.649370937e-02 +4.758649371e+01 +4.758649371e+01 +1.8311e-01 +1.3397e-01 +4.1865e-01
2167 0 +7.576350821e-02 +4.758576351e+01 +4.758576351e+01 +1.8120e-01 +1.1941e-01 +4.0958e-01
2258 0 +7.359981178e-02 +4.758359981e+01 +4.758359981e+01 +1.8157e-01 +1.2674e-01 +4.1159e-01
2303 0 +7.223674919e-02 +4.758223675e+01 +4.758223675e+01 +1.8198e-01 +1.3875e-01 +4.2115e-01
2410 0 +6.993688139e-02 +4.757993688e+01 +4.757993688e+01 +1.7956e-01 +1.3141e-01 +4.1372e-01
2471 0 +6.916547642e-02 +4.757916548e+01 +4.757916548e+01 +1.7904e-01 +1.3280e-01 +4.1480e-01
2665 0 +6.728156341e-02 +4.757728156e+01 +4.757728156e+01 +1.8015e-01 +1.4246e-01 +4.2201e-01
2709 0 +6.594029571e-02 +4.757594030e+01 +4.757594030e+01 +1.8045e-01 +1.5377e-01 +4.2976e-01
2899 0 +6.452855239e-02 +4.757452855e+01 +4.757452855e+01 +1.8015e-01 +1.6141e-01 +4.3358e-01
2956 0 +6.296545400e-02 +4.757296545e+01 +4.757296545e+01 +1.7932e-01 +1.6280e-01 +4.3296e-01
2958 0 +6.147516556e-02 +4.757147517e+01 +4.757147517e+01 +1.7838e-01 +1.5725e-01 +4.3010e-01
3183 0 +6.002675581e-02 +4.757002676e+01 +4.757002676e+01 +1.7804e-01 +1.6109e-01 +4.3275e-01
3371 0 +5.883274951e-02 +4.756883275e+01 +4.756883275e+01 +1.7856e-01 +1.7315e-01 +4.4072e-01
3453 0 +5.741995318e-02 +4.756741995e+01 +4.756741995e+01 +1.7650e-01 +1.6685e-01 +4.3553e-01
3603 0 +5.567515910e-02 +4.756567516e+01 +4.756567516e+01 +1.7655e-01 +1.7252e-01 +4.3961e-01
3716 0 +5.465373046e-02 +4.756465373e+01 +4.756465373e+01 +1.7686e-01 +1.7994e-01 +4.4674e-01
3862 0 +5.367140668e-02 +4.756367141e+01 +4.756367141e+01 +1.7565e-01 +1.7775e-01 +4.4362e-01
3912 0 +5.200230141e-02 +4.756200230e+01 +4.756200230e+01 +1.7531e-01 +1.8442e-01 +4.4873e-01
3952 0 +5.098492752e-02 +4.756098493e+01 +4.756098493e+01 +1.7598e-01 +1.9046e-01 +4.5198e-01
4003 0 +4.953641780e-02 +4.755953642e+01 +4.755953642e+01 +1.7570e-01 +1.9909e-01 +4.5830e-01
4085 0 +4.828292378e-02 +4.755828292e+01 +4.755828292e+01 +1.7573e-01 +2.1310e-01 +4.6655e-01
4127 0 +4.738349777e-02 +4.755738350e+01 +4.755738350e+01 +1.7514e-01 +2.0601e-01 +4.6197e-01
4128 0 +4.670241610e-02 +4.755670242e+01 +4.755670242e+01 +1.7497e-01 +2.1257e-01 +4.6358e-01
4202 0 +4.544069899e-02 +4.755544070e+01 +4.755544070e+01 +1.7326e-01 +2.0894e-01 +4.5989e-01
4238 0 +4.436074017e-02 +4.755436074e+01 +4.755436074e+01 +1.7411e-01 +2.2540e-01 +4.7056e-01
4262 0 +4.237013325e-02 +4.755237013e+01 +4.755237013e+01 +1.7338e-01 +2.2099e-01 +4.6896e-01
4340 0 +4.165740557e-02 +4.755165741e+01 +4.755165741e+01 +1.7263e-01 +2.2089e-01 +4.6815e-01
4489 0 +3.912677682e-02 +4.754912678e+01 +4.754912678e+01 +1.7173e-01 +2.3474e-01 +4.7527e-01
4508 0 +3.802719879e-02 +4.754802720e+01 +4.754802720e+01 +1.7084e-01 +2.3343e-01 +4.7509e-01
4529 0 +3.719635472e-02 +4.754719635e+01 +4.754719635e+01 +1.7174e-01 +2.4477e-01 +4.8251e-01
4594 0 +3.670732421e-02 +4.754670732e+01 +4.754670732e+01 +1.7175e-01 +2.5062e-01 +4.8672e-01
4602 0 +3.608211778e-02 +4.754608212e+01 +4.754608212e+01 +1.7129e-01 +2.4891e-01 +4.8474e-01
4636 0 +3.482224613e-02 +4.754482225e+01 +4.754482225e+01 +1.7066e-01 +2.4877e-01 +4.8525e-01
4652 0 +3.410100281e-02 +4.754410100e+01 +4.754410100e+01 +1.6965e-01 +2.4855e-01 +4.8443e-01
4753 0 +3.382048904e-02 +4.754382049e+01 +4.754382049e+01 +1.7050e-01 +2.5595e-01 +4.8990e-01
4896 0 +3.310327188e-02 +4.754310327e+01 +4.754310327e+01 +1.6998e-01 +2.5712e-01 +4.8944e-01
5023 0 +3.234533442e-02 +4.754234533e+01 +4.754234533e+01 +1.6997e-01 +2.6357e-01 +4.9424e-01
5069 0 +3.134109467e-02 +4.754134109e+01 +4.754134109e+01 +1.6958e-01 +2.7231e-01 +4.9862e-01
5110 0 +3.028833935e-02 +4.754028834e+01 +4.754028834e+01 +1.6883e-01 +2.6763e-01 +4.9600e-01
5225 0 +2.906570247e-02 +4.753906570e+01 +4.753906570e+01 +1.6861e-01 +2.8031e-01 +5.0420e-01
5271 0 +2.828550249e-02 +4.753828550e+01 +4.753828550e+01 +1.6786e-01 +2.7697e-01 +5.0055e-01
5300 0 +2.778630293e-02 +4.753778630e+01 +4.753778630e+01 +1.6768e-01 +2.7838e-01 +5.0201e-01
5316 0 +2.720023792e-02 +4.753720024e+01 +4.753720024e+01 +1.6780e-01 +2.8975e-01 +5.0872e-01
5354 0 +2.673172568e-02 +4.753673173e+01 +4.753673173e+01 +1.6742e-01 +2.8572e-01 +5.0630e-01
5422 0 +2.573737268e-02 +4.753573737e+01 +4.753573737e+01 +1.6658e-01 +2.8741e-01 +5.0656e-01
5454 0 +2.561723856e-02 +4.753561724e+01 +4.753561724e+01 +1.6628e-01 +2.8680e-01 +5.0647e-01
5560 0 +2.489544419e-02 +4.753489544e+01 +4.753489544e+01 +1.6517e-01 +2.9143e-01 +5.0976e-01
5596 0 +2.454287658e-02 +4.753454288e+01 +4.753454288e+01 +1.6531e-01 +2.9216e-01 +5.0872e-01
5628 0 +2.339734105e-02 +4.753339734e+01 +4.753339734e+01 +1.6542e-01 +3.0155e-01 +5.1363e-01
5708 0 +2.274836924e-02 +4.753274837e+01 +4.753274837e+01 +1.6433e-01 +3.0177e-01 +5.1381e-01
5786 0 +2.213734374e-02 +4.753213734e+01 +4.753213734e+01 +1.6519e-01 +3.1545e-01 +5.2191e-01
5829 0 +2.053092366e-02 +4.753053092e+01 +4.753053092e+01 +1.6364e-01 +3.1486e-01 +5.2086e-01
5858 0 +2.033050064e-02 +4.753033050e+01 +4.753033050e+01 +1.6383e-01 +3.1855e-01 +5.2285e-01
5911 0 +1.906863799e-02 +4.752906864e+01 +4.752906864e+01 +1.6337e-01 +3.2671e-01 +5.2768e-01
5931 0 +1.897738014e-02 +4.752897738e+01 +4.752897738e+01 +1.6299e-01 +3.2739e-01 +5.2739e-01
5970 0 +1.854433897e-02 +4.752854434e+01 +4.752854434e+01 +1.6205e-01 +3.2690e-01 +5.2695e-01
6030 0 +1.775781047e-02 +4.752775781e+01 +4.752775781e+01 +1.6218e-01 +3.3437e-01 +5.3103e-01
6112 0 +1.690098641e-02 +4.752690099e+01 +4.752690099e+01 +1.6112e-01 +3.3567e-01 +5.3211e-01
6161 0 +1.659405967e-02 +4.752659406e+01 +4.752659406e+01 +1.6139e-01 +3.3794e-01 +5.3339e-01
6314 0 +1.617311153e-02 +4.752617311e+01 +4.752617311e+01 +1.6172e-01 +3.4797e-01 +5.3918e-01
6355 0 +1.579146286e-02 +4.752579146e+01 +4.752579146e+01 +1.6147e-01 +3.4827e-01 +5.3933e-01
6414 0 +1.531157681e-02 +4.752531158e+01 +4.752531158e+01 +1.6105e-01 +3.4777e-01 +5.3909e-01
6487 0 +1.513090762e-02 +4.752513091e+01 +4.752513091e+01 +1.6106e-01 +3.4945e-01 +5.4036e-01
6558 0 +1.478562991e-02 +4.752478563e+01 +4.752478563e+01 +1.6066e-01 +3.5048e-01 +5.4162e-01
6788 0 +1.426254037e-02 +4.752426254e+01 +4.752426254e+01 +1.6042e-01 +3.6174e-01 +5.4839e-01
6812 0 +1.392479605e-02 +4.752392480e+01 +4.752392480e+01 +1.6001e-01 +3.5637e-01 +5.4482e-01
6832 0 +1.343138876e-02 +4.752343139e+01 +4.752343139e+01 +1.5954e-01 +3.5899e-01 +5.4485e-01
7082 0 +1.317003954e-02 +4.752317004e+01 +4.752317004e+01 +1.5975e-01 +3.6344e-01 +5.4777e-01
7329 0 +1.286028805e-02 +4.752286029e+01 +4.752286029e+01 +1.5900e-01 +3.6205e-01 +5.4694e-01
7521 0 +1.255846900e-02 +4.752255847e+01 +4.752255847e+01 +1.5931e-01 +3.6748e-01 +5.5025e-01
7669 0 +1.197800479e-02 +4.752197800e+01 +4.752197800e+01 +1.5844e-01 +3.6967e-01 +5.5037e-01
7754 0 +1.172042557e-02 +4.752172043e+01 +4.752172043e+01 +1.5841e-01 +3.7119e-01 +5.5197e-01
8061 0 +1.147614715e-02 +4.752147615e+01 +4.752147615e+01 +1.5831e-01 +3.7356e-01 +5.5298e-01
8205 0 +1.117474897e-02 +4.752117475e+01 +4.752117475e+01 +1.5792e-01 +3.7514e-01 +5.5380e-01
8267 0 +1.087092882e-02 +4.752087093e+01 +4.752087093e+01 +1.5806e-01 +3.8263e-01 +5.5780e-01
8309 0 +1.063172027e-02 +4.752063172e+01 +4.752063172e+01 +1.5762e-01 +3.8079e-01 +5.5641e-01
8521 0 +1.044660714e-02 +4.752044661e+01 +4.752044661e+01 +1.5749e-01 +3.8198e-01 +5.5716e-01
8762 0 +1.019289730e-02 +4.752019290e+01 +4.752019290e+01 +1.5731e-01 +3.8725e-01 +5.5951e-01
8905 0 +9.925811005e-03 +4.751992581e+01 +4.751992581e+01 +1.5703e-01 +3.8596e-01 +5.5925e-01
9041 0 +9.766595558e-03 +4.751976660e+01 +4.751976660e+01 +1.5709e-01 +3.8904e-01 +5.6114e-01
9102 0 +9.446047652e-03 +4.751944605e+01 +4.751944605e+01 +1.5674e-01 +3.9075e-01 +5.6194e-01
9279 0 +9.314950081e-03 +4.751931495e+01 +4.751931495e+01 +1.5665e-01 +3.9278e-01 +5.6351e-01
9460 0 +9.072198662e-03 +4.751907220e+01 +4.751907220e+01 +1.5617e-01 +3.9262e-01 +5.6285e-01
9532 0 +8.911496627e-03 +4.751891150e+01 +4.751891150e+01 +1.5635e-01 +3.9649e-01 +5.6514e-01
9652 0 +8.696917947e-03 +4.751869692e+01 +4.751869692e+01 +1.5607e-01 +3.9805e-01 +5.6621e-01
9754 0 +8.507126407e-03 +4.751850713e+01 +4.751850713e+01 +1.5583e-01 +3.9855e-01 +5.6616e-01
9900 0 +8.288149680e-03 +4.751828815e+01 +4.751828815e+01 +1.5582e-01 +4.0528e-01 +5.6994e-01
10054 0 +8.125811185e-03 +4.751812581e+01 +4.751812581e+01 +1.5558e-01 +4.0290e-01 +5.6823e-01
10257 0 +7.920687432e-03 +4.751792069e+01 +4.751792069e+01 +1.5536e-01 +4.0512e-01 +5.6974e-01
10308 0 +7.680191106e-03 +4.751768019e+01 +4.751768019e+01 +1.5501e-01 +4.0638e-01 +5.6959e-01
10415 0 +7.585476429e-03 +4.751758548e+01 +4.751758548e+01 +1.5492e-01 +4.0704e-01 +5.7004e-01
10720 0 +7.408025770e-03 +4.751740803e+01 +4.751740803e+01 +1.5462e-01 +4.0816e-01 +5.7074e-01
10753 0 +7.197924518e-03 +4.751719792e+01 +4.751719792e+01 +1.5464e-01 +4.1169e-01 +5.7246e-01
10906 0 +7.060983099e-03 +4.751706098e+01 +4.751706098e+01 +1.5454e-01 +4.1487e-01 +5.7396e-01
11102 0 +6.903780096e-03 +4.751690378e+01 +4.751690378e+01 +1.5404e-01 +4.1332e-01 +5.7309e-01
11358 0 +6.600308716e-03 +4.751660031e+01 +4.751660031e+01 +1.5408e-01 +4.1842e-01 +5.7607e-01
11603 0 +6.444931854e-03 +4.751644493e+01 +4.751644493e+01 +1.5390e-01 +4.1993e-01 +5.7672e-01
11740 0 +6.262767292e-03 +4.751626277e+01 +4.751626277e+01 +1.5358e-01 +4.2052e-01 +5.7699e-01
11812 0 +6.165517752e-03 +4.751616552e+01 +4.751616552e+01 +1.5356e-01 +4.2260e-01 +5.7796e-01
11945 0 +6.016739456e-03 +4.751601674e+01 +4.751601674e+01 +1.5324e-01 +4.2293e-01 +5.7812e-01
12051 0 +5.932488170e-03 +4.751593249e+01 +4.751593249e+01 +1.5324e-01 +4.2427e-01 +5.7901e-01
% f evaluations | g evaluations | best noise-free fitness - Fopt (5.534000000000e+01) + sum g_i+ | measured fitness | best measured fitness or single-digit g-values | x1 | x2...
1 0 +4.734014409e+04 +4.739548409e+04 +4.739548409e+04 -4.2588e+00 -1.6666e+00 -2.5386e+00
2 0 +1.166095589e+04 +1.171629589e+04 +1.171629589e+04 +1.4081e+00 +1.8915e+00 -3.7001e+00
3 0 +3.378097713e+03 +3.433437713e+03 +3.433437713e+03 +4.8842e-01 +1.7595e+00 -2.5653e+00
11 0 +9.192965069e+02 +9.746365069e+02 +9.746365069e+02 -3.3681e+00 +1.4954e+00 +6.3550e-02
27 0 +1.854001917e+02 +2.407401917e+02 +2.407401917e+02 +3.1349e+00 -1.2640e-01 -3.3972e+00
77 0 +1.015949644e+02 +1.569349644e+02 +1.569349644e+02 +3.2946e+00 -1.1997e-01 -3.2242e+00
107 0 +6.880472740e+01 +1.241447274e+02 +1.241447274e+02 +3.2643e+00 -2.4470e-01 -3.3015e+00
169 0 +4.538522037e+01 +1.007252204e+02 +1.007252204e+02 +3.3320e+00 -2.0440e-01 -3.1070e+00
213 0 +4.148185439e+01 +9.682185439e+01 +9.682185439e+01 +3.2728e+00 -2.1659e-01 -3.1897e+00
216 0 +3.858602506e+01 +9.392602506e+01 +9.392602506e+01 +3.2873e+00 -2.0784e-01 -3.1301e+00
297 0 +3.525177700e+01 +9.059177700e+01 +9.059177700e+01 +3.2044e+00 -2.2948e-01 -3.1791e+00
307 0 +3.289352636e+01 +8.823352636e+01 +8.823352636e+01 +3.2103e+00 -2.2797e-01 -3.1669e+00
405 0 +3.201631380e+01 +8.735631380e+01 +8.735631380e+01 +3.2055e+00 -2.3256e-01 -3.1679e+00
427 0 +3.032275575e+01 +8.566275575e+01 +8.566275575e+01 +3.2414e+00 -2.2187e-01 -3.1347e+00
452 0 +2.961287682e+01 +8.495287682e+01 +8.495287682e+01 +3.2402e+00 -2.2401e-01 -3.1350e+00
464 0 +2.871742857e+01 +8.405742857e+01 +8.405742857e+01 +3.1330e+00 -2.2554e-01 -3.1368e+00
496 0 +2.751439997e+01 +8.285439997e+01 +8.285439997e+01 +3.2306e+00 -2.3406e-01 -3.1441e+00
505 0 +2.639472989e+01 +8.173472989e+01 +8.173472989e+01 +3.2549e+00 -2.3261e-01 -3.1211e+00
577 0 +2.586893701e+01 +8.120893701e+01 +8.120893701e+01 +3.2258e+00 -2.4107e-01 -3.1455e+00
585 0 +2.507853452e+01 +8.041853452e+01 +8.041853452e+01 +3.2217e+00 -2.4669e-01 -3.1487e+00
633 0 +2.331129598e+01 +7.865129598e+01 +7.865129598e+01 +3.2133e+00 -2.6350e-01 -3.1550e+00
634 0 +2.017105606e+01 +7.551105606e+01 +7.551105606e+01 +3.2242e+00 -2.4174e-01 -3.0909e+00
652 0 +1.969415563e+01 +7.503415563e+01 +7.503415563e+01 +3.2244e+00 -2.4094e-01 -3.0574e+00
674 0 +1.891155006e+01 +7.425155006e+01 +7.425155006e+01 +3.2030e+00 -2.4740e-01 -3.1031e+00
708 0 +1.849691332e+01 +7.383691332e+01 +7.383691332e+01 +3.2064e+00 -2.4620e-01 -3.0939e+00
725 0 +1.669156543e+01 +7.203156543e+01 +7.203156543e+01 +3.1634e+00 -2.6612e-01 -3.1081e+00
752 0 +1.556533564e+01 +7.090533564e+01 +7.090533564e+01 +3.1827e+00 -2.5817e-01 -3.0921e+00
755 0 +1.331674700e+01 +6.865674700e+01 +6.865674700e+01 +3.1955e+00 -2.6599e-01 -3.0771e+00
808 0 +1.282441707e+01 +6.816441707e+01 +6.816441707e+01 +3.1927e+00 -2.7115e-01 -3.0815e+00
856 0 +1.245135208e+01 +6.779135208e+01 +6.779135208e+01 +3.2016e+00 -2.7177e-01 -3.0752e+00
907 0 +1.147126070e+01 +6.681126070e+01 +6.681126070e+01 +3.1910e+00 -2.8082e-01 -3.0789e+00
913 0 +1.052752809e+01 +6.586752809e+01 +6.586752809e+01 +3.1729e+00 -3.1557e-01 -3.0782e+00
965 0 +1.028358821e+01 +6.562358821e+01 +6.562358821e+01 +3.1754e+00 -3.0942e-01 -3.0779e+00
972 0 +9.879059031e+00 +6.521905903e+01 +6.521905903e+01 +3.1755e+00 -2.8596e-01 -3.0624e+00
975 0 +8.798934709e+00 +6.413893471e+01 +6.413893471e+01 +3.1877e+00 -3.1309e-01 -3.0664e+00
1009 0 +8.230087482e+00 +6.357008748e+01 +6.357008748e+01 +3.1958e+00 -3.1130e-01 -3.0601e+00
1016 0 +8.000349703e+00 +6.334034970e+01 +6.334034970e+01 +3.2182e+00 -3.0857e-01 -3.0523e+00
1085 0 +7.816872794e+00 +6.315687279e+01 +6.315687279e+01 +3.2043e+00 -3.1675e-01 -3.0566e+00
1133 0 +7.693665378e+00 +6.303366538e+01 +6.303366538e+01 +3.2097e+00 -3.1487e-01 -3.0533e+00
1203 0 +7.532502782e+00 +6.287250278e+01 +6.287250278e+01 +3.2067e+00 -3.3044e-01 -3.0518e+00
1260 0 +7.156694499e+00 +6.249669450e+01 +6.249669450e+01 +3.2299e+00 -3.2959e-01 -3.0292e+00
1298 0 +7.078426602e+00 +6.241842660e+01 +6.241842660e+01 +3.2224e+00 -3.2733e-01 -3.0337e+00
12051 0 +6.980548815e+00 +6.232054881e+01 +6.232054881e+01 +3.2093e+00 -3.3242e-01 -3.0267e+00
% f evaluations | g evaluations | best noise-free fitness - Fopt (-9.033000000000e+01) + sum g_i+ | measured fitness | best measured fitness or single-digit g-values | x1 | x2...
1 0 +9.134491019e+02 +8.231191019e+02 +8.231191019e+02 +1.5172e+00 +6.7581e-02 -2.1346e+00
11 0 +6.191408536e+02 +5.288108536e+02 +5.288108536e+02 +3.2651e-01 -9.6087e-01 -1.9158e+00
13 0 +1.937973543e+02 +1.034673543e+02 +1.034673543e+02 +1.7341e+00 -1.6460e+00 +3.2280e-01
74 0 +1.891921894e+02 +9.886218939e+01 +9.886218939e+01 +1.6052e+00 -1.7557e+00 +2.9189e-01
131 0 +1.806872251e+02 +9.035722508e+01 +9.035722508e+01 +1.6262e+00 -1.6617e+00 +3.9483e-01
286 0 +1.724817035e+02 +8.215170355e+01 +8.215170355e+01 +1.5710e+00 -1.3753e+00 +4.8922e-01
327 0 +1.457487374e+02 +5.541873744e+01 +5.541873744e+01 +1.4478e+00 -1.3769e+00 +2.0008e-01
358 0 +1.437854900e+02 +5.345548998e+01 +5.345548998e+01 +1.4599e+00 -1.3475e+00 +2.1420e-01
405 0 +1.410635023e+02 +5.073350227e+01 +5.073350227e+01 +1.4382e+00 -1.3523e+00 +1.4469e-01
452 0 +1.310793260e+02 +4.074932596e+01 +4.074932596e+01 +1.4464e+00 -1.2360e+00 +1.3773e-01
566 0 +1.258032679e+02 +3.547326794e+01 +3.547326794e+01 +1.3963e+00 -1.1677e+00 +1.4872e-01
610 0 +1.188159424e+02 +2.848594242e+01 +2.848594242e+01 +1.4070e+00 -9.8314e-01 +1.6295e-01
690 0 +1.157281425e+02 +2.539814254e+01 +2.539814254e+01 +1.3509e+00 -9.8871e-01 +1.5567e-01
709 0 +1.135733055e+02 +2.324330552e+01 +2.324330552e+01 +1.3485e+00 -9.5151e-01 +1.4937e-01
746 0 +6.495493160e+01 -2.537506840e+01 -2.537506840e+01 +9.7192e-01 +4.7853e-01 -4.7397e-01
754 0 +2.389929809e+01 -6.643070191e+01 -6.643070191e+01 +9.1708e-01 -2.1500e-02 -6.7069e-01
771 0 +1.056924563e+01 -7.976075437e+01 -7.976075437e+01 +7.1108e-01 +2.1086e-01 -7.1301e-01
811 0 +7.178843768e+00 -8.315115623e+01 -8.315115623e+01 +6.5870e-01 +1.4025e-01 -7.7466e-01
816 0 +5.918258169e+00 -8.441174183e+01 -8.441174183e+01 +6.2683e-01 +4.6526e-02 -8.3939e-01
820 0 +5.653021967e+00 -8.467697803e+01 -8.467697803e+01 +5.8859e-01 -2.5264e-02 -9.0765e-01
822 0 +4.035415522e+00 -8.629458448e+01 -8.629458448e+01 +5.5193e-01 -5.0149e-02 -8.7191e-01
865 0 +3.673087815e+00 -8.665691218e+01 -8.665691218e+01 +5.0605e-01 -9.0174e-02 -9.0661e-01
930 0 +2.908878161e+00 -8.742112184e+01 -8.742112184e+01 +5.1907e-01 -3.5333e-02 -7.2959e-01
955 0 +2.540387961e+00 -8.778961204e+01 -8.778961204e+01 +3.3961e-01 -1.2075e-01 -9.5980e-01
1020 0 +2.471848878e+00 -8.785815112e+01 -8.785815112e+01 +3.8565e-01 -9.6953e-02 -8.8894e-01
1037 0 +2.137786947e+00 -8.819221305e+01 -8.819221305e+01 +4.2654e-01 +7.5124e-02 -6.7775e-01
1052 0 +2.036737836e+00 -8.829326216e+01 -8.829326216e+01 +4.2838e-01 +1.1045e-01 -6.5914e-01
1059 0 +1.661684042e+00 -8.866831596e+01 -8.866831596e+01 +4.6425e-01 +1.4800e-01 -5.7073e-01
1113 0 +1.656899775e+00 -8.867310022e+01 -8.867310022e+01 +4.7256e-01 +1.6437e-01 -5.4429e-01
1210 0 +1.616489537e+00 -8.871351046e+01 -8.871351046e+01 +4.6900e-01 +2.0252e-01 -5.0305e-01
1266 0 +1.575677458e+00 -8.875432254e+01 -8.875432254e+01 +4.6001e-01 +1.9240e-01 -5.0337e-01
1313 0 +1.534016849e+00 -8.879598315e+01 -8.879598315e+01 +4.6008e-01 +1.9525e-01 -5.2708e-01
1362 0 +1.512181217e+00 -8.881781878e+01 -8.881781878e+01 +4.5108e-01 +1.9153e-01 -5.3500e-01
1664 0 +1.477861549e+00 -8.885213845e+01 -8.885213845e+01 +4.4879e-01 +2.1665e-01 -5.2102e-01
1967 0 +1.442032897e+00 -8.888796710e+01 -8.888796710e+01 +4.4004e-01 +2.1577e-01 -5.1424e-01
2175 0 +1.411997880e+00 -8.891800212e+01 -8.891800212e+01 +4.3033e-01 +2.1436e-01 -5.0302e-01
2626 0 +1.379977627e+00 -8.895002237e+01 -8.895002237e+01 +4.2339e-01 +2.1786e-01 -4.8220e-01
3514 0 +1.348485069e+00 -8.898151493e+01 -8.898151493e+01 +4.1516e-01 +2.2446e-01 -4.6274e-01
3670 0 +1.303947825e+00 -8.902605218e+01 -8.902605218e+01 +4.0827e-01 +2.3521e-01 -4.5479e-01
3825 0 +1.283750000e+00 -8.904625000e+01 -8.904625000e+01 +4.0930e-01 +2.4470e-01 -4.4810e-01
4033 0 +1.258667240e+00 -8.907133276e+01 -8.907133276e+01 +4.0435e-01 +2.5451e-01 -4.4684e-01
4449 0 +1.218614286e+00 -8.911138571e+01 -8.911138571e+01 +3.9471e-01 +2.6486e-01 -4.3353e-01
4658 0 +1.200258130e+00 -8.912974187e+01 -8.912974187e+01 +3.9173e-01 +2.6858e-01 -4.2267e-01
4973 0 +1.174505543e+00 -8.915549446e+01 -8.915549446e+01 +3.8136e-01 +2.6934e-01 -4.1838e-01
5413 0 +1.148109700e+00 -8.918189030e+01 -8.918189030e+01 +3.7047e-01 +2.6765e-01 -4.0049e-01
5755 0 +1.121749407e+00 -8.920825059e+01 -8.920825059e+01 +3.6720e-01 +2.7510e-01 -3.8845e-01
6006 0 +1.086102505e+00 -8.924389750e+01 -8.924389750e+01 +3.6020e-01 +2.8938e-01 -3.8393e-01
6311 0 +1.070441605e+00 -8.925955840e+01 -8.925955840e+01 +3.5314e-01 +2.9555e-01 -3.8056e-01
6721 0 +1.046296803e+00 -8.928370320e+01 -8.928370320e+01 +3.4650e-01 +2.9958e-01 -3.7102e-01
7267 0 +1.021944436e+00 -8.930805556e+01 -8.930805556e+01 +3.4087e-01 +2.9622e-01 -3.5567e-01
8068 0 +9.979635380e-01 -8.933203646e+01 -8.933203646e+01 +3.3359e-01 +3.0033e-01 -3.4638e-01
8293 0 +9.736982840e-01 -8.935630172e+01 -8.935630172e+01 +3.2502e-01 +3.0723e-01 -3.4119e-01
8844 0 +9.536726247e-01 -8.937632738e+01 -8.937632738e+01 +3.1883e-01 +3.1569e-01 -3.3312e-01
9586 0 +9.323710437e-01 -8.939762896e+01 -8.939762896e+01 +3.0699e-01 +3.2156e-01 -3.2484e-01
9858 0 +9.112388022e-01 -8.941876120e+01 -8.941876120e+01 +3.0687e-01 +3.1980e-01 -3.1258e-01
10666 0 +8.911869648e-01 -8.943881304e+01 -8.943881304e+01 +3.0023e-01 +3.2256e-01 -3.0287e-01
11647 0 +8.704852560e-01 -8.945951474e+01 -8.945951474e+01 +2.9165e-01 +3.1963e-01 -2.9369e-01
12051 0 +8.574843493e-01 -8.947251565e+01 -8.947251565e+01 +2.8734e-01 +3.2264e-01 -2.8940e-01
% f evaluations | g evaluations | best noise-free fitness - Fopt (6.561000000000e+01) + sum g_i+ | measured fitness | best measured fitness or single-digit g-values | x1 | x2...
1 0 +5.864041254e+03 +5.929651254e+03 +5.929651254e+03 -3.2822e+00 +1.4283e+00 -1.9130e+00
8 0 +5.086504145e+02 +5.742604145e+02 +5.742604145e+02 -1.6046e+00 -1.5081e+00 +2.4397e-01
30 0 +1.462212291e+02 +2.118312291e+02 +2.118312291e+02 +1.3926e+00 -2.6024e+00 +1.3137e+00
39 0 +9.833011907e+01 +1.639401191e+02 +1.639401191e+02 +7.9540e-01 -1.7257e+00 +7.2610e-01
64 0 +1.751572546e+01 +8.312572546e+01 +8.312572546e+01 +8.3015e-01 -1.5803e+00 +1.0265e+00
118 0 +1.602981067e+01 +8.163981067e+01 +8.163981067e+01 +8.1919e-01 -1.5906e+00 +1.0177e+00
148 0 +1.370319822e+01 +7.931319822e+01 +7.931319822e+01 +7.3135e-01 -1.6177e+00 +9.5082e-01
155 0 +1.236952551e+01 +7.797952551e+01 +7.797952551e+01 +7.4602e-01 -1.6145e+00 +9.6668e-01
188 0 +1.109580659e+01 +7.670580659e+01 +7.670580659e+01 +7.7446e-01 -1.5887e+00 +9.9622e-01
262 0 +9.426837285e+00 +7.503683729e+01 +7.503683729e+01 +7.4759e-01 -1.6150e+00 +9.8667e-01
287 0 +8.161739488e+00 +7.377173949e+01 +7.377173949e+01 -1.2189e+00 -2.5677e+00 -2.1020e-01
347 0 +5.668259046e+00 +7.127825905e+01 +7.127825905e+01 -1.1576e+00 -2.5384e+00 -1.7267e-01
373 0 +5.478229995e+00 +7.108822999e+01 +7.108822999e+01 -1.1716e+00 -2.5446e+00 -1.7671e-01
410 0 +3.276251585e+00 +6.888625158e+01 +6.888625158e+01 +7.3284e-01 -1.6076e+00 +1.0293e+00
462 0 +2.805537743e+00 +6.841553774e+01 +6.841553774e+01 +7.3527e-01 -1.6064e+00 +1.0363e+00
504 0 +7.210236311e-01 +6.633102363e+01 +6.633102363e+01 +7.3902e-01 -1.5644e+00 +1.0878e+00
564 0 +3.736895668e-01 +6.598368957e+01 +6.598368957e+01 +7.1968e-01 -1.6128e+00 +1.0869e+00
603 0 +3.326629293e-01 +6.594266293e+01 +6.594266293e+01 +7.2121e-01 -1.6109e+00 +1.0906e+00
639 0 +2.932014512e-01 +6.590320145e+01 +6.590320145e+01 +7.2766e-01 -1.6015e+00 +1.0990e+00
660 0 +2.830467135e-01 +6.589304671e+01 +6.589304671e+01 +7.2678e-01 -1.6020e+00 +1.0970e+00
695 0 +2.750579291e-01 +6.588505793e+01 +6.588505793e+01 +7.2661e-01 -1.6018e+00 +1.0947e+00
4131 0 +2.691477413e-01 +6.587914774e+01 +6.587914774e+01 +7.2335e-01 -1.5909e+00 +1.0905e+00
8088 0 +2.630261210e-01 +6.587302612e+01 +6.587302612e+01 +7.1855e-01 -1.5753e+00 +1.0857e+00
12051 0 +2.588789152e-01 +6.586887892e+01 +6.586887892e+01 +7.1518e-01 -1.5641e+00 +1.0823e+00
% f evaluations | g evaluations | best noise-free fitness - Fopt (1.238300000000e+02) + sum g_i+ | measured fitness | best measured fitness or single-digit g-values | x1 | x2...
1 0 +3.013302434e+03 +3.137132434e+03 +3.137132434e+03 +2.8833e+00 -2.0043e+00 -2.8202e-01
14 0 +2.281052633e+03 +2.404882633e+03 +2.404882633e+03 -4.2588e+00 -1.5995e+00 +2.5297e+00
22 0 +1.387053554e+02 +2.625353554e+02 +2.625353554e+02 +1.3238e+00 -2.8851e-01 -3.0986e-01
62 0 +9.907839472e+01 +2.229083947e+02 +2.229083947e+02 +4.5821e-01 -6.9292e-01 -7.0088e-01
96 0 +8.781853918e+01 +2.116485392e+02 +2.116485392e+02 +1.5322e+00 +1.9248e+00 +2.6473e-02
106 0 +3.965818678e+01 +1.634881868e+02 +1.634881868e+02 +1.0429e+00 +8.8165e-01 -1.3536e-01
168 0 +2.348564907e+01 +1.473156491e+02 +1.473156491e+02 +1.5399e+00 +1.4025e+00 +5.0089e-03
183 0 +4.475560628e+00 +1.283055606e+02 +1.283055606e+02 -3.8196e-01 -4.9274e-01 -2.4424e-01
229 0 +3.433710220e+00 +1.272637102e+02 +1.272637102e+02 -4.6838e-01 -6.0202e-01 -2.5669e-01
252 0 +2.860201970e+00 +1.266902020e+02 +1.266902020e+02 -3.4401e-01 -3.4988e-01 -5.4790e-02
255 0 +1.548598085e+00 +1.253785981e+02 +1.253785981e+02 -4.6639e-01 -5.5085e-01 -1.2304e-01
302 0 +1.471132169e+00 +1.253011322e+02 +1.253011322e+02 -4.6588e-01 -5.2235e-01 -1.0462e-01
355 0 +1.379108032e+00 +1.252091080e+02 +1.252091080e+02 -4.6477e-01 -4.6124e-01 -6.5131e-02
433 0 +1.344748043e+00 +1.251747480e+02 +1.251747480e+02 -4.9507e-01 -4.6485e-01 -7.6713e-02
457 0 +1.251465916e+00 +1.250814659e+02 +1.250814659e+02 -4.9287e-01 -4.2747e-01 -6.2839e-02
512 0 +1.183422792e+00 +1.250134228e+02 +1.250134228e+02 -4.7162e-01 -3.9341e-01 -5.5662e-02
514 0 +1.147978347e+00 +1.249779783e+02 +1.249779783e+02 -4.1275e-01 -2.2026e-01 +4.8011e-02
534 0 +1.083029240e+00 +1.249130292e+02 +1.249130292e+02 -4.5557e-01 -3.2788e-01 -3.2845e-02
553 0 +7.011952090e-01 +1.245311952e+02 +1.245311952e+02 -3.8461e-01 -4.1778e-02 +6.4555e-02
628 0 +5.999791830e-01 +1.244299792e+02 +1.244299792e+02 -1.3382e-01 +3.2630e-01 +1.6064e-01
634 0 +5.020307623e-01 +1.243320308e+02 +1.243320308e+02 -1.2327e-01 +2.5787e-01 +1.2720e-01
661 0 +3.720381563e-01 +1.242020382e+02 +1.242020382e+02 -1.0068e-01 +2.9743e-01 +1.3806e-01
673 0 +4.531793868e-02 +1.238753179e+02 +1.238753179e+02 +9.6044e-02 +4.9640e-01 +1.7418e-01
1016 0 +4.465301468e-02 +1.238746530e+02 +1.238746530e+02 +9.9705e-02 +5.0105e-01 +1.7506e-01
1081 0 +4.163439305e-02 +1.238716344e+02 +1.238716344e+02 +1.1384e-01 +5.1560e-01 +1.7561e-01
1113 0 +4.043866979e-02 +1.238704387e+02 +1.238704387e+02 +1.2893e-01 +5.3063e-01 +1.7620e-01
1154 0 +3.906542190e-02 +1.238690654e+02 +1.238690654e+02 +1.3977e-01 +5.3984e-01 +1.7632e-01
1208 0 +3.397745664e-02 +1.238639775e+02 +1.238639775e+02 +1.3554e-01 +5.3048e-01 +1.7247e-01
1275 0 +3.366924078e-02 +1.238636692e+02 +1.238636692e+02 +1.3498e-01 +5.3027e-01 +1.7226e-01
1334 0 +3.230636886e-02 +1.238623064e+02 +1.238623064e+02 +1.5464e-01 +5.4832e-01 +1.7406e-01
1369 0 +3.123247175e-02 +1.238612325e+02 +1.238612325e+02 +1.5081e-01 +5.4418e-01 +1.7298e-01
1409 0 +2.949204852e-02 +1.238594920e+02 +1.238594920e+02 +1.6484e-01 +5.5915e-01 +1.7398e-01
1424 0 +2.817482208e-02 +1.238581748e+02 +1.238581748e+02 +1.6639e-01 +5.6068e-01 +1.7357e-01
1519 0 +2.703063346e-02 +1.238570306e+02 +1.238570306e+02 +1.6828e-01 +5.6153e-01 +1.7304e-01
1559 0 +2.591947363e-02 +1.238559195e+02 +1.238559195e+02 +1.6256e-01 +5.5757e-01 +1.7146e-01
1622 0 +2.322458784e-02 +1.238532246e+02 +1.238532246e+02 +1.9703e-01 +5.9044e-01 +1.7181e-01
1652 0 +2.278286225e-02 +1.238527829e+02 +1.238527829e+02 +1.8515e-01 +5.7882e-01 +1.7156e-01
1667 0 +2.235570609e-02 +1.238523557e+02 +1.238523557e+02 +1.8853e-01 +5.8187e-01 +1.7148e-01
1677 0 +1.998775334e-02 +1.238499878e+02 +1.238499878e+02 +1.8942e-01 +5.7882e-01 +1.6942e-01
1706 0 +1.989778069e-02 +1.238498978e+02 +1.238498978e+02 +1.9119e-01 +5.8016e-01 +1.6981e-01
1720 0 +1.948676152e-02 +1.238494868e+02 +1.238494868e+02 +1.9448e-01 +5.8528e-01 +1.7034e-01
1801 0 +1.845892068e-02 +1.238484589e+02 +1.238484589e+02 +1.9886e-01 +5.8917e-01 +1.6968e-01
1811 0 +1.806617038e-02 +1.238480662e+02 +1.238480662e+02 +2.0309e-01 +5.9276e-01 +1.6999e-01
1830 0 +1.693631955e-02 +1.238469363e+02 +1.238469363e+02 +2.1844e-01 +6.0602e-01 +1.6999e-01
1887 0 +1.658321221e-02 +1.238465832e+02 +1.238465832e+02 +2.1754e-01 +6.0494e-01 +1.6980e-01
1923 0 +1.615092325e-02 +1.238461509e+02 +1.238461509e+02 +2.1721e-01 +6.0477e-01 +1.6952e-01
1963 0 +1.525719380e-02 +1.238452572e+02 +1.238452572e+02 +2.1497e-01 +6.0112e-01 +1.6839e-01
2027 0 +1.467697031e-02 +1.238446770e+02 +1.238446770e+02 +2.1851e-01 +6.0365e-01 +1.6789e-01
2146 0 +1.441571053e-02 +1.238444157e+02 +1.238444157e+02 +2.2465e-01 +6.1155e-01 +1.6834e-01
2203 0 +1.404302204e-02 +1.238440430e+02 +1.238440430e+02 +2.2256e-01 +6.0866e-01 +1.6803e-01
2302 0 +1.367044880e-02 +1.238436704e+02 +1.238436704e+02 +2.2330e-01 +6.0846e-01 +1.6731e-01
2329 0 +1.335933477e-02 +1.238433593e+02 +1.238433593e+02 +2.2897e-01 +6.1319e-01 +1.6796e-01
2399 0 +1.317821160e-02 +1.238431782e+02 +1.238431782e+02 +2.3270e-01 +6.1637e-01 +1.6801e-01
2506 0 +1.254876193e-02 +1.238425488e+02 +1.238425488e+02 +2.3299e-01 +6.1686e-01 +1.6753e-01
2695 0 +1.229506959e-02 +1.238422951e+02 +1.238422951e+02 +2.3394e-01 +6.1835e-01 +1.6725e-01
2704 0 +1.200827546e-02 +1.238420083e+02 +1.238420083e+02 +2.3417e-01 +6.1780e-01 +1.6683e-01
2761 0 +1.172101508e-02 +1.238417210e+02 +1.238417210e+02 +2.4230e-01 +6.2448e-01 +1.6725e-01
2855 0 +1.130308236e-02 +1.238413031e+02 +1.238413031e+02 +2.3897e-01 +6.2148e-01 +1.6642e-01
2904 0 +1.120426265e-02 +1.238412043e+02 +1.238412043e+02 +2.4094e-01 +6.2295e-01 +1.6656e-01
2992 0 +1.095617602e-02 +1.238409562e+02 +1.238409562e+02 +2.4097e-01 +6.2323e-01 +1.6603e-01
3054 0 +1.063664118e-02 +1.238406366e+02 +1.238406366e+02 +2.4497e-01 +6.2640e-01 +1.6628e-01
3156 0 +1.038777071e-02 +1.238403878e+02 +1.238403878e+02 +2.4709e-01 +6.2816e-01 +1.6618e-01
3236 0 +1.022352516e-02 +1.238402235e+02 +1.238402235e+02 +2.5323e-01 +6.3313e-01 +1.6625e-01
3319 0 +9.930426744e-03 +1.238399304e+02 +1.238399304e+02 +2.5104e-01 +6.3189e-01 +1.6607e-01
3367 0 +9.737545294e-03 +1.238397375e+02 +1.238397375e+02 +2.5605e-01 +6.3564e-01 +1.6597e-01
3454 0 +9.421895085e-03 +1.238394219e+02 +1.238394219e+02 +2.5906e-01 +6.3862e-01 +1.6588e-01
3521 0 +9.325969213e-03 +1.238393260e+02 +1.238393260e+02 +2.5874e-01 +6.3818e-01 +1.6577e-01
3552 0 +9.094742986e-03 +1.238390947e+02 +1.238390947e+02 +2.5644e-01 +6.3638e-01 +1.6546e-01
3642 0 +8.911078100e-03 +1.238389111e+02 +1.238389111e+02 +2.5732e-01 +6.3758e-01 +1.6526e-01
3727 0 +8.703714365e-03 +1.238387037e+02 +1.238387037e+02 +2.5881e-01 +6.3910e-01 +1.6490e-01
3855 0 +8.433980425e-03 +1.238384340e+02 +1.238384340e+02 +2.6077e-01 +6.4014e-01 +1.6493e-01
4024 0 +8.217271168e-03 +1.238382173e+02 +1.238382173e+02 +2.6219e-01 +6.4095e-01 +1.6467e-01
4058 0 +8.000505287e-03 +1.238380005e+02 +1.238380005e+02 +2.6564e-01 +6.4376e-01 +1.6468e-01
4134 0 +7.943062335e-03 +1.238379431e+02 +1.238379431e+02 +2.6740e-01 +6.4518e-01 +1.6469e-01
4219 0 +7.696767108e-03 +1.238376968e+02 +1.238376968e+02 +2.6911e-01 +6.4748e-01 +1.6457e-01
4306 0 +7.529131704e-03 +1.238375291e+02 +1.238375291e+02 +2.6768e-01 +6.4533e-01 +1.6405e-01
4403 0 +7.410119501e-03 +1.238374101e+02 +1.238374101e+02 +2.6899e-01 +6.4659e-01 +1.6409e-01
4541 0 +7.230062108e-03 +1.238372301e+02 +1.238372301e+02 +2.7091e-01 +6.4875e-01 +1.6404e-01
4631 0 +7.077153446e-03 +1.238370772e+02 +1.238370772e+02 +2.7512e-01 +6.5327e-01 +1.6346e-01
4796 0 +6.888431562e-03 +1.238368884e+02 +1.238368884e+02 +2.7596e-01 +6.5244e-01 +1.6389e-01
4813 0 +6.663076313e-03 +1.238366631e+02 +1.238366631e+02 +2.7518e-01 +6.5207e-01 +1.6345e-01
4902 0 +6.605318272e-03 +1.238366053e+02 +1.238366053e+02 +2.7854e-01 +6.5474e-01 +1.6368e-01
5095 0 +6.419702345e-03 +1.238364197e+02 +1.238364197e+02 +2.7725e-01 +6.5349e-01 +1.6319e-01
5160 0 +6.284875606e-03 +1.238362849e+02 +1.238362849e+02 +2.7954e-01 +6.5550e-01 +1.6327e-01
5254 0 +6.127395077e-03 +1.238361274e+02 +1.238361274e+02 +2.8155e-01 +6.5708e-01 +1.6317e-01
5368 0 +6.008807777e-03 +1.238360088e+02 +1.238360088e+02 +2.8202e-01 +6.5743e-01 +1.6299e-01
5525 0 +5.847989202e-03 +1.238358480e+02 +1.238358480e+02 +2.8478e-01 +6.5976e-01 +1.6295e-01
5552 0 +5.743853097e-03 +1.238357439e+02 +1.238357439e+02 +2.8408e-01 +6.5922e-01 +1.6270e-01
5640 0 +5.582686078e-03 +1.238355827e+02 +1.238355827e+02 +2.8775e-01 +6.6219e-01 +1.6271e-01
5701 0 +5.450347835e-03 +1.238354503e+02 +1.238354503e+02 +2.8738e-01 +6.6190e-01 +1.6247e-01
5788 0 +5.354654965e-03 +1.238353547e+02 +1.238353547e+02 +2.8850e-01 +6.6285e-01 +1.6240e-01
5943 0 +5.223894087e-03 +1.238352239e+02 +1.238352239e+02 +2.8864e-01 +6.6294e-01 +1.6193e-01
6027 0 +5.122573345e-03 +1.238351226e+02 +1.238351226e+02 +2.9080e-01 +6.6470e-01 +1.6215e-01
6215 0 +4.994579748e-03 +1.238349946e+02 +1.238349946e+02 +2.9268e-01 +6.6632e-01 +1.6208e-01
6317 0 +4.897702296e-03 +1.238348977e+02 +1.238348977e+02 +2.9210e-01 +6.6578e-01 +1.6166e-01
6425 0 +4.773878059e-03 +1.238347739e+02 +1.238347739e+02 +2.9391e-01 +6.6731e-01 +1.6171e-01
6528 0 +4.665552540e-03 +1.238346656e+02 +1.238346656e+02 +2.9679e-01 +6.6976e-01 +1.6177e-01
6719 0 +4.564556268e-03 +1.238345646e+02 +1.238345646e+02 +2.9777e-01 +6.7056e-01 +1.6165e-01
6893 0 +4.450582640e-03 +1.238344506e+02 +1.238344506e+02 +2.9721e-01 +6.7007e-01 +1.6130e-01
7005 0 +4.304399148e-03 +1.238343044e+02 +1.238343044e+02 +2.9957e-01 +6.7205e-01 +1.6127e-01
7052 0 +4.262876125e-03 +1.238342629e+02 +1.238342629e+02 +3.0075e-01 +6.7304e-01 +1.6129e-01
7184 0 +4.129367210e-03 +1.238341294e+02 +1.238341294e+02 +3.0293e-01 +6.7451e-01 +1.6111e-01
7267 0 +4.059976024e-03 +1.238340600e+02 +1.238340600e+02 +3.0179e-01 +6.7401e-01 +1.6081e-01
7312 0 +3.962130866e-03 +1.238339621e+02 +1.238339621e+02 +3.0402e-01 +6.7565e-01 +1.6091e-01
7452 0 +3.883105640e-03 +1.238338831e+02 +1.238338831e+02 +3.0598e-01 +6.7712e-01 +1.6084e-01
7552 0 +3.792074938e-03 +1.238337921e+02 +1.238337921e+02 +3.0577e-01 +6.7682e-01 +1.6063e-01
7653 0 +3.704018897e-03 +1.238337040e+02 +1.238337040e+02 +3.0694e-01 +6.7755e-01 +1.6042e-01
7863 0 +3.583991838e-03 +1.238335840e+02 +1.238335840e+02 +3.0943e-01 +6.7997e-01 +1.6046e-01
8000 0 +3.547963660e-03 +1.238335480e+02 +1.238335480e+02 +3.0918e-01 +6.7997e-01 +1.6040e-01
8103 0 +3.457873801e-03 +1.238334579e+02 +1.238334579e+02 +3.1082e-01 +6.8092e-01 +1.6024e-01
8173 0 +3.364287476e-03 +1.238333643e+02 +1.238333643e+02 +3.1027e-01 +6.8073e-01 +1.5996e-01
8385 0 +3.306451120e-03 +1.238333065e+02 +1.238333065e+02 +3.1152e-01 +6.8160e-01 +1.5998e-01
8610 0 +3.234480646e-03 +1.238332345e+02 +1.238332345e+02 +3.1375e-01 +6.8348e-01 +1.5998e-01
8821 0 +3.154187842e-03 +1.238331542e+02 +1.238331542e+02 +3.1312e-01 +6.8306e-01 +1.5970e-01
9047 0 +3.086931461e-03 +1.238330869e+02 +1.238330869e+02 +3.1480e-01 +6.8457e-01 +1.5973e-01
9154 0 +3.017820638e-03 +1.238330178e+02 +1.238330178e+02 +3.1582e-01 +6.8501e-01 +1.5959e-01
9254 0 +2.950095515e-03 +1.238329501e+02 +1.238329501e+02 +3.1791e-01 +6.8707e-01 +1.5960e-01
9507 0 +2.866962439e-03 +1.238328670e+02 +1.238328670e+02 +3.1733e-01 +6.8650e-01 +1.5935e-01
9696 0 +2.809679226e-03 +1.238328097e+02 +1.238328097e+02 +3.1788e-01 +6.8693e-01 +1.5919e-01
9763 0 +2.752758920e-03 +1.238327528e+02 +1.238327528e+02 +3.1922e-01 +6.8814e-01 +1.5921e-01
9971 0 +2.663136245e-03 +1.238326631e+02 +1.238326631e+02 +3.2158e-01 +6.9006e-01 +1.5915e-01
10006 0 +2.623874591e-03 +1.238326239e+02 +1.238326239e+02 +3.2097e-01 +6.8971e-01 +1.5890e-01
10197 0 +2.561910853e-03 +1.238325619e+02 +1.238325619e+02 +3.2155e-01 +6.8986e-01 +1.5882e-01
10443 0 +2.484545192e-03 +1.238324845e+02 +1.238324845e+02 +3.2318e-01 +6.9146e-01 +1.5875e-01
10515 0 +2.448564464e-03 +1.238324486e+02 +1.238324486e+02 +3.2344e-01 +6.9144e-01 +1.5868e-01
10557 0 +2.379917047e-03 +1.238323799e+02 +1.238323799e+02 +3.2469e-01 +6.9247e-01 +1.5860e-01
10639 0 +2.342565369e-03 +1.238323426e+02 +1.238323426e+02 +3.2700e-01 +6.9424e-01 +1.5861e-01
10694 0 +2.277308928e-03 +1.238322773e+02 +1.238322773e+02 +3.2661e-01 +6.9397e-01 +1.5845e-01
10755 0 +2.234471469e-03 +1.238322345e+02 +1.238322345e+02 +3.2653e-01 +6.9384e-01 +1.5808e-01
10819 0 +2.177930478e-03 +1.238321779e+02 +1.238321779e+02 +3.2795e-01 +6.9500e-01 +1.5824e-01
10963 0 +2.126700919e-03 +1.238321267e+02 +1.238321267e+02 +3.2857e-01 +6.9552e-01 +1.5812e-01
11157 0 +2.086695645e-03 +1.238320867e+02 +1.238320867e+02 +3.3059e-01 +6.9743e-01 +1.5816e-01
11416 0 +2.033880180e-03 +1.238320339e+02 +1.238320339e+02 +3.3027e-01 +6.9684e-01 +1.5797e-01
11653 0 +1.983494338e-03 +1.238319835e+02 +1.238319835e+02 +3.3149e-01 +6.9792e-01 +1.5793e-01
11761 0 +1.923584204e-03 +1.238319236e+02 +1.238319236e+02 +3.3275e-01 +6.9877e-01 +1.5778e-01
11808 0 +1.901701166e-03 +1.238319017e+02 +1.238319017e+02 +3.3245e-01 +6.9868e-01 +1.5772e-01
11862 0 +1.858521180e-03 +1.238318585e+02 +1.238318585e+02 +3.3315e-01 +6.9916e-01 +1.5760e-01
12051 0 +1.832237463e-03 +1.238318322e+02 +1.238318322e+02 +3.3359e-01 +6.9972e-01 +1.5756e-01
% f evaluations | g evaluations | best noise-free fitness - Fopt (4.751000000000e+01) + sum g_i+ | measured fitness | best measured fitness or single-digit g-values | x1 | x2...
1 0 +2.403092188e+03 +2.450602188e+03 +2.450602188e+03 +9.6547e-01 -2.4252e+00 +1.7692e+00
3 0 +2.193370313e+03 +2.240880313e+03 +2.240880313e+03 +7.6405e-01 -4.6492e+00 +7.9960e-01
17 0 +9.439389627e+02 +9.914489627e+02 +9.914489627e+02 -2.6401e+00 +4.7269e-02 +3.0394e-02
33 0 +7.952213869e+01 +1.270321387e+02 +1.270321387e+02 -1.3789e+00 +6.5459e-01 -6.5238e-01
88 0 +5.299433250e+01 +1.005043325e+02 +1.005043325e+02 -1.5781e+00 +2.6057e-01 -6.6339e-01
106 0 +2.700632799e+01 +7.451632799e+01 +7.451632799e+01 -1.5008e+00 +3.0141e-01 -2.0338e-01
158 0 +1.341825296e+01 +6.092825296e+01 +6.092825296e+01 -1.5065e+00 +2.5860e-01 -2.7758e-01
166 0 +1.164859714e+01 +5.915859714e+01 +5.915859714e+01 -1.6047e+00 +1.2957e-01 -4.4540e-01
195 0 +7.173960420e+00 +5.468396042e+01 +5.468396042e+01 -1.5477e+00 +2.3898e-01 -4.6174e-01
220 0 +4.036683777e+00 +5.154668378e+01 +5.154668378e+01 -1.5172e+00 +2.8748e-01 -3.7805e-01
271 0 +3.946082153e+00 +5.145608215e+01 +5.145608215e+01 -1.5229e+00 +2.6956e-01 -3.9180e-01
706 0 +3.890379769e+00 +5.140037977e+01 +5.140037977e+01 -1.5128e+00 +2.7830e-01 -3.9407e-01
6811 0 +3.801366901e+00 +5.131136690e+01 +5.131136690e+01 -1.4619e+00 +1.9297e-01 -4.1532e-01
12051 0 +3.748036302e+00 +5.125803630e+01 +5.125803630e+01 -1.4307e+00 +1.4015e-01 -4.2760e-01
% f evaluations | g evaluations | best noise-free fitness - Fopt (5.534000000000e+01) + sum g_i+ | measured fitness | best measured fitness or single-digit g-values | x1 | x2...
1 0 +7.397042699e+04 +7.402576699e+04 +7.402576699e+04 -1.7138e+00 -2.1996e+00 -4.1284e+00
2 0 +9.104227120e+02 +9.657627120e+02 +9.657627120e+02 +1.8089e+00 -2.1748e+00 -1.0489e+00
5 0 +4.694987800e+02 +5.248387800e+02 +5.248387800e+02 +2.7690e+00 +1.2881e-01 -2.0616e+00
21 0 +2.144717925e+02 +2.698117925e+02 +2.698117925e+02 -8.6278e-01 +1.8547e-01 +1.0257e+00
31 0 +4.485157046e+01 +1.001915705e+02 +1.001915705e+02 +2.3810e+00 -1.9636e-01 -2.4034e+00
63 0 +4.283078112e+01 +9.817078112e+01 +9.817078112e+01 +2.3311e+00 -2.0930e-01 -2.4043e+00
81 0 +2.988501430e+01 +8.522501430e+01 +8.522501430e+01 +2.3001e+00 -2.0304e-01 -2.4851e+00
158 0 +2.569845233e+01 +8.103845233e+01 +8.103845233e+01 +2.3506e+00 -1.3871e-01 -2.4646e+00
248 0 +2.227557995e+01 +7.761557995e+01 +7.761557995e+01 +2.3486e+00 -1.7139e-01 -2.5033e+00
331 0 +2.072129978e+01 +7.606129978e+01 +7.606129978e+01 +2.3243e+00 -1.7423e-01 -2.5193e+00
359 0 +1.968358253e+01 +7.502358253e+01 +7.502358253e+01 +2.3085e+00 -1.8045e-01 -2.5725e+00
404 0 +1.051070110e+01 +6.585070110e+01 +6.585070110e+01 +2.3086e+00 -1.1326e-01 -2.5542e+00
453 0 +1.017693601e+01 +6.551693601e+01 +6.551693601e+01 +2.3131e+00 -8.2786e-02 -2.5496e+00
481 0 +9.982982068e+00 +6.532298207e+01 +6.532298207e+01 +2.3003e+00 -1.1828e-01 -2.5681e+00
530 0 +9.400016985e+00 +6.474001698e+01 +6.474001698e+01 +2.3012e+00 -1.1047e-01 -2.5669e+00
553 0 +9.277952502e+00 +6.461795250e+01 +6.461795250e+01 +2.3056e+00 -1.0023e-01 -2.5605e+00
581 0 +8.989692408e+00 +6.432969241e+01 +6.432969241e+01 +2.3021e+00 -1.0278e-01 -2.5657e+00
612 0 +8.895852582e+00 +6.423585258e+01 +6.423585258e+01 +2.3028e+00 -9.9395e-02 -2.5648e+00
639 0 +8.698424747e+00 +6.403842475e+01 +6.403842475e+01 +2.2777e+00 -1.0400e-01 -2.5712e+00
657 0 +8.429618863e+00 +6.376961886e+01 +6.376961886e+01 +2.2802e+00 -9.7771e-02 -2.5669e+00
668 0 +8.212440545e+00 +6.355244054e+01 +6.355244054e+01 +2.3084e+00 -7.7327e-02 -2.5710e+00
685 0 +8.015772801e+00 +6.335577280e+01 +6.335577280e+01 +2.2871e+00 -9.0987e-02 -2.5693e+00
708 0 +7.355877503e+00 +6.269587750e+01 +6.269587750e+01 +2.2656e+00 -9.1682e-02 -2.6011e+00
752 0 +6.925097484e+00 +6.226509748e+01 +6.226509748e+01 +2.2656e+00 -8.5570e-02 -2.5992e+00
767 0 +6.761842276e+00 +6.210184228e+01 +6.210184228e+01 +2.2760e+00 -7.2470e-02 -2.5821e+00
800 0 +6.713601262e+00 +6.205360126e+01 +6.205360126e+01 +2.2784e+00 -8.0917e-02 -2.5912e+00
867 0 +6.592497165e+00 +6.193249716e+01 +6.193249716e+01 +2.2790e+00 -7.8335e-02 -2.5927e+00
869 0 +6.437978843e+00 +6.177797884e+01 +6.177797884e+01 +2.2796e+00 -6.9527e-02 -2.5923e+00
928 0 +6.277472357e+00 +6.161747236e+01 +6.161747236e+01 +2.2748e+00 -6.9683e-02 -2.5974e+00
1053 0 +6.157214485e+00 +6.149721448e+01 +6.149721448e+01 +2.2714e+00 -6.9212e-02 -2.6060e+00
4351 0 +6.025578073e+00 +6.136557807e+01 +6.136557807e+01 +2.2662e+00 -5.7721e-02 -2.6115e+00
12051 0 +6.016482205e+00 +6.135648221e+01 +6.135648221e+01 +2.2551e+00 -5.5845e-02 -2.6058e+00
% f evaluations | g evaluations | best noise-free fitness - Fopt (-9.033000000000e+01) + sum g_i+ | measured fitness | best measured fitness or single-digit g-values | x1 | x2...
1 0 +4.438235400e+04 +4.429202400e+04 +4.429202400e+04 -4.6661e+00 -2.8161e+00 +2.1286e+00
2 0 +2.823534291e+04 +2.814501291e+04 +2.814501291e+04 -3.4302e+00 +1.2626e-01 -4.0231e+00
3 0 +5.767938415e+03 +5.677608415e+03 +5.677608415e+03 -5.5110e-01 -1.1345e+00 +3.8537e+00
4 0 +1.314999558e+03 +1.224669558e+03 +1.224669558e+03 -1.0479e+00 +2.7397e-01 -2.7218e+00
9 0 +9.390775723e+02 +8.487475723e+02 +8.487475723e+02 +1.5597e+00 -3.8951e+00 +1.4060e+00
12 0 +7.486373374e+02 +6.583073374e+02 +6.583073374e+02 +1.7210e+00 -3.2628e-01 +9.7415e-01
53 0 +4.123076327e+02 +3.219776327e+02 +3.219776327e+02 +1.5316e+00 -3.9057e-01 +7.4446e-01
55 0 +3.170029855e+01 -5.862970145e+01 -5.862970145e+01 -2.8562e-01 -3.2678e-01 +5.6872e-01
110 0 +3.153552597e+01 -5.879447403e+01 -5.879447403e+01 -6.5315e-01 -8.6677e-01 -9.8267e-01
146 0 +2.428309166e+01 -6.604690834e+01 -6.604690834e+01 -2.2090e-01 +1.2499e-01 +6.6612e-01
155 0 +1.627887307e+01 -7.405112693e+01 -7.405112693e+01 -2.3412e-01 +3.2731e-02 +6.4623e-01
174 0 +1.400392132e+01 -7.632607868e+01 -7.632607868e+01 -5.1660e-01 +1.0702e-01 +5.2173e-01
178 0 +7.981431769e+00 -8.234856823e+01 -8.234856823e+01 -2.5413e-01 +3.4916e-02 +5.8700e-01
205 0 +2.421922795e+00 -8.790807720e+01 -8.790807720e+01 -2.7966e-01 +3.2128e-02 +5.1142e-01
241 0 +6.505506399e-01 -8.967944936e+01 -8.967944936e+01 -3.9041e-01 -5.2193e-03 +5.6131e-01
288 0 +4.475781944e-01 -8.988242181e+01 -8.988242181e+01 -3.7059e-01 +1.5490e-02 +5.9321e-01
301 0 +3.495677921e-01 -8.998043221e+01 -8.998043221e+01 -3.6313e-01 +2.0570e-02 +5.6568e-01
366 0 +3.378817454e-01 -8.999211825e+01 -8.999211825e+01 -3.6203e-01 +3.4834e-02 +5.7760e-01
395 0 +3.238709323e-01 -9.000612907e+01 -9.000612907e+01 -3.6308e-01 +2.3004e-02 +5.6661e-01
415 0 +2.818805614e-01 -9.004811944e+01 -9.004811944e+01 -3.6636e-01 +2.1683e-02 +5.5965e-01
475 0 +2.319349161e-01 -9.009806508e+01 -9.009806508e+01 -3.6358e-01 +2.8777e-02 +5.6036e-01
511 0 +1.869406058e-01 -9.014305939e+01 -9.014305939e+01 -3.6908e-01 +2.7317e-02 +5.5907e-01
552 0 +1.686060744e-01 -9.016139393e+01 -9.016139393e+01 -3.7389e-01 +2.7141e-02 +5.5684e-01
576 0 +1.548799763e-01 -9.017512002e+01 -9.017512002e+01 -3.6813e-01 +3.1419e-02 +5.6296e-01
584 0 +1.272747609e-01 -9.020272524e+01 -9.020272524e+01 -3.6888e-01 +3.3563e-02 +5.5930e-01
619 0 +1.189288149e-01 -9.021107119e+01 -9.021107119e+01 -3.6429e-01 +4.3590e-02 +5.6249e-01
620 0 +1.111638969e-01 -9.021883610e+01 -9.021883610e+01 -3.6702e-01 +3.7804e-02 +5.5970e-01
653 0 +1.023123131e-01 -9.022768769e+01 -9.022768769e+01 -3.8068e-01 +3.1955e-02 +5.5941e-01
678 0 +9.624822357e-02 -9.023375178e+01 -9.023375178e+01 -3.6696e-01 +4.0285e-02 +5.5996e-01
717 0 +8.575870281e-02 -9.024424130e+01 -9.024424130e+01 -3.6608e-01 +5.0275e-02 +5.6365e-01
741 0 +8.438635991e-02 -9.024561364e+01 -9.024561364e+01 -3.6559e-01 +4.5499e-02 +5.6010e-01
753 0 +6.608499522e-02 -9.026391500e+01 -9.026391500e+01 -3.7470e-01 +3.7320e-02 +5.5968e-01
775 0 +6.179675407e-02 -9.026820325e+01 -9.026820325e+01 -3.6880e-01 +4.3727e-02 +5.5952e-01
779 0 +6.114268971e-02 -9.026885731e+01 -9.026885731e+01 -3.7031e-01 +4.1724e-02 +5.5949e-01
822 0 +5.787164371e-02 -9.027212836e+01 -9.027212836e+01 -3.7125e-01 +4.1365e-02 +5.5810e-01
826 0 +5.341689448e-02 -9.027658311e+01 -9.027658311e+01 -3.6980e-01 +4.4120e-02 +5.5971e-01
854 0 +4.418914409e-02 -9.028581086e+01 -9.028581086e+01 -3.7145e-01 +4.3920e-02 +5.5871e-01
858 0 +3.763632605e-02 -9.029236367e+01 -9.029236367e+01 -3.6911e-01 +5.1588e-02 +5.5979e-01
906 0 +3.688590805e-02 -9.029311409e+01 -9.029311409e+01 -3.6897e-01 +5.3536e-02 +5.5981e-01
936 0 +2.258378353e-02 -9.030741622e+01 -9.030741622e+01 -3.7160e-01 +5.0223e-02 +5.5665e-01
942 0 +2.226669793e-02 -9.030773330e+01 -9.030773330e+01 -3.7148e-01 +5.0641e-02 +5.5712e-01
1010 0 +1.920966074e-02 -9.031079034e+01 -9.031079034e+01 -3.7227e-01 +5.1082e-02 +5.5590e-01
1055 0 +1.843732454e-02 -9.031156268e+01 -9.031156268e+01 -3.7218e-01 +5.1580e-02 +5.5598e-01
1174 0 +1.751580159e-02 -9.031248420e+01 -9.031248420e+01 -3.7284e-01 +5.1623e-02 +5.5559e-01
1223 0 +1.572710067e-02 -9.031427290e+01 -9.031427290e+01 -3.7255e-01 +5.2996e-02 +5.5610e-01
1260 0 +1.477509812e-02 -9.031522490e+01 -9.031522490e+01 -3.7228e-01 +5.4840e-02 +5.5629e-01
1312 0 +1.432478393e-02 -9.031567522e+01 -9.031567522e+01 -3.7271e-01 +5.4295e-02 +5.5597e-01
1355 0 +1.403457765e-02 -9.031596542e+01 -9.031596542e+01 -3.7268e-01 +5.5017e-02 +5.5607e-01
1456 0 +1.372516776e-02 -9.031627483e+01 -9.031627483e+01 -3.7303e-01 +5.4818e-02 +5.5588e-01
1552 0 +1.348946948e-02 -9.031651053e+01 -9.031651053e+01 -3.7351e-01 +5.4890e-02 +5.5562e-01
2310 0 +1.318093089e-02 -9.031681907e+01 -9.031681907e+01 -3.7390e-01 +5.5576e-02 +5.5624e-01
6245 0 +1.287943947e-02 -9.031712056e+01 -9.031712056e+01 -3.7512e-01 +5.4382e-02 +5.5802e-01
10591 0 +1.258801061e-02 -9.031741199e+01 -9.031741199e+01 -3.7636e-01 +5.3035e-02 +5.5972e-01
12051 0 +1.245777355e-02 -9.031754223e+01 -9.031754223e+01 -3.7698e-01 +5.2839e-02 +5.6071e-01
% f evaluations | g evaluations | best noise-free fitness - Fopt (6.561000000000e+01) + sum g_i+ | measured fitness | best measured fitness or single-digit g-values | x1 | x2...
1 0 +5.337677114e+04 +5.344238114e+04 +5.344238114e+04 +2.2528e+00 +3.6393e-01 +4.6887e+00
2 0 +1.622094301e+04 +1.628655301e+04 +1.628655301e+04 +1.6522e+00 -1.3378e+00 +3.8862e+00
4 0 +3.514905117e+02 +4.171005117e+02 +4.171005117e+02 +8.1699e-01 -1.1169e+00 -3.2099e-01
17 0 +2.727637081e+02 +3.383737081e+02 +3.383737081e+02 -9.4533e-01 -4.9502e+00 +3.7254e-01
19 0 +1.693381149e+02 +2.349481149e+02 +2.349481149e+02 +6.5667e-01 -5.0263e-01 -2.4752e-01
21 0 +1.513402556e+02 +2.169502556e+02 +2.169502556e+02 -4.4669e-01 +4.2161e-01 +4.1252e-01
63 0 +8.644432148e+00 +7.425443215e+01 +7.425443215e+01 -9.4103e-01 +3.7718e-01 -8.0535e-01
107 0 +8.305621250e+00 +7.391562125e+01 +7.391562125e+01 -9.3536e-01 +3.7881e-01 -7.9964e-01
116 0 +1.926923531e+00 +6.753692353e+01 +6.753692353e+01 -3.3979e-03 +5.2301e-01 -2.4544e-02
203 0 +1.014467891e+00 +6.662446789e+01 +6.662446789e+01 -8.1741e-02 +4.7353e-01 -2.1187e-01
260 0 +8.803873258e-01 +6.649038733e+01 +6.649038733e+01 -6.2307e-02 +4.7713e-01 -1.9213e-01
320 0 +8.465880131e-01 +6.645658801e+01 +6.645658801e+01 -5.4232e-02 +4.7933e-01 -1.8377e-01
340 0 +8.259911283e-01 +6.643599113e+01 +6.643599113e+01 -4.5768e-02 +4.8082e-01 -1.6415e-01
458 0 +8.106343372e-01 +6.642063434e+01 +6.642063434e+01 -3.1938e-02 +4.8108e-01 -1.5209e-01
508 0 +7.701438449e-01 +6.638014384e+01 +6.638014384e+01 -3.3270e-02 +4.6101e-01 -1.5844e-01
581 0 +7.584962043e-01 +6.636849620e+01 +6.636849620e+01 -2.8940e-02 +4.6328e-01 -1.4895e-01
697 0 +7.396151132e-01 +6.634961511e+01 +6.634961511e+01 -2.1628e-02 +4.5964e-01 -1.3486e-01
779 0 +7.168226492e-01 +6.632682265e+01 +6.632682265e+01 -1.9422e-02 +4.5160e-01 -1.2638e-01
867 0 +7.048293683e-01 +6.631482937e+01 +6.631482937e+01 -1.7008e-02 +4.4740e-01 -1.2010e-01
906 0 +6.862527998e-01 +6.629625280e+01 +6.629625280e+01 -1.4186e-02 +4.5022e-01 -1.0099e-01
956 0 +6.744239135e-01 +6.628442391e+01 +6.628442391e+01 -1.3389e-02 +4.3977e-01 -1.0378e-01
1072 0 +6.537309151e-01 +6.626373092e+01 +6.626373092e+01 -9.1801e-03 +4.3999e-01 -8.5702e-02
1108 0 +6.448487519e-01 +6.625484875e+01 +6.625484875e+01 -9.1456e-03 +4.3164e-01 -8.5955e-02
1153 0 +6.275810723e-01 +6.623758107e+01 +6.623758107e+01 -3.3300e-03 +4.3113e-01 -5.3042e-02
1181 0 +6.079802513e-01 +6.621798025e+01 +6.621798025e+01 -2.0089e-03 +4.0629e-01 -5.3516e-02
1204 0 +5.945480788e-01 +6.620454808e+01 +6.620454808e+01 -7.1609e-04 +4.1376e-01 -4.7106e-02
1551 0 +5.884865189e-01 +6.619848652e+01 +6.619848652e+01 +1.0941e-03 +4.1228e-01 -3.7223e-02
1871 0 +5.748583092e-01 +6.618485831e+01 +6.618485831e+01 +4.4512e-03 +4.0364e-01 -2.3591e-02
2114 0 +5.618433857e-01 +6.617184339e+01 +6.617184339e+01 +1.5273e-02 +4.0576e-01 -1.3217e-03
2357 0 +5.491964570e-01 +6.615919646e+01 +6.615919646e+01 +1.0335e-02 +3.9456e-01 -1.0612e-02
2515 0 +5.366174156e-01 +6.614661742e+01 +6.614661742e+01 +1.3495e-02 +3.9095e-01 -3.2528e-03
2533 0 +5.223870220e-01 +6.613238702e+01 +6.613238702e+01 +1.8578e-02 +3.9069e-01 +6.1039e-03
2688 0 +5.080267372e-01 +6.611802674e+01 +6.611802674e+01 +2.1177e-02 +3.8423e-01 +1.0876e-02
2812 0 +4.996132775e-01 +6.610961328e+01 +6.610961328e+01 +2.3994e-02 +3.8212e-01 +1.6672e-02
2878 0 +4.892105685e-01 +6.609921057e+01 +6.609921057e+01 +2.5719e-02 +3.7575e-01 +2.0943e-02
3043 0 +4.783146317e-01 +6.608831463e+01 +6.608831463e+01 +2.8466e-02 +3.7021e-01 +2.5747e-02
3204 0 +4.596133561e-01 +6.606961336e+01 +6.606961336e+01 +3.5144e-02 +3.6539e-01 +4.0483e-02
3327 0 +4.556149306e-01 +6.606561493e+01 +6.606561493e+01 +3.4924e-02 +3.6079e-01 +4.0224e-02
3559 0 +4.451832182e-01 +6.605518322e+01 +6.605518322e+01 +3.8395e-02 +3.5740e-01 +4.9493e-02
3804 0 +4.347678564e-01 +6.604476786e+01 +6.604476786e+01 +4.0911e-02 +3.5116e-01 +5.5053e-02
3989 0 +4.240052039e-01 +6.603400520e+01 +6.603400520e+01 +4.4232e-02 +3.4620e-01 +6.3079e-02
4166 0 +4.162045982e-01 +6.602620460e+01 +6.602620460e+01 +4.8085e-02 +3.4354e-01 +7.2145e-02
4421 0 +4.070314678e-01 +6.601703147e+01 +6.601703147e+01 +4.8740e-02 +3.3471e-01 +7.3659e-02
4653 0 +3.966167288e-01 +6.600661673e+01 +6.600661673e+01 +5.4223e-02 +3.3261e-01 +8.4120e-02
4911 0 +3.888698313e-01 +6.599886983e+01 +6.599886983e+01 +5.5058e-02 +3.2640e-01 +8.7016e-02
5221 0 +3.799339374e-01 +6.598993394e+01 +6.598993394e+01 +5.7952e-02 +3.1938e-01 +9.2626e-02
5717 0 +3.695410229e-01 +6.597954102e+01 +6.597954102e+01 +6.2707e-02 +3.1227e-01 +1.0057e-01
5988 0 +3.623513817e-01 +6.597235138e+01 +6.597235138e+01 +6.5658e-02 +3.1015e-01 +1.0809e-01
6350 0 +3.542442785e-01 +6.596424428e+01 +6.596424428e+01 +6.5873e-02 +3.0111e-01 +1.1259e-01
6706 0 +3.466382796e-01 +6.595663828e+01 +6.595663828e+01 +6.7350e-02 +2.9924e-01 +1.2098e-01
7362 0 +3.386114602e-01 +6.594861146e+01 +6.594861146e+01 +6.9140e-02 +2.9054e-01 +1.2972e-01
7711 0 +3.308547681e-01 +6.594085477e+01 +6.594085477e+01 +7.1904e-02 +2.8658e-01 +1.3613e-01
8207 0 +3.235739813e-01 +6.593357398e+01 +6.593357398e+01 +7.4113e-02 +2.7949e-01 +1.4234e-01
8867 0 +3.162165016e-01 +6.592621650e+01 +6.592621650e+01 +7.6737e-02 +2.7450e-01 +1.4988e-01
9505 0 +3.083514410e-01 +6.591835144e+01 +6.591835144e+01 +7.9464e-02 +2.6946e-01 +1.5495e-01
9834 0 +3.015579066e-01 +6.591155791e+01 +6.591155791e+01 +8.2033e-02 +2.6538e-01 +1.5904e-01
10065 0 +2.949760180e-01 +6.590497602e+01 +6.590497602e+01 +8.4779e-02 +2.6140e-01 +1.6410e-01
10448 0 +2.879434004e-01 +6.589794340e+01 +6.589794340e+01 +8.7914e-02 +2.5505e-01 +1.6818e-01
10905 0 +2.815246831e-01 +6.589152468e+01 +6.589152468e+01 +9.1260e-02 +2.5177e-01 +1.7596e-01
11502 0 +2.753807795e-01 +6.588538078e+01 +6.588538078e+01 +9.2881e-02 +2.4520e-01 +1.7940e-01
11933 0 +2.687865719e-01 +6.587878657e+01 +6.587878657e+01 +9.4536e-02 +2.3983e-01 +1.8731e-01
12051 0 +2.685228316e-01 +6.587852283e+01 +6.587852283e+01 +9.4546e-02 +2.3939e-01 +1.8731e-01
