% f evaluations | g evaluations | best noise-free fitness - Fopt (6.870000000000e+00) + sum g_i+ | measured fitness | best measured fitness or single-digit g-values | x1 | x2...
1 0 +8.071923827e+00 +1.494192383e+01 +1.494192383e+01 +2.9654e+00 -3.1657e+00 +2.7969e+00 +9.6850e-01 -5.4167e-01 -4.0003e+00 -4.0751e-01 -1.6629e+00 -3.5713e+00 +1.5089e+00
12 0 +7.711495883e+00 +1.458149588e+01 +1.458149588e+01 +1.9478e+00 +3.8047e+00 +1.2435e+00 -2.0437e+00 -3.9451e+00 -4.3465e-01 -2.8156e+00 -8.3490e-01 +3.8328e+00 -1.7565e+00
18 0 +6.584239159e+00 +1.345423916e+01 +1.345423916e+01 -2.7976e+00 +2.1115e+00 +3.0950e+00 -1.5133e+00 -4.0382e+00 +4.4052e+00 -1.0243e+00 +1.7751e-01 +3.3771e+00 +1.7569e+00
75 0 +6.126994341e+00 +1.299699434e+01 +1.299699434e+01 -2.5312e+00 +4.9909e+00 +2.3496e+00 +8.7722e-01 +4.9774e+00 +1.4755e+00 +4.7661e+00 -1.8911e-01 -4.6695e+00 +3.3635e+00
93 0 +5.267661812e+00 +1.213766181e+01 +1.213766181e+01 -1.0014e+00 -4.5333e+00 +4.7376e+00 -2.8645e+00 +2.9026e+00 +1.1839e+00 +1.0203e+00 -2.1199e+00 -9.0249e-01 +4.4026e+00
243 0 +4.491190201e+00 +1.136119020e+01 +1.136119020e+01 -2.4369e+00 -2.4675e+00 -3.9767e+00 -2.8645e+00 +2.9026e+00 +1.1839e+00 +8.1327e-01 -2.1199e+00 -3.3847e+00 +4.4026e+00
276 0 +3.956173422e+00 +1.082617342e+01 +1.082617342e+01 +4.7698e+00 -2.8931e+00 +1.8556e+00 +9.1739e-01 +1.9210e+00 +1.3391e+00 -6.4696e-01 +2.1376e+00 -4.8513e-01 +1.3741e+00
324 0 +3.475126427e+00 +1.034512643e+01 +1.034512643e+01 -1.4992e+00 +1.4510e+00 -2.4061e-02 +3.6417e+00 +5.4351e-01 -8.0662e-03 +7.2004e-01 +2.6855e+00 -4.7634e+00 +4.4985e+00
462 0 +3.268735451e+00 +1.013873545e+01 +1.013873545e+01 +3.2688e+00 +3.4653e+00 -5.3519e-01 -2.0437e+00 -3.6892e+00 -5.6388e-01 -4.9521e+00 -8.3490e-01 +3.8328e+00 -1.7565e+00
492 0 +2.580605359e+00 +9.450605359e+00 +9.450605359e+00 +2.2202e+00 +3.4653e+00 -5.3519e-01 -2.0437e+00 +3.0259e-01 +1.9142e-01 -4.0154e+00 -1.4803e+00 +1.0820e+00 -1.7565e+00
807 0 +2.475438063e+00 +9.345438063e+00 +9.345438063e+00 +2.0109e+00 -4.7846e+00 -1.4832e+00 -1.3023e+00 +1.5875e-01 +1.1341e+00 -2.2693e+00 -2.2407e+00 -2.0184e+00 +2.0759e+00
2129 0 +2.304251133e+00 +9.174251133e+00 +9.174251133e+00 +4.8478e+00 -3.9635e+00 -2.2723e+00 -2.5956e+00 -4.3220e-01 -9.7067e-01 -2.4285e+00 +3.3530e+00 +4.9055e+00 +3.6653e+00
2464 0 +1.525329063e+00 +8.395329063e+00 +8.395329063e+00 -2.3126e-01 +2.3189e+00 -1.6283e+00 +5.2032e-01 -4.5201e+00 -2.0533e+00 -2.9857e+00 -4.3834e+00 -4.1301e+00 -1.8463e+00
7961 0 +1.485485564e+00 +8.355485564e+00 +8.355485564e+00 +3.7142e+00 +2.1249e+00 +8.3209e-01 +2.1280e+00 +8.3737e-01 -2.7801e+00 -2.4616e+00 -3.7343e+00 -3.8048e+00 -1.3802e+00
19951 0 +1.093366590e+00 +7.963366590e+00 +7.963366590e+00 +4.7712e+00 -1.8460e+00 -1.8810e+00 +3.0586e+00 +2.1300e+00 -4.5907e+00 -3.6179e+00 +2.4997e+00 +2.8239e+00 +1.5089e+00
21882 0 +1.065424437e+00 +7.935424437e+00 +7.935424437e+00 +2.2202e+00 +3.4653e+00 -5.0829e-01 -2.0430e+00 +3.0259e-01 +1.6172e-01 -4.0154e+00 -1.4757e+00 +1.0820e+00 -1.7652e+00
25032 0 +9.266040382e-01 +7.796604038e+00 +7.796604038e+00 +2.2199e+00 +3.4653e+00 -5.0829e-01 -2.0351e+00 +3.0259e-01 +1.6172e-01 -4.0154e+00 -1.4757e+00 +1.0820e+00 -1.7652e+00
28182 0 +8.898050256e-01 +7.759805026e+00 +7.759805026e+00 +2.2199e+00 +3.4653e+00 -5.0829e-01 -2.0351e+00 +3.0259e-01 +1.6172e-01 -4.0171e+00 -1.4757e+00 +1.0820e+00 -1.7652e+00
28932 0 +7.248512880e-01 +7.594851288e+00 +7.594851288e+00 +2.2199e+00 +3.4653e+00 -5.0829e-01 -2.0356e+00 +2.9232e-01 +1.6172e-01 -4.0171e+00 -1.4882e+00 +1.0820e+00 -1.7652e+00
29052 0 +6.127778139e-01 +7.482777814e+00 +7.482777814e+00 +2.2023e+00 +3.4653e+00 -5.0829e-01 -2.0356e+00 +2.9232e-01 +1.6172e-01 -4.0171e+00 -1.4882e+00 +1.0820e+00 -1.7652e+00
29082 0 +5.577768998e-01 +7.427776900e+00 +7.427776900e+00 +2.2023e+00 +3.4653e+00 -5.0829e-01 -2.0356e+00 +2.9232e-01 +1.6172e-01 -4.0171e+00 -1.4951e+00 +1.0820e+00 -1.7652e+00
30162 0 +5.130290965e-01 +7.383029096e+00 +7.383029096e+00 +2.2023e+00 +3.4653e+00 -5.0829e-01 -2.0356e+00 +2.9232e-01 +1.6172e-01 -4.0152e+00 -1.4951e+00 +1.0820e+00 -1.7652e+00
30342 0 +4.835460910e-01 +7.353546091e+00 +7.353546091e+00 +2.2023e+00 +3.4653e+00 -5.0829e-01 -2.0356e+00 +2.8978e-01 +1.6172e-01 -4.0152e+00 -1.4951e+00 +1.0820e+00 -1.7652e+00
34182 0 +3.447233068e-01 +7.214723307e+00 +7.214723307e+00 +2.2023e+00 +3.4653e+00 -5.0829e-01 -2.0356e+00 +2.8978e-01 +1.3867e-01 -4.0152e+00 -1.4951e+00 +1.0820e+00 -1.7652e+00
36582 0 +3.336968188e-01 +7.203696819e+00 +7.203696819e+00 +2.2023e+00 +3.4653e+00 -5.0829e-01 -2.0356e+00 +2.8978e-01 +1.3867e-01 -4.0152e+00 -1.4966e+00 +1.0820e+00 -1.7652e+00
37512 0 +3.239549602e-01 +7.193954960e+00 +7.193954960e+00 +2.2023e+00 +3.4653e+00 -5.0829e-01 -2.0356e+00 +2.8978e-01 +1.3867e-01 -4.0152e+00 -1.4966e+00 +1.0820e+00 -1.7643e+00
40050 0 +3.239549602e-01 +7.193954960e+00 +7.193954960e+00 +2.2023e+00 +3.4653e+00 -5.0829e-01 -2.0356e+00 +2.8978e-01 +1.3867e-01 -4.0152e+00 -1.4966e+00 +1.0820e+00 -1.7643e+00
% f evaluations | g evaluations | best noise-free fitness - Fopt (1.000000000000e-02) + sum g_i+ | measured fitness | best measured fitness or single-digit g-values | x1 | x2...
1 0 +1.254929529e+01 +1.255929529e+01 +1.255929529e+01 +2.9654e+00 -3.1657e+00 +2.7969e+00 +9.6850e-01 -5.4167e-01 -4.0003e+00 -4.0751e-01 -1.6629e+00 -3.5713e+00 +1.5089e+00
2 0 +4.958002558e+00 +4.968002558e+00 +4.968002558e+00 -4.4359e+00 +2.2200e+00 +4.3855e+00 -4.9922e+00 +4.9221e+00 +1.1748e+00 +1.1165e+00 -4.9293e+00 -4.7694e+00 +2.4775e-01
12 0 +3.303243763e+00 +3.313243763e+00 +3.313243763e+00 +1.9478e+00 +3.8047e+00 +1.2435e+00 -2.0437e+00 -3.9451e+00 -4.3465e-01 -2.8156e+00 -8.3490e-01 +3.8328e+00 -1.7565e+00
702 0 +2.828630268e+00 +2.838630268e+00 +2.838630268e+00 +1.9478e+00 +3.4263e+00 +1.2435e+00 -1.7235e+00 -3.9451e+00 +6.6446e-01 -1.5911e+00 +8.9898e-01 +3.8328e+00 +2.0937e+00
1116 0 +2.722438663e+00 +2.732438663e+00 +2.732438663e+00 +3.4228e+00 +8.3167e-01 +1.6335e+00 +3.7079e+00 +2.2727e+00 -1.5083e+00 +7.0444e-01 -1.2427e+00 +4.6117e+00 +3.4453e+00
1500 0 +2.505846781e+00 +2.515846781e+00 +2.515846781e+00 -3.4738e+00 +2.8506e+00 +4.1218e+00 -2.3998e+00 -1.4405e+00 -1.9964e+00 +5.2547e-01 -1.2583e+00 +4.9963e+00 +4.6816e+00
2343 0 +2.239283644e+00 +2.249283644e+00 +2.249283644e+00 +2.7558e+00 +4.6349e+00 +1.3624e+00 -2.0305e+00 -4.9602e+00 -6.9553e-01 -1.2082e+00 +7.8835e-01 +4.1864e+00 +2.3186e-02
5943 0 +1.725366637e+00 +1.735366637e+00 +1.735366637e+00 +2.7558e+00 +4.6349e+00 +1.3624e+00 -2.0368e+00 -4.9602e+00 -6.9553e-01 -1.2082e+00 +7.8835e-01 +4.1864e+00 +2.3186e-02
7626 0 +1.555281879e+00 +1.565281879e+00 +1.565281879e+00 +2.9128e+00 +2.5209e+00 +1.4791e+00 +3.7079e+00 +2.1958e+00 -1.5083e+00 +7.2831e-01 -1.2427e+00 +4.6117e+00 +3.4120e+00
7930 0 +1.124134777e+00 +1.134134777e+00 +1.134134777e+00 +2.7325e+00 +2.1947e+00 -1.2713e+00 -2.9485e+00 -2.9051e+00 +1.7984e+00 +7.7945e-01 -4.1146e-01 +1.5315e+00 -1.7746e+00
8350 0 +7.947938183e-01 +8.047938183e-01 +8.047938183e-01 +2.7325e+00 +2.1947e+00 -1.2713e+00 -2.9485e+00 -2.9051e+00 +1.7984e+00 +7.7945e-01 -4.1902e-01 +1.5315e+00 -1.7746e+00
9580 0 +5.613232739e-01 +5.713232739e-01 +5.713232739e-01 +2.7245e+00 +2.1947e+00 -1.2713e+00 -2.9485e+00 -2.9051e+00 +1.7984e+00 +7.7945e-01 -4.1902e-01 +1.5315e+00 -1.7746e+00
17920 0 +5.099490001e-01 +5.199490001e-01 +5.199490001e-01 +2.7245e+00 +2.1947e+00 -1.2713e+00 -2.9481e+00 -2.9051e+00 +1.7984e+00 +7.7945e-01 -4.1902e-01 +1.5315e+00 -1.7768e+00
39610 0 +4.985717229e-01 +5.085717229e-01 +5.085717229e-01 +2.7245e+00 +2.1947e+00 -1.2713e+00 -2.9481e+00 -2.9033e+00 +1.7984e+00 +7.7945e-01 -4.1902e-01 +1.5315e+00 -1.7768e+00
40050 0 +4.985717229e-01 +5.085717229e-01 +5.085717229e-01 +2.7245e+00 +2.1947e+00 -1.2713e+00 -2.9481e+00 -2.9033e+00 +1.7984e+00 +7.7945e-01 -4.1902e-01 +1.5315e+00 -1.7768e+00
% f evaluations | g evaluations | best noise-free fitness - Fopt (-1.306100000000e+02) + sum g_i+ | measured fitness | best measured fitness or single-digit g-values | x1 | x2...
1 0 +1.782053405e+01 -1.127894660e+02 -1.127894660e+02 +2.9654e+00 -3.1657e+00 +2.7969e+00 +9.6850e-01 -5.4167e-01 -4.0003e+00 -4.0751e-01 -1.6629e+00 -3.5713e+00 +1.5089e+00
3 0 +1.513338189e+01 -1.154766181e+02 -1.154766181e+02 -1.0014e+00 -4.5333e+00 +4.7376e+00 -2.6723e+00 -4.0939e+00 +1.1839e+00 -1.1754e+00 +4.8323e+00 -3.3237e-01 +3.5994e+00
10 0 +1.312634016e+01 -1.174836598e+02 -1.174836598e+02 +4.7171e+00 +3.4891e+00 +2.2173e+00 -2.6402e+00 -2.4393e+00 -4.5957e+00 +2.1066e+00 -3.8911e+00 -6.0663e-01 -2.9828e+00
12 0 +7.853836695e+00 -1.227561633e+02 -1.227561633e+02 +1.9478e+00 +3.8047e+00 +1.2435e+00 -2.0437e+00 -3.9451e+00 -4.3465e-01 -2.8156e+00 -8.3490e-01 +3.8328e+00 -1.7565e+00
19 0 +4.791635897e+00 -1.258183641e+02 -1.258183641e+02 +2.3522e+00 -2.9093e+00 +4.1448e-01 +1.9578e+00 -2.7145e+00 -3.2505e+00 +4.8217e+00 +1.6636e-01 -2.3917e+00 +4.9625e+00
41 0 +4.423042426e+00 -1.261869576e+02 -1.261869576e+02 +3.3902e+00 -2.7918e+00 -4.5855e-01 -2.5813e+00 -4.2177e+00 +1.0442e+00 -2.1606e+00 -9.6773e-01 +3.0403e+00 +2.4315e+00
135 0 +3.918266872e+00 -1.266917331e+02 -1.266917331e+02 -2.5312e+00 -1.6919e+00 -1.8282e+00 -3.5191e+00 +4.9774e+00 +3.6775e+00 +1.7070e+00 -2.5781e+00 -4.6695e+00 +1.9894e+00
161 0 +3.641508214e+00 -1.269684918e+02 -1.269684918e+02 +3.3902e+00 -3.3816e+00 -2.2453e-01 -3.7267e+00 -1.7600e+00 +2.9883e+00 -2.2586e+00 -2.4152e+00 +1.2421e+00 +2.2499e+00
580 0 +2.533768388e+00 -1.280762316e+02 -1.280762316e+02 -3.0861e+00 -8.6588e-01 +4.9741e+00 -5.5855e-02 -3.9373e+00 +1.2026e+00 +2.1066e+00 -4.7457e+00 +4.8811e+00 +4.7709e+00
3407 0 +2.502228679e+00 -1.281077713e+02 -1.281077713e+02 +3.8982e+00 +4.0016e+00 -2.7405e+00 +2.0060e+00 +2.9836e+00 -4.0519e+00 +4.3609e+00 +2.8792e+00 +3.5836e+00 +2.1332e+00
5890 0 +1.376178858e+00 -1.292338211e+02 -1.292338211e+02 -3.0861e+00 -2.7032e+00 +4.9741e+00 -1.1926e+00 -3.9373e+00 +1.2026e+00 +6.1715e-02 -3.9064e+00 +4.9302e+00 +4.7709e+00
15999 0 +1.308515820e+00 -1.293014842e+02 -1.293014842e+02 -3.0861e+00 -2.7032e+00 +4.9736e+00 -1.1926e+00 -3.9373e+00 +1.2026e+00 +6.1715e-02 -3.9064e+00 +4.9302e+00 +4.7709e+00
39353 0 +1.049971299e+00 -1.295600287e+02 -1.295600287e+02 +4.0794e+00 -3.2921e-03 +2.9225e+00 +1.7944e+00 +2.9674e-02 +2.5754e+00 +2.1881e+00 -1.4790e+00 +4.8895e+00 +3.2382e+00
39773 0 +7.823441123e-01 -1.298276559e+02 -1.298276559e+02 +4.0794e+00 -3.2921e-03 +2.9225e+00 +1.7944e+00 +4.5909e-02 +2.5754e+00 +2.1881e+00 -1.4790e+00 +4.8895e+00 +3.2382e+00
40050 0 +7.823441123e-01 -1.298276559e+02 -1.298276559e+02 +4.0794e+00 -3.2921e-03 +2.9225e+00 +1.7944e+00 +4.5909e-02 +2.5754e+00 +2.1881e+00 -1.4790e+00 +4.8895e+00 +3.2382e+00
% f evaluations | g evaluations | best noise-free fitness - Fopt (-2.231200000000e+02) + sum g_i+ | measured fitness | best measured fitness or single-digit g-values | x1 | x2...
1 0 +3.306890909e+01 -1.900510909e+02 -1.900510909e+02 +2.9654e+00 -3.1657e+00 +2.7969e+00 +9.6850e-01 -5.4167e-01 -4.0003e+00 -4.0751e-01 -1.6629e+00 -3.5713e+00 +1.5089e+00
2 0 +2.284968916e+01 -2.002703108e+02 -2.002703108e+02 -4.4359e+00 +2.2200e+00 +4.3855e+00 -4.9922e+00 +4.9221e+00 +1.1748e+00 +1.1165e+00 -4.9293e+00 -4.7694e+00 +2.4775e-01
3 0 +6.598987916e+00 -2.165210121e+02 -2.165210121e+02 -1.0014e+00 -4.5333e+00 +4.7376e+00 -2.6723e+00 -4.0939e+00 +1.1839e+00 -1.1754e+00 +4.8323e+00 -3.3237e-01 +3.5994e+00
36 0 +2.991237085e+00 -2.201287629e+02 -2.201287629e+02 +3.4228e+00 +2.3845e-01 +9.5238e-01 +4.2666e+00 +2.2727e+00 -1.7346e+00 +7.0444e-01 -9.1660e-01 +4.6117e+00 +3.4453e+00
141 0 +2.712365652e+00 -2.204076343e+02 -2.204076343e+02 +2.3311e+00 +4.3563e+00 -4.2643e-01 +4.7265e+00 +8.0687e-01 -1.2772e+00 -1.6783e+00 +4.7366e+00 -2.1608e+00 -1.9464e+00
621 0 +2.574854716e+00 -2.205451453e+02 -2.205451453e+02 +2.3311e+00 +4.3563e+00 -2.6565e-01 +4.6386e+00 -6.4491e-01 -1.2772e+00 -1.6783e+00 +4.7366e+00 -2.1608e+00 -1.9464e+00
754 0 +2.087032402e+00 -2.210329676e+02 -2.210329676e+02 -2.9390e-01 -2.7696e+00 +5.2339e-01 +3.7902e+00 -3.4634e+00 -1.0414e+00 +2.7976e-01 +4.3863e+00 +3.3457e+00 -3.4290e+00
7000 0 +2.002253114e+00 -2.211177469e+02 -2.211177469e+02 +1.9346e+00 +2.2253e-01 +2.1653e+00 +1.8423e+00 -1.2607e+00 -2.4040e+00 -1.2472e+00 +2.4021e+00 +4.7949e+00 -7.1814e-01
8290 0 +1.802191280e+00 -2.213178087e+02 -2.213178087e+02 +1.9346e+00 +2.2253e-01 +2.1653e+00 +1.8423e+00 -1.2607e+00 -2.4040e+00 -1.2424e+00 +2.4021e+00 +4.7949e+00 -7.1814e-01
8314 0 +1.504491213e+00 -2.216155088e+02 -2.216155088e+02 -2.9390e-01 -2.7654e+00 +5.2339e-01 +3.7902e+00 -3.4634e+00 -1.0414e+00 +2.7976e-01 +4.3863e+00 +3.3457e+00 -3.4290e+00
12365 0 +1.162091930e+00 -2.219579081e+02 -2.219579081e+02 -4.4349e-01 -2.1369e+00 -3.8999e-01 +4.5812e+00 -2.7696e+00 +1.0802e+00 +9.0544e-01 +1.8423e+00 +3.3064e+00 +1.9556e+00
12875 0 +8.739879921e-01 -2.222460120e+02 -2.222460120e+02 -4.4349e-01 -2.1369e+00 -4.1455e-01 +4.5569e+00 -2.7696e+00 +1.0795e+00 +9.0544e-01 +1.8423e+00 +3.3064e+00 +1.9556e+00
14286 0 +8.685008211e-01 -2.222514992e+02 -2.222514992e+02 +3.4313e+00 +2.3845e-01 +9.2438e-01 +4.2799e+00 +2.2727e+00 -1.7346e+00 +7.0444e-01 -9.1938e-01 +4.5907e+00 +3.4155e+00
14945 0 +7.419208438e-01 -2.223780792e+02 -2.223780792e+02 -4.4349e-01 -2.1369e+00 -3.8419e-01 +4.5569e+00 -2.7696e+00 +1.0795e+00 +9.0206e-01 +1.8423e+00 +3.3064e+00 +1.9556e+00
15125 0 +5.701260190e-01 -2.225498740e+02 -2.225498740e+02 -4.4349e-01 -2.1369e+00 -3.8419e-01 +4.5659e+00 -2.7696e+00 +1.0795e+00 +9.0206e-01 +1.8423e+00 +3.3064e+00 +1.9556e+00
17349 0 +5.575388880e-01 -2.225624611e+02 -2.225624611e+02 +3.4998e+00 +3.6392e+00 -1.2498e+00 +4.0291e+00 -1.7749e+00 +1.1317e+00 -4.2521e+00 +1.6078e+00 +6.1243e-01 -2.1400e-01
21939 0 +5.365362689e-01 -2.225834637e+02 -2.225834637e+02 +3.4998e+00 +3.6392e+00 -1.2498e+00 +4.0305e+00 -1.7749e+00 +1.1317e+00 -4.2521e+00 +1.6078e+00 +6.1243e-01 -2.1400e-01
29645 0 +5.119819129e-01 -2.226080181e+02 -2.226080181e+02 -4.4569e-01 -2.1369e+00 -3.8419e-01 +4.5735e+00 -2.7696e+00 +1.0802e+00 +9.0206e-01 +1.8423e+00 +3.3064e+00 +1.9569e+00
31175 0 +4.771606603e-01 -2.226428393e+02 -2.226428393e+02 -4.4569e-01 -2.1369e+00 -3.8419e-01 +4.5678e+00 -2.7696e+00 +1.0802e+00 +9.0206e-01 +1.8423e+00 +3.3064e+00 +1.9569e+00
34775 0 +4.512093062e-01 -2.226687907e+02 -2.226687907e+02 -4.4569e-01 -2.1369e+00 -3.8419e-01 +4.5715e+00 -2.7696e+00 +1.0771e+00 +9.0206e-01 +1.8423e+00 +3.3064e+00 +1.9569e+00
35765 0 +3.954937581e-01 -2.227245062e+02 -2.227245062e+02 -4.4569e-01 -2.1369e+00 -3.8419e-01 +4.5715e+00 -2.7696e+00 +1.0776e+00 +9.0206e-01 +1.8423e+00 +3.3064e+00 +1.9569e+00
40050 0 +3.954937581e-01 -2.227245062e+02 -2.227245062e+02 -4.4569e-01 -2.1369e+00 -3.8419e-01 +4.5715e+00 -2.7696e+00 +1.0776e+00 +9.0206e-01 +1.8423e+00 +3.3064e+00 +1.9569e+00
% f evaluations | g evaluations | best noise-free fitness - Fopt (-4.443000000000e+01) + sum g_i+ | measured fitness | best measured fitness or single-digit g-values | x1 | x2...
1 0 +2.898445660e+01 -1.544554340e+01 -1.544554340e+01 +2.9654e+00 -3.1657e+00 +2.7969e+00 +9.6850e-01 -5.4167e-01 -4.0003e+00 -4.0751e-01 -1.6629e+00 -3.5713e+00 +1.5089e+00
2 0 +1.818583174e+01 -2.624416826e+01 -2.624416826e+01 -4.4359e+00 +2.2200e+00 +4.3855e+00 -4.9922e+00 +4.9221e+00 +1.1748e+00 +1.1165e+00 -4.9293e+00 -4.7694e+00 +2.4775e-01
4 0 +1.188364911e+01 -3.254635089e+01 -3.254635089e+01 +1.8031e+00 -4.9501e-01 -4.8674e+00 +4.4220e+00 +6.3288e-01 -1.1458e+00 -4.8403e+00 -2.6911e+00 -2.5897e+00 +1.8326e+00
13 0 +1.036200829e+01 -3.406799171e+01 -3.406799171e+01 -3.7791e+00 -1.4370e+00 +4.0683e+00 -2.2787e+00 +1.4769e+00 -4.9948e+00 -1.4743e+00 -1.9522e+00 -3.3534e+00 +3.4089e-01
18 0 +8.868742562e+00 -3.556125744e+01 -3.556125744e+01 -2.7976e+00 +2.1115e+00 +3.0950e+00 -1.5133e+00 -4.0382e+00 +4.4052e+00 -1.0243e+00 +1.7751e-01 +3.3771e+00 +1.7569e+00
28 0 +5.750492450e+00 -3.867950755e+01 -3.867950755e+01 -8.0219e-01 -2.4379e+00 +1.1151e+00 -4.1841e+00 -4.9482e+00 +1.2789e+00 -3.0573e+00 -4.2906e+00 -1.0322e+00 -4.4923e+00
247 0 +5.446501007e+00 -3.898349899e+01 -3.898349899e+01 +4.9381e+00 +1.9910e+00 +1.9152e+00 -2.7740e+00 -4.5784e+00 +3.7750e+00 -2.0557e+00 -3.3473e+00 +3.5371e+00 -2.4954e+00
248 0 +5.249644322e+00 -3.918035568e+01 -3.918035568e+01 -4.9493e-01 -4.2041e+00 +1.8650e+00 -1.4707e+00 +1.8952e+00 +5.1708e-01 -4.5289e+00 +1.1085e-01 +1.0913e+00 -3.3872e+00
315 0 +3.597297326e+00 -4.083270267e+01 -4.083270267e+01 -1.8104e+00 -7.0474e-01 +1.7026e+00 -4.9964e+00 +8.3934e-01 +4.9446e+00 +1.5045e+00 -1.6161e+00 -4.6695e+00 -3.0978e+00
615 0 +2.888450805e+00 -4.154154919e+01 -4.154154919e+01 -1.8104e+00 -7.0474e-01 +2.5517e+00 -7.1998e-01 +1.4931e+00 +2.9545e-01 +1.5045e+00 -1.6161e+00 -4.6695e+00 -4.9786e+00
772 0 +2.293378155e+00 -4.213662185e+01 -4.213662185e+01 -3.0355e+00 -2.3355e+00 -2.5790e+00 -3.5831e+00 +4.4360e+00 -1.8997e+00 +1.3726e+00 -2.4455e+00 -4.7421e+00 -4.7460e+00
5036 0 +2.191849263e+00 -4.223815074e+01 -4.223815074e+01 -1.9933e+00 -2.0665e+00 +3.0448e+00 -3.8052e+00 -3.9402e+00 +2.9657e+00 +3.0850e-01 -4.6638e+00 -3.6213e+00 -4.2177e+00
6499 0 +1.887596019e+00 -4.254240398e+01 -4.254240398e+01 -2.6983e+00 -1.0573e+00 -1.4966e+00 +1.3744e+00 +3.2543e+00 -1.3376e+00 -1.0123e+00 -1.0373e+00 -2.8041e+00 -4.7938e+00
7318 0 +1.231497688e+00 -4.319850231e+01 -4.319850231e+01 -1.9693e+00 -2.1066e+00 -7.9525e-01 -4.1841e+00 -2.4908e+00 -4.2486e+00 -2.9940e+00 -2.8676e+00 -2.7647e+00 -1.5039e+00
9868 0 +1.202165309e+00 -4.322783469e+01 -4.322783469e+01 -1.9693e+00 -2.1066e+00 -7.9525e-01 -4.1824e+00 -2.4908e+00 -4.2486e+00 -2.9940e+00 -2.8676e+00 -2.7647e+00 -1.5039e+00
11431 0 +7.685796606e-01 -4.366142034e+01 -4.366142034e+01 -4.8484e+00 -2.4069e+00 +2.2240e+00 -2.3179e+00 +3.8524e+00 -2.8581e+00 +1.4081e+00 -8.2389e-01 -3.6133e+00 -3.9630e+00
13111 0 +6.591860940e-01 -4.377081391e+01 -4.377081391e+01 -4.8531e+00 -2.4069e+00 +2.2240e+00 -2.3179e+00 +3.8524e+00 -2.8659e+00 +1.4081e+00 -8.2389e-01 -3.6184e+00 -3.9630e+00
14641 0 +6.351059932e-01 -4.379489401e+01 -4.379489401e+01 -4.8531e+00 -2.4069e+00 +2.2240e+00 -2.3179e+00 +3.8513e+00 -2.8659e+00 +1.4081e+00 -8.2389e-01 -3.6184e+00 -3.9630e+00
16951 0 +6.305081028e-01 -4.379949190e+01 -4.379949190e+01 -4.8531e+00 -2.4069e+00 +2.2240e+00 -2.3179e+00 +3.8513e+00 -2.8659e+00 +1.4077e+00 -8.2389e-01 -3.6184e+00 -3.9630e+00
30710 0 +5.308635982e-01 -4.389913640e+01 -4.389913640e+01 -1.2965e+00 -7.2160e-01 +3.2773e+00 -2.3335e+00 +1.8945e+00 -1.1264e+00 +1.7024e+00 -5.2998e-01 -2.4284e+00 -4.3541e+00
31010 0 +4.826820073e-01 -4.394731799e+01 -4.394731799e+01 -1.2965e+00 -7.2160e-01 +3.2755e+00 -2.3335e+00 +1.8945e+00 -1.1264e+00 +1.7024e+00 -5.2879e-01 -2.4284e+00 -4.3541e+00
37130 0 +4.777961241e-01 -4.395220388e+01 -4.395220388e+01 -1.2965e+00 -7.2160e-01 +3.2755e+00 -2.3335e+00 +1.8945e+00 -1.1264e+00 +1.7024e+00 -5.2932e-01 -2.4284e+00 -4.3541e+00
39490 0 +3.160842681e-01 -4.411391573e+01 -4.411391573e+01 +3.2962e+00 +4.7643e+00 +1.2244e+00 -4.4743e+00 +3.5851e+00 -3.9960e+00 +2.0679e+00 -2.4681e+00 +3.4622e-01 -3.7799e+00
40050 0 +3.160842681e-01 -4.411391573e+01 -4.411391573e+01 +3.2962e+00 +4.7643e+00 +1.2244e+00 -4.4743e+00 +3.5851e+00 -3.9960e+00 +2.0679e+00 -2.4681e+00 +3.4622e-01 -3.7799e+00
% f evaluations | g evaluations | best noise-free fitness - Fopt (8.539000000000e+01) + sum g_i+ | measured fitness | best measured fitness or single-digit g-values | x1 | x2...
1 0 +3.145127989e+01 +1.168412799e+02 +1.168412799e+02 +2.9654e+00 -3.1657e+00 +2.7969e+00 +9.6850e-01 -5.4167e-01 -4.0003e+00 -4.0751e-01 -1.6629e+00 -3.5713e+00 +1.5089e+00
2 0 +1.828261733e+01 +1.036726173e+02 +1.036726173e+02 -4.4359e+00 +2.2200e+00 +4.3855e+00 -4.9922e+00 +4.9221e+00 +1.1748e+00 +1.1165e+00 -4.9293e+00 -4.7694e+00 +2.4775e-01
3 0 +1.793810967e+01 +1.033281097e+02 +1.033281097e+02 -1.0014e+00 -4.5333e+00 +4.7376e+00 -2.6723e+00 -4.0939e+00 +1.1839e+00 -1.1754e+00 +4.8323e+00 -3.3237e-01 +3.5994e+00
5 0 +1.353904030e+01 +9.892904030e+01 +9.892904030e+01 +1.1000e+00 +3.3319e+00 -3.2664e+00 -1.0894e+00 -3.1776e+00 +2.5536e+00 -7.4844e-01 -2.9206e+00 +6.7700e-01 -4.6869e+00
7 0 +1.345885710e+01 +9.884885710e+01 +9.884885710e+01 +2.4732e+00 +3.9692e-01 +8.6751e-01 +4.6526e+00 +1.0703e+00 -2.2400e+00 -2.0373e+00 -3.3473e+00 -4.8436e+00 -7.6599e-01
10 0 +1.066547770e+01 +9.605547770e+01 +9.605547770e+01 +4.7171e+00 +3.4891e+00 +2.2173e+00 -2.6402e+00 -2.4393e+00 -4.5957e+00 +2.1066e+00 -3.8911e+00 -6.0663e-01 -2.9828e+00
13 0 +9.517122470e+00 +9.490712247e+01 +9.490712247e+01 -3.7791e+00 -1.4370e+00 +4.0683e+00 -2.2787e+00 +1.4769e+00 -4.9948e+00 -1.4743e+00 -1.9522e+00 -3.3534e+00 +3.4089e-01
23 0 +5.393125837e+00 +9.078312584e+01 +9.078312584e+01 -1.9194e+00 +4.2540e-01 +8.8141e-02 +1.3633e+00 -2.4954e+00 +8.9871e-01 +4.7889e+00 -1.3258e-01 +4.0610e+00 -6.5606e-01
52 0 +4.997704109e+00 +9.038770411e+01 +9.038770411e+01 -1.1155e+00 -2.4816e+00 +4.9446e+00 -3.2407e+00 -4.8192e+00 -6.1063e-02 -3.0003e+00 -1.3353e+00 +2.9269e+00 +3.9362e+00
100 0 +4.490245508e+00 +8.988024551e+01 +8.988024551e+01 +4.7171e+00 +3.4891e+00 -3.0558e-02 -1.8585e+00 -3.5007e+00 +3.7011e-01 -3.6128e+00 -4.7185e+00 +1.7226e-01 +2.1468e+00
141 0 +4.451539634e+00 +8.984153963e+01 +8.984153963e+01 +4.7327e+00 +3.2165e+00 +2.8534e+00 +1.6899e+00 -4.0440e+00 -1.2772e+00 +4.4013e+00 +2.4291e+00 -2.1608e+00 -1.9464e+00
145 0 +2.856236799e+00 +8.824623680e+01 +8.824623680e+01 -1.9434e+00 -3.8888e+00 +4.6567e+00 -4.8440e+00 -4.2629e+00 +2.5218e+00 -3.0446e+00 -2.3442e+00 +2.2420e+00 +8.3400e-01
468 0 +2.698237539e+00 +8.808823754e+01 +8.808823754e+01 -2.7976e+00 +2.1115e+00 +3.0950e+00 -2.2346e+00 -4.0382e+00 +3.7950e+00 -4.2510e+00 +3.0155e-01 +3.3306e+00 +1.7877e+00
1439 0 +1.899693659e+00 +8.728969366e+01 +8.728969366e+01 -3.7195e+00 -4.7238e+00 +2.5179e+00 -5.5320e-01 +1.7203e+00 -1.7185e+00 -4.4066e+00 +4.8953e-01 +3.7057e+00 -4.3008e-01
3726 0 +1.041859055e+00 +8.643185906e+01 +8.643185906e+01 +1.3063e+00 -1.3428e+00 -3.5688e-01 -1.3513e+00 -1.2812e+00 +4.8427e+00 -3.6249e+00 +3.4539e+00 +2.5035e+00 +4.3218e+00
19653 0 +7.426977025e-01 +8.613269770e+01 +8.613269770e+01 -5.9301e-01 -3.8224e+00 +4.1819e+00 -1.2460e-01 -4.1898e+00 +4.3333e+00 -4.9119e+00 -3.3209e+00 +4.0591e+00 +2.3341e+00
22773 0 +7.246590222e-01 +8.611465902e+01 +8.611465902e+01 -5.8308e-01 -3.8224e+00 +4.1819e+00 -1.2331e-01 -4.1898e+00 +4.3347e+00 -4.9119e+00 -3.3209e+00 +4.0591e+00 +2.3341e+00
22863 0 +6.921171072e-01 +8.608211711e+01 +8.608211711e+01 -5.8308e-01 -3.8224e+00 +4.1991e+00 -1.2331e-01 -4.1898e+00 +4.3347e+00 -4.9119e+00 -3.3209e+00 +4.0591e+00 +2.3341e+00
24845 0 +6.754754624e-01 +8.606547546e+01 +8.606547546e+01 -8.4357e-01 -3.5875e+00 +1.9101e+00 -4.2228e+00 -5.6679e-01 +1.4434e+00 -8.2602e-01 +1.7598e+00 +3.0880e-01 -2.6312e+00
25265 0 +6.435583653e-01 +8.603355837e+01 +8.603355837e+01 -8.4357e-01 -3.5875e+00 +1.9101e+00 -4.2228e+00 -5.6679e-01 +1.4440e+00 -8.2602e-01 +1.7598e+00 +3.0880e-01 -2.6312e+00
26165 0 +5.332149335e-01 +8.592321493e+01 +8.592321493e+01 -8.4357e-01 -3.5903e+00 +1.9101e+00 -4.2228e+00 -5.6679e-01 +1.4440e+00 -8.2602e-01 +1.7598e+00 +3.0880e-01 -2.6312e+00
26375 0 +5.246408604e-01 +8.591464086e+01 +8.591464086e+01 -8.4342e-01 -3.5903e+00 +1.9101e+00 -4.2228e+00 -5.6679e-01 +1.4440e+00 -8.2602e-01 +1.7598e+00 +3.0880e-01 -2.6312e+00
33905 0 +5.084484048e-01 +8.589844840e+01 +8.589844840e+01 -8.4342e-01 -3.5903e+00 +1.9123e+00 -4.2228e+00 -5.6679e-01 +1.4440e+00 -8.2602e-01 +1.7598e+00 +3.0880e-01 -2.6312e+00
40050 0 +5.036797177e-01 +8.589367972e+01 +8.589367972e+01 -8.4342e-01 -3.5906e+00 +1.9123e+00 -4.2228e+00 -5.6679e-01 +1.4440e+00 -8.2602e-01 +1.7598e+00 +3.0880e-01 -2.6312e+00
% f evaluations | g evaluations | best noise-free fitness - Fopt (-9.872900000000e+02) + sum g_i+ | measured fitness | best measured fitness or single-digit g-values | x1 | x2...
1 0 +9.830490996e+00 -9.774595090e+02 -9.774595090e+02 +2.9654e+00 -3.1657e+00 +2.7969e+00 +9.6850e-01 -5.4167e-01 -4.0003e+00 -4.0751e-01 -1.6629e+00 -3.5713e+00 +1.5089e+00
4 0 +4.640838285e+00 -9.826491617e+02 -9.826491617e+02 +1.8031e+00 -4.9501e-01 -4.8674e+00 +4.4220e+00 +6.3288e-01 -1.1458e+00 -4.8403e+00 -2.6911e+00 -2.5897e+00 +1.8326e+00
109 0 +4.432519182e+00 -9.828574808e+02 -9.828574808e+02 +2.3522e+00 -2.9093e+00 +4.9844e+00 +1.9578e+00 -2.7145e+00 -4.1485e+00 +4.8217e+00 +1.6636e-01 -3.7641e+00 +4.9625e+00
173 0 +3.891374071e+00 -9.833986259e+02 -9.833986259e+02 -1.9194e+00 -7.8625e-02 +7.1605e-02 +1.3426e+00 -2.4954e+00 +8.2595e-01 +4.7689e+00 -4.2622e+00 -2.3646e+00 -4.6484e+00
270 0 +2.248694757e+00 -9.850413052e+02 -9.850413052e+02 +9.7122e-01 -4.8162e+00 -1.2709e+00 +2.1178e+00 -2.2382e+00 +3.4933e-01 +2.3416e+00 -2.4807e-01 -2.3550e+00 -6.3581e-01
1152 0 +2.218399334e+00 -9.850716007e+02 -9.850716007e+02 +1.9563e+00 -9.1687e-01 +3.2047e+00 +4.5456e-01 -2.9656e+00 -1.2455e+00 +3.8925e+00 +2.3789e+00 -3.2227e+00 +1.4656e-01
1250 0 +1.690287683e+00 -9.855997123e+02 -9.855997123e+02 +4.6988e+00 +2.5009e+00 -7.9916e-01 +1.1628e+00 -1.9601e+00 -1.8338e+00 +1.9228e+00 +4.6191e-01 -4.7504e+00 -3.7561e+00
4662 0 +1.566848918e+00 -9.857231511e+02 -9.857231511e+02 +1.9563e+00 -9.1687e-01 +3.2047e+00 +4.5456e-01 -2.9747e+00 -1.2455e+00 +3.8925e+00 +2.3789e+00 -3.2227e+00 +1.4656e-01
7774 0 +1.420192188e+00 -9.858698078e+02 -9.858698078e+02 -4.8977e-01 -5.0950e-01 -2.1274e+00 +1.2732e+00 -1.1315e+00 +2.5388e-01 -4.8403e+00 -2.6814e+00 -9.9566e-01 +1.8326e+00
8381 0 +1.211602447e+00 -9.860783976e+02 -9.860783976e+02 +1.9563e+00 -9.1687e-01 +3.2047e+00 +2.4747e+00 -4.4277e+00 -1.2455e+00 -2.5677e-01 +2.3901e+00 -1.1443e+00 -1.4437e+00
11451 0 +8.104184436e-01 -9.864795816e+02 -9.864795816e+02 -6.9761e-01 +9.6337e-01 -1.9019e+00 +2.1253e+00 -4.0750e+00 -7.6499e-01 +2.4600e+00 +2.4496e+00 -1.8587e+00 +3.4122e+00
17931 0 +7.429474229e-01 -9.865470526e+02 -9.865470526e+02 -7.0686e-01 +9.6337e-01 -1.9019e+00 +2.1297e+00 -4.0751e+00 -7.6499e-01 +2.4600e+00 +2.4496e+00 -1.8587e+00 +3.4122e+00
20151 0 +6.673370193e-01 -9.866226630e+02 -9.866226630e+02 -7.1434e-01 +9.6337e-01 -1.9019e+00 +2.1297e+00 -4.0751e+00 -7.6499e-01 +2.4600e+00 +2.4496e+00 -1.8587e+00 +3.4122e+00
22050 0 +5.457157569e-01 -9.867442842e+02 -9.867442842e+02 +9.8397e-01 -4.8162e+00 -1.2943e+00 +2.1178e+00 -2.2390e+00 +3.4722e-01 +2.3968e+00 -2.3841e-01 -2.3411e+00 -6.3581e-01
24450 0 +4.696899840e-01 -9.868203100e+02 -9.868203100e+02 +9.8397e-01 -4.8162e+00 -1.2943e+00 +2.1178e+00 -2.2390e+00 +3.4577e-01 +2.3968e+00 -2.3841e-01 -2.3411e+00 -6.3581e-01
24690 0 +4.450938088e-01 -9.868449062e+02 -9.868449062e+02 +9.8397e-01 -4.8162e+00 -1.2943e+00 +2.1178e+00 -2.2390e+00 +3.4577e-01 +2.3968e+00 -2.3841e-01 -2.3411e+00 -6.3003e-01
26850 0 +3.988846654e-01 -9.868911153e+02 -9.868911153e+02 +9.8397e-01 -4.8162e+00 -1.2943e+00 +2.1178e+00 -2.2390e+00 +3.4577e-01 +2.3968e+00 -2.3841e-01 -2.3411e+00 -6.3079e-01
29130 0 +3.601817414e-01 -9.869298183e+02 -9.869298183e+02 +9.8397e-01 -4.8162e+00 -1.2932e+00 +2.1178e+00 -2.2390e+00 +3.4577e-01 +2.3968e+00 -2.3841e-01 -2.3411e+00 -6.3079e-01
33240 0 +3.220102111e-01 -9.869679898e+02 -9.869679898e+02 +9.8397e-01 -4.8162e+00 -1.2932e+00 +2.1165e+00 -2.2390e+00 +3.4577e-01 +2.3968e+00 -2.3841e-01 -2.3411e+00 -6.3079e-01
36060 0 +3.049133758e-01 -9.869850866e+02 -9.869850866e+02 +9.8317e-01 -4.8162e+00 -1.2932e+00 +2.1165e+00 -2.2390e+00 +3.4577e-01 +2.3968e+00 -2.3841e-01 -2.3411e+00 -6.3079e-01
40050 0 +3.045539898e-01 -9.869854460e+02 -9.869854460e+02 +9.8317e-01 -4.8162e+00 -1.2932e+00 +2.1165e+00 -2.2390e+00 +3.4572e-01 +2.3968e+00 -2.3841e-01 -2.3411e+00 -6.3079e-01
% f evaluations | g evaluations | best noise-free fitness - Fopt (-1.517600000000e+02) + sum g_i+ | measured fitness | best measured fitness or single-digit g-values | x1 | x2...
1 0 +1.764200712e+01 -1.341179929e+02 -1.341179929e+02 +2.9654e+00 -3.1657e+00 +2.7969e+00 +9.6850e-01 -5.4167e-01 -4.0003e+00 -4.0751e-01 -1.6629e+00 -3.5713e+00 +1.5089e+00
2 0 +1.348652393e+01 -1.382734761e+02 -1.382734761e+02 -4.4359e+00 +2.2200e+00 +4.3855e+00 -4.9922e+00 +4.9221e+00 +1.1748e+00 +1.1165e+00 -4.9293e+00 -4.7694e+00 +2.4775e-01
3 0 +6.610191233e+00 -1.451498088e+02 -1.451498088e+02 -1.0014e+00 -4.5333e+00 +4.7376e+00 -2.6723e+00 -4.0939e+00 +1.1839e+00 -1.1754e+00 +4.8323e+00 -3.3237e-01 +3.5994e+00
36 0 +5.635572416e+00 -1.461244276e+02 -1.461244276e+02 +3.4228e+00 -2.8993e-01 +3.5305e-01 +4.2666e+00 +2.2727e+00 -1.7346e+00 +7.0444e-01 -1.0376e-01 +4.6117e+00 +3.4453e+00
54 0 +4.690823726e+00 -1.470691763e+02 -1.470691763e+02 -1.8115e+00 +1.4510e+00 +1.2804e+00 +2.7282e+00 -2.5864e+00 +7.1016e-01 +7.2004e-01 +3.4019e+00 -3.7375e+00 +4.9968e+00
206 0 +2.562064225e+00 -1.491979358e+02 -1.491979358e+02 -4.0682e+00 -9.4570e-01 -2.3153e+00 +8.5131e-01 +1.7061e+00 -4.2582e+00 -2.3090e+00 +2.5506e+00 -2.5039e+00 +1.4059e+00
2618 0 +2.126732745e+00 -1.496332673e+02 -1.496332673e+02 -4.4058e+00 -4.7772e+00 +1.3931e+00 +2.6408e+00 +2.6288e+00 -4.9412e+00 -1.0542e+00 +4.2083e+00 -2.3021e+00 +1.0739e+00
2845 0 +1.621451625e+00 -1.501385484e+02 -1.501385484e+02 -2.4098e+00 -2.8120e+00 +3.5330e+00 +4.7564e+00 +1.1786e+00 +2.3070e+00 +3.8619e+00 +3.5083e+00 +4.8033e+00 +9.7435e-01
3516 0 +1.089697644e+00 -1.506703024e+02 -1.506703024e+02 +3.4228e+00 +2.1527e+00 +4.9938e+00 +3.8987e+00 +2.2727e+00 -7.9183e-01 +8.8329e-01 -2.9315e+00 +1.0021e+00 +3.2712e+00
40050 0 +1.089697644e+00 -1.506703024e+02 -1.506703024e+02 +3.4228e+00 +2.1527e+00 +4.9938e+00 +3.8987e+00 +2.2727e+00 -7.9183e-01 +8.8329e-01 -2.9315e+00 +1.0021e+00 +3.2712e+00
% f evaluations | g evaluations | best noise-free fitness - Fopt (6.680000000000e+01) + sum g_i+ | measured fitness | best measured fitness or single-digit g-values | x1 | x2...
1 0 +1.914357378e+01 +8.594357378e+01 +8.594357378e+01 +2.9654e+00 -3.1657e+00 +2.7969e+00 +9.6850e-01 -5.4167e-01 -4.0003e+00 -4.0751e-01 -1.6629e+00 -3.5713e+00 +1.5089e+00
2 0 +9.009700958e+00 +7.580970096e+01 +7.580970096e+01 -4.4359e+00 +2.2200e+00 +4.3855e+00 -4.9922e+00 +4.9221e+00 +1.1748e+00 +1.1165e+00 -4.9293e+00 -4.7694e+00 +2.4775e-01
7 0 +7.909173687e+00 +7.470917369e+01 +7.470917369e+01 +2.4732e+00 +3.9692e-01 +8.6751e-01 +4.6526e+00 +1.0703e+00 -2.2400e+00 -2.0373e+00 -3.3473e+00 -4.8436e+00 -7.6599e-01
9 0 +7.126062766e+00 +7.392606277e+01 +7.392606277e+01 +3.5004e+00 -5.0549e-01 -4.0459e+00 -1.2918e+00 +1.6884e+00 +1.6592e+00 +9.1298e-01 -2.2528e+00 +6.1243e-01 -1.1707e+00
11 0 +5.823945267e+00 +7.262394527e+01 +7.262394527e+01 +3.9576e+00 -2.4630e-01 +6.3276e-01 +1.9552e+00 -3.6067e+00 +1.0442e+00 +3.9841e-01 -2.9694e+00 +4.4285e+00 +9.8865e-01
27 0 +5.601468407e+00 +7.240146841e+01 +7.240146841e+01 +1.7114e+00 -1.4135e+00 -2.4584e+00 -2.0471e+00 -1.7745e+00 +3.4867e+00 -3.6338e+00 +2.0891e+00 +5.2820e-01 -2.0349e+00
78 0 +3.446439702e+00 +7.024643970e+01 +7.024643970e+01 +1.1681e+00 -1.9563e+00 +5.4427e-01 -2.9324e-01 -4.0382e+00 +4.4052e+00 -3.2320e+00 +1.7751e-01 +1.7127e+00 +1.6587e+00
258 0 +1.747029029e+00 +6.854702903e+01 +6.854702903e+01 +1.1681e+00 -1.9563e+00 +5.4427e-01 -2.9324e-01 -4.0512e+00 +4.4052e+00 -3.2135e+00 +1.7751e-01 +1.6598e+00 +1.6587e+00
1008 0 +1.123578186e+00 +6.792357819e+01 +6.792357819e+01 +1.1500e+00 -1.9801e+00 +5.4427e-01 -2.9324e-01 -4.0722e+00 +4.4052e+00 -3.2135e+00 +1.3644e-01 +1.6598e+00 +1.6587e+00
21336 0 +1.110163337e+00 +6.791016334e+01 +6.791016334e+01 +4.7126e+00 -2.9196e+00 -1.5855e+00 -4.5472e-01 -1.7002e+00 +2.9515e+00 -3.0970e+00 +2.3168e+00 +2.4647e-01 +2.5944e+00
21468 0 +1.052675437e+00 +6.785267544e+01 +6.785267544e+01 +1.1516e+00 -1.9801e+00 +5.4427e-01 -2.9324e-01 -4.0722e+00 +4.4052e+00 -3.2135e+00 +1.3644e-01 +1.6598e+00 +1.6632e+00
25548 0 +9.856238337e-01 +6.778562383e+01 +6.778562383e+01 +1.1516e+00 -1.9801e+00 +5.4427e-01 -2.9123e-01 -4.0722e+00 +4.4052e+00 -3.2135e+00 +1.3644e-01 +1.6598e+00 +1.6632e+00
29298 0 +7.447087359e-01 +6.754470874e+01 +6.754470874e+01 +1.1516e+00 -1.9801e+00 +5.4427e-01 -2.9123e-01 -4.0722e+00 +4.3821e+00 -3.1994e+00 +1.3644e-01 +1.6598e+00 +1.6632e+00
33715 0 +6.002398810e-01 +6.740023988e+01 +6.740023988e+01 -1.2846e+00 -2.2522e+00 -4.2389e-01 -2.5262e+00 -3.5380e+00 +4.5416e+00 -1.4517e+00 -3.7875e-01 -1.8166e+00 +2.3512e+00
33955 0 +5.496887165e-01 +6.734968872e+01 +6.734968872e+01 -1.2846e+00 -2.2522e+00 -4.2389e-01 -2.5262e+00 -3.5380e+00 +4.5422e+00 -1.4517e+00 -3.7875e-01 -1.8166e+00 +2.3512e+00
38005 0 +5.265196613e-01 +6.732651966e+01 +6.732651966e+01 -1.2846e+00 -2.2522e+00 -4.2389e-01 -2.5262e+00 -3.5380e+00 +4.5422e+00 -1.4517e+00 -3.7875e-01 -1.8166e+00 +2.3521e+00
40050 0 +5.265196613e-01 +6.732651966e+01 +6.732651966e+01 -1.2846e+00 -2.2522e+00 -4.2389e-01 -2.5262e+00 -3.5380e+00 +4.5422e+00 -1.4517e+00 -3.7875e-01 -1.8166e+00 +2.3521e+00
% f evaluations | g evaluations | best noise-free fitness - Fopt (9.625000000000e+01) + sum g_i+ | measured fitness | best measured fitness or single-digit g-values | x1 | x2...
1 0 +1.484588967e+01 +1.110958897e+02 +1.110958897e+02 +2.9654e+00 -3.1657e+00 +2.7969e+00 +9.6850e-01 -5.4167e-01 -4.0003e+00 -4.0751e-01 -1.6629e+00 -3.5713e+00 +1.5089e+00
2 0 +1.305104507e+01 +1.093010451e+02 +1.093010451e+02 -4.4359e+00 +2.2200e+00 +4.3855e+00 -4.9922e+00 +4.9221e+00 +1.1748e+00 +1.1165e+00 -4.9293e+00 -4.7694e+00 +2.4775e-01
3 0 +1.173198300e+01 +1.079819830e+02 +1.079819830e+02 -1.0014e+00 -4.5333e+00 +4.7376e+00 -2.6723e+00 -4.0939e+00 +1.1839e+00 -1.1754e+00 +4.8323e+00 -3.3237e-01 +3.5994e+00
8 0 +8.738540919e+00 +1.049885409e+02 +1.049885409e+02 -1.0512e+00 -2.0651e+00 -4.8592e+00 -3.0116e+00 +2.1134e+00 +2.9018e+00 +1.0596e+00 +4.2630e+00 +1.5108e+00 +4.1496e+00
17 0 +5.849861502e+00 +1.020998615e+02 +1.020998615e+02 -2.9699e-01 +4.8342e+00 -1.0118e+00 +3.1643e+00 +2.9835e+00 -3.4928e+00 +8.1988e-02 +1.9581e+00 +3.5836e+00 -1.7404e+00
27 0 +5.588184989e+00 +1.018381850e+02 +1.018381850e+02 +1.7114e+00 -1.4135e+00 -2.4584e+00 -2.0471e+00 -1.7745e+00 +3.4867e+00 -3.6338e+00 +2.0891e+00 +5.2820e-01 -2.0349e+00
37 0 +3.894702976e+00 +1.001447030e+02 +1.001447030e+02 +2.4732e+00 +4.0123e-01 +1.9833e+00 +3.7599e+00 -3.3415e+00 -2.4701e-01 -3.2002e+00 -4.2724e+00 -5.7363e-01 -3.0478e+00
257 0 +3.520897561e+00 +9.977089756e+01 +9.977089756e+01 -2.9699e-01 +4.8342e+00 -1.0118e+00 +3.1643e+00 +2.9835e+00 -4.8581e-01 -1.9027e+00 +1.2727e-01 +3.5836e+00 -2.3862e+00
279 0 +2.391218925e+00 +9.864121892e+01 +9.864121892e+01 +9.3931e-01 +6.2728e-01 -4.0459e+00 -1.2918e+00 -1.3339e+00 +4.9573e+00 -1.4667e+00 +4.0856e+00 +6.1243e-01 +2.0095e+00
3663 0 +1.539125946e+00 +9.778912595e+01 +9.778912595e+01 -1.3241e+00 -2.4979e+00 +1.3997e+00 -2.6705e+00 -4.1409e+00 -9.3411e-01 -1.1754e+00 +3.8024e+00 +3.8974e+00 +2.3776e+00
25086 0 +1.513540763e+00 +9.776354076e+01 +9.776354076e+01 -8.1105e-01 +4.1897e+00 +3.2136e+00 -1.9037e+00 -5.1709e-01 -3.5680e+00 -3.4680e+00 +6.4301e-01 -1.4583e+00 +3.5689e+00
27056 0 +1.226076877e+00 +9.747607688e+01 +9.747607688e+01 -4.7347e-01 -9.5173e-01 -9.5250e-01 -4.0109e+00 -2.5640e+00 +1.0346e+00 -1.8357e+00 +4.6177e+00 +1.4585e+00 -1.7820e+00
27206 0 +1.048585181e+00 +9.729858518e+01 +9.729858518e+01 -4.7347e-01 -9.5173e-01 -9.5250e-01 -4.0109e+00 -2.5581e+00 +1.0346e+00 -1.8279e+00 +4.6177e+00 +1.4585e+00 -1.7820e+00
35096 0 +8.784759774e-01 +9.712847598e+01 +9.712847598e+01 -4.7347e-01 -9.5173e-01 -9.5250e-01 -4.0109e+00 -2.5581e+00 +1.0346e+00 -1.8279e+00 +4.6177e+00 +1.4567e+00 -1.7820e+00
39468 0 +8.323280200e-01 +9.708232802e+01 +9.708232802e+01 +9.0350e-01 +6.2728e-01 -4.0459e+00 -1.2946e+00 -1.3666e+00 +4.9573e+00 -1.4632e+00 +4.0856e+00 +5.9805e-01 +2.0145e+00
40050 0 +8.323280200e-01 +9.708232802e+01 +9.708232802e+01 +9.0350e-01 +6.2728e-01 -4.0459e+00 -1.2946e+00 -1.3666e+00 +4.9573e+00 -1.4632e+00 +4.0856e+00 +5.9805e-01 +2.0145e+00
% f evaluations | g evaluations | best noise-free fitness - Fopt (1.467200000000e+02) + sum g_i+ | measured fitness | best measured fitness or single-digit g-values | x1 | x2...
1 0 +1.446925555e+01 +1.611892555e+02 +1.611892555e+02 +2.9654e+00 -3.1657e+00 +2.7969e+00 +9.6850e-01 -5.4167e-01 -4.0003e+00 -4.0751e-01 -1.6629e+00 -3.5713e+00 +1.5089e+00
2 0 +8.420766259e+00 +1.551407663e+02 +1.551407663e+02 -4.4359e+00 +2.2200e+00 +4.3855e+00 -4.9922e+00 +4.9221e+00 +1.1748e+00 +1.1165e+00 -4.9293e+00 -4.7694e+00 +2.4775e-01
8 0 +4.749986429e+00 +1.514699864e+02 +1.514699864e+02 -1.0512e+00 -2.0651e+00 -4.8592e+00 -3.0116e+00 +2.1134e+00 +2.9018e+00 +1.0596e+00 +4.2630e+00 +1.5108e+00 +4.1496e+00
12 0 +4.214275573e+00 +1.509342756e+02 +1.509342756e+02 +1.9478e+00 +3.8047e+00 +1.2435e+00 -2.0437e+00 -3.9451e+00 -4.3465e-01 -2.8156e+00 -8.3490e-01 +3.8328e+00 -1.7565e+00
63 0 +3.681934477e+00 +1.504019345e+02 +1.504019345e+02 -1.6192e+00 -4.5333e+00 +4.7376e+00 -3.9814e+00 -3.8125e+00 +1.8343e+00 -1.1754e+00 -1.0635e+00 -3.3237e-01 +3.5994e+00
167 0 +3.063067847e+00 +1.497830678e+02 +1.497830678e+02 -2.9699e-01 +2.2219e+00 +3.6249e+00 +1.1274e+00 -2.3757e+00 +1.6999e+00 -3.3171e+00 +6.6249e-01 +4.2976e-01 -3.5616e-01
512 0 +2.932531207e+00 +1.496525312e+02 +1.496525312e+02 -3.0836e+00 +1.4882e+00 +4.5843e+00 -9.5440e-01 +3.9950e+00 +1.4355e+00 -3.2463e-01 -1.4971e+00 +1.4069e+00 +2.4775e-01
1505 0 +2.520578626e+00 +1.492405786e+02 +1.492405786e+02 +8.3631e-01 -1.3659e+00 +4.0323e+00 +1.5630e-01 -3.8602e+00 +1.4516e+00 -2.1112e+00 -1.3779e+00 +1.0908e+00 +2.9844e+00
5636 0 +2.416691456e+00 +1.491366915e+02 +1.491366915e+02 -1.2314e+00 +6.3648e-01 +3.3959e+00 -2.2814e+00 +3.1558e+00 +2.6907e+00 -8.3009e-01 +1.3274e+00 -1.4097e+00 +8.0229e-01
6585 0 +1.607150661e+00 +1.483271507e+02 +1.483271507e+02 -2.2320e+00 -1.2801e+00 +4.9644e+00 -6.4141e-01 +2.6454e+00 +1.1833e-01 +7.9162e-01 -9.8472e-01 -1.8661e+00 -5.9770e-01
11667 0 +1.002282831e+00 +1.477222828e+02 +1.477222828e+02 -7.3513e-01 +3.5533e-01 +4.7362e+00 +5.5503e-01 -3.0946e-01 +1.8438e+00 -1.6734e+00 -2.3639e+00 +5.1265e-01 +2.9778e-01
22497 0 +8.256930569e-01 +1.475456931e+02 +1.475456931e+02 -7.3513e-01 +3.5533e-01 +4.7284e+00 +5.5503e-01 -3.0946e-01 +1.8438e+00 -1.6734e+00 -2.3639e+00 +5.1265e-01 +2.9778e-01
24225 0 +5.781087217e-01 +1.472981087e+02 +1.472981087e+02 -2.2551e+00 -1.2853e+00 +4.9644e+00 -6.4141e-01 +2.6454e+00 +8.2589e-02 +7.9162e-01 -9.8472e-01 -1.8555e+00 -5.9770e-01
29715 0 +5.606011334e-01 +1.472806011e+02 +1.472806011e+02 -2.2551e+00 -1.2853e+00 +4.9642e+00 -6.4141e-01 +2.6454e+00 +8.2589e-02 +7.9100e-01 -9.8472e-01 -1.8555e+00 -5.9770e-01
29719 0 +4.609509870e-01 +1.471809510e+02 +1.471809510e+02 +1.9011e+00 -6.0776e-01 +2.1837e+00 +1.2537e+00 -1.6792e+00 -3.5244e+00 -1.8968e+00 -1.4015e+00 +6.8341e-01 +1.2921e+00
31219 0 +3.966655459e-01 +1.471166655e+02 +1.471166655e+02 +1.8979e+00 -6.0776e-01 +2.1837e+00 +1.2537e+00 -1.6792e+00 -3.5244e+00 -1.8968e+00 -1.4015e+00 +6.8341e-01 +1.2921e+00
40050 0 +3.921553434e-01 +1.471121553e+02 +1.471121553e+02 +1.8979e+00 -6.0776e-01 +2.1837e+00 +1.2533e+00 -1.6792e+00 -3.5244e+00 -1.8968e+00 -1.4015e+00 +6.8341e-01 +1.2921e+00
% f evaluations | g evaluations | best noise-free fitness - Fopt (-5.919800000000e+02) + sum g_i+ | measured fitness | best measured fitness or single-digit g-values | x1 | x2...
1 0 +2.232676762e+01 -5.696532324e+02 -5.696532324e+02 +2.9654e+00 -3.1657e+00 +2.7969e+00 +9.6850e-01 -5.4167e-01 -4.0003e+00 -4.0751e-01 -1.6629e+00 -3.5713e+00 +1.5089e+00
2 0 +8.694392348e+00 -5.832856077e+02 -5.832856077e+02 -4.4359e+00 +2.2200e+00 +4.3855e+00 -4.9922e+00 +4.9221e+00 +1.1748e+00 +1.1165e+00 -4.9293e+00 -4.7694e+00 +2.4775e-01
8 0 +3.776113320e+00 -5.882038867e+02 -5.882038867e+02 -1.0512e+00 -2.0651e+00 -4.8592e+00 -3.0116e+00 +2.1134e+00 +2.9018e+00 +1.0596e+00 +4.2630e+00 +1.5108e+00 +4.1496e+00
339 0 +3.164641606e+00 -5.888153584e+02 -5.888153584e+02 +3.5004e+00 -3.8400e+00 +7.9844e-01 -1.2918e+00 +1.6884e+00 +2.0385e+00 -2.6164e+00 -4.1289e+00 -4.9475e+00 -2.9131e+00
799 0 +3.112907497e+00 -5.888670925e+02 -5.888670925e+02 -4.0341e-02 +2.5152e+00 -4.3781e+00 +4.9838e-01 +9.5569e-01 +2.6166e+00 +3.5945e-01 -5.4287e-01 +3.8093e+00 +1.3078e+00
1146 0 +2.259516564e+00 -5.897204834e+02 -5.897204834e+02 +4.9326e-01 -3.8697e+00 -2.8273e+00 -1.8316e-01 -3.5549e+00 -1.7346e+00 -9.3906e-01 +9.4277e-01 -1.7930e+00 +1.0417e+00
2150 0 +2.142815809e+00 -5.898371842e+02 -5.898371842e+02 +9.2239e-01 -9.0713e-01 -1.7161e+00 -1.9253e+00 -1.3821e+00 +4.8948e+00 -3.2549e+00 +1.8236e+00 -2.6826e+00 +4.6428e+00
2577 0 +2.132840327e+00 -5.898471597e+02 -5.898471597e+02 +2.8695e-01 -4.4806e+00 -2.4799e+00 -3.1060e+00 -1.4493e+00 +3.0810e+00 -3.8121e+00 +7.0229e-01 -4.4403e+00 -3.0845e-01
7386 0 +1.313592079e+00 -5.906664079e+02 -5.906664079e+02 +4.9326e-01 -3.8697e+00 -2.8273e+00 -1.8316e-01 -3.5549e+00 -1.7346e+00 -9.5703e-01 +9.6279e-01 -1.7930e+00 +1.0417e+00
18623 0 +1.167698559e+00 -5.908123014e+02 -5.908123014e+02 +1.1422e+00 +3.3798e-01 -4.8532e+00 +2.5444e-01 -3.1872e+00 -4.2522e+00 -4.2300e+00 -4.7199e-01 +4.4159e+00 +4.0236e+00
31708 0 +1.087509904e+00 -5.908924901e+02 -5.908924901e+02 -7.3215e-01 -1.5102e+00 +4.0674e-01 -3.3020e+00 -9.5195e-01 +3.1987e+00 -1.4249e+00 -2.8256e+00 -1.2826e+00 +3.3605e+00
37404 0 +1.054820462e+00 -5.909251795e+02 -5.909251795e+02 +4.0507e-01 -2.2036e+00 -1.6627e+00 +1.8551e+00 -3.5202e-01 +4.7675e+00 -9.6888e-01 -3.2465e+00 +2.1873e+00 +4.8409e+00
40050 0 +1.053839201e+00 -5.909261608e+02 -5.909261608e+02 -7.3215e-01 -1.5102e+00 +4.0674e-01 -3.3020e+00 -9.5195e-01 +3.1984e+00 -1.4249e+00 -2.8256e+00 -1.2830e+00 +3.3605e+00
% f evaluations | g evaluations | best noise-free fitness - Fopt (7.429000000000e+01) + sum g_i+ | measured fitness | best measured fitness or single-digit g-values | x1 | x2...
1 0 +5.092770355e+00 +7.938277035e+01 +7.938277035e+01 +2.9654e+00 -3.1657e+00 +2.7969e+00 +9.6850e-01 -5.4167e-01 -4.0003e+00 -4.0751e-01 -1.6629e+00 -3.5713e+00 +1.5089e+00
6 0 +2.251867989e+00 +7.654186799e+01 +7.654186799e+01 +3.4228e+00 -5.0246e-01 -1.0485e+00 +4.2666e+00 +2.2727e+00 -1.7346e+00 +7.0444e-01 +2.0834e-01 +4.6117e+00 +3.4453e+00
1077 0 +1.978370435e+00 +7.626837044e+01 +7.626837044e+01 +3.0831e+00 -4.5048e+00 -2.7839e+00 +1.0088e+00 +4.5773e-01 -1.7166e+00 -4.5897e+00 -1.5467e+00 +3.5723e+00 -2.1490e+00
2619 0 +1.878974918e+00 +7.616897492e+01 +7.616897492e+01 +2.4723e+00 +4.8635e+00 -4.9427e+00 +1.6914e+00 +4.9131e+00 -2.2508e+00 -4.2580e+00 -3.2401e-01 +4.4428e+00 -2.8367e+00
7922 0 +1.581553531e+00 +7.587155353e+01 +7.587155353e+01 -1.4037e+00 -1.8986e+00 -2.9352e+00 +1.2232e+00 +4.1361e-01 +2.3964e+00 +8.4052e-01 +1.2875e+00 -8.6322e-01 -2.2052e+00
11153 0 +1.487967796e+00 +7.577796780e+01 +7.577796780e+01 -5.9969e-01 +4.9205e+00 -3.5262e+00 +2.6322e+00 +1.4624e+00 +9.4553e-01 -4.1412e+00 +1.2496e+00 +3.8388e+00 -4.1259e+00
18126 0 +1.383833965e+00 +7.567383397e+01 +7.567383397e+01 +1.4080e+00 +2.2139e+00 -2.2896e+00 +3.4479e+00 +1.8668e+00 -3.9213e-01 -1.7227e+00 +7.2988e-01 +4.2246e+00 -3.4706e-01
40050 0 +1.383833965e+00 +7.567383397e+01 +7.567383397e+01 +1.4080e+00 +2.2139e+00 -2.2896e+00 +3.4479e+00 +1.8668e+00 -3.9213e-01 -1.7227e+00 +7.2988e-01 +4.2246e+00 -3.4706e-01
% f evaluations | g evaluations | best noise-free fitness - Fopt (-3.490000000000e+00) + sum g_i+ | measured fitness | best measured fitness or single-digit g-values | x1 | x2...
1 0 +1.635540138e+01 +1.286540138e+01 +1.286540138e+01 +2.9654e+00 -3.1657e+00 +2.7969e+00 +9.6850e-01 -5.4167e-01 -4.0003e+00 -4.0751e-01 -1.6629e+00 -3.5713e+00 +1.5089e+00
3 0 +9.874055432e+00 +6.384055432e+00 +6.384055432e+00 -1.0014e+00 -4.5333e+00 +4.7376e+00 -2.6723e+00 -4.0939e+00 +1.1839e+00 -1.1754e+00 +4.8323e+00 -3.3237e-01 +3.5994e+00
4 0 +8.273780360e+00 +4.783780360e+00 +4.783780360e+00 +1.8031e+00 -4.9501e-01 -4.8674e+00 +4.4220e+00 +6.3288e-01 -1.1458e+00 -4.8403e+00 -2.6911e+00 -2.5897e+00 +1.8326e+00
5 0 +7.896311185e+00 +4.406311185e+00 +4.406311185e+00 +1.1000e+00 +3.3319e+00 -3.2664e+00 -1.0894e+00 -3.1776e+00 +2.5536e+00 -7.4844e-01 -2.9206e+00 +6.7700e-01 -4.6869e+00
6 0 +6.722341664e+00 +3.232341664e+00 +3.232341664e+00 +3.4228e+00 -5.0246e-01 -1.0485e+00 +4.2666e+00 +2.2727e+00 -1.7346e+00 +7.0444e-01 +2.0834e-01 +4.6117e+00 +3.4453e+00
26 0 +5.466983609e+00 +1.976983609e+00 +1.976983609e+00 -1.9430e+00 -3.0909e+00 -2.3153e+00 -1.4720e-01 -1.2731e+00 -1.0531e+00 +3.4421e+00 +4.3002e+00 -4.2958e+00 -2.9108e+00
35 0 +4.690817229e+00 +1.200817229e+00 +1.200817229e+00 +1.1000e+00 +3.3319e+00 -3.2664e+00 -1.0894e+00 -3.1776e+00 +2.5536e+00 -7.4844e-01 -2.3527e+00 +1.5113e+00 +3.0503e+00
68 0 +4.658997551e+00 +1.168997551e+00 +1.168997551e+00 +4.4895e-01 -2.0651e+00 -4.8592e+00 -2.4192e+00 -2.8481e+00 +1.4449e-01 -4.9243e-01 -1.9190e+00 +1.5108e+00 +4.1496e+00
103 0 +3.581911579e+00 +9.191157922e-02 +9.191157922e-02 -3.7791e+00 -1.4370e+00 +1.4686e+00 -4.5467e+00 -4.2717e+00 -2.5960e+00 -1.3470e+00 -1.9522e+00 -3.3534e+00 +1.8064e+00
520 0 +3.389595288e+00 -1.004047118e-01 -1.004047118e-01 -3.5397e+00 +3.4891e+00 +3.5250e+00 -4.9881e+00 -4.1538e+00 -4.5957e+00 +1.5372e+00 -2.1996e-01 -2.7700e+00 +4.7519e+00
524 0 +3.312754582e+00 -1.772454178e-01 -1.772454178e-01 -1.5170e-01 -3.5982e+00 -1.2819e+00 -3.5434e+00 -4.7686e+00 +2.3132e-01 -4.9202e+00 -9.6164e-01 -1.7828e+00 -1.1102e+00
1203 0 +3.034815902e+00 -4.551840983e-01 -4.551840983e-01 -3.6465e+00 +4.9944e+00 +2.0325e+00 -4.5331e+00 -4.5350e-01 -4.0359e+00 -1.4083e+00 +3.3262e-01 -3.1144e+00 +3.5069e+00
1947 0 +3.005648378e+00 -4.843516217e-01 -4.843516217e-01 +1.2978e+00 +2.1280e+00 -2.6325e+00 +1.1704e-01 -1.9717e+00 -7.7496e-01 -1.4871e+00 -2.6497e+00 +1.3903e+00 +2.7209e+00
3174 0 +2.129970194e+00 -1.360029806e+00 -1.360029806e+00 -1.3863e+00 -3.8847e+00 -3.6500e+00 +4.4465e+00 -4.8555e+00 -3.5392e+00 -1.1511e+00 -3.0005e+00 +1.2239e+00 +3.4638e+00
5052 0 +1.733894688e+00 -1.756105312e+00 -1.756105312e+00 +1.0366e+00 -4.6755e+00 -2.0744e+00 +2.2529e+00 -4.8990e+00 -4.6324e+00 -4.9325e+00 +1.1514e+00 -4.4483e+00 +4.3384e+00
7529 0 +1.661009876e+00 -1.828990124e+00 -1.828990124e+00 +2.5753e+00 -4.3746e+00 +6.3398e-01 -3.2342e+00 -1.6462e+00 -3.7782e+00 -2.4312e+00 -1.7347e+00 +2.9526e+00 +4.7035e+00
8399 0 +1.440823822e+00 -2.049176178e+00 -2.049176178e+00 +2.5628e+00 -4.3746e+00 +6.3398e-01 -3.1708e+00 -1.6357e+00 -3.7782e+00 -2.4312e+00 -1.7347e+00 +2.9526e+00 +4.6923e+00
25219 0 +1.189806195e+00 -2.300193805e+00 -2.300193805e+00 -8.4185e-01 -2.9558e+00 +4.1777e+00 -3.3619e+00 -1.3629e+00 -2.9394e+00 +1.5213e+00 +2.4561e+00 -1.4465e+00 -8.7748e-01
25639 0 +1.156706207e+00 -2.333293793e+00 -2.333293793e+00 -8.4185e-01 -2.9558e+00 +4.1777e+00 -3.3619e+00 -1.3607e+00 -2.9394e+00 +1.5213e+00 +2.4561e+00 -1.4465e+00 -8.7748e-01
25977 0 +9.711304763e-01 -2.518869524e+00 -2.518869524e+00 +1.3283e+00 +2.6355e+00 -2.7547e+00 +1.2600e-01 -6.2902e-01 -7.6761e-01 -1.4871e+00 -1.0764e+00 +1.3313e+00 +2.7209e+00
29907 0 +7.770652511e-01 -2.712934749e+00 -2.712934749e+00 +1.3283e+00 +2.6355e+00 -2.7547e+00 +1.2600e-01 -6.1459e-01 -7.6761e-01 -1.4871e+00 -1.0764e+00 +1.3313e+00 +2.7209e+00
30597 0 +7.493308612e-01 -2.740669139e+00 -2.740669139e+00 +1.3283e+00 +2.6355e+00 -2.7547e+00 +1.2600e-01 -6.1459e-01 -7.6761e-01 -1.4871e+00 -1.0768e+00 +1.3313e+00 +2.7209e+00
30957 0 +7.088654291e-01 -2.781134571e+00 -2.781134571e+00 +1.3283e+00 +2.6355e+00 -2.7547e+00 +1.2600e-01 -6.1459e-01 -7.6463e-01 -1.4871e+00 -1.0768e+00 +1.3313e+00 +2.7209e+00
32982 0 +6.801428672e-01 -2.809857133e+00 -2.809857133e+00 +1.0404e+00 -4.6755e+00 -2.0535e+00 +2.2498e+00 -4.8968e+00 -4.6324e+00 -4.9325e+00 +1.1449e+00 -4.4483e+00 +4.3812e+00
33162 0 +6.592657703e-01 -2.830734230e+00 -2.830734230e+00 +1.0404e+00 -4.6755e+00 -2.0535e+00 +2.2498e+00 -4.8968e+00 -4.6324e+00 -4.9325e+00 +1.1449e+00 -4.4483e+00 +4.3814e+00
35022 0 +5.917858627e-01 -2.898214137e+00 -2.898214137e+00 +1.0404e+00 -4.6755e+00 -2.0542e+00 +2.2498e+00 -4.8968e+00 -4.6324e+00 -4.9325e+00 +1.1449e+00 -4.4483e+00 +4.3814e+00
37347 0 +5.710531521e-01 -2.918946848e+00 -2.918946848e+00 +1.3283e+00 +2.6355e+00 -2.7590e+00 +1.2600e-01 -6.1459e-01 -7.6463e-01 -1.4871e+00 -1.0785e+00 +1.3313e+00 +2.7209e+00
39132 0 +5.606480670e-01 -2.929351933e+00 -2.929351933e+00 +1.0404e+00 -4.6755e+00 -2.0542e+00 +2.2498e+00 -4.8968e+00 -4.6324e+00 -4.9325e+00 +1.1452e+00 -4.4483e+00 +4.3814e+00
40050 0 +5.606480670e-01 -2.929351933e+00 -2.929351933e+00 +1.0404e+00 -4.6755e+00 -2.0542e+00 +2.2498e+00 -4.8968e+00 -4.6324e+00 -4.9325e+00 +1.1452e+00 -4.4483e+00 +4.3814e+00
% f evaluations | g evaluations | best noise-free fitness - Fopt (-1.283000000000e+01) + sum g_i+ | measured fitness | best measured fitness or single-digit g-values | x1 | x2...
1 0 +1.635440831e+01 +3.524408311e+00 +3.524408311e+00 +2.9654e+00 -3.1657e+00 +2.7969e+00 +9.6850e-01 -5.4167e-01 -4.0003e+00 -4.0751e-01 -1.6629e+00 -3.5713e+00 +1.5089e+00
3 0 +1.286473989e+01 +3.473989168e-02 +3.473989168e-02 -1.0014e+00 -4.5333e+00 +4.7376e+00 -2.6723e+00 -4.0939e+00 +1.1839e+00 -1.1754e+00 +4.8323e+00 -3.3237e-01 +3.5994e+00
5 0 +7.037553475e+00 -5.792446525e+00 -5.792446525e+00 +1.1000e+00 +3.3319e+00 -3.2664e+00 -1.0894e+00 -3.1776e+00 +2.5536e+00 -7.4844e-01 -2.9206e+00 +6.7700e-01 -4.6869e+00
8 0 +4.796774967e+00 -8.033225033e+00 -8.033225033e+00 -1.0512e+00 -2.0651e+00 -4.8592e+00 -3.0116e+00 +2.1134e+00 +2.9018e+00 +1.0596e+00 +4.2630e+00 +1.5108e+00 +4.1496e+00
25 0 +4.521273310e+00 -8.308726690e+00 -8.308726690e+00 -3.0055e-01 -2.2044e+00 +3.8349e+00 +2.4772e+00 +4.5307e+00 -1.6925e+00 +5.2765e-01 +7.2292e-01 +4.8033e+00 -4.2465e+00
178 0 +4.354273197e+00 -8.475726803e+00 -8.475726803e+00 -2.4419e-02 -2.4448e+00 +2.0707e+00 -1.8085e+00 -1.4866e+00 +2.1924e-01 -3.1177e+00 -2.4868e+00 -1.0403e+00 -4.4047e+00
291 0 +4.171326425e+00 -8.658673575e+00 -8.658673575e+00 +2.2383e+00 +4.2657e+00 +4.9778e+00 +1.7481e+00 +2.3540e+00 -2.0948e+00 +6.8883e-01 +3.9892e+00 +1.4338e+00 -2.8214e+00
426 0 +3.663950248e+00 -9.166049752e+00 -9.166049752e+00 +3.3806e+00 -3.9537e+00 -9.1039e-01 +4.1082e+00 +2.2727e+00 -1.7023e+00 +2.8017e-01 +1.5134e-01 +3.9534e+00 +4.1908e+00
701 0 +3.485167950e+00 -9.344832050e+00 -9.344832050e+00 +4.6006e+00 +3.9815e+00 +4.8145e+00 +3.9248e+00 -3.6067e+00 +1.0442e+00 +3.9841e-01 -2.9694e+00 +4.4285e+00 +9.8865e-01
1109 0 +3.186224986e+00 -9.643775014e+00 -9.643775014e+00 +3.2256e+00 +7.5552e-01 -2.0286e+00 +3.5598e+00 +8.0019e-01 +1.7334e+00 +4.6378e+00 +2.6910e+00 +3.0854e+00 -4.5635e+00
1250 0 +2.725982820e+00 -1.010401718e+01 -1.010401718e+01 +9.9138e-01 +3.9854e+00 -1.1825e+00 +4.3343e-01 +7.6939e-01 +4.5230e+00 +1.6467e+00 +4.8756e+00 +2.0352e+00 -3.3828e+00
1472 0 +2.298141982e+00 -1.053185802e+01 -1.053185802e+01 +4.6519e+00 +9.2483e-01 +3.2766e+00 +1.0844e+00 +4.2696e+00 +2.0304e-01 +1.2042e+00 -1.2390e+00 -1.4615e+00 +2.8202e+00
2347 0 +1.877381947e+00 -1.095261805e+01 -1.095261805e+01 +2.4732e+00 +3.7828e-01 -6.7893e-02 +4.5829e+00 +3.0370e+00 -8.3372e-01 -2.7347e+00 -5.1842e-01 -9.6584e-01 -7.6599e-01
2852 0 +1.763239960e+00 -1.106676004e+01 -1.106676004e+01 +4.6519e+00 +9.2483e-01 +3.2766e+00 +1.0844e+00 +4.2696e+00 +2.0304e-01 +1.2042e+00 -1.2473e+00 -1.4623e+00 +2.8202e+00
4742 0 +1.652289359e+00 -1.117771064e+01 -1.117771064e+01 +4.6519e+00 +9.2483e-01 +3.2377e+00 +1.1054e+00 +4.2696e+00 +2.0304e-01 +1.2042e+00 -1.2584e+00 -1.4623e+00 +2.8202e+00
4812 0 +1.395339501e+00 -1.143466050e+01 -1.143466050e+01 +4.8266e+00 +1.6583e+00 +1.1195e+00 -1.3141e-01 +4.2406e+00 +4.9371e+00 +2.6463e+00 +1.2495e+00 +9.1266e-01 +3.2160e+00
15600 0 +1.264824103e+00 -1.156517590e+01 -1.156517590e+01 +6.9238e-01 -3.7981e+00 -2.5527e+00 -9.8431e-02 +3.6475e+00 +1.3612e+00 -1.6310e+00 +3.5362e+00 +4.5785e+00 -1.7684e+00
40050 0 +1.264824103e+00 -1.156517590e+01 -1.156517590e+01 +6.9238e-01 -3.7981e+00 -2.5527e+00 -9.8431e-02 +3.6475e+00 +1.3612e+00 -1.6310e+00 +3.5362e+00 +4.5785e+00 -1.7684e+00
