% f evaluations | g evaluations | best noise-free fitness - Fopt (4.078000000000e+01) + sum g_i+ | measured fitness | best measured fitness or single-digit g-values | x1 | x2...
1 0 +6.241299268e+01 +1.031929927e+02 +1.031929927e+02 +2.9654e+00 -3.1657e+00 +2.7969e+00 +9.6850e-01 -5.4167e-01
5 0 +3.020295870e+01 +7.098295870e+01 +7.098295870e+01 -1.0014e+00 -4.5333e+00 +4.7376e+00 -2.6723e+00 -4.0939e+00
32 0 +2.606878768e+01 +6.684878768e+01 +6.684878768e+01 -2.1179e+00 -1.0383e-01 -3.7134e+00 +4.4220e+00 +6.3288e-01
43 0 +6.412436168e+00 +4.719243617e+01 +4.719243617e+01 -3.3199e+00 +3.8114e-01 +2.6806e+00 +6.1243e-01 +8.8400e-01
230 0 +4.250859196e+00 +4.503085920e+01 +4.503085920e+01 -1.5065e+00 -1.8241e+00 +4.0077e+00 -2.3044e+00 -4.0939e+00
363 0 +2.100090263e+00 +4.288009026e+01 +4.288009026e+01 -1.4246e+00 +1.4409e+00 +3.5021e-01 -2.0466e+00 +2.0657e-01
380 0 +1.412532395e+00 +4.219253240e+01 +4.219253240e+01 -1.5065e+00 -1.2459e+00 +4.0077e+00 -2.3044e+00 -3.3623e+00
523 0 +9.107053096e-01 +4.169070531e+01 +4.169070531e+01 -1.9315e+00 -1.7319e+00 +3.3510e+00 -2.0685e+00 -2.7018e+00
823 0 +2.164147678e-01 +4.099641477e+01 +4.099641477e+01 -1.9315e+00 -2.2465e+00 +3.8165e+00 -1.9157e+00 -3.6176e+00
1079 0 +1.182227546e-01 +4.089822275e+01 +4.089822275e+01 -1.9358e+00 -1.4230e+00 +3.3912e+00 -1.9839e+00 -3.0180e+00
1146 0 +9.592576118e-02 +4.087592576e+01 +4.087592576e+01 -1.9721e+00 -1.5688e+00 +3.3548e+00 -1.9814e+00 -2.9999e+00
1352 0 +6.624667536e-02 +4.084624668e+01 +4.084624668e+01 -2.5622e+00 -1.8764e+00 +3.6738e+00 -1.7659e+00 -3.4105e+00
1404 0 +3.742560834e-02 +4.081742561e+01 +4.081742561e+01 -2.0431e+00 -1.9077e+00 +3.4922e+00 -2.0178e+00 -3.3371e+00
1409 0 +1.790900740e-02 +4.079790901e+01 +4.079790901e+01 -2.2866e+00 -1.7186e+00 +3.7680e+00 -2.3662e+00 -3.5023e+00
1507 0 +3.937872461e-03 +4.078393787e+01 +4.078393787e+01 -2.6064e+00 -2.0318e+00 +3.9945e+00 -2.1894e+00 -3.8619e+00
1581 0 +1.168821267e-03 +4.078116882e+01 +4.078116882e+01 -2.5684e+00 -1.7780e+00 +3.9034e+00 -2.2872e+00 -3.6881e+00
1690 0 +2.591477849e-04 +4.078025915e+01 +4.078025915e+01 -2.4731e+00 -1.6691e+00 +3.7784e+00 -2.1624e+00 -3.5371e+00
1739 0 +1.356701029e-04 +4.078013567e+01 +4.078013567e+01 -2.6480e+00 -1.7402e+00 +3.8968e+00 -2.1724e+00 -3.7084e+00
1934 0 +2.733248339e-05 +4.078002733e+01 +4.078002733e+01 -2.5527e+00 -1.8342e+00 +3.8829e+00 -2.1343e+00 -3.6915e+00
2162 0 +2.340491034e-05 +4.078002340e+01 +4.078002340e+01 -2.5231e+00 -1.7157e+00 +3.8839e+00 -2.1697e+00 -3.6443e+00
2171 0 +6.599026385e-06 +4.078000660e+01 +4.078000660e+01 -2.5350e+00 -1.8647e+00 +3.9254e+00 -2.1409e+00 -3.6858e+00
2254 0 +5.303983670e-06 +4.078000530e+01 +4.078000530e+01 -2.4810e+00 -1.7824e+00 +3.8532e+00 -2.1766e+00 -3.6299e+00
2272 0 +9.776127641e-07 +4.078000098e+01 +4.078000098e+01 -2.5125e+00 -1.8039e+00 +3.9169e+00 -2.1821e+00 -3.6914e+00
2281 0 +3.521298453e-07 +4.078000035e+01 +4.078000035e+01 -2.5215e+00 -1.7708e+00 +3.8876e+00 -2.1704e+00 -3.6571e+00
2350 0 +2.445009244e-07 +4.078000024e+01 +4.078000024e+01 -2.5093e+00 -1.7758e+00 +3.8934e+00 -2.1589e+00 -3.6680e+00
2405 0 +5.139315107e-08 +4.078000005e+01 +4.078000005e+01 -2.5190e+00 -1.8048e+00 +3.9158e+00 -2.1647e+00 -3.6836e+00
2580 0 +4.777270135e-08 +4.078000005e+01 +4.078000005e+01 -2.5011e+00 -1.7732e+00 +3.8813e+00 -2.1669e+00 -3.6610e+00
2706 0 +1.314068498e-08 +4.078000001e+01 +4.078000001e+01 -2.5189e+00 -1.7713e+00 +3.8842e+00 -2.1694e+00 -3.6640e+00
2763 0 +1.078582557e-09 +4.078000000e+01 +4.078000000e+01 -2.5214e+00 -1.7876e+00 +3.8937e+00 -2.1638e+00 -3.6711e+00
3563 0 +5.897504707e-13 +4.078000000e+01 +4.078000000e+01 -2.5158e+00 -1.7874e+00 +3.8931e+00 -2.1659e+00 -3.6689e+00
3913 0 +0.000000000e+00 +4.078000000e+01 +4.078000000e+01 -2.5150e+00 -1.7873e+00 +3.8925e+00 -2.1659e+00 -3.6686e+00
4525 0 +0.000000000e+00 +4.078000000e+01 +4.078000000e+01 -2.5150e+00 -1.7873e+00 +3.8925e+00 -2.1659e+00 -3.6686e+00
% f evaluations | g evaluations | best noise-free fitness - Fopt (-1.600000000000e+00) + sum g_i+ | measured fitness | best measured fitness or single-digit g-values | x1 | x2...
1 0 +6.731971426e+01 +6.571971426e+01 +6.571971426e+01 +2.9654e+00 -3.1657e+00 +2.7969e+00 +9.6850e-01 -5.4167e-01
2 0 +4.008864155e+01 +3.848864155e+01 +3.848864155e+01 -4.0003e+00 -4.0751e-01 -1.6629e+00 -3.5713e+00 +1.5089e+00
24 0 +3.000321548e+01 +2.840321548e+01 +2.840321548e+01 -4.3465e-01 -2.8156e+00 -8.3490e-01 +3.8328e+00 -1.7565e+00
31 0 +1.476893406e+01 +1.316893406e+01 +1.316893406e+01 +1.1839e+00 -1.0778e+00 +6.4332e-01 -3.3237e-01 +1.3566e+00
76 0 +1.376289899e+01 +1.216289899e+01 +1.216289899e+01 +2.9654e+00 +1.8741e+00 +3.4176e+00 -1.0457e+00 +5.1250e-01
214 0 +7.558692931e+00 +5.958692931e+00 +5.958692931e+00 +3.0157e+00 +1.9518e+00 +1.8953e+00 +8.9885e-01 -2.3663e+00
370 0 +5.204828928e+00 +3.604828928e+00 +3.604828928e+00 +3.5615e+00 +3.0349e+00 +2.1020e+00 -2.9438e-01 -1.6804e+00
461 0 +4.376333723e+00 +2.776333723e+00 +2.776333723e+00 +3.5596e+00 +2.9020e+00 +2.0969e+00 +2.1474e-01 -1.3588e+00
546 0 +3.218081852e+00 +1.618081852e+00 +1.618081852e+00 +1.0573e+00 -2.3712e+00 -4.6560e-01 +2.5099e+00 -2.2362e+00
698 0 +2.273566369e+00 +6.735663695e-01 +6.735663695e-01 +1.9478e+00 -6.8871e-01 +1.2435e+00 +3.3101e+00 -2.0440e+00
796 0 +1.092128426e+00 -5.078715744e-01 -5.078715744e-01 +1.0573e+00 -2.3712e+00 +8.0034e-01 +2.5099e+00 -3.1013e+00
1042 0 +2.595757084e-01 -1.340424292e+00 -1.340424292e+00 +1.0331e+00 -2.1032e+00 +1.8783e-02 +2.7800e+00 -2.6642e+00
1295 0 +1.209131562e-01 -1.479086844e+00 -1.479086844e+00 +8.0545e-01 -2.2496e+00 -1.5379e-01 +2.9733e+00 -2.0015e+00
1314 0 +6.260269853e-02 -1.537397301e+00 -1.537397301e+00 +1.2002e+00 -2.3007e+00 +5.6120e-03 +3.1103e+00 -2.0360e+00
1639 0 +3.946984240e-02 -1.560530158e+00 -1.560530158e+00 +1.0285e+00 -2.3007e+00 +6.0838e-03 +3.1166e+00 -2.0394e+00
1663 0 +3.375449734e-02 -1.566245503e+00 -1.566245503e+00 +1.3792e+00 -1.7378e+00 +9.9428e-01 +2.9300e+00 -2.2045e+00
1689 0 +1.500018478e-02 -1.584999815e+00 -1.584999815e+00 +1.0501e+00 -2.2153e+00 +1.2508e-01 +3.1166e+00 -2.0761e+00
1807 0 +9.447812038e-03 -1.590552188e+00 -1.590552188e+00 +9.9073e-01 -1.9536e+00 +4.2500e-01 +3.0425e+00 -2.2648e+00
1848 0 +3.669312723e-03 -1.596330687e+00 -1.596330687e+00 +1.3403e+00 -1.8913e+00 +7.2947e-01 +3.1321e+00 -2.0081e+00
2006 0 +3.147494938e-03 -1.596852505e+00 -1.596852505e+00 +9.8878e-01 -2.0454e+00 +4.3277e-01 +3.0523e+00 -1.9231e+00
2062 0 +1.662893351e-03 -1.598337107e+00 -1.598337107e+00 +1.3304e+00 -1.8439e+00 +6.8310e-01 +3.1191e+00 -2.1195e+00
2063 0 +9.440519948e-04 -1.599055948e+00 -1.599055948e+00 +1.2853e+00 -1.8367e+00 +7.1703e-01 +3.0637e+00 -2.1670e+00
2125 0 +5.393654367e-04 -1.599460635e+00 -1.599460635e+00 +1.0563e+00 -2.1483e+00 +4.7646e-01 +3.0119e+00 -2.1143e+00
2130 0 +3.313378162e-04 -1.599668662e+00 -1.599668662e+00 +1.1091e+00 -1.8958e+00 +7.8037e-01 +3.0130e+00 -2.0221e+00
2175 0 +2.131028158e-04 -1.599786897e+00 -1.599786897e+00 +1.0238e+00 -1.9770e+00 +6.3964e-01 +2.9940e+00 -1.9959e+00
2455 0 +1.551318704e-04 -1.599844868e+00 -1.599844868e+00 +1.1836e+00 -1.9946e+00 +4.8976e-01 +3.0158e+00 -2.1973e+00
2530 0 +1.371774978e-04 -1.599862823e+00 -1.599862823e+00 +1.2097e+00 -1.9946e+00 +4.8976e-01 +3.0770e+00 -2.1973e+00
2592 0 +8.114864849e-05 -1.599918851e+00 -1.599918851e+00 +1.1964e+00 -1.9292e+00 +6.9676e-01 +3.0449e+00 -2.0906e+00
2625 0 +5.259671477e-05 -1.599947403e+00 -1.599947403e+00 +1.0887e+00 -1.9765e+00 +6.3964e-01 +2.9818e+00 -1.9959e+00
2628 0 +2.947116950e-05 -1.599970529e+00 -1.599970529e+00 +1.0919e+00 -1.9929e+00 +6.0656e-01 +2.9888e+00 -2.0077e+00
2753 0 +2.519165850e-05 -1.599974808e+00 -1.599974808e+00 +1.1202e+00 -1.9894e+00 +5.9091e-01 +3.0019e+00 -2.0255e+00
2758 0 +2.453104947e-05 -1.599975469e+00 -1.599975469e+00 +1.1670e+00 -1.9908e+00 +5.3633e-01 +3.0300e+00 -2.1070e+00
2784 0 +6.510806016e-06 -1.599993489e+00 -1.599993489e+00 +1.1734e+00 -1.9732e+00 +5.9740e-01 +3.0264e+00 -2.1533e+00
2867 0 +6.149090866e-06 -1.599993851e+00 -1.599993851e+00 +1.1700e+00 -1.9725e+00 +5.9426e-01 +3.0235e+00 -2.1433e+00
2872 0 +8.041483541e-07 -1.599999196e+00 -1.599999196e+00 +1.1342e+00 -2.0229e+00 +5.8701e-01 +3.0047e+00 -2.1031e+00
2997 0 +2.224263482e-07 -1.599999778e+00 -1.599999778e+00 +1.1453e+00 -2.0119e+00 +5.5649e-01 +3.0147e+00 -2.1316e+00
3202 0 +1.087749530e-07 -1.599999891e+00 -1.599999891e+00 +1.1258e+00 -2.0068e+00 +5.9065e-01 +3.0058e+00 -2.1233e+00
3258 0 +4.656790109e-08 -1.599999953e+00 -1.599999953e+00 +1.1278e+00 -2.0146e+00 +5.8540e-01 +3.0063e+00 -2.1085e+00
3322 0 +1.625190182e-08 -1.599999984e+00 -1.599999984e+00 +1.1370e+00 -2.0054e+00 +5.6883e-01 +3.0147e+00 -2.1224e+00
3365 0 +5.271631576e-09 -1.599999995e+00 -1.599999995e+00 +1.1348e+00 -2.0111e+00 +5.7026e-01 +3.0143e+00 -2.1147e+00
4323 0 +6.044054146e-13 -1.600000000e+00 -1.600000000e+00 +1.1282e+00 -2.0120e+00 +5.7095e-01 +3.0120e+00 -2.1187e+00
4949 0 +0.000000000e+00 -1.600000000e+00 -1.600000000e+00 +1.1284e+00 -2.0125e+00 +5.7099e-01 +3.0118e+00 -2.1185e+00
5575 0 +0.000000000e+00 -1.600000000e+00 -1.600000000e+00 +1.1284e+00 -2.0125e+00 +5.7099e-01 +3.0118e+00 -2.1185e+00
% f evaluations | g evaluations | best noise-free fitness - Fopt (-3.708400000000e+02) + sum g_i+ | measured fitness | best measured fitness or single-digit g-values | x1 | x2...
1 0 +6.662692427e+01 -3.042130757e+02 -3.042130757e+02 +2.9654e+00 -3.1657e+00 +2.7969e+00 +9.6850e-01 -5.4167e-01
2 0 +6.226653664e+01 -3.085734634e+02 -3.085734634e+02 -4.0003e+00 -4.0751e-01 -1.6629e+00 -3.5713e+00 +1.5089e+00
6 0 +8.050883939e+00 -3.627891161e+02 -3.627891161e+02 +1.1839e+00 -1.1754e+00 +4.8323e+00 -3.3237e-01 +3.5994e+00
85 0 +5.401719156e+00 -3.654382808e+02 -3.654382808e+02 +3.9738e+00 -2.3953e+00 -5.9573e-01 +2.6718e+00 -4.8385e-01
135 0 +2.971235823e+00 -3.678687642e+02 -3.678687642e+02 +3.9738e+00 -1.7271e+00 -5.9573e-01 +2.5580e+00 -4.8385e-01
343 0 +2.225407660e+00 -3.686145923e+02 -3.686145923e+02 +4.8821e+00 -3.5592e+00 +4.3450e+00 +4.2869e+00 -2.0314e+00
669 0 +1.812502068e-01 -3.706587498e+02 -3.706587498e+02 +3.2482e+00 -7.0650e-01 -1.4268e+00 +2.3968e+00 +1.0800e-01
1047 0 +1.273187524e-01 -3.707126812e+02 -3.707126812e+02 +2.9088e+00 -4.3509e-01 -2.1239e+00 +2.0826e+00 +3.3923e-01
1147 0 +1.166093864e-01 -3.707233906e+02 -3.707233906e+02 +2.9088e+00 -7.9069e-01 -2.1239e+00 +2.0826e+00 +3.3923e-01
1521 0 +7.593520371e-02 -3.707640648e+02 -3.707640648e+02 +3.5853e+00 -1.4097e+00 -8.6027e-01 +2.2942e+00 +5.3064e-01
1622 0 +6.902391083e-02 -3.707709761e+02 -3.707709761e+02 +2.9088e+00 -7.9069e-01 -2.0420e+00 +2.0826e+00 +3.7014e-01
1647 0 +5.103918997e-02 -3.707889608e+02 -3.707889608e+02 +2.9088e+00 -1.2140e+00 -2.0420e+00 +2.0826e+00 +5.4367e-01
1721 0 +4.057317153e-02 -3.707994268e+02 -3.707994268e+02 +3.5853e+00 -1.0553e+00 -8.6027e-01 +2.3228e+00 +3.9341e-01
1722 0 +2.012980391e-02 -3.708198702e+02 -3.708198702e+02 +2.9088e+00 -7.8060e-01 -2.0420e+00 +2.0826e+00 +5.4367e-01
1872 0 +3.378474062e-03 -3.708366215e+02 -3.708366215e+02 +3.0305e+00 -7.8060e-01 -1.5970e+00 +2.0826e+00 +5.4367e-01
2022 0 +2.476291879e-03 -3.708375237e+02 -3.708375237e+02 +3.0305e+00 -7.8060e-01 -1.5970e+00 +1.9281e+00 +5.4367e-01
2704 0 +1.090023155e-03 -3.708389100e+02 -3.708389100e+02 +3.1130e+00 -7.3790e-01 -1.6768e+00 +1.7838e+00 +5.7400e-01
2779 0 +8.916001712e-04 -3.708391084e+02 -3.708391084e+02 +3.1130e+00 -7.3790e-01 -1.6768e+00 +1.7838e+00 +5.9850e-01
3154 0 +8.690118659e-04 -3.708391310e+02 -3.708391310e+02 +3.1130e+00 -7.3790e-01 -1.6655e+00 +1.7838e+00 +5.9850e-01
3229 0 +2.664332402e-05 -3.708399734e+02 -3.708399734e+02 +3.1130e+00 -7.3790e-01 -1.6197e+00 +1.8782e+00 +5.9850e-01
3379 0 +2.471299734e-05 -3.708399753e+02 -3.708399753e+02 +3.1130e+00 -7.3790e-01 -1.6197e+00 +1.8827e+00 +5.9850e-01
3779 0 +2.232578078e-05 -3.708399777e+02 -3.708399777e+02 +3.1130e+00 -7.4687e-01 -1.6197e+00 +1.8827e+00 +5.9850e-01
4504 0 +2.010064446e-05 -3.708399799e+02 -3.708399799e+02 +3.1099e+00 -7.4687e-01 -1.6197e+00 +1.8827e+00 +5.9858e-01
5122 0 +1.754724218e-05 -3.708399825e+02 -3.708399825e+02 +3.0430e+00 -7.6750e-01 -1.6972e+00 +1.8965e+00 +6.3651e-01
5679 0 +6.584306163e-06 -3.708399934e+02 -3.708399934e+02 +3.1099e+00 -7.4687e-01 -1.6197e+00 +1.9022e+00 +5.9858e-01
6369 0 +1.951200943e-06 -3.708399980e+02 -3.708399980e+02 +3.1396e+00 -8.2500e-01 -1.5348e+00 +1.9417e+00 +5.8698e-01
6394 0 +1.865460774e-06 -3.708399981e+02 -3.708399981e+02 +3.1396e+00 -8.1721e-01 -1.5348e+00 +1.9417e+00 +5.8698e-01
7319 0 +1.656116751e-06 -3.708399983e+02 -3.708399983e+02 +3.1331e+00 -8.1721e-01 -1.5435e+00 +1.9436e+00 +5.8698e-01
7419 0 +3.211277431e-07 -3.708399997e+02 -3.708399997e+02 +3.1331e+00 -8.1721e-01 -1.5672e+00 +1.9468e+00 +5.8627e-01
7794 0 +1.586972189e-07 -3.708399998e+02 -3.708399998e+02 +3.1331e+00 -8.1721e-01 -1.5672e+00 +1.9468e+00 +5.9086e-01
8850 0 +1.206529987e-08 -3.708400000e+02 -3.708400000e+02 +3.1079e+00 -8.0019e-01 -1.6039e+00 +1.9329e+00 +6.0980e-01
8941 0 +1.199936150e-08 -3.708400000e+02 -3.708400000e+02 +3.1195e+00 -8.1401e-01 -1.5760e+00 +1.9380e+00 +6.0162e-01
8981 0 +9.971699910e-09 -3.708400000e+02 -3.708400000e+02 +3.1210e+00 -8.1924e-01 -1.5817e+00 +1.9382e+00 +6.0638e-01
9559 0 +7.958078641e-13 -3.708400000e+02 -3.708400000e+02 +3.1147e+00 -8.0827e-01 -1.5912e+00 +1.9336e+00 +6.0495e-01
9823 0 +0.000000000e+00 -3.708400000e+02 -3.708400000e+02 +3.1150e+00 -8.0869e-01 -1.5900e+00 +1.9335e+00 +6.0512e-01
10325 0 +0.000000000e+00 -3.708400000e+02 -3.708400000e+02 +3.1150e+00 -8.0869e-01 -1.5900e+00 +1.9335e+00 +6.0512e-01
% f evaluations | g evaluations | best noise-free fitness - Fopt (-3.256000000000e+01) + sum g_i+ | measured fitness | best measured fitness or single-digit g-values | x1 | x2...
1 0 +3.343172750e+01 +8.717274993e-01 +8.717274993e-01 +2.9654e+00 -3.1657e+00 +2.7969e+00 +9.6850e-01 -5.4167e-01
3 0 +1.716475075e+01 -1.539524925e+01 -1.539524925e+01 -4.4359e+00 +2.2200e+00 +4.3855e+00 -4.9922e+00 +4.9221e+00
91 0 +1.293739963e+01 -1.962260037e+01 -1.962260037e+01 -1.6339e+00 -3.8456e-01 +1.4570e+00 +3.4548e+00 +4.1496e+00
144 0 +9.308021270e+00 -2.325197873e+01 -2.325197873e+01 -2.1927e-01 +3.2290e+00 -2.8290e-01 +4.2770e+00 -2.1163e+00
186 0 +7.440421772e+00 -2.511957823e+01 -2.511957823e+01 +3.4228e+00 +1.3481e+00 +3.0400e+00 +3.4288e+00 +4.6971e+00
286 0 +6.751998466e+00 -2.580800153e+01 -2.580800153e+01 +3.4228e+00 +1.3481e+00 +3.0400e+00 +3.4288e+00 +4.1935e+00
361 0 +3.087843100e+00 -2.947215690e+01 -2.947215690e+01 +3.4228e+00 +1.8626e+00 +3.8265e+00 +3.4288e+00 +4.1935e+00
886 0 +2.508248966e+00 -3.005175103e+01 -3.005175103e+01 +3.4228e+00 +1.8626e+00 +3.8265e+00 +4.0398e+00 +4.1935e+00
1286 0 +2.370089193e+00 -3.018991081e+01 -3.018991081e+01 +3.4228e+00 +1.8626e+00 +3.8265e+00 +4.0398e+00 +4.4983e+00
1331 0 +2.027361344e+00 -3.053263866e+01 -3.053263866e+01 +4.9879e+00 +2.3169e-01 +1.4394e-01 +2.4161e+00 -1.3665e+00
1493 0 +1.929151460e+00 -3.063084854e+01 -3.063084854e+01 +3.3321e-01 +1.6997e+00 -1.2282e+00 +1.9976e+00 -2.7485e+00
1618 0 +1.722231713e+00 -3.083776829e+01 -3.083776829e+01 +3.3321e-01 +1.6997e+00 -1.2282e+00 +1.9976e+00 -3.4508e+00
2231 0 +1.647549912e+00 -3.091245009e+01 -3.091245009e+01 +4.9879e+00 +4.9720e-01 -9.3661e-02 +2.4161e+00 -1.5508e+00
2518 0 +1.600107012e+00 -3.095989299e+01 -3.095989299e+01 +3.3321e-01 +1.7037e+00 -1.2985e+00 +1.9976e+00 -3.2803e+00
2631 0 +1.386950804e+00 -3.117304920e+01 -3.117304920e+01 +4.9879e+00 +4.9720e-01 -9.3661e-02 +2.2850e+00 -1.5508e+00
3131 0 +1.324545812e+00 -3.123545419e+01 -3.123545419e+01 +4.9879e+00 +4.9720e-01 -9.3661e-02 +2.2850e+00 -1.7851e+00
3281 0 +1.011773795e+00 -3.154822621e+01 -3.154822621e+01 +4.9879e+00 +4.9720e-01 -3.2905e-01 +2.2850e+00 -1.7851e+00
4831 0 +9.360831401e-01 -3.162391686e+01 -3.162391686e+01 +4.9879e+00 +5.4471e-01 -3.2905e-01 +2.2123e+00 -1.8757e+00
5156 0 +9.329601458e-01 -3.162703985e+01 -3.162703985e+01 +4.9486e+00 +5.4471e-01 -3.2905e-01 +2.1973e+00 -1.8757e+00
20025 0 +9.307517405e-01 -3.162924826e+01 -3.162924826e+01 +4.9434e+00 +5.7276e-01 -3.1924e-01 +2.1898e+00 -1.8785e+00
% f evaluations | g evaluations | best noise-free fitness - Fopt (5.154000000000e+02) + sum g_i+ | measured fitness | best measured fitness or single-digit g-values | x1 | x2...
1 0 +2.233216824e+01 +5.377321682e+02 +5.377321682e+02 +2.9654e+00 -3.1657e+00 +2.7969e+00 +9.6850e-01 -5.4167e-01
34 0 +7.860007665e+00 +5.232600077e+02 +5.232600077e+02 -1.5024e+00 +2.7668e+00 -3.4437e-01 -1.0894e+00 -3.1776e+00
113 0 +7.174949004e+00 +5.225749490e+02 +5.225749490e+02 +1.4029e+00 +1.3306e+00 +9.2649e-01 +2.4002e+00 +4.4879e-01
204 0 +2.170912436e+00 +5.175709124e+02 +5.175709124e+02 -2.3487e+00 +6.2794e-01 -2.7790e+00 +7.5992e-02 -1.6962e+00
429 0 +5.307040278e-01 +5.159307040e+02 +5.159307040e+02 -2.3487e+00 +2.7340e-02 -2.7790e+00 +7.5992e-02 -1.6962e+00
571 0 +5.049843652e-01 +5.159049844e+02 +5.159049844e+02 -2.2151e+00 +3.3208e-01 -2.5287e+00 -2.2305e-01 -1.8155e+00
704 0 +3.393055848e-01 +5.157393056e+02 +5.157393056e+02 -2.3487e+00 +2.7340e-02 -1.8753e+00 +7.5992e-02 -1.6962e+00
921 0 +2.129639699e-01 +5.156129640e+02 +5.156129640e+02 -2.8223e+00 +2.2166e-01 -2.5287e+00 -2.2305e-01 -2.0946e+00
1099 0 +1.929322698e-01 +5.155929323e+02 +5.155929323e+02 -2.7152e+00 -8.7553e-01 -2.2709e+00 +5.0463e-01 -2.1287e+00
1290 0 +1.710287714e-01 +5.155710288e+02 +5.155710288e+02 -3.0618e+00 -6.6229e-01 -1.9611e+00 +3.6368e-01 -1.7648e+00
1324 0 +1.063123452e-01 +5.155063123e+02 +5.155063123e+02 -3.6641e+00 -8.7553e-01 -2.2709e+00 +5.0463e-01 -2.1287e+00
1362 0 +2.110446619e-02 +5.154211045e+02 +5.154211045e+02 -3.9141e+00 -9.9332e-01 -2.5766e+00 +6.6127e-01 -2.7269e+00
1412 0 +1.775379087e-02 +5.154177538e+02 +5.154177538e+02 -3.9141e+00 -9.9332e-01 -2.5766e+00 +6.6127e-01 -2.5878e+00
1487 0 +1.433708437e-02 +5.154143371e+02 +5.154143371e+02 -3.9141e+00 -9.9332e-01 -2.5766e+00 +6.3253e-01 -2.5878e+00
1762 0 +3.744046589e-03 +5.154037440e+02 +5.154037440e+02 -3.7531e+00 -9.9332e-01 -2.5766e+00 +6.0999e-01 -2.5878e+00
1862 0 +3.707555421e-03 +5.154037076e+02 +5.154037076e+02 -3.7531e+00 -9.9332e-01 -2.5842e+00 +6.0999e-01 -2.5878e+00
1874 0 +3.127330313e-03 +5.154031273e+02 +5.154031273e+02 -3.7523e+00 -8.7553e-01 -2.5452e+00 +4.9404e-01 -2.5772e+00
1987 0 +2.557642568e-03 +5.154025576e+02 +5.154025576e+02 -3.7531e+00 -9.9332e-01 -2.5842e+00 +5.7777e-01 -2.5471e+00
2133 0 +1.040580208e-03 +5.154010406e+02 +5.154010406e+02 -3.7523e+00 -8.7553e-01 -2.6761e+00 +5.0914e-01 -2.4896e+00
2258 0 +2.656598812e-04 +5.154002657e+02 +5.154002657e+02 -3.6678e+00 -8.7553e-01 -2.6761e+00 +5.0914e-01 -2.4896e+00
2483 0 +2.553458111e-04 +5.154002553e+02 +5.154002553e+02 -3.6678e+00 -8.7553e-01 -2.6590e+00 +5.0914e-01 -2.4896e+00
3461 0 +2.453047183e-04 +5.154002453e+02 +5.154002453e+02 -3.2820e+00 -6.7347e-01 -2.4664e+00 +3.8472e-01 -2.2691e+00
3711 0 +2.344447551e-04 +5.154002344e+02 +5.154002344e+02 -3.2820e+00 -6.8355e-01 -2.4958e+00 +3.8472e-01 -2.2663e+00
3737 0 +1.351568463e-04 +5.154001352e+02 +5.154001352e+02 -3.6164e+00 -8.9209e-01 -2.6309e+00 +4.9960e-01 -2.4431e+00
3987 0 +1.268690540e-04 +5.154001269e+02 +5.154001269e+02 -3.6164e+00 -8.6645e-01 -2.6309e+00 +4.9960e-01 -2.4431e+00
4006 0 +1.210474627e-04 +5.154001210e+02 +5.154001210e+02 -3.3860e+00 -6.3429e-01 -2.6134e+00 +3.3050e-01 -2.3653e+00
4131 0 +8.363088534e-05 +5.154000836e+02 +5.154000836e+02 -3.3860e+00 -6.3429e-01 -2.6134e+00 +3.3820e-01 -2.3653e+00
4437 0 +6.470608480e-05 +5.154000647e+02 +5.154000647e+02 -3.5703e+00 -8.6645e-01 -2.6204e+00 +4.8089e-01 -2.4431e+00
4812 0 +5.185911346e-05 +5.154000519e+02 +5.154000519e+02 -3.5703e+00 -8.6036e-01 -2.6204e+00 +4.8089e-01 -2.4431e+00
4912 0 +2.764578255e-05 +5.154000276e+02 +5.154000276e+02 -3.5263e+00 -8.1356e-01 -2.6141e+00 +4.8089e-01 -2.4274e+00
4937 0 +1.160081888e-05 +5.154000116e+02 +5.154000116e+02 -3.5263e+00 -8.1356e-01 -2.6141e+00 +4.5090e-01 -2.4274e+00
5025 0 +9.165699680e-06 +5.154000092e+02 +5.154000092e+02 -3.4264e+00 -6.6878e-01 -2.5804e+00 +3.8966e-01 -2.4095e+00
5175 0 +5.808581363e-06 +5.154000058e+02 +5.154000058e+02 -3.4474e+00 -6.6878e-01 -2.5804e+00 +3.8966e-01 -2.4095e+00
5200 0 +5.077581022e-06 +5.154000051e+02 +5.154000051e+02 -3.4517e+00 -6.6878e-01 -2.5824e+00 +3.8966e-01 -2.4095e+00
5275 0 +3.348825317e-06 +5.154000033e+02 +5.154000033e+02 -3.4812e+00 -6.9458e-01 -2.5824e+00 +3.8966e-01 -2.4095e+00
5300 0 +2.715993674e-06 +5.154000027e+02 +5.154000027e+02 -3.4812e+00 -6.9458e-01 -2.5824e+00 +3.8966e-01 -2.4061e+00
5743 0 +1.580648245e-06 +5.154000016e+02 +5.154000016e+02 -3.4812e+00 -6.9458e-01 -2.6097e+00 +3.8966e-01 -2.4061e+00
6286 0 +5.982935818e-07 +5.154000006e+02 +5.154000006e+02 -3.4584e+00 -6.9582e-01 -2.5975e+00 +3.9008e-01 -2.3904e+00
6714 0 +4.138680652e-07 +5.154000004e+02 +5.154000004e+02 -3.4881e+00 -7.1325e-01 -2.6086e+00 +4.0037e-01 -2.4075e+00
6754 0 +4.050525604e-08 +5.154000000e+02 +5.154000000e+02 -3.4671e+00 -7.1804e-01 -2.5990e+00 +4.0839e-01 -2.4005e+00
7063 0 +6.206164471e-09 +5.154000000e+02 +5.154000000e+02 -3.4863e+00 -7.3685e-01 -2.5976e+00 +4.2010e-01 -2.3994e+00
7931 0 +3.410605132e-13 +5.154000000e+02 +5.154000000e+02 -3.4720e+00 -7.2832e-01 -2.5941e+00 +4.1553e-01 -2.3944e+00
8105 0 +0.000000000e+00 +5.154000000e+02 +5.154000000e+02 -3.4729e+00 -7.2880e-01 -2.5937e+00 +4.1569e-01 -2.3948e+00
8750 0 +0.000000000e+00 +5.154000000e+02 +5.154000000e+02 -3.4729e+00 -7.2880e-01 -2.5937e+00 +4.1569e-01 -2.3948e+00
% f evaluations | g evaluations | best noise-free fitness - Fopt (9.862300000000e+02) + sum g_i+ | measured fitness | best measured fitness or single-digit g-values | x1 | x2...
1 0 +5.812459959e+01 +1.044354600e+03 +1.044354600e+03 +2.9654e+00 -3.1657e+00 +2.7969e+00 +9.6850e-01 -5.4167e-01
7 0 +5.414856939e+01 +1.040378569e+03 +1.040378569e+03 +1.8031e+00 -4.9501e-01 -4.8674e+00 +4.4220e+00 +6.3288e-01
10 0 +3.995914877e+01 +1.026189149e+03 +1.026189149e+03 +2.5536e+00 -7.4844e-01 -2.9206e+00 +6.7700e-01 -4.6869e+00
21 0 +2.694192580e+01 +1.013171926e+03 +1.013171926e+03 +3.9576e+00 -2.4630e-01 +6.3276e-01 +1.9552e+00 -3.6067e+00
32 0 +2.666225624e+01 +1.012892256e+03 +1.012892256e+03 +9.9854e-01 -1.1597e+00 -4.7024e+00 +4.4220e+00 +6.3288e-01
51 0 +6.302980452e+00 +9.925329805e+02 +9.925329805e+02 +2.9654e+00 -1.6839e+00 +1.4464e+00 +3.3756e+00 +1.3350e-01
454 0 +2.660871673e+00 +9.888908717e+02 +9.888908717e+02 +3.1924e+00 -2.5931e+00 +2.7300e+00 +3.0219e+00 +6.7451e-01
1022 0 +2.377767670e+00 +9.886077677e+02 +9.886077677e+02 +3.3037e+00 -1.9240e+00 +2.8922e+00 +3.5264e+00 +2.3375e-01
1207 0 +2.327385804e+00 +9.885573858e+02 +9.885573858e+02 +3.6466e+00 -2.0853e+00 +3.0807e+00 +3.1852e+00 +4.1261e-01
1271 0 +2.179458106e+00 +9.884094581e+02 +9.884094581e+02 +3.4069e+00 -2.2355e+00 +2.8133e+00 +3.0354e+00 +5.9397e-01
1407 0 +2.090789366e+00 +9.883207894e+02 +9.883207894e+02 +3.6610e+00 -2.2317e+00 +2.2667e+00 +3.2311e+00 +4.1261e-01
1465 0 +2.068621461e+00 +9.882986215e+02 +9.882986215e+02 +3.5719e+00 -2.2766e+00 +2.1437e+00 +3.1556e+00 +4.6977e-01
12775 0 +2.043661109e+00 +9.882736611e+02 +9.882736611e+02 +3.3122e+00 -2.3820e+00 +1.9305e+00 +2.9255e+00 +6.4064e-01
% f evaluations | g evaluations | best noise-free fitness - Fopt (1.240800000000e+02) + sum g_i+ | measured fitness | best measured fitness or single-digit g-values | x1 | x2...
1 0 +3.129402864e+01 +1.553740286e+02 +1.553740286e+02 +2.9654e+00 -3.1657e+00 +2.7969e+00 +9.6850e-01 -5.4167e-01
2 0 +1.888087565e+01 +1.429608757e+02 +1.429608757e+02 -4.0003e+00 -4.0751e-01 -1.6629e+00 -3.5713e+00 +1.5089e+00
23 0 +1.399108348e+01 +1.380710835e+02 +1.380710835e+02 +1.9478e+00 +3.8047e+00 +1.2435e+00 -2.0437e+00 -3.9451e+00
76 0 +7.351924560e+00 +1.314319246e+02 +1.314319246e+02 -1.3405e+00 -3.3570e+00 -5.9895e-01 +9.6850e-01 +8.8747e-01
151 0 +3.598992678e+00 +1.276789927e+02 +1.276789927e+02 -1.3405e+00 -2.7670e+00 -5.9895e-01 +9.6850e-01 +4.0870e-01
366 0 +1.780637002e+00 +1.258606370e+02 +1.258606370e+02 -2.8515e+00 -4.2644e-01 -5.2882e-01 -5.9132e-02 -2.8452e+00
430 0 +3.776699227e-01 +1.244576699e+02 +1.244576699e+02 -2.9093e+00 -6.2371e-01 +3.1223e-02 -3.7870e-01 -3.0728e+00
705 0 +1.267485865e-01 +1.242067486e+02 +1.242067486e+02 -4.0825e+00 -6.2371e-01 +1.1041e-01 -3.7870e-01 -3.0925e+00
1180 0 +1.107069712e-01 +1.241907070e+02 +1.241907070e+02 -4.0825e+00 -5.6318e-01 +1.1041e-01 -3.7870e-01 -3.0925e+00
1205 0 +9.631808352e-02 +1.241763181e+02 +1.241763181e+02 -4.0825e+00 -5.6318e-01 +1.1041e-01 +8.3438e-03 -3.0925e+00
1289 0 +9.022287303e-02 +1.241702229e+02 +1.241702229e+02 -2.9963e+00 -4.9553e-01 -4.8013e-01 -1.7529e-01 -3.1677e+00
1364 0 +6.206621331e-02 +1.241420662e+02 +1.241420662e+02 -2.9963e+00 -4.9553e-01 -5.1015e-02 -2.9575e-01 -3.1677e+00
1514 0 +1.414921686e-02 +1.240941492e+02 +1.240941492e+02 -3.6582e+00 -4.9553e-01 -5.1015e-02 -2.9575e-01 -3.1677e+00
2739 0 +1.355459379e-02 +1.240935546e+02 +1.240935546e+02 -3.6582e+00 -4.9553e-01 -1.7023e-01 -2.9575e-01 -3.1677e+00
2880 0 +9.695389659e-03 +1.240896954e+02 +1.240896954e+02 -4.0174e+00 -5.3409e-01 -1.8606e-01 -1.5385e-02 -3.2175e+00
3105 0 +8.717501963e-03 +1.240887175e+02 +1.240887175e+02 -3.9853e+00 -5.3409e-01 -1.8606e-01 -1.5385e-02 -3.2175e+00
3154 0 +6.343918691e-03 +1.240863439e+02 +1.240863439e+02 -3.6338e+00 -4.5583e-01 -3.4853e-01 -1.5372e-01 -3.1961e+00
3179 0 +3.795965571e-03 +1.240837960e+02 +1.240837960e+02 -3.6338e+00 -4.5583e-01 -2.2887e-01 -1.5372e-01 -3.1961e+00
3366 0 +3.523466618e-03 +1.240835235e+02 +1.240835235e+02 -3.2850e+00 -6.2652e-01 -2.0527e-01 -5.9192e-01 -3.3378e+00
3441 0 +3.317687187e-03 +1.240833177e+02 +1.240833177e+02 -3.5370e+00 -6.2652e-01 -2.0527e-01 -5.9192e-01 -3.3378e+00
3610 0 +2.990890027e-03 +1.240829909e+02 +1.240829909e+02 -3.7120e+00 -4.6050e-01 -1.1847e-01 -1.5500e-01 -3.2574e+00
3904 0 +1.514423952e-03 +1.240815144e+02 +1.240815144e+02 -3.7208e+00 -4.5583e-01 -2.2887e-01 -1.4094e-01 -3.3118e+00
3912 0 +1.235807327e-03 +1.240812358e+02 +1.240812358e+02 -3.8484e+00 -5.9782e-01 -1.6477e-01 -2.2254e-01 -3.3472e+00
4012 0 +7.360531040e-04 +1.240807361e+02 +1.240807361e+02 -3.8378e+00 -5.9782e-01 -1.6090e-01 -3.2632e-01 -3.3516e+00
4087 0 +3.101403171e-04 +1.240803101e+02 +1.240803101e+02 -3.6870e+00 -5.9782e-01 -1.5808e-01 -3.2632e-01 -3.3852e+00
4162 0 +2.685646615e-04 +1.240802686e+02 +1.240802686e+02 -3.6870e+00 -5.9782e-01 -1.6934e-01 -3.2632e-01 -3.3852e+00
4462 0 +1.998038420e-04 +1.240801998e+02 +1.240801998e+02 -3.6870e+00 -5.9782e-01 -1.6934e-01 -3.2632e-01 -3.3751e+00
4762 0 +8.529478258e-05 +1.240800853e+02 +1.240800853e+02 -3.4950e+00 -5.0805e-01 -2.1937e-01 -3.2632e-01 -3.3488e+00
4980 0 +3.784965456e-05 +1.240800378e+02 +1.240800378e+02 -3.5584e+00 -5.1684e-01 -2.6560e-01 -3.0690e-01 -3.3433e+00
5237 0 +2.963113435e-05 +1.240800296e+02 +1.240800296e+02 -3.4950e+00 -5.3550e-01 -2.1937e-01 -4.2397e-01 -3.3488e+00
5537 0 +2.868877279e-05 +1.240800287e+02 +1.240800287e+02 -3.4950e+00 -5.3550e-01 -2.1937e-01 -4.2397e-01 -3.3504e+00
5712 0 +2.811850352e-05 +1.240800281e+02 +1.240800281e+02 -3.4950e+00 -5.3550e-01 -1.8834e-01 -4.2397e-01 -3.3504e+00
6691 0 +2.293163891e-05 +1.240800229e+02 +1.240800229e+02 -3.6107e+00 -5.8091e-01 -1.8674e-01 -4.3097e-01 -3.3745e+00
6729 0 +2.090167024e-05 +1.240800209e+02 +1.240800209e+02 -3.5778e+00 -5.3583e-01 -2.3916e-01 -3.1980e-01 -3.3226e+00
7035 0 +1.990200391e-05 +1.240800199e+02 +1.240800199e+02 -3.5135e+00 -5.5100e-01 -2.1082e-01 -3.1159e-01 -3.3285e+00
7160 0 +1.713036642e-05 +1.240800171e+02 +1.240800171e+02 -3.5135e+00 -5.5100e-01 -2.1615e-01 -3.1314e-01 -3.3285e+00
7254 0 +1.681664942e-05 +1.240800168e+02 +1.240800168e+02 -3.5778e+00 -5.3583e-01 -2.2987e-01 -3.1980e-01 -3.3226e+00
7380 0 +7.714168220e-06 +1.240800077e+02 +1.240800077e+02 -3.5584e+00 -5.3593e-01 -2.4931e-01 -3.1437e-01 -3.3408e+00
7889 0 +6.038678180e-06 +1.240800060e+02 +1.240800060e+02 -3.4784e+00 -5.8231e-01 -2.2269e-01 -4.0701e-01 -3.3536e+00
8114 0 +5.537241037e-06 +1.240800055e+02 +1.240800055e+02 -3.4784e+00 -5.8231e-01 -1.7713e-01 -4.0701e-01 -3.3536e+00
8269 0 +5.353504633e-06 +1.240800054e+02 +1.240800054e+02 -3.5440e+00 -5.5407e-01 -2.0345e-01 -3.5834e-01 -3.3317e+00
8435 0 +1.348470690e-06 +1.240800013e+02 +1.240800013e+02 -3.5597e+00 -5.5100e-01 -2.2026e-01 -3.4588e-01 -3.3414e+00
9110 0 +1.114770683e-06 +1.240800011e+02 +1.240800011e+02 -3.5597e+00 -5.5100e-01 -2.2026e-01 -3.4588e-01 -3.3432e+00
9410 0 +2.454212051e-07 +1.240800002e+02 +1.240800002e+02 -3.5597e+00 -5.5922e-01 -2.2026e-01 -3.6614e-01 -3.3513e+00
9710 0 +2.194558562e-07 +1.240800002e+02 +1.240800002e+02 -3.5597e+00 -5.5922e-01 -2.1820e-01 -3.6614e-01 -3.3513e+00
9887 0 +3.859307185e-08 +1.240800000e+02 +1.240800000e+02 -3.5088e+00 -5.7323e-01 -2.0546e-01 -4.0384e-01 -3.3620e+00
10162 0 +1.149898310e-08 +1.240800000e+02 +1.240800000e+02 -3.5174e+00 -5.7323e-01 -2.0587e-01 -3.9685e-01 -3.3602e+00
12191 0 +3.631271284e-09 +1.240800000e+02 +1.240800000e+02 -3.5230e+00 -5.7130e-01 -2.0659e-01 -3.9492e-01 -3.3604e+00
13028 0 +5.400124792e-13 +1.240800000e+02 +1.240800000e+02 -3.5236e+00 -5.7009e-01 -2.1079e-01 -3.8478e-01 -3.3603e+00
13534 0 +0.000000000e+00 +1.240800000e+02 +1.240800000e+02 -3.5231e+00 -5.6987e-01 -2.1081e-01 -3.8528e-01 -3.3605e+00
13950 0 +0.000000000e+00 +1.240800000e+02 +1.240800000e+02 -3.5231e+00 -5.6987e-01 -2.1081e-01 -3.8528e-01 -3.3605e+00
% f evaluations | g evaluations | best noise-free fitness - Fopt (-4.683100000000e+02) + sum g_i+ | measured fitness | best measured fitness or single-digit g-values | x1 | x2...
1 0 +2.940200062e+01 -4.389079994e+02 -4.389079994e+02 +2.9654e+00 -3.1657e+00 +2.7969e+00 +9.6850e-01 -5.4167e-01
32 0 +1.752773001e+01 -4.507822700e+02 -4.507822700e+02 -3.7644e+00 -9.1193e-01 -3.8531e+00 +4.4220e+00 +6.3288e-01
115 0 +1.720306983e+01 -4.511069302e+02 -4.511069302e+02 -4.0196e+00 +5.1279e-01 -3.6707e+00 +1.9385e+00 +1.0785e+00
138 0 +6.183033495e+00 -4.621269665e+02 -4.621269665e+02 -3.8382e+00 +3.1841e-01 +1.5687e+00 -3.2354e+00 +2.3976e+00
359 0 +5.473899554e+00 -4.628361004e+02 -4.628361004e+02 -4.2474e-02 -7.0884e-01 -2.7693e+00 +1.9332e+00 -1.2629e+00
387 0 +5.341921116e+00 -4.629680789e+02 -4.629680789e+02 -3.7694e+00 +7.0444e-01 +3.5789e-01 -3.8929e+00 +1.8307e+00
480 0 +4.883220921e+00 -4.634267791e+02 -4.634267791e+02 -3.7648e+00 +2.5922e-01 +1.6352e+00 -3.8894e+00 +1.4764e+00
513 0 +4.076922349e+00 -4.642330777e+02 -4.642330777e+02 -3.8382e+00 +2.8171e-01 +1.6100e+00 -3.6408e+00 +1.8265e+00
533 0 +3.902667686e+00 -4.644073323e+02 -4.644073323e+02 -3.2927e+00 +1.3523e-01 +1.2934e+00 -3.2813e+00 +1.6274e+00
558 0 +2.752399468e+00 -4.655576005e+02 -4.655576005e+02 -3.6510e+00 +9.1971e-02 +1.2934e+00 -4.2250e+00 +1.6274e+00
567 0 +2.084865703e+00 -4.662251343e+02 -4.662251343e+02 -2.6094e+00 +3.6078e-01 +2.1916e+00 -4.0640e+00 +1.5651e+00
608 0 +3.985577188e-01 -4.679114423e+02 -4.679114423e+02 -3.0264e+00 +8.0181e-01 +1.2934e+00 -3.9721e+00 +1.3181e+00
627 0 +6.841589539e-02 -4.682415841e+02 -4.682415841e+02 -2.7761e+00 +1.3655e+00 +2.9421e+00 -3.3457e+00 +2.8065e+00
858 0 +4.518987038e-02 -4.682648101e+02 -4.682648101e+02 -3.1166e+00 +9.5641e-01 +1.5739e+00 -3.7801e+00 +1.8848e+00
958 0 +4.301474928e-02 -4.682669853e+02 -4.682669853e+02 -3.1166e+00 +8.7440e-01 +1.6106e+00 -3.8353e+00 +1.8848e+00
963 0 +3.107517849e-02 -4.682789248e+02 -4.682789248e+02 -3.1464e+00 +7.4715e-01 +2.0540e+00 -3.7062e+00 +2.3986e+00
1194 0 +2.111648431e-02 -4.682888835e+02 -4.682888835e+02 -3.0037e+00 +7.7793e-01 +2.4022e+00 -3.5791e+00 +2.8638e+00
1324 0 +1.501466524e-02 -4.682949853e+02 -4.682949853e+02 -3.0517e+00 +9.6125e-01 +2.2690e+00 -3.3883e+00 +2.7437e+00
1330 0 +9.436721649e-05 -4.683099056e+02 -4.683099056e+02 -2.8820e+00 +1.1249e+00 +2.2106e+00 -3.5555e+00 +2.3732e+00
1939 0 +5.388568377e-05 -4.683099461e+02 -4.683099461e+02 -2.8818e+00 +1.0508e+00 +2.1794e+00 -3.6248e+00 +2.3792e+00
2096 0 +2.830294619e-05 -4.683099717e+02 -4.683099717e+02 -2.9446e+00 +1.0629e+00 +2.2427e+00 -3.5523e+00 +2.4489e+00
2139 0 +1.763432675e-05 -4.683099824e+02 -4.683099824e+02 -2.9136e+00 +1.0569e+00 +2.2115e+00 -3.5881e+00 +2.4146e+00
2152 0 +6.891684905e-06 -4.683099931e+02 -4.683099931e+02 -2.9340e+00 +1.0921e+00 +2.2484e+00 -3.5561e+00 +2.3931e+00
2229 0 +2.686588005e-06 -4.683099973e+02 -4.683099973e+02 -2.8781e+00 +1.0265e+00 +2.2675e+00 -3.5608e+00 +2.4309e+00
2293 0 +1.763520515e-06 -4.683099982e+02 -4.683099982e+02 -2.9169e+00 +1.0639e+00 +2.2396e+00 -3.5633e+00 +2.3822e+00
2357 0 +4.458960348e-07 -4.683099996e+02 -4.683099996e+02 -2.8845e+00 +1.0293e+00 +2.2463e+00 -3.5896e+00 +2.4278e+00
2469 0 +4.016604862e-07 -4.683099996e+02 -4.683099996e+02 -2.8910e+00 +1.0241e+00 +2.2455e+00 -3.5889e+00 +2.4130e+00
2489 0 +4.074934168e-09 -4.683100000e+02 -4.683100000e+02 -2.8858e+00 +1.0457e+00 +2.2552e+00 -3.5774e+00 +2.4204e+00
3040 0 +5.684341886e-13 -4.683100000e+02 -4.683100000e+02 -2.8867e+00 +1.0476e+00 +2.2617e+00 -3.5716e+00 +2.4220e+00
3425 0 +0.000000000e+00 -4.683100000e+02 -4.683100000e+02 -2.8866e+00 +1.0481e+00 +2.2616e+00 -3.5718e+00 +2.4210e+00
4225 0 +0.000000000e+00 -4.683100000e+02 -4.683100000e+02 -2.8866e+00 +1.0481e+00 +2.2616e+00 -3.5718e+00 +2.4210e+00
% f evaluations | g evaluations | best noise-free fitness - Fopt (-6.062000000000e+01) + sum g_i+ | measured fitness | best measured fitness or single-digit g-values | x1 | x2...
1 0 +5.639900582e+01 -4.220994177e+00 -4.220994177e+00 +2.9654e+00 -3.1657e+00 +2.7969e+00 +9.6850e-01 -5.4167e-01
9 0 +3.630907277e+01 -2.431092723e+01 -2.431092723e+01 +1.1000e+00 +3.3319e+00 -3.2664e+00 -1.0894e+00 -3.1776e+00
18 0 +2.968306354e+01 -3.093693646e+01 -3.093693646e+01 +1.6592e+00 +9.1298e-01 -2.2528e+00 +6.1243e-01 -1.1707e+00
59 0 +1.634795320e+01 -4.427204680e+01 -4.427204680e+01 +1.1052e-01 +3.1497e+00 -1.5100e+00 -1.0894e+00 -6.5953e-01
120 0 +1.554682111e+01 -4.507317889e+01 -4.507317889e+01 -2.0388e+00 +6.6477e-01 -4.3805e+00 -1.5724e+00 +2.6959e-01
140 0 +1.528293782e+01 -4.533706218e+01 -4.533706218e+01 -1.0512e+00 -3.9799e-01 -2.0306e+00 +3.6146e+00 +5.7205e-01
172 0 +5.056672440e+00 -5.556332756e+01 -5.556332756e+01 +1.0779e+00 +5.6513e-01 -2.9694e+00 +3.1179e+00 -1.8027e+00
548 0 +3.269370247e+00 -5.735062975e+01 -5.735062975e+01 -6.0315e-01 +2.5115e+00 -2.8680e+00 +5.3535e-01 -6.9026e-01
751 0 +3.039992897e+00 -5.758000710e+01 -5.758000710e+01 -1.0210e+00 +1.6598e+00 -3.1764e+00 -6.2993e-02 -5.0516e-01
752 0 +2.796104619e+00 -5.782389538e+01 -5.782389538e+01 -7.7506e-02 +1.4928e+00 -3.7171e+00 -3.8839e-01 -5.4419e-01
859 0 +2.263244223e+00 -5.835675578e+01 -5.835675578e+01 -7.0241e-01 +1.6954e+00 -3.1888e+00 -6.2710e-01 -1.8939e-01
1037 0 +2.053157152e+00 -5.856684285e+01 -5.856684285e+01 -7.6127e-01 +1.8001e+00 -2.6818e+00 -3.9452e-01 -4.7089e-01
1115 0 +2.031846980e+00 -5.858815302e+01 -5.858815302e+01 -2.6800e-01 +2.2906e+00 -2.6435e+00 -9.5665e-02 -3.9454e-01
1324 0 +1.989668197e+00 -5.863033180e+01 -5.863033180e+01 -3.1452e-01 +1.8317e+00 -2.8978e+00 -1.6813e-01 -6.8743e-01
1340 0 +1.908545785e+00 -5.871145422e+01 -5.871145422e+01 -6.2715e-01 +2.2906e+00 -2.6907e+00 -2.1469e-01 -4.3933e-01
1453 0 +1.822739286e+00 -5.879726071e+01 -5.879726071e+01 -5.5478e-01 +2.1360e+00 -2.7078e+00 -3.0253e-01 -5.5462e-01
1561 0 +1.815042528e+00 -5.880495747e+01 -5.880495747e+01 -5.5047e-01 +2.1465e+00 -2.6058e+00 -2.3859e-01 -6.3008e-01
6650 0 +1.803019378e+00 -5.881698062e+01 -5.881698062e+01 -5.6709e-01 +2.1796e+00 -2.6479e+00 -2.5357e-01 -6.1838e-01
% f evaluations | g evaluations | best noise-free fitness - Fopt (2.864600000000e+02) + sum g_i+ | measured fitness | best measured fitness or single-digit g-values | x1 | x2...
1 0 +7.120051658e+01 +3.576605166e+02 +3.576605166e+02 +2.9654e+00 -3.1657e+00 +2.7969e+00 +9.6850e-01 -5.4167e-01
2 0 +6.618878862e+01 +3.526487886e+02 +3.526487886e+02 -4.0003e+00 -4.0751e-01 -1.6629e+00 -3.5713e+00 +1.5089e+00
4 0 +6.417893834e+01 +3.506389383e+02 +3.506389383e+02 +1.1748e+00 +1.1165e+00 -4.9293e+00 -4.7694e+00 +2.4775e-01
8 0 +6.171577312e+01 +3.481757731e+02 +3.481757731e+02 -1.1458e+00 -4.8403e+00 -2.6911e+00 -2.5897e+00 +1.8326e+00
9 0 +2.818224257e+01 +3.146422426e+02 +3.146422426e+02 +1.1000e+00 +3.3319e+00 -3.2664e+00 -1.0894e+00 -3.1776e+00
16 0 +9.746956362e+00 +2.962069564e+02 +2.962069564e+02 +2.9018e+00 +1.0596e+00 +4.2630e+00 +1.5108e+00 +4.1496e+00
123 0 +8.880759953e+00 +2.953407600e+02 +2.953407600e+02 +1.2386e+00 +6.6720e-01 -2.4034e+00 -1.1512e+00 -2.2274e+00
223 0 +8.631575427e+00 +2.950915754e+02 +2.950915754e+02 +6.9007e-01 +6.6761e-01 -2.4491e+00 -1.1512e+00 -2.5273e+00
341 0 +8.048930742e+00 +2.945089307e+02 +2.945089307e+02 +2.9018e+00 +5.8887e-01 +4.2466e+00 +1.8802e+00 +4.1496e+00
414 0 +6.196540145e+00 +2.926565401e+02 +2.926565401e+02 -1.6426e+00 -1.3971e+00 -4.6562e+00 -4.2485e+00 +4.1359e+00
470 0 +5.950538201e+00 +2.924105382e+02 +2.924105382e+02 +9.5353e-01 +4.0113e-01 -3.0493e+00 +4.9373e-01 -2.7016e+00
545 0 +2.303063123e+00 +2.887630631e+02 +2.887630631e+02 +9.5353e-01 +4.0113e-01 -4.6247e+00 +4.9373e-01 -2.7016e+00
645 0 +2.010852626e+00 +2.884708526e+02 +2.884708526e+02 +5.6596e-01 +4.0113e-01 -4.0506e+00 +4.9373e-01 -2.7016e+00
939 0 +1.808450182e+00 +2.882684502e+02 +2.882684502e+02 -2.1442e+00 -1.3971e+00 -4.9748e+00 -4.9914e+00 +3.9122e+00
1139 0 +1.695606225e+00 +2.881556062e+02 +2.881556062e+02 -2.1442e+00 -1.3971e+00 -4.7787e+00 -4.9914e+00 +3.9122e+00
1439 0 +1.613079504e+00 +2.880730795e+02 +2.880730795e+02 -2.1549e+00 -1.6204e+00 -4.7787e+00 -4.8738e+00 +3.8335e+00
1620 0 +1.510628522e+00 +2.879706285e+02 +2.879706285e+02 +7.7507e-01 +4.7281e-01 -3.8331e+00 +1.7724e-01 -2.7016e+00
2026 0 +1.168595340e+00 +2.876285953e+02 +2.876285953e+02 +9.6199e-01 +2.2634e-01 -3.8485e+00 +3.9714e-01 -1.9593e+00
2035 0 +8.176044402e-01 +2.872776044e+02 +2.872776044e+02 +9.9373e-01 +1.3650e-02 -4.0002e+00 +2.0655e-01 -2.2269e+00
2185 0 +8.081226938e-01 +2.872681227e+02 +2.872681227e+02 +1.0352e+00 +1.3650e-02 -4.0002e+00 +2.0655e-01 -2.2269e+00
2410 0 +7.843811112e-01 +2.872443811e+02 +2.872443811e+02 +1.0352e+00 +1.3650e-02 -3.9680e+00 +2.0655e-01 -2.2269e+00
2772 0 +5.534989638e-01 +2.870134990e+02 +2.870134990e+02 -2.6236e+00 +6.9858e-01 -3.4690e+00 +3.3535e+00 -6.3830e-01
2797 0 +5.187781376e-01 +2.869787781e+02 +2.869787781e+02 -2.6236e+00 +5.6688e-01 -3.4690e+00 +3.3535e+00 -6.3830e-01
2947 0 +4.953666405e-01 +2.869553666e+02 +2.869553666e+02 -2.6236e+00 +5.6688e-01 -3.1786e+00 +3.3535e+00 -6.3830e-01
3497 0 +3.849223558e-01 +2.868449224e+02 +2.868449224e+02 -2.6236e+00 +5.6688e-01 -3.2598e+00 +3.1318e+00 -7.8872e-01
3622 0 +3.584926718e-01 +2.868184927e+02 +2.868184927e+02 -2.6236e+00 +5.2384e-01 -3.2598e+00 +3.1922e+00 -7.8872e-01
3722 0 +3.316945707e-01 +2.867916946e+02 +2.867916946e+02 -2.5953e+00 +5.0375e-01 -3.1266e+00 +3.2238e+00 -7.8872e-01
3772 0 +3.236590756e-01 +2.867836591e+02 +2.867836591e+02 -2.5953e+00 +5.0375e-01 -3.1266e+00 +3.1694e+00 -7.8872e-01
4047 0 +3.232745302e-01 +2.867832745e+02 +2.867832745e+02 -2.5953e+00 +5.0375e-01 -3.1266e+00 +3.1816e+00 -7.8872e-01
4272 0 +2.977962610e-01 +2.867577963e+02 +2.867577963e+02 -2.5953e+00 +6.6829e-01 -3.0674e+00 +3.1816e+00 -7.8872e-01
4322 0 +2.690237007e-01 +2.867290237e+02 +2.867290237e+02 -2.5953e+00 +6.6829e-01 -3.0674e+00 +3.1816e+00 -8.7883e-01
5672 0 +1.633840675e-01 +2.866233841e+02 +2.866233841e+02 -2.7925e+00 +6.6829e-01 -3.0425e+00 +3.1808e+00 -8.7355e-01
5722 0 +1.493823732e-01 +2.866093824e+02 +2.866093824e+02 -2.8130e+00 +6.6829e-01 -3.0425e+00 +3.1808e+00 -8.9998e-01
5797 0 +1.434270008e-01 +2.866034270e+02 +2.866034270e+02 -2.8130e+00 +6.4661e-01 -3.0425e+00 +3.2166e+00 -9.2715e-01
6097 0 +1.344955698e-01 +2.865944956e+02 +2.865944956e+02 -2.8130e+00 +6.4661e-01 -3.0425e+00 +3.0745e+00 -9.2715e-01
6222 0 +1.247909157e-01 +2.865847909e+02 +2.865847909e+02 -2.8130e+00 +6.4661e-01 -3.0425e+00 +3.0745e+00 -1.0340e+00
6272 0 +1.226515354e-01 +2.865826515e+02 +2.865826515e+02 -2.8099e+00 +6.4661e-01 -3.0425e+00 +3.0948e+00 -1.0340e+00
6347 0 +1.066926143e-01 +2.865666926e+02 +2.865666926e+02 -3.0705e+00 +5.2456e-01 -3.0425e+00 +3.0948e+00 -1.0340e+00
6522 0 +9.431024018e-02 +2.865543102e+02 +2.865543102e+02 -3.0234e+00 +4.7658e-01 -3.0425e+00 +3.0948e+00 -1.0340e+00
6547 0 +9.306395292e-02 +2.865530640e+02 +2.865530640e+02 -3.0234e+00 +4.7658e-01 -3.0425e+00 +3.1133e+00 -1.0340e+00
6622 0 +8.429499274e-02 +2.865442950e+02 +2.865442950e+02 -3.0234e+00 +4.8936e-01 -3.1366e+00 +3.1133e+00 -1.0340e+00
7143 0 +1.426743811e-02 +2.864742674e+02 +2.864742674e+02 -4.1259e+00 +2.2740e-01 -3.6940e+00 +3.7651e+00 -2.2520e+00
8593 0 +1.203173388e-02 +2.864720317e+02 +2.864720317e+02 -4.0976e+00 +2.2740e-01 -3.6940e+00 +3.7339e+00 -2.2239e+00
8743 0 +1.152671103e-02 +2.864715267e+02 +2.864715267e+02 -4.0896e+00 +2.2740e-01 -3.6886e+00 +3.7339e+00 -2.2239e+00
8793 0 +9.696841875e-03 +2.864696968e+02 +2.864696968e+02 -4.0777e+00 +2.3294e-01 -3.6787e+00 +3.7234e+00 -2.2239e+00
8943 0 +4.961669512e-03 +2.864649617e+02 +2.864649617e+02 -4.0102e+00 +1.8470e-01 -3.6153e+00 +3.6927e+00 -2.1860e+00
8968 0 +4.683432919e-03 +2.864646834e+02 +2.864646834e+02 -4.0102e+00 +1.9351e-01 -3.6153e+00 +3.6927e+00 -2.1860e+00
9693 0 +4.050193605e-03 +2.864640502e+02 +2.864640502e+02 -4.0102e+00 +2.2746e-01 -3.6153e+00 +3.6927e+00 -2.1860e+00
9868 0 +3.909459026e-03 +2.864639095e+02 +2.864639095e+02 -4.0102e+00 +2.4361e-01 -3.6153e+00 +3.6927e+00 -2.1860e+00
10043 0 +3.694130876e-03 +2.864636941e+02 +2.864636941e+02 -4.0102e+00 +2.4361e-01 -3.5878e+00 +3.6927e+00 -2.1530e+00
10643 0 +3.473137240e-03 +2.864634731e+02 +2.864634731e+02 -3.9595e+00 +2.4361e-01 -3.5829e+00 +3.6585e+00 -2.1530e+00
10693 0 +2.771297367e-03 +2.864627713e+02 +2.864627713e+02 -3.9140e+00 +2.5419e-01 -3.5598e+00 +3.6585e+00 -2.1045e+00
10768 0 +2.414908005e-03 +2.864624149e+02 +2.864624149e+02 -3.9654e+00 +3.0987e-01 -3.5598e+00 +3.6585e+00 -2.1045e+00
10953 0 +2.154387109e-03 +2.864621544e+02 +2.864621544e+02 -3.4222e+00 +5.6193e-01 -3.2269e+00 +3.3472e+00 -1.6467e+00
11403 0 +1.806830708e-03 +2.864618068e+02 +2.864618068e+02 -3.4309e+00 +5.4955e-01 -3.2323e+00 +3.3694e+00 -1.6547e+00
11484 0 +8.935416259e-04 +2.864608935e+02 +2.864608935e+02 -3.4961e+00 +4.9618e-01 -3.2546e+00 +3.3824e+00 -1.6735e+00
11671 0 +8.415738820e-04 +2.864608416e+02 +2.864608416e+02 -3.8327e+00 +3.8824e-01 -3.4743e+00 +3.6196e+00 -2.0447e+00
11690 0 +2.000261106e-04 +2.864602000e+02 +2.864602000e+02 -3.7808e+00 +3.8156e-01 -3.4875e+00 +3.5626e+00 -1.9824e+00
11830 0 +1.467440124e-04 +2.864601467e+02 +2.864601467e+02 -3.5778e+00 +4.3593e-01 -3.3428e+00 +3.4458e+00 -1.7547e+00
11860 0 +1.292808692e-04 +2.864601293e+02 +2.864601293e+02 -3.6182e+00 +4.1631e-01 -3.3103e+00 +3.4300e+00 -1.7702e+00
11895 0 +1.283732658e-04 +2.864601284e+02 +2.864601284e+02 -3.8348e+00 +4.4172e-01 -3.4267e+00 +3.5258e+00 -1.9924e+00
11910 0 +2.583538446e-06 +2.864600026e+02 +2.864600026e+02 -3.6902e+00 +4.1198e-01 -3.3603e+00 +3.4609e+00 -1.8660e+00
12205 0 +9.624124573e-07 +2.864600010e+02 +2.864600010e+02 -3.7306e+00 +4.2850e-01 -3.3680e+00 +3.4455e+00 -1.8997e+00
12348 0 +2.202603469e-07 +2.864600002e+02 +2.864600002e+02 -3.7538e+00 +3.8637e-01 -3.3977e+00 +3.4739e+00 -1.9089e+00
12487 0 +9.254563338e-09 +2.864600000e+02 +2.864600000e+02 -3.7413e+00 +4.0760e-01 -3.3960e+00 +3.4677e+00 -1.9157e+00
13561 0 +2.842170943e-13 +2.864600000e+02 +2.864600000e+02 -3.7378e+00 +4.0188e-01 -3.3889e+00 +3.4658e+00 -1.9093e+00
13589 0 +0.000000000e+00 +2.864600000e+02 +2.864600000e+02 -3.7379e+00 +4.0258e-01 -3.3891e+00 +3.4658e+00 -1.9100e+00
14575 0 +0.000000000e+00 +2.864600000e+02 +2.864600000e+02 -3.7379e+00 +4.0258e-01 -3.3891e+00 +3.4658e+00 -1.9100e+00
% f evaluations | g evaluations | best noise-free fitness - Fopt (1.134200000000e+02) + sum g_i+ | measured fitness | best measured fitness or single-digit g-values | x1 | x2...
1 0 +6.553465680e+01 +1.789546568e+02 +1.789546568e+02 +2.9654e+00 -3.1657e+00 +2.7969e+00 +9.6850e-01 -5.4167e-01
2 0 +4.727974449e+01 +1.606997445e+02 +1.606997445e+02 -4.0003e+00 -4.0751e-01 -1.6629e+00 -3.5713e+00 +1.5089e+00
11 0 +2.124209531e+01 +1.346620953e+02 +1.346620953e+02 +3.4228e+00 -5.0246e-01 -1.0485e+00 +4.2666e+00 +2.2727e+00
24 0 +1.802867581e+01 +1.314486758e+02 +1.314486758e+02 -4.3465e-01 -2.8156e+00 -8.3490e-01 +3.8328e+00 -1.7565e+00
54 0 +2.379888531e+00 +1.157998885e+02 +1.157998885e+02 -2.7144e+00 -5.1913e-01 -3.7336e+00 -3.7962e+00 +2.2725e+00
404 0 +2.051553541e+00 +1.154715535e+02 +1.154715535e+02 -1.6118e+00 -5.1913e-01 -4.2554e+00 -4.5436e+00 +2.9054e+00
454 0 +1.918250673e+00 +1.153382507e+02 +1.153382507e+02 -1.6118e+00 -1.7910e-01 -4.2554e+00 -4.5436e+00 +2.9054e+00
466 0 +1.809934206e+00 +1.152299342e+02 +1.152299342e+02 -2.0558e+00 +4.3162e-03 -3.8454e+00 -4.3367e+00 +3.7427e+00
500 0 +1.775368914e+00 +1.151953689e+02 +1.151953689e+02 -1.9813e+00 -1.4005e+00 -3.1014e+00 -3.9602e+00 +4.4556e+00
579 0 +1.786766003e-01 +1.135986766e+02 +1.135986766e+02 -1.6118e+00 -1.7910e-01 -4.2554e+00 -4.1969e+00 +2.9054e+00
742 0 +1.597215468e-01 +1.135797215e+02 +1.135797215e+02 -1.8904e+00 -1.1035e+00 -2.9436e+00 -3.3555e+00 +3.9721e+00
807 0 +1.279244709e-01 +1.135479245e+02 +1.135479245e+02 -2.0820e+00 -2.3697e-01 -3.3910e+00 -3.7391e+00 +3.4906e+00
825 0 +1.254110363e-01 +1.135454110e+02 +1.135454110e+02 -1.6007e+00 +1.2225e-02 -3.6120e+00 -3.8546e+00 +3.4243e+00
965 0 +2.440435736e-04 +1.134202440e+02 +1.134202440e+02 -1.8587e+00 -8.3065e-01 -3.2831e+00 -3.5999e+00 +3.4616e+00
1601 0 +1.028589397e-04 +1.134201029e+02 +1.134201029e+02 -1.7018e+00 -6.9795e-01 -3.5405e+00 -3.7614e+00 +3.3220e+00
1633 0 +8.123717200e-05 +1.134200812e+02 +1.134200812e+02 -1.8079e+00 -8.3627e-01 -3.3040e+00 -3.6204e+00 +3.4523e+00
1886 0 +6.321342659e-05 +1.134200632e+02 +1.134200632e+02 -1.8057e+00 -6.8221e-01 -3.4384e+00 -3.6937e+00 +3.4072e+00
1937 0 +1.526529175e-05 +1.134200153e+02 +1.134200153e+02 -1.7149e+00 -7.4479e-01 -3.5084e+00 -3.7168e+00 +3.3551e+00
1972 0 +1.595161322e-06 +1.134200016e+02 +1.134200016e+02 -1.7441e+00 -7.2936e-01 -3.4817e+00 -3.6995e+00 +3.3755e+00
2053 0 +6.046269192e-07 +1.134200006e+02 +1.134200006e+02 -1.7648e+00 -7.5727e-01 -3.4316e+00 -3.6716e+00 +3.3851e+00
2248 0 +1.123176219e-08 +1.134200000e+02 +1.134200000e+02 -1.7432e+00 -7.2505e-01 -3.4499e+00 -3.6998e+00 +3.3982e+00
2634 0 +1.098470648e-09 +1.134200000e+02 +1.134200000e+02 -1.7447e+00 -7.4036e-01 -3.4390e+00 -3.6912e+00 +3.3982e+00
3374 0 +8.384404282e-13 +1.134200000e+02 +1.134200000e+02 -1.7438e+00 -7.3583e-01 -3.4452e+00 -3.6945e+00 +3.3935e+00
3506 0 +0.000000000e+00 +1.134200000e+02 +1.134200000e+02 -1.7437e+00 -7.3544e-01 -3.4457e+00 -3.6952e+00 +3.3937e+00
4025 0 +0.000000000e+00 +1.134200000e+02 +1.134200000e+02 -1.7437e+00 -7.3544e-01 -3.4457e+00 -3.6952e+00 +3.3937e+00
% f evaluations | g evaluations | best noise-free fitness - Fopt (-1.958600000000e+02) + sum g_i+ | measured fitness | best measured fitness or single-digit g-values | x1 | x2...
1 0 +6.070385494e+01 -1.351561451e+02 -1.351561451e+02 +2.9654e+00 -3.1657e+00 +2.7969e+00 +9.6850e-01 -5.4167e-01
2 0 +4.194989330e+01 -1.539101067e+02 -1.539101067e+02 -4.0003e+00 -4.0751e-01 -1.6629e+00 -3.5713e+00 +1.5089e+00
6 0 +3.832059397e+01 -1.575394060e+02 -1.575394060e+02 +1.1839e+00 -1.1754e+00 +4.8323e+00 -3.3237e-01 +3.5994e+00
14 0 +8.669048384e+00 -1.871909516e+02 -1.871909516e+02 -2.2400e+00 -2.0373e+00 -3.3473e+00 -4.8436e+00 -7.6599e-01
90 0 +2.212055278e+00 -1.936479447e+02 -1.936479447e+02 -9.6291e-01 -3.1434e+00 +3.6895e+00 +8.9916e-01 +1.5067e+00
390 0 +2.186242801e+00 -1.936737572e+02 -1.936737572e+02 -1.1022e+00 -3.2890e+00 +3.6895e+00 +8.9916e-01 +1.5762e+00
511 0 +2.023963050e+00 -1.938360370e+02 -1.938360370e+02 -1.2489e+00 -2.0984e+00 +3.6768e+00 +1.5411e+00 +3.2802e-01
536 0 +1.993187564e+00 -1.938668124e+02 -1.938668124e+02 -9.2704e-01 -1.9923e+00 +3.6768e+00 +1.5411e+00 +9.3728e-01
711 0 +1.289541474e+00 -1.945704585e+02 -1.945704585e+02 -1.9523e+00 -1.9923e+00 +3.6768e+00 +1.5411e+00 +9.3728e-01
1134 0 +1.275240864e+00 -1.945847591e+02 -1.945847591e+02 -1.7842e+00 -2.4743e+00 +3.6284e+00 +1.0238e+00 +1.2442e+00
1209 0 +1.193280717e+00 -1.946667193e+02 -1.946667193e+02 -1.8480e+00 -2.5061e+00 +3.6106e+00 +1.1215e+00 +1.1607e+00
1253 0 +9.550670195e-01 -1.949049330e+02 -1.949049330e+02 -1.6170e+00 -2.2153e+00 +3.6660e+00 +1.1075e+00 +1.0838e+00
1511 0 +8.501183635e-01 -1.950098816e+02 -1.950098816e+02 -1.7158e+00 -2.2696e+00 +3.6078e+00 +1.3690e+00 +1.1031e+00
1581 0 +7.648561180e-01 -1.950951439e+02 -1.950951439e+02 -1.6279e+00 -2.4142e+00 +3.6618e+00 +1.2608e+00 +1.0869e+00
1686 0 +7.573849954e-01 -1.951026150e+02 -1.951026150e+02 -1.6477e+00 -2.3816e+00 +3.6496e+00 +1.2852e+00 +1.0905e+00
1724 0 +7.296832406e-01 -1.951303168e+02 -1.951303168e+02 -1.6767e+00 -2.3921e+00 +3.6135e+00 +1.4207e+00 +9.8887e-01
1824 0 +7.039884373e-01 -1.951560116e+02 -1.951560116e+02 -1.5866e+00 -2.3921e+00 +3.6135e+00 +1.4266e+00 +9.8887e-01
6625 0 +6.918569112e-01 -1.951681431e+02 -1.951681431e+02 -1.5879e+00 -2.3163e+00 +3.6428e+00 +1.4368e+00 +9.3939e-01
% f evaluations | g evaluations | best noise-free fitness - Fopt (-5.760000000000e+00) + sum g_i+ | measured fitness | best measured fitness or single-digit g-values | x1 | x2...
1 0 +6.833208498e+01 +6.257208498e+01 +6.257208498e+01 +2.9654e+00 -3.1657e+00 +2.7969e+00 +9.6850e-01 -5.4167e-01
2 0 +6.370327187e+01 +5.794327187e+01 +5.794327187e+01 -4.0003e+00 -4.0751e-01 -1.6629e+00 -3.5713e+00 +1.5089e+00
3 0 +6.162704116e+01 +5.586704116e+01 +5.586704116e+01 -4.4359e+00 +2.2200e+00 +4.3855e+00 -4.9922e+00 +4.9221e+00
8 0 +5.877584852e+01 +5.301584852e+01 +5.301584852e+01 -1.1458e+00 -4.8403e+00 -2.6911e+00 -2.5897e+00 +1.8326e+00
9 0 +4.394305214e+01 +3.818305214e+01 +3.818305214e+01 +1.1000e+00 +3.3319e+00 -3.2664e+00 -1.0894e+00 -3.1776e+00
18 0 +2.451472938e+01 +1.875472938e+01 +1.875472938e+01 +1.6592e+00 +9.1298e-01 -2.2528e+00 +6.1243e-01 -1.1707e+00
71 0 +7.506246333e+00 +1.746246333e+00 +1.746246333e+00 +2.1107e+00 -2.4630e-01 -2.8243e+00 +1.8173e+00 -9.0441e-01
125 0 +7.321328143e+00 +1.561328143e+00 +1.561328143e+00 +2.5894e+00 -1.2661e+00 -1.9917e+00 -1.3543e+00 +1.1955e+00
153 0 +5.063481153e+00 -6.965188471e-01 -6.965188471e-01 +1.0477e-01 +2.0782e+00 +9.8238e-01 -4.0928e+00 -3.1444e+00
278 0 +4.725512426e+00 -1.034487574e+00 -1.034487574e+00 +1.0477e-01 +2.0782e+00 +7.9118e-01 -4.0928e+00 -3.1444e+00
374 0 +4.138962826e+00 -1.621037174e+00 -1.621037174e+00 -8.4407e-02 -2.7239e+00 -3.7421e+00 +4.6901e+00 -4.3569e-01
428 0 +3.102642803e+00 -2.657357197e+00 -2.657357197e+00 +1.0477e-01 +1.8266e+00 +7.9118e-01 -4.2894e+00 -3.3882e+00
578 0 +2.466084103e+00 -3.293915897e+00 -3.293915897e+00 +1.0477e-01 +1.8266e+00 +7.9118e-01 -4.2894e+00 -4.5181e+00
784 0 +2.025262883e+00 -3.734737117e+00 -3.734737117e+00 +1.0477e-01 +1.8266e+00 +1.3044e-01 -4.2894e+00 -4.5425e+00
1500 0 +1.810443413e+00 -3.949556587e+00 -3.949556587e+00 +2.5894e+00 -5.3565e-01 -1.0679e+00 -1.3543e+00 +2.2634e+00
1525 0 +1.382859043e+00 -4.377140957e+00 -4.377140957e+00 +2.5894e+00 -5.3565e-01 -2.6947e-01 -1.3543e+00 +2.2634e+00
1900 0 +7.834211326e-01 -4.976578867e+00 -4.976578867e+00 +2.5894e+00 -3.0939e-01 -9.0118e-01 -1.8873e+00 +2.2634e+00
2000 0 +7.250697990e-01 -5.034930201e+00 -5.034930201e+00 +2.5894e+00 -3.0939e-01 -9.0118e-01 -1.7359e+00 +2.2634e+00
2400 0 +7.211267988e-01 -5.038873201e+00 -5.038873201e+00 +2.5894e+00 -3.0939e-01 -8.8681e-01 -1.7359e+00 +2.2634e+00
2750 0 +6.837611062e-01 -5.076238894e+00 -5.076238894e+00 +3.0869e+00 -3.0939e-01 -8.8681e-01 -2.2561e+00 +2.2634e+00
2766 0 +2.243962161e-01 -5.535603784e+00 -5.535603784e+00 +3.4486e+00 -1.5159e+00 +7.9004e-02 -1.7464e+00 +2.0530e+00
2791 0 +1.822223977e-01 -5.577777602e+00 -5.577777602e+00 +3.4486e+00 -1.5159e+00 +7.9004e-02 -1.6819e+00 +2.0530e+00
2891 0 +1.536725073e-01 -5.606327493e+00 -5.606327493e+00 +3.3460e+00 -1.5159e+00 +8.8303e-02 -1.6819e+00 +2.0530e+00
2991 0 +1.219930217e-01 -5.638006978e+00 -5.638006978e+00 +3.3460e+00 -1.5131e+00 -9.9197e-02 -1.6819e+00 +2.0530e+00
3139 0 +9.856417092e-02 -5.661435829e+00 -5.661435829e+00 +3.5604e+00 -1.5429e+00 +5.0683e-01 -1.3678e+00 +2.5572e+00
3214 0 +8.070346453e-02 -5.679296535e+00 -5.679296535e+00 +3.6695e+00 -1.6054e+00 +4.5435e-01 -1.4675e+00 +2.6459e+00
3514 0 +3.253224071e-02 -5.727467759e+00 -5.727467759e+00 +3.6695e+00 -1.8513e+00 +4.5435e-01 -1.4675e+00 +2.6459e+00
3714 0 +2.028468562e-02 -5.739715314e+00 -5.739715314e+00 +3.6240e+00 -1.8513e+00 +4.5435e-01 -1.4675e+00 +2.6459e+00
3764 0 +1.520435741e-02 -5.744795643e+00 -5.744795643e+00 +3.6240e+00 -1.8513e+00 +4.5435e-01 -1.5110e+00 +2.6459e+00
4391 0 +1.197591248e-02 -5.748024088e+00 -5.748024088e+00 +3.3582e+00 -1.7328e+00 -1.0140e-01 -1.5305e+00 +2.2518e+00
4866 0 +4.040914509e-03 -5.755959085e+00 -5.755959085e+00 +3.3582e+00 -1.7276e+00 -1.0140e-01 -1.5305e+00 +2.3498e+00
4891 0 +3.728032369e-03 -5.756271968e+00 -5.756271968e+00 +3.3582e+00 -1.7276e+00 +3.9925e-03 -1.5305e+00 +2.3498e+00
4916 0 +3.517830210e-03 -5.756482170e+00 -5.756482170e+00 +3.3582e+00 -1.7276e+00 +3.9925e-03 -1.5305e+00 +2.4263e+00
5016 0 +3.046948865e-03 -5.756953051e+00 -5.756953051e+00 +3.3746e+00 -1.7276e+00 +3.9925e-03 -1.5305e+00 +2.4263e+00
5516 0 +2.528111368e-03 -5.757471889e+00 -5.757471889e+00 +3.3746e+00 -1.7276e+00 +3.9925e-03 -1.5677e+00 +2.4263e+00
5966 0 +1.093981821e-03 -5.758906018e+00 -5.758906018e+00 +3.3746e+00 -1.6675e+00 +3.9925e-03 -1.5677e+00 +2.4263e+00
6291 0 +8.776053155e-04 -5.759122395e+00 -5.759122395e+00 +3.4167e+00 -1.6675e+00 +3.9925e-03 -1.6006e+00 +2.4263e+00
6841 0 +8.597274167e-04 -5.759140273e+00 -5.759140273e+00 +3.4167e+00 -1.6471e+00 +3.9925e-03 -1.6006e+00 +2.4263e+00
7216 0 +8.431655945e-04 -5.759156834e+00 -5.759156834e+00 +3.4167e+00 -1.6444e+00 +2.4911e-02 -1.6006e+00 +2.4263e+00
7514 0 +4.246223093e-04 -5.759575378e+00 -5.759575378e+00 +3.4746e+00 -1.6463e+00 +1.2509e-01 -1.6001e+00 +2.5407e+00
7989 0 +2.317213328e-04 -5.759768279e+00 -5.759768279e+00 +3.4746e+00 -1.6463e+00 +1.2509e-01 -1.6329e+00 +2.5407e+00
8564 0 +2.174765064e-04 -5.759782523e+00 -5.759782523e+00 +3.4571e+00 -1.6463e+00 +1.0076e-01 -1.6329e+00 +2.5171e+00
8714 0 +2.022222340e-04 -5.759797778e+00 -5.759797778e+00 +3.4571e+00 -1.6178e+00 +7.6062e-02 -1.6329e+00 +2.5077e+00
10400 0 +2.726378062e-05 -5.759972736e+00 -5.759972736e+00 +3.3849e+00 -1.4658e+00 -5.0644e-02 -1.7081e+00 +2.5716e+00
10725 0 +2.556173628e-05 -5.759974438e+00 -5.759974438e+00 +3.3849e+00 -1.4658e+00 -5.0644e-02 -1.7081e+00 +2.5625e+00
10825 0 +7.865850765e-06 -5.759992134e+00 -5.759992134e+00 +3.3849e+00 -1.4060e+00 -5.0644e-02 -1.7453e+00 +2.5625e+00
11400 0 +7.250597645e-06 -5.759992749e+00 -5.759992749e+00 +3.3849e+00 -1.4060e+00 -1.0042e-02 -1.7453e+00 +2.5625e+00
11475 0 +7.002539772e-06 -5.759992997e+00 -5.759992997e+00 +3.3989e+00 -1.4060e+00 -1.0042e-02 -1.7526e+00 +2.5625e+00
12550 0 +5.061733936e-06 -5.759994938e+00 -5.759994938e+00 +3.3990e+00 -1.4060e+00 -1.0850e-02 -1.7526e+00 +2.5708e+00
12625 0 +1.523723324e-06 -5.759998476e+00 -5.759998476e+00 +3.3990e+00 -1.4060e+00 -1.0850e-02 -1.7398e+00 +2.5708e+00
13675 0 +8.185702347e-07 -5.759999181e+00 -5.759999181e+00 +3.3990e+00 -1.4060e+00 +2.8158e-02 -1.7398e+00 +2.5890e+00
14175 0 +5.439868316e-07 -5.759999456e+00 -5.759999456e+00 +3.3990e+00 -1.4060e+00 +2.8158e-02 -1.7398e+00 +2.5940e+00
14325 0 +6.117130447e-08 -5.759999939e+00 -5.759999939e+00 +3.3990e+00 -1.4060e+00 +2.2200e-03 -1.7398e+00 +2.5940e+00
14400 0 +4.803531084e-08 -5.759999952e+00 -5.759999952e+00 +3.3990e+00 -1.3901e+00 +2.2200e-03 -1.7398e+00 +2.5940e+00
16225 0 +4.390661346e-08 -5.759999956e+00 -5.759999956e+00 +3.3990e+00 -1.4002e+00 +2.2200e-03 -1.7398e+00 +2.5940e+00
16800 0 +1.865665311e-08 -5.759999981e+00 -5.759999981e+00 +3.3990e+00 -1.4002e+00 +2.2200e-03 -1.7370e+00 +2.5940e+00
18425 0 +1.434841490e-08 -5.759999986e+00 -5.759999986e+00 +3.3990e+00 -1.4002e+00 +5.9655e-03 -1.7370e+00 +2.5940e+00
19350 0 +1.372329361e-08 -5.759999986e+00 -5.759999986e+00 +3.3990e+00 -1.3983e+00 +5.9655e-03 -1.7370e+00 +2.5940e+00
20025 0 +1.372329361e-08 -5.759999986e+00 -5.759999986e+00 +3.3990e+00 -1.3983e+00 +5.9655e-03 -1.7370e+00 +2.5940e+00
% f evaluations | g evaluations | best noise-free fitness - Fopt (-4.986500000000e+02) + sum g_i+ | measured fitness | best measured fitness or single-digit g-values | x1 | x2...
1 0 +2.867243291e+01 -4.699775671e+02 -4.699775671e+02 +2.9654e+00 -3.1657e+00 +2.7969e+00 +9.6850e-01 -5.4167e-01
13 0 +2.663567732e+01 -4.720143227e+02 -4.720143227e+02 +2.4732e+00 +3.9692e-01 +8.6751e-01 +4.6526e+00 +1.0703e+00
36 0 +2.421527697e+01 -4.744347230e+02 -4.744347230e+02 +3.4228e+00 -3.4807e+00 +4.5575e+00 +2.5041e+00 +2.2727e+00
53 0 +1.617727549e+01 -4.824727245e+02 -4.824727245e+02 +1.2975e+00 -1.9390e+00 +4.3855e+00 +4.7678e-01 +4.9221e+00
71 0 +1.414506527e+01 -4.845049347e+02 -4.845049347e+02 +2.5357e+00 +2.4064e+00 +6.3276e-01 +3.7593e+00 -3.6067e+00
122 0 +9.749772376e+00 -4.889002276e+02 -4.889002276e+02 +1.3460e+00 +4.0355e-01 -5.7954e-01 +2.9078e+00 -3.9268e+00
305 0 +5.578869392e+00 -4.930711306e+02 -4.930711306e+02 -1.2306e+00 -1.6833e-01 -9.8605e-01 +5.1149e-01 -4.1873e+00
498 0 +5.671329806e-01 -4.980828670e+02 -4.980828670e+02 -1.8067e+00 +1.8682e+00 -9.7901e-01 -2.0437e+00 -2.7340e+00
1132 0 +4.842188094e-01 -4.981657812e+02 -4.981657812e+02 -1.3795e+00 +1.2926e+00 -1.0770e+00 -1.2290e+00 -3.7466e+00
1157 0 +3.133333786e-02 -4.986186667e+02 -4.986186667e+02 -1.3795e+00 +1.2926e+00 -1.5207e+00 -1.1551e+00 -3.7466e+00
1207 0 +2.547773674e-02 -4.986245223e+02 -4.986245223e+02 -1.3795e+00 +1.2926e+00 -1.4976e+00 -1.1551e+00 -3.7466e+00
1507 0 +1.756062360e-02 -4.986324394e+02 -4.986324394e+02 -1.3795e+00 +1.4881e+00 -1.5658e+00 -1.0228e+00 -3.7466e+00
1832 0 +1.545064089e-02 -4.986345494e+02 -4.986345494e+02 -1.0648e+00 +1.4881e+00 -1.5658e+00 -1.0228e+00 -3.7466e+00
1982 0 +1.437591307e-02 -4.986356241e+02 -4.986356241e+02 -1.2426e+00 +1.4881e+00 -1.5658e+00 -1.0228e+00 -3.7466e+00
2132 0 +6.999275650e-03 -4.986430007e+02 -4.986430007e+02 -1.2426e+00 +1.3522e+00 -1.5530e+00 -1.0228e+00 -3.7466e+00
2532 0 +3.568601942e-03 -4.986464314e+02 -4.986464314e+02 -1.2426e+00 +1.3522e+00 -1.4910e+00 -1.0228e+00 -3.7466e+00
2605 0 +2.536434721e-03 -4.986474636e+02 -4.986474636e+02 -1.1000e+00 +1.0915e+00 -1.5306e+00 -8.0158e-01 -4.0081e+00
2630 0 +2.583841243e-04 -4.986497416e+02 -4.986497416e+02 -1.1627e+00 +1.2091e+00 -1.5306e+00 -8.0158e-01 -3.8630e+00
3155 0 +2.428671021e-04 -4.986497571e+02 -4.986497571e+02 -1.1162e+00 +1.2091e+00 -1.5306e+00 -8.0158e-01 -3.8630e+00
3407 0 +1.687796282e-04 -4.986498312e+02 -4.986498312e+02 -1.3340e+00 +1.2309e+00 -1.4364e+00 -7.8515e-01 -3.7567e+00
3430 0 +7.245167359e-05 -4.986499275e+02 -4.986499275e+02 -1.1642e+00 +1.2091e+00 -1.5051e+00 -8.0158e-01 -3.8630e+00
3957 0 +2.763872976e-05 -4.986499724e+02 -4.986499724e+02 -1.2917e+00 +1.2120e+00 -1.4364e+00 -7.8515e-01 -3.8066e+00
4305 0 +2.718694310e-05 -4.986499728e+02 -4.986499728e+02 -1.1642e+00 +1.2091e+00 -1.4652e+00 -8.0158e-01 -3.8630e+00
4355 0 +7.512653099e-06 -4.986499925e+02 -4.986499925e+02 -1.1642e+00 +1.2091e+00 -1.4652e+00 -7.2088e-01 -3.8630e+00
5330 0 +6.804659165e-06 -4.986499932e+02 -4.986499932e+02 -1.1826e+00 +1.2106e+00 -1.4652e+00 -7.1230e-01 -3.8630e+00
5555 0 +6.596240610e-06 -4.986499934e+02 -4.986499934e+02 -1.1828e+00 +1.2104e+00 -1.4647e+00 -7.1517e-01 -3.8630e+00
6062 0 +6.025223342e-06 -4.986499940e+02 -4.986499940e+02 -1.1430e+00 +1.1607e+00 -1.4948e+00 -6.8192e-01 -3.9175e+00
6247 0 +5.183265898e-06 -4.986499948e+02 -4.986499948e+02 -1.1435e+00 +1.1372e+00 -1.4560e+00 -6.9224e-01 -3.8988e+00
6249 0 +4.185720229e-06 -4.986499958e+02 -4.986499958e+02 -1.1498e+00 +1.1803e+00 -1.4834e+00 -7.4733e-01 -3.8603e+00
6287 0 +7.511780495e-07 -4.986499992e+02 -4.986499992e+02 -1.2143e+00 +1.1968e+00 -1.4563e+00 -7.6494e-01 -3.8338e+00
6333 0 +5.183845246e-07 -4.986499995e+02 -4.986499995e+02 -1.1673e+00 +1.1652e+00 -1.4833e+00 -7.1216e-01 -3.8908e+00
6489 0 +3.587331321e-09 -4.986500000e+02 -4.986500000e+02 -1.1826e+00 +1.1758e+00 -1.4667e+00 -7.3233e-01 -3.8719e+00
7481 0 +3.979039320e-13 -4.986500000e+02 -4.986500000e+02 -1.1780e+00 +1.1669e+00 -1.4649e+00 -7.3372e-01 -3.8731e+00
7734 0 +0.000000000e+00 -4.986500000e+02 -4.986500000e+02 -1.1787e+00 +1.1676e+00 -1.4647e+00 -7.3394e-01 -3.8723e+00
8400 0 +0.000000000e+00 -4.986500000e+02 -4.986500000e+02 -1.1787e+00 +1.1676e+00 -1.4647e+00 -7.3394e-01 -3.8723e+00
% f evaluations | g evaluations | best noise-free fitness - Fopt (-4.286000000000e+01) + sum g_i+ | measured fitness | best measured fitness or single-digit g-values | x1 | x2...
1 0 +6.362794099e+01 +2.076794099e+01 +2.076794099e+01 +2.9654e+00 -3.1657e+00 +2.7969e+00 +9.6850e-01 -5.4167e-01
9 0 +4.872413859e+01 +5.864138585e+00 +5.864138585e+00 +1.1000e+00 +3.3319e+00 -3.2664e+00 -1.0894e+00 -3.1776e+00
12 0 +4.296960754e+01 +1.096075406e-01 +1.096075406e-01 -1.7346e+00 +7.0444e-01 +2.0834e-01 +4.6117e+00 +3.4453e+00
15 0 +2.056150271e+01 -2.229849729e+01 -2.229849729e+01 -1.0512e+00 -2.0651e+00 -4.8592e+00 -3.0116e+00 +2.1134e+00
23 0 +1.330086449e+01 -2.955913551e+01 -2.955913551e+01 +1.9478e+00 +3.8047e+00 +1.2435e+00 -2.0437e+00 -3.9451e+00
51 0 +1.052328906e+01 -3.233671094e+01 -3.233671094e+01 -7.2002e-01 -3.1657e+00 -2.2724e+00 +2.5378e+00 -5.4167e-01
175 0 +8.218846373e+00 -3.464115363e+01 -3.464115363e+01 -1.2973e+00 -6.5434e-01 +3.2327e+00 -5.9540e-02 +1.7523e+00
237 0 +6.726614023e+00 -3.613338598e+01 -3.613338598e+01 -1.8101e+00 +7.0444e-01 -1.5920e+00 +3.0663e+00 +1.8008e+00
398 0 +5.175862821e+00 -3.768413718e+01 -3.768413718e+01 +1.9478e+00 +3.8047e+00 +1.2435e+00 -1.7637e+00 -2.5126e+00
685 0 +2.031994842e-01 -4.265680052e+01 -4.265680052e+01 +2.3984e+00 -1.5997e+00 +1.4401e+00 +2.3204e+00 +9.3411e-02
810 0 +1.843670517e-01 -4.267563295e+01 -4.267563295e+01 +2.3984e+00 -1.5997e+00 +1.4401e+00 +2.4930e+00 -1.8560e-02
1281 0 +2.251249609e-03 -4.285774875e+01 -4.285774875e+01 +2.3868e+00 -1.0767e+00 +1.2279e+00 +1.9050e+00 +5.7805e-02
1817 0 +8.276205971e-04 -4.285917238e+01 -4.285917238e+01 +2.4538e+00 -1.1785e+00 +1.2009e+00 +1.9278e+00 -1.9267e-02
2438 0 +3.742079179e-04 -4.285962579e+01 -4.285962579e+01 +2.4459e+00 -1.1929e+00 +1.1788e+00 +1.9610e+00 -3.9576e-02
2479 0 +2.922612400e-04 -4.285970774e+01 -4.285970774e+01 +2.4668e+00 -1.1698e+00 +1.1811e+00 +1.9386e+00 -4.3762e-02
2481 0 +2.245196779e-04 -4.285977548e+01 -4.285977548e+01 +2.5124e+00 -9.7326e-01 +1.1671e+00 +1.9372e+00 -9.0809e-02
2600 0 +1.412906632e-04 -4.285985871e+01 -4.285985871e+01 +2.4909e+00 -9.8379e-01 +1.1789e+00 +1.9378e+00 +5.2684e-02
2705 0 +1.302552684e-04 -4.285986974e+01 -4.285986974e+01 +2.4694e+00 -9.7985e-01 +1.1477e+00 +1.9078e+00 -4.8699e-02
2716 0 +2.996534787e-05 -4.285997003e+01 -4.285997003e+01 +2.4765e+00 -1.0981e+00 +1.1733e+00 +1.9832e+00 -7.2375e-02
2729 0 +1.249028836e-05 -4.285998751e+01 -4.285998751e+01 +2.3954e+00 -1.0632e+00 +1.1274e+00 +1.9014e+00 +2.4591e-02
2754 0 +2.265565655e-07 -4.285999977e+01 -4.285999977e+01 +2.4261e+00 -1.0331e+00 +1.1190e+00 +1.9113e+00 +2.6816e-02
3151 0 +1.069129780e-07 -4.285999989e+01 -4.285999989e+01 +2.4293e+00 -1.0608e+00 +1.1201e+00 +1.9311e+00 +1.0692e-03
3152 0 +1.017726561e-07 -4.285999990e+01 -4.285999990e+01 +2.4243e+00 -1.0583e+00 +1.1239e+00 +1.9199e+00 +2.7445e-02
3262 0 +9.434879189e-08 -4.285999991e+01 -4.285999991e+01 +2.4324e+00 -1.0597e+00 +1.1242e+00 +1.9239e+00 +1.6513e-02
3304 0 +2.125616305e-08 -4.285999998e+01 -4.285999998e+01 +2.4259e+00 -1.0443e+00 +1.1119e+00 +1.9130e+00 +2.0476e-02
3371 0 +7.917599021e-09 -4.285999999e+01 -4.285999999e+01 +2.4249e+00 -1.0582e+00 +1.1162e+00 +1.9076e+00 +1.1431e-02
3989 0 +3.197442311e-13 -4.286000000e+01 -4.286000000e+01 +2.4245e+00 -1.0562e+00 +1.1159e+00 +1.9139e+00 +1.3980e-02
4404 0 +0.000000000e+00 -4.286000000e+01 -4.286000000e+01 +2.4247e+00 -1.0566e+00 +1.1162e+00 +1.9146e+00 +1.3784e-02
5200 0 +0.000000000e+00 -4.286000000e+01 -4.286000000e+01 +2.4247e+00 -1.0566e+00 +1.1162e+00 +1.9146e+00 +1.3784e-02
