% f evaluations | g evaluations | best noise-free fitness - Fopt (-1.694000000000e+01) + sum g_i+ | measured fitness | best measured fitness or single-digit g-values | x1 | x2...
1 0 +1.160018395e+02 +9.906183948e+01 +9.906183948e+01 +2.9654e+00 -3.1657e+00
2 0 +4.188149031e+01 +2.494149031e+01 +2.494149031e+01 +2.7969e+00 +9.6850e-01
12 0 +1.509296878e+01 -1.847031223e+00 -1.847031223e+00 +4.7376e+00 -2.6723e+00
46 0 +3.132946171e+00 -1.380705383e+01 -1.380705383e+01 +4.2582e+00 -4.9501e-01
236 0 +1.403055276e+00 -1.553694472e+01 -1.553694472e+01 +3.6762e+00 +2.6693e+00
254 0 +1.180934296e+00 -1.575906570e+01 -1.575906570e+01 +3.6480e+00 +2.5205e+00
407 0 +1.143826382e+00 -1.579617362e+01 -1.579617362e+01 +3.7424e+00 +1.9891e+00
444 0 +5.216545438e-01 -1.641834546e+01 -1.641834546e+01 +3.6579e+00 +2.4862e+00
504 0 +5.111877394e-01 -1.642881226e+01 -1.642881226e+01 +3.6579e+00 +2.5686e+00
627 0 +1.777888135e-01 -1.676221119e+01 -1.676221119e+01 +3.6379e+00 +2.6161e+00
785 0 +1.409454236e-01 -1.679905458e+01 -1.679905458e+01 +3.6769e+00 +2.4495e+00
967 0 +5.759913050e-02 -1.688240087e+01 -1.688240087e+01 +3.6448e+00 +2.5811e+00
1359 0 +2.010374672e-02 -1.691989625e+01 -1.691989625e+01 +3.6556e+00 +2.5508e+00
1597 0 +1.248934311e-02 -1.692751066e+01 -1.692751066e+01 +3.6538e+00 +2.5581e+00
1792 0 +6.336194755e-03 -1.693366381e+01 -1.693366381e+01 +3.6564e+00 +2.5477e+00
2213 0 +3.021280657e-03 -1.693697872e+01 -1.693697872e+01 +3.6557e+00 +2.5514e+00
2340 0 +1.834337192e-03 -1.693816566e+01 -1.693816566e+01 +3.6559e+00 +2.5501e+00
2411 0 +1.479830424e-03 -1.693852017e+01 -1.693852017e+01 +3.6561e+00 +2.5490e+00
2441 0 +1.069969022e-03 -1.693893003e+01 -1.693893003e+01 +3.6561e+00 +2.5489e+00
2495 0 +9.882237698e-04 -1.693901178e+01 -1.693901178e+01 +3.6559e+00 +2.5502e+00
2599 0 +2.389945546e-04 -1.693976101e+01 -1.693976101e+01 +3.6560e+00 +2.5494e+00
2779 0 +2.294885812e-04 -1.693977051e+01 -1.693977051e+01 +3.6560e+00 +2.5495e+00
2889 0 +3.132553868e-05 -1.693996867e+01 -1.693996867e+01 +3.6560e+00 +2.5496e+00
3339 0 +2.882508228e-05 -1.693997117e+01 -1.693997117e+01 +3.6560e+00 +2.5496e+00
4119 0 +1.734415853e-05 -1.693998266e+01 -1.693998266e+01 +3.6560e+00 +2.5496e+00
4305 0 +1.533274527e-05 -1.693998467e+01 -1.693998467e+01 +3.6560e+00 +2.5496e+00
4382 0 +1.466000193e-05 -1.693998534e+01 -1.693998534e+01 +3.6560e+00 +2.5496e+00
4423 0 +1.150599309e-05 -1.693998849e+01 -1.693998849e+01 +3.6560e+00 +2.5496e+00
4427 0 +5.448596152e-06 -1.693999455e+01 -1.693999455e+01 +3.6560e+00 +2.5496e+00
4528 0 +2.230149658e-06 -1.693999777e+01 -1.693999777e+01 +3.6560e+00 +2.5496e+00
4572 0 +1.203359140e-06 -1.693999880e+01 -1.693999880e+01 +3.6560e+00 +2.5496e+00
4695 0 +4.970805669e-07 -1.693999950e+01 -1.693999950e+01 +3.6560e+00 +2.5496e+00
5188 0 +4.271821972e-07 -1.693999957e+01 -1.693999957e+01 +3.6560e+00 +2.5496e+00
5273 0 +3.797008610e-07 -1.693999962e+01 -1.693999962e+01 +3.6560e+00 +2.5496e+00
5321 0 +2.062499327e-07 -1.693999979e+01 -1.693999979e+01 +3.6560e+00 +2.5496e+00
5421 0 +1.325603982e-07 -1.693999987e+01 -1.693999987e+01 +3.6560e+00 +2.5496e+00
5612 0 +6.745436210e-08 -1.693999993e+01 -1.693999993e+01 +3.6560e+00 +2.5496e+00
5717 0 +6.091780946e-08 -1.693999994e+01 -1.693999994e+01 +3.6560e+00 +2.5496e+00
5731 0 +4.876430992e-08 -1.693999995e+01 -1.693999995e+01 +3.6560e+00 +2.5496e+00
5852 0 +3.504900548e-08 -1.693999996e+01 -1.693999996e+01 +3.6560e+00 +2.5496e+00
5900 0 +2.625500528e-08 -1.693999997e+01 -1.693999997e+01 +3.6560e+00 +2.5496e+00
5946 0 +6.649738538e-09 -1.693999999e+01 -1.693999999e+01 +3.6560e+00 +2.5496e+00
7984 0 +6.288303211e-13 -1.694000000e+01 -1.694000000e+01 +3.6560e+00 +2.5496e+00
8040 0 +3.339550858e-13 -1.694000000e+01 -1.694000000e+01 +3.6560e+00 +2.5496e+00
% f evaluations | g evaluations | best noise-free fitness - Fopt (1.881000000000e+01) + sum g_i+ | measured fitness | best measured fitness or single-digit g-values | x1 | x2...
1 0 +1.564922526e+03 +1.583732526e+03 +1.583732526e+03 +2.9654e+00 -3.1657e+00
2 0 +1.190167059e+02 +1.378267059e+02 +1.378267059e+02 +2.7969e+00 +9.6850e-01
4 0 +1.140121272e+02 +1.328221272e+02 +1.328221272e+02 -4.0751e-01 -1.6629e+00
5 0 +1.479889527e+01 +3.360889527e+01 +3.360889527e+01 -3.5713e+00 +1.5089e+00
20 0 +4.274236399e+00 +2.308423640e+01 +2.308423640e+01 -2.5897e+00 +1.8326e+00
50 0 +1.061309253e+00 +1.987130925e+01 +1.987130925e+01 -1.1799e+00 +1.8326e+00
163 0 +9.789620209e-01 +1.978896202e+01 +1.978896202e+01 +2.0960e-01 +1.7228e+00
362 0 +7.688962184e-01 +1.957889622e+01 +1.957889622e+01 -2.4252e-01 +1.7891e+00
655 0 +4.346573369e-01 +1.924465734e+01 +1.924465734e+01 +2.7799e-01 +1.7146e+00
703 0 +3.874480444e-01 +1.919744804e+01 +1.919744804e+01 +2.0960e-01 +1.7145e+00
828 0 +1.873280803e-01 +1.899732808e+01 +1.899732808e+01 -2.0209e-01 +1.7865e+00
932 0 +9.473213303e-02 +1.890473213e+01 +1.890473213e+01 -2.4252e-01 +1.7830e+00
992 0 +6.371386628e-02 +1.887371387e+01 +1.887371387e+01 -2.4545e-01 +1.7830e+00
1379 0 +5.832230881e-02 +1.886832231e+01 +1.886832231e+01 -1.5455e-01 +1.7735e+00
1402 0 +4.302242144e-02 +1.885302242e+01 +1.885302242e+01 -1.5577e-01 +1.7750e+00
1461 0 +1.648428815e-02 +1.882648429e+01 +1.882648429e+01 -1.8073e-01 +1.7790e+00
2232 0 +7.557194893e-03 +1.881755719e+01 +1.881755719e+01 -1.8944e-01 +1.7809e+00
2387 0 +5.462311265e-03 +1.881546231e+01 +1.881546231e+01 -1.9111e-01 +1.7807e+00
2503 0 +3.734116512e-03 +1.881373412e+01 +1.881373412e+01 -1.8913e-01 +1.7807e+00
2548 0 +1.091611423e-03 +1.881109161e+01 +1.881109161e+01 -1.9108e-01 +1.7808e+00
2792 0 +9.949667404e-04 +1.881099497e+01 +1.881099497e+01 -1.9078e-01 +1.7807e+00
3003 0 +2.314146098e-04 +1.881023141e+01 +1.881023141e+01 -1.9137e-01 +1.7808e+00
3648 0 +2.880464847e-05 +1.881002880e+01 +1.881002880e+01 -1.9122e-01 +1.7808e+00
4210 0 +2.388716298e-05 +1.881002389e+01 +1.881002389e+01 -1.9120e-01 +1.7808e+00
4305 0 +5.923344737e-06 +1.881000592e+01 +1.881000592e+01 -1.9120e-01 +1.7808e+00
4509 0 +5.810027030e-06 +1.881000581e+01 +1.881000581e+01 -1.9120e-01 +1.7808e+00
4592 0 +5.453208907e-07 +1.881000055e+01 +1.881000055e+01 -1.9120e-01 +1.7808e+00
5321 0 +4.910081444e-07 +1.881000049e+01 +1.881000049e+01 -1.9120e-01 +1.7808e+00
5478 0 +4.873783510e-07 +1.881000049e+01 +1.881000049e+01 -1.9120e-01 +1.7808e+00
5482 0 +3.014046790e-07 +1.881000030e+01 +1.881000030e+01 -1.9120e-01 +1.7808e+00
5523 0 +1.882641030e-07 +1.881000019e+01 +1.881000019e+01 -1.9120e-01 +1.7808e+00
5628 0 +1.358541901e-07 +1.881000014e+01 +1.881000014e+01 -1.9120e-01 +1.7808e+00
5706 0 +9.207182927e-08 +1.881000009e+01 +1.881000009e+01 -1.9120e-01 +1.7808e+00
5872 0 +2.947934874e-08 +1.881000003e+01 +1.881000003e+01 -1.9120e-01 +1.7808e+00
5932 0 +2.454996206e-08 +1.881000002e+01 +1.881000002e+01 -1.9120e-01 +1.7808e+00
5970 0 +6.727532309e-09 +1.881000001e+01 +1.881000001e+01 -1.9120e-01 +1.7808e+00
7733 0 +7.212008768e-13 +1.881000000e+01 +1.881000000e+01 -1.9120e-01 +1.7808e+00
8040 0 +3.055333764e-13 +1.881000000e+01 +1.881000000e+01 -1.9120e-01 +1.7808e+00
% f evaluations | g evaluations | best noise-free fitness - Fopt (2.731500000000e+02) + sum g_i+ | measured fitness | best measured fitness or single-digit g-values | x1 | x2...
1 0 +3.333519227e+02 +6.065019227e+02 +6.065019227e+02 +2.9654e+00 -3.1657e+00
4 0 +1.755219416e+02 +4.486719416e+02 +4.486719416e+02 -4.0751e-01 -1.6629e+00
5 0 +1.094520894e+02 +3.826020894e+02 +3.826020894e+02 -3.5713e+00 +1.5089e+00
6 0 +1.251650184e+01 +2.856665018e+02 +2.856665018e+02 -4.4359e+00 +2.2200e+00
66 0 +6.994786326e+00 +2.801447863e+02 +2.801447863e+02 -4.4914e+00 +2.2329e+00
111 0 +6.200164059e+00 +2.793501641e+02 +2.793501641e+02 -3.5784e+00 +3.5320e+00
132 0 +4.255109303e+00 +2.774051093e+02 +2.774051093e+02 -3.8539e+00 +2.9729e+00
187 0 +2.591077799e+00 +2.757410778e+02 +2.757410778e+02 -4.3462e+00 +1.9687e+00
254 0 +2.106810224e+00 +2.752568102e+02 +2.752568102e+02 -3.1210e+00 +4.8323e+00
470 0 +1.080083130e+00 +2.742300831e+02 +2.742300831e+02 -3.2467e+00 +4.5384e+00
515 0 +6.888075890e-01 +2.738388076e+02 +2.738388076e+02 -3.7528e+00 +3.3563e+00
546 0 +4.658295371e-01 +2.736158295e+02 +2.736158295e+02 -3.7108e+00 +3.4578e+00
572 0 +4.300919271e-01 +2.735800919e+02 +2.735800919e+02 -3.5081e+00 +3.8904e+00
755 0 +2.376466991e-01 +2.733876467e+02 +2.733876467e+02 -3.5608e+00 +3.7871e+00
785 0 +2.042960100e-01 +2.733542960e+02 +2.733542960e+02 -3.5608e+00 +3.7840e+00
924 0 +6.347147172e-02 +2.732134715e+02 +2.732134715e+02 -3.5681e+00 +3.7829e+00
1531 0 +5.771481672e-02 +2.732077148e+02 +2.732077148e+02 -3.5675e+00 +3.7844e+00
1689 0 +4.328282585e-02 +2.731932828e+02 +2.731932828e+02 -3.5809e+00 +3.7524e+00
1813 0 +3.194094145e-02 +2.731819409e+02 +2.731819409e+02 -3.5899e+00 +3.7290e+00
1907 0 +2.487374513e-02 +2.731748737e+02 +2.731748737e+02 -3.5849e+00 +3.7410e+00
1926 0 +1.992985555e-02 +2.731699299e+02 +2.731699299e+02 -3.5769e+00 +3.7590e+00
2091 0 +1.837951342e-02 +2.731683795e+02 +2.731683795e+02 -3.5836e+00 +3.7451e+00
2207 0 +1.637793331e-02 +2.731663779e+02 +2.731663779e+02 -3.5856e+00 +3.7393e+00
2303 0 +1.055697642e-02 +2.731605570e+02 +2.731605570e+02 -3.5819e+00 +3.7481e+00
2310 0 +7.664815197e-03 +2.731576648e+02 +2.731576648e+02 -3.5822e+00 +3.7470e+00
2377 0 +1.135103246e-03 +2.731511351e+02 +2.731511351e+02 -3.5792e+00 +3.7535e+00
2900 0 +1.086059404e-03 +2.731510861e+02 +2.731510861e+02 -3.5788e+00 +3.7545e+00
3000 0 +1.002258329e-03 +2.731510023e+02 +2.731510023e+02 -3.5787e+00 +3.7546e+00
3176 0 +9.833598761e-04 +2.731509834e+02 +2.731509834e+02 -3.5792e+00 +3.7534e+00
3392 0 +6.947451457e-04 +2.731506947e+02 +2.731506947e+02 -3.5790e+00 +3.7539e+00
3407 0 +3.509066463e-04 +2.731503509e+02 +2.731503509e+02 -3.5791e+00 +3.7538e+00
3437 0 +2.347553777e-04 +2.731502348e+02 +2.731502348e+02 -3.5791e+00 +3.7538e+00
3475 0 +2.317474593e-04 +2.731502317e+02 +2.731502317e+02 -3.5792e+00 +3.7535e+00
3775 0 +2.259651760e-04 +2.731502260e+02 +2.731502260e+02 -3.5792e+00 +3.7535e+00
3784 0 +1.093697018e-04 +2.731501094e+02 +2.731501094e+02 -3.5792e+00 +3.7537e+00
3820 0 +3.810984310e-05 +2.731500381e+02 +2.731500381e+02 -3.5792e+00 +3.7536e+00
3948 0 +3.123732307e-05 +2.731500312e+02 +2.731500312e+02 -3.5792e+00 +3.7536e+00
4070 0 +2.881162158e-05 +2.731500288e+02 +2.731500288e+02 -3.5792e+00 +3.7536e+00
4276 0 +2.327714071e-06 +2.731500023e+02 +2.731500023e+02 -3.5792e+00 +3.7536e+00
4647 0 +2.208430033e-06 +2.731500022e+02 +2.731500022e+02 -3.5792e+00 +3.7536e+00
4728 0 +1.444470968e-06 +2.731500014e+02 +2.731500014e+02 -3.5792e+00 +3.7536e+00
4898 0 +1.387285863e-06 +2.731500014e+02 +2.731500014e+02 -3.5792e+00 +3.7536e+00
4945 0 +1.289462489e-06 +2.731500013e+02 +2.731500013e+02 -3.5792e+00 +3.7536e+00
4978 0 +4.940412168e-07 +2.731500005e+02 +2.731500005e+02 -3.5792e+00 +3.7536e+00
5101 0 +4.710262260e-07 +2.731500005e+02 +2.731500005e+02 -3.5792e+00 +3.7536e+00
5251 0 +3.996151463e-07 +2.731500004e+02 +2.731500004e+02 -3.5792e+00 +3.7536e+00
5283 0 +1.674236501e-07 +2.731500002e+02 +2.731500002e+02 -3.5792e+00 +3.7536e+00
5341 0 +1.257700433e-07 +2.731500001e+02 +2.731500001e+02 -3.5792e+00 +3.7536e+00
5481 0 +3.598040621e-08 +2.731500000e+02 +2.731500000e+02 -3.5792e+00 +3.7536e+00
5636 0 +2.850941883e-08 +2.731500000e+02 +2.731500000e+02 -3.5792e+00 +3.7536e+00
5926 0 +2.113745268e-08 +2.731500000e+02 +2.731500000e+02 -3.5792e+00 +3.7536e+00
5946 0 +7.128278412e-09 +2.731500000e+02 +2.731500000e+02 -3.5792e+00 +3.7536e+00
7277 0 +8.526512829e-13 +2.731500000e+02 +2.731500000e+02 -3.5792e+00 +3.7536e+00
7928 0 +0.000000000e+00 +2.731500000e+02 +2.731500000e+02 -3.5792e+00 +3.7536e+00
8040 0 +0.000000000e+00 +2.731500000e+02 +2.731500000e+02 -3.5792e+00 +3.7536e+00
% f evaluations | g evaluations | best noise-free fitness - Fopt (3.718000000000e+01) + sum g_i+ | measured fitness | best measured fitness or single-digit g-values | x1 | x2...
1 0 +1.439532564e+02 +1.811332564e+02 +1.811332564e+02 +2.9654e+00 -3.1657e+00
2 0 +6.799477609e+01 +1.051747761e+02 +1.051747761e+02 +2.7969e+00 +9.6850e-01
5 0 +2.554718268e+01 +6.272718268e+01 +6.272718268e+01 -3.5713e+00 +1.5089e+00
6 0 +4.712864428e+00 +4.189286443e+01 +4.189286443e+01 -4.4359e+00 +2.2200e+00
66 0 +3.383522514e+00 +4.056352251e+01 +4.056352251e+01 -4.5284e+00 +2.2200e+00
107 0 +1.804836642e+00 +3.898483664e+01 +3.898483664e+01 -4.8674e+00 +2.1823e+00
125 0 +1.414615872e+00 +3.859461587e+01 +3.859461587e+01 -3.5898e+00 +2.0775e+00
135 0 +1.271579870e+00 +3.845157987e+01 +3.845157987e+01 -3.3367e+00 +2.0006e+00
223 0 +9.082429518e-01 +3.808824295e+01 +3.808824295e+01 -4.0939e+00 +2.0898e+00
328 0 +8.209995949e-01 +3.800099959e+01 +3.800099959e+01 -3.5400e+00 +2.0185e+00
376 0 +6.841113936e-01 +3.786411139e+01 +3.786411139e+01 -4.2002e+00 +2.1017e+00
382 0 +3.693820978e-01 +3.754938210e+01 +3.754938210e+01 -4.1602e+00 +2.0774e+00
524 0 +3.044218994e-01 +3.748442190e+01 +3.748442190e+01 -3.8563e+00 +2.0600e+00
629 0 +2.811571163e-01 +3.746115712e+01 +3.746115712e+01 -4.0860e+00 +2.0726e+00
760 0 +1.890864981e-01 +3.736908650e+01 +3.736908650e+01 -3.9722e+00 +2.0712e+00
794 0 +5.703030341e-02 +3.723703030e+01 +3.723703030e+01 -3.8904e+00 +2.0600e+00
1158 0 +1.981959767e-02 +3.719981960e+01 +3.719981960e+01 -3.8963e+00 +2.0599e+00
1252 0 +1.766854988e-02 +3.719766855e+01 +3.719766855e+01 -3.9082e+00 +2.0609e+00
1406 0 +1.012684886e-02 +3.719012685e+01 +3.719012685e+01 -3.9021e+00 +2.0604e+00
1466 0 +7.021640775e-03 +3.718702164e+01 +3.718702164e+01 -3.9021e+00 +2.0602e+00
1601 0 +3.821495527e-03 +3.718382150e+01 +3.718382150e+01 -3.8982e+00 +2.0599e+00
1839 0 +3.565482381e-03 +3.718356548e+01 +3.718356548e+01 -3.8988e+00 +2.0599e+00
1890 0 +1.492441624e-03 +3.718149244e+01 +3.718149244e+01 -3.8982e+00 +2.0599e+00
2275 0 +1.383622630e-03 +3.718138362e+01 +3.718138362e+01 -3.8990e+00 +2.0599e+00
2325 0 +1.206473621e-03 +3.718120647e+01 +3.718120647e+01 -3.8995e+00 +2.0600e+00
2385 0 +1.123146388e-03 +3.718112315e+01 +3.718112315e+01 -3.8995e+00 +2.0600e+00
2389 0 +3.617689857e-04 +3.718036177e+01 +3.718036177e+01 -3.8989e+00 +2.0600e+00
2527 0 +2.310578898e-04 +3.718023106e+01 +3.718023106e+01 -3.8990e+00 +2.0600e+00
3039 0 +9.695888778e-05 +3.718009696e+01 +3.718009696e+01 -3.8992e+00 +2.0600e+00
3189 0 +3.514585480e-05 +3.718003515e+01 +3.718003515e+01 -3.8992e+00 +2.0600e+00
3447 0 +3.108209005e-05 +3.718003108e+01 +3.718003108e+01 -3.8992e+00 +2.0600e+00
3537 0 +3.040495549e-05 +3.718003040e+01 +3.718003040e+01 -3.8992e+00 +2.0600e+00
3561 0 +2.877803713e-05 +3.718002878e+01 +3.718002878e+01 -3.8992e+00 +2.0600e+00
3784 0 +1.048157188e-05 +3.718001048e+01 +3.718001048e+01 -3.8992e+00 +2.0600e+00
4020 0 +5.682639284e-06 +3.718000568e+01 +3.718000568e+01 -3.8992e+00 +2.0600e+00
4139 0 +4.860589911e-06 +3.718000486e+01 +3.718000486e+01 -3.8992e+00 +2.0600e+00
4200 0 +2.477946168e-06 +3.718000248e+01 +3.718000248e+01 -3.8992e+00 +2.0600e+00
4467 0 +6.782312738e-07 +3.718000068e+01 +3.718000068e+01 -3.8992e+00 +2.0600e+00
5042 0 +3.221578098e-07 +3.718000032e+01 +3.718000032e+01 -3.8992e+00 +2.0600e+00
5378 0 +2.774978398e-07 +3.718000028e+01 +3.718000028e+01 -3.8992e+00 +2.0600e+00
5556 0 +2.286448719e-07 +3.718000023e+01 +3.718000023e+01 -3.8992e+00 +2.0600e+00
5605 0 +1.601268025e-07 +3.718000016e+01 +3.718000016e+01 -3.8992e+00 +2.0600e+00
5665 0 +5.557316740e-08 +3.718000006e+01 +3.718000006e+01 -3.8992e+00 +2.0600e+00
5784 0 +2.215526251e-08 +3.718000002e+01 +3.718000002e+01 -3.8992e+00 +2.0600e+00
6007 0 +1.215263268e-08 +3.718000001e+01 +3.718000001e+01 -3.8992e+00 +2.0600e+00
6128 0 +3.984553132e-09 +3.718000000e+01 +3.718000000e+01 -3.8992e+00 +2.0600e+00
7777 0 +4.263256415e-13 +3.718000000e+01 +3.718000000e+01 -3.8992e+00 +2.0600e+00
8040 0 +3.694822226e-13 +3.718000000e+01 +3.718000000e+01 -3.8992e+00 +2.0600e+00
% f evaluations | g evaluations | best noise-free fitness - Fopt (-1.479000000000e+02) + sum g_i+ | measured fitness | best measured fitness or single-digit g-values | x1 | x2...
1 0 +3.594215757e+02 +2.115215757e+02 +2.115215757e+02 +2.9654e+00 -3.1657e+00
3 0 +1.080120209e+02 -3.988797910e+01 -3.988797910e+01 -5.4167e-01 -4.0003e+00
4 0 +2.942053202e+01 -1.184794680e+02 -1.184794680e+02 -4.0751e-01 -1.6629e+00
6 0 +2.044357011e+01 -1.274564299e+02 -1.274564299e+02 -4.4359e+00 +2.2200e+00
20 0 +1.764602058e+01 -1.302539794e+02 -1.302539794e+02 -2.5897e+00 +1.8326e+00
64 0 +1.017475978e+01 -1.377252402e+02 -1.377252402e+02 -2.5226e+00 +5.6838e-01
72 0 +8.572255314e+00 -1.393277447e+02 -1.393277447e+02 +8.1420e-01 -2.6723e+00
151 0 +7.404066199e+00 -1.404959338e+02 -1.404959338e+02 +8.9513e-02 -1.6437e+00
184 0 +2.223499281e+00 -1.456765007e+02 -1.456765007e+02 -2.5226e+00 +9.4107e-01
503 0 +1.188143227e+00 -1.467118568e+02 -1.467118568e+02 -1.3581e+00 -1.2029e-01
517 0 +1.077717871e+00 -1.468222821e+02 -1.468222821e+02 -2.0073e+00 +5.1736e-01
635 0 +8.899853131e-01 -1.470100147e+02 -1.470100147e+02 -2.1084e+00 +5.6005e-01
661 0 +6.079441964e-01 -1.472920558e+02 -1.472920558e+02 -1.7670e+00 +2.5533e-01
677 0 +5.352291294e-01 -1.473647709e+02 -1.473647709e+02 -1.9487e+00 +4.3375e-01
972 0 +4.876580563e-01 -1.474123419e+02 -1.474123419e+02 -1.9103e+00 +3.7129e-01
1190 0 +3.415083029e-01 -1.475584917e+02 -1.475584917e+02 -1.8310e+00 +2.9306e-01
1208 0 +2.581095270e-01 -1.476418905e+02 -1.476418905e+02 -1.5793e+00 +5.2594e-02
1267 0 +6.202307007e-02 -1.478379769e+02 -1.478379769e+02 -1.6434e+00 +1.1521e-01
1480 0 +6.126626978e-02 -1.478387337e+02 -1.478387337e+02 -1.6514e+00 +1.2182e-01
1565 0 +5.942527483e-02 -1.478405747e+02 -1.478405747e+02 -1.6363e+00 +1.0926e-01
1720 0 +5.762108032e-02 -1.478423789e+02 -1.478423789e+02 -1.6516e+00 +1.2194e-01
1992 0 +4.012466480e-02 -1.478598753e+02 -1.478598753e+02 -1.6479e+00 +1.1661e-01
2052 0 +3.239959903e-02 -1.478676004e+02 -1.478676004e+02 -1.6479e+00 +1.1536e-01
2082 0 +3.021098972e-02 -1.478697890e+02 -1.478697890e+02 -1.6757e+00 +1.3981e-01
2112 0 +2.924825838e-02 -1.478707517e+02 -1.478707517e+02 -1.6562e+00 +1.2310e-01
2438 0 +4.610413005e-03 -1.478953896e+02 -1.478953896e+02 -1.6714e+00 +1.3623e-01
2801 0 +4.483445927e-03 -1.478955166e+02 -1.478955166e+02 -1.6714e+00 +1.3624e-01
2977 0 +4.031826337e-03 -1.478959682e+02 -1.478959682e+02 -1.6691e+00 +1.3406e-01
3135 0 +3.771183386e-03 -1.478962288e+02 -1.478962288e+02 -1.6723e+00 +1.3724e-01
3168 0 +1.880990971e-03 -1.478981190e+02 -1.478981190e+02 -1.6703e+00 +1.3514e-01
3334 0 +1.146631754e-03 -1.478988534e+02 -1.478988534e+02 -1.6700e+00 +1.3487e-01
3438 0 +1.027046277e-03 -1.478989730e+02 -1.478989730e+02 -1.6702e+00 +1.3496e-01
3441 0 +9.831334612e-04 -1.478990169e+02 -1.478990169e+02 -1.6711e+00 +1.3587e-01
3725 0 +2.455730611e-04 -1.478997544e+02 -1.478997544e+02 -1.6703e+00 +1.3507e-01
4121 0 +1.085005943e-04 -1.478998915e+02 -1.478998915e+02 -1.6704e+00 +1.3520e-01
4203 0 +3.357958073e-05 -1.478999664e+02 -1.478999664e+02 -1.6704e+00 +1.3520e-01
4452 0 +2.960300426e-05 -1.478999704e+02 -1.478999704e+02 -1.6704e+00 +1.3520e-01
4614 0 +2.890952129e-05 -1.478999711e+02 -1.478999711e+02 -1.6704e+00 +1.3521e-01
4841 0 +2.038673301e-06 -1.478999980e+02 -1.478999980e+02 -1.6704e+00 +1.3520e-01
5355 0 +1.358350971e-06 -1.478999986e+02 -1.478999986e+02 -1.6704e+00 +1.3520e-01
5515 0 +1.273887392e-06 -1.478999987e+02 -1.478999987e+02 -1.6704e+00 +1.3520e-01
5609 0 +6.661184955e-07 -1.478999993e+02 -1.478999993e+02 -1.6704e+00 +1.3520e-01
6041 0 +6.259635938e-07 -1.478999994e+02 -1.478999994e+02 -1.6704e+00 +1.3520e-01
6087 0 +5.757087251e-07 -1.478999994e+02 -1.478999994e+02 -1.6704e+00 +1.3520e-01
6118 0 +5.260355067e-07 -1.478999995e+02 -1.478999995e+02 -1.6704e+00 +1.3520e-01
6219 0 +4.559506976e-07 -1.478999995e+02 -1.478999995e+02 -1.6704e+00 +1.3520e-01
6309 0 +4.061953121e-07 -1.478999996e+02 -1.478999996e+02 -1.6704e+00 +1.3520e-01
6314 0 +3.865629878e-07 -1.478999996e+02 -1.478999996e+02 -1.6704e+00 +1.3520e-01
6324 0 +3.312495949e-07 -1.478999997e+02 -1.478999997e+02 -1.6704e+00 +1.3520e-01
6363 0 +1.340780784e-07 -1.478999999e+02 -1.478999999e+02 -1.6704e+00 +1.3520e-01
6543 0 +1.234550666e-07 -1.478999999e+02 -1.478999999e+02 -1.6704e+00 +1.3520e-01
6644 0 +9.296846315e-08 -1.478999999e+02 -1.478999999e+02 -1.6704e+00 +1.3520e-01
6848 0 +6.607146474e-08 -1.478999999e+02 -1.478999999e+02 -1.6704e+00 +1.3520e-01
6876 0 +6.472552627e-08 -1.478999999e+02 -1.478999999e+02 -1.6704e+00 +1.3520e-01
6890 0 +2.043100267e-08 -1.479000000e+02 -1.479000000e+02 -1.6704e+00 +1.3520e-01
6956 0 +1.870060373e-08 -1.479000000e+02 -1.479000000e+02 -1.6704e+00 +1.3520e-01
7069 0 +1.300938379e-08 -1.479000000e+02 -1.479000000e+02 -1.6704e+00 +1.3520e-01
7105 0 +8.277794450e-09 -1.479000000e+02 -1.479000000e+02 -1.6704e+00 +1.3520e-01
8040 0 +9.350742403e-12 -1.479000000e+02 -1.479000000e+02 -1.6704e+00 +1.3520e-01
% f evaluations | g evaluations | best noise-free fitness - Fopt (-2.218900000000e+02) + sum g_i+ | measured fitness | best measured fitness or single-digit g-values | x1 | x2...
1 0 +1.152943662e+03 +9.310536616e+02 +9.310536616e+02 +2.9654e+00 -3.1657e+00
2 0 +4.572251287e+02 +2.353351287e+02 +2.353351287e+02 +2.7969e+00 +9.6850e-01
3 0 +1.121627725e+02 -1.097272275e+02 -1.097272275e+02 -5.4167e-01 -4.0003e+00
10 0 +1.238890378e+01 -2.095010962e+02 -2.095010962e+02 -4.7694e+00 +2.4775e-01
76 0 +6.452121569e+00 -2.154378784e+02 -2.154378784e+02 -1.7694e+00 -1.2757e+00
136 0 +6.084582006e+00 -2.158054180e+02 -2.158054180e+02 -2.0752e+00 -8.8733e-01
164 0 +5.832353599e+00 -2.160576464e+02 -2.160576464e+02 -3.6163e+00 +1.8174e-01
175 0 +4.227425507e+00 -2.176625745e+02 -2.176625745e+02 -3.4507e+00 -1.4549e-02
204 0 +7.762980772e-01 -2.211137019e+02 -2.211137019e+02 -3.5245e+00 +8.2421e-02
264 0 +7.600027954e-01 -2.211299972e+02 -2.211299972e+02 -3.5243e+00 +8.2421e-02
488 0 +2.659850697e-01 -2.216240149e+02 -2.216240149e+02 -3.8055e+00 +1.9302e-01
809 0 +4.985598024e-02 -2.218401440e+02 -2.218401440e+02 -3.9370e+00 +2.4395e-01
1253 0 +4.880330646e-02 -2.218411967e+02 -2.218411967e+02 -3.9351e+00 +2.4310e-01
1289 0 +8.686580468e-03 -2.218813134e+02 -2.218813134e+02 -3.9368e+00 +2.4493e-01
1612 0 +6.145469615e-03 -2.218838545e+02 -2.218838545e+02 -3.9422e+00 +2.4741e-01
1861 0 +4.115798430e-03 -2.218858842e+02 -2.218858842e+02 -3.9427e+00 +2.4783e-01
1961 0 +3.792006457e-03 -2.218862080e+02 -2.218862080e+02 -3.9461e+00 +2.4949e-01
2236 0 +3.063062608e-03 -2.218869369e+02 -2.218869369e+02 -3.9419e+00 +2.4726e-01
2332 0 +1.123183803e-03 -2.218888768e+02 -2.218888768e+02 -3.9433e+00 +2.4806e-01
2411 0 +1.029727053e-03 -2.218889703e+02 -2.218889703e+02 -3.9428e+00 +2.4783e-01
2514 0 +4.118535104e-04 -2.218895881e+02 -2.218895881e+02 -3.9432e+00 +2.4801e-01
2741 0 +2.411144051e-04 -2.218897589e+02 -2.218897589e+02 -3.9433e+00 +2.4805e-01
2867 0 +2.299215671e-04 -2.218897701e+02 -2.218897701e+02 -3.9430e+00 +2.4790e-01
2957 0 +8.495598109e-05 -2.218899150e+02 -2.218899150e+02 -3.9432e+00 +2.4802e-01
3078 0 +3.211533215e-05 -2.218899679e+02 -2.218899679e+02 -3.9432e+00 +2.4800e-01
3274 0 +3.068101105e-05 -2.218899693e+02 -2.218899693e+02 -3.9432e+00 +2.4800e-01
3418 0 +2.981672500e-05 -2.218899702e+02 -2.218899702e+02 -3.9432e+00 +2.4800e-01
3437 0 +2.890995907e-05 -2.218899711e+02 -2.218899711e+02 -3.9432e+00 +2.4800e-01
3804 0 +1.877667117e-05 -2.218899812e+02 -2.218899812e+02 -3.9432e+00 +2.4800e-01
3825 0 +1.827940733e-05 -2.218899817e+02 -2.218899817e+02 -3.9432e+00 +2.4800e-01
3962 0 +8.656714527e-06 -2.218899913e+02 -2.218899913e+02 -3.9432e+00 +2.4800e-01
4112 0 +7.275702387e-06 -2.218899927e+02 -2.218899927e+02 -3.9432e+00 +2.4800e-01
4166 0 +3.698984216e-06 -2.218899963e+02 -2.218899963e+02 -3.9432e+00 +2.4800e-01
4185 0 +7.791273902e-07 -2.218899992e+02 -2.218899992e+02 -3.9432e+00 +2.4800e-01
4706 0 +7.119052441e-07 -2.218899993e+02 -2.218899993e+02 -3.9432e+00 +2.4800e-01
4760 0 +6.725210540e-07 -2.218899993e+02 -2.218899993e+02 -3.9432e+00 +2.4800e-01
4784 0 +5.086408521e-07 -2.218899995e+02 -2.218899995e+02 -3.9432e+00 +2.4800e-01
4860 0 +1.540710173e-07 -2.218899998e+02 -2.218899998e+02 -3.9432e+00 +2.4800e-01
5399 0 +1.453268510e-07 -2.218899999e+02 -2.218899999e+02 -3.9432e+00 +2.4800e-01
5492 0 +1.178150910e-07 -2.218899999e+02 -2.218899999e+02 -3.9432e+00 +2.4800e-01
5535 0 +6.352598803e-08 -2.218899999e+02 -2.218899999e+02 -3.9432e+00 +2.4800e-01
5667 0 +5.729620511e-08 -2.218899999e+02 -2.218899999e+02 -3.9432e+00 +2.4800e-01
5697 0 +5.195286690e-08 -2.218899999e+02 -2.218899999e+02 -3.9432e+00 +2.4800e-01
5797 0 +3.080432975e-08 -2.218900000e+02 -2.218900000e+02 -3.9432e+00 +2.4800e-01
5840 0 +7.948983693e-09 -2.218900000e+02 -2.218900000e+02 -3.9432e+00 +2.4800e-01
7360 0 +8.526512829e-13 -2.218900000e+02 -2.218900000e+02 -3.9432e+00 +2.4800e-01
8040 0 +8.526512829e-14 -2.218900000e+02 -2.218900000e+02 -3.9432e+00 +2.4800e-01
% f evaluations | g evaluations | best noise-free fitness - Fopt (1.195400000000e+02) + sum g_i+ | measured fitness | best measured fitness or single-digit g-values | x1 | x2...
1 0 +3.373170928e+02 +4.568570928e+02 +4.568570928e+02 +2.9654e+00 -3.1657e+00
2 0 +1.568949094e+01 +1.352294909e+02 +1.352294909e+02 +2.7969e+00 +9.6850e-01
5 0 +9.594333932e+00 +1.291343339e+02 +1.291343339e+02 -3.5713e+00 +1.5089e+00
92 0 +6.099208800e+00 +1.256392088e+02 +1.256392088e+02 +4.6635e-01 +9.6850e-01
179 0 +4.295078369e+00 +1.238350784e+02 +1.238350784e+02 -6.2250e-01 +1.2465e+00
182 0 +2.642328284e+00 +1.221823283e+02 +1.221823283e+02 +4.6635e-01 +9.8526e-01
242 0 +2.453852536e+00 +1.219938525e+02 +1.219938525e+02 +3.5861e+00 +5.6685e-01
247 0 +2.358368959e+00 +1.218983690e+02 +1.218983690e+02 +1.8557e+00 +8.6460e-01
282 0 +1.226559436e+00 +1.207665594e+02 +1.207665594e+02 +7.6944e-01 +1.0100e+00
378 0 +1.027562747e+00 +1.205675627e+02 +1.205675627e+02 +2.0949e+00 +8.8275e-01
432 0 +7.519592639e-01 +1.202919593e+02 +1.202919593e+02 +8.1270e-01 +9.8132e-01
516 0 +5.446760067e-01 +1.200846760e+02 +1.200846760e+02 +1.4871e+00 +8.7726e-01
551 0 +3.799321277e-01 +1.199199321e+02 +1.199199321e+02 +1.4981e+00 +8.8414e-01
610 0 +1.968419696e-01 +1.197368420e+02 +1.197368420e+02 +1.3531e+00 +9.0129e-01
790 0 +1.044005360e-01 +1.196444005e+02 +1.196444005e+02 +1.3370e+00 +9.0294e-01
1179 0 +8.495051147e-02 +1.196249505e+02 +1.196249505e+02 +1.3815e+00 +9.0314e-01
1389 0 +5.861939823e-02 +1.195986194e+02 +1.195986194e+02 +1.3715e+00 +9.0314e-01
1692 0 +3.325836448e-02 +1.195732584e+02 +1.195732584e+02 +1.2993e+00 +9.1157e-01
1886 0 +3.208327334e-02 +1.195720833e+02 +1.195720833e+02 +1.3495e+00 +9.0625e-01
1961 0 +2.544962980e-02 +1.195654496e+02 +1.195654496e+02 +1.3105e+00 +9.0983e-01
2074 0 +1.914368593e-02 +1.195591437e+02 +1.195591437e+02 +1.3195e+00 +9.0856e-01
2157 0 +1.098617158e-02 +1.195509862e+02 +1.195509862e+02 +1.3236e+00 +9.0793e-01
2244 0 +1.048049400e-02 +1.195504805e+02 +1.195504805e+02 +1.3217e+00 +9.0832e-01
2300 0 +3.154672954e-03 +1.195431547e+02 +1.195431547e+02 +1.3213e+00 +9.0857e-01
2840 0 +3.050459183e-03 +1.195430505e+02 +1.195430505e+02 +1.3213e+00 +9.0857e-01
3247 0 +1.291652062e-03 +1.195412917e+02 +1.195412917e+02 +1.3203e+00 +9.0863e-01
3307 0 +1.147927987e-03 +1.195411479e+02 +1.195411479e+02 +1.3203e+00 +9.0863e-01
3467 0 +9.844040987e-04 +1.195409844e+02 +1.195409844e+02 +1.3198e+00 +9.0873e-01
3746 0 +6.681537488e-04 +1.195406682e+02 +1.195406682e+02 +1.3193e+00 +9.0880e-01
3818 0 +3.191461178e-04 +1.195403191e+02 +1.195403191e+02 +1.3192e+00 +9.0880e-01
3876 0 +2.325581389e-04 +1.195402326e+02 +1.195402326e+02 +1.3192e+00 +9.0880e-01
4261 0 +1.146576269e-04 +1.195401147e+02 +1.195401147e+02 +1.3192e+00 +9.0880e-01
4352 0 +9.572064832e-05 +1.195400957e+02 +1.195400957e+02 +1.3192e+00 +9.0879e-01
4436 0 +2.897485044e-05 +1.195400290e+02 +1.195400290e+02 +1.3192e+00 +9.0880e-01
4718 0 +5.294123298e-06 +1.195400053e+02 +1.195400053e+02 +1.3192e+00 +9.0880e-01
5326 0 +4.689246325e-06 +1.195400047e+02 +1.195400047e+02 +1.3192e+00 +9.0880e-01
5452 0 +4.284675398e-06 +1.195400043e+02 +1.195400043e+02 +1.3192e+00 +9.0880e-01
5505 0 +1.208693661e-06 +1.195400012e+02 +1.195400012e+02 +1.3192e+00 +9.0880e-01
5569 0 +6.973764783e-07 +1.195400007e+02 +1.195400007e+02 +1.3192e+00 +9.0880e-01
5985 0 +6.545325135e-07 +1.195400007e+02 +1.195400007e+02 +1.3192e+00 +9.0880e-01
6042 0 +5.681979758e-07 +1.195400006e+02 +1.195400006e+02 +1.3192e+00 +9.0880e-01
6052 0 +4.307741079e-07 +1.195400004e+02 +1.195400004e+02 +1.3192e+00 +9.0880e-01
6328 0 +2.974383904e-07 +1.195400003e+02 +1.195400003e+02 +1.3192e+00 +9.0880e-01
6418 0 +2.851520691e-07 +1.195400003e+02 +1.195400003e+02 +1.3192e+00 +9.0880e-01
6486 0 +1.023093574e-07 +1.195400001e+02 +1.195400001e+02 +1.3192e+00 +9.0880e-01
6652 0 +8.548038011e-08 +1.195400001e+02 +1.195400001e+02 +1.3192e+00 +9.0880e-01
6676 0 +3.931853598e-08 +1.195400000e+02 +1.195400000e+02 +1.3192e+00 +9.0880e-01
6822 0 +2.135264765e-08 +1.195400000e+02 +1.195400000e+02 +1.3192e+00 +9.0880e-01
6963 0 +2.085921835e-08 +1.195400000e+02 +1.195400000e+02 +1.3192e+00 +9.0880e-01
6994 0 +7.433982319e-09 +1.195400000e+02 +1.195400000e+02 +1.3192e+00 +9.0880e-01
8040 0 +9.156053693e-11 +1.195400000e+02 +1.195400000e+02 +1.3192e+00 +9.0880e-01
% f evaluations | g evaluations | best noise-free fitness - Fopt (6.983000000000e+01) + sum g_i+ | measured fitness | best measured fitness or single-digit g-values | x1 | x2...
1 0 +1.551860277e+01 +8.534860277e+01 +8.534860277e+01 +2.9654e+00 -3.1657e+00
22 0 +1.255437900e+01 +8.238437900e+01 +8.238437900e+01 -3.2664e+00 -1.0894e+00
64 0 +8.142404697e+00 +7.797240470e+01 +7.797240470e+01 -1.4331e+00 -1.6629e+00
82 0 +7.231284290e-01 +7.055312843e+01 +7.055312843e+01 -2.4059e+00 -1.5615e+00
553 0 +5.766660613e-02 +6.988766661e+01 +6.988766661e+01 -2.8311e+00 -1.4631e+00
1073 0 +4.327676324e-02 +6.987327676e+01 +6.987327676e+01 -2.8806e+00 -1.4537e+00
1555 0 +1.698315307e-02 +6.984698315e+01 +6.984698315e+01 -2.8675e+00 -1.4551e+00
1615 0 +1.515989590e-02 +6.984515990e+01 +6.984515990e+01 -2.8707e+00 -1.4551e+00
1675 0 +1.500718787e-02 +6.984500719e+01 +6.984500719e+01 -2.8707e+00 -1.4551e+00
1829 0 +8.791510099e-03 +6.983879151e+01 +6.983879151e+01 -2.8737e+00 -1.4545e+00
1948 0 +7.730462135e-03 +6.983773046e+01 +6.983773046e+01 -2.8738e+00 -1.4545e+00
2138 0 +7.259648272e-03 +6.983725965e+01 +6.983725965e+01 -2.8646e+00 -1.4562e+00
2371 0 +1.111028652e-03 +6.983111103e+01 +6.983111103e+01 -2.8667e+00 -1.4558e+00
2551 0 +1.053707566e-03 +6.983105371e+01 +6.983105371e+01 -2.8667e+00 -1.4558e+00
2716 0 +1.004474892e-03 +6.983100447e+01 +6.983100447e+01 -2.8667e+00 -1.4558e+00
2790 0 +9.870894718e-04 +6.983098709e+01 +6.983098709e+01 -2.8665e+00 -1.4558e+00
2932 0 +4.263040782e-04 +6.983042630e+01 +6.983042630e+01 -2.8659e+00 -1.4559e+00
2999 0 +3.065452020e-04 +6.983030655e+01 +6.983030655e+01 -2.8655e+00 -1.4560e+00
3029 0 +9.026977237e-05 +6.983009027e+01 +6.983009027e+01 -2.8656e+00 -1.4560e+00
3722 0 +2.935333838e-05 +6.983002935e+01 +6.983002935e+01 -2.8656e+00 -1.4560e+00
3819 0 +2.878356398e-05 +6.983002878e+01 +6.983002878e+01 -2.8656e+00 -1.4560e+00
3966 0 +1.541653377e-05 +6.983001542e+01 +6.983001542e+01 -2.8656e+00 -1.4560e+00
4146 0 +1.450396317e-05 +6.983001450e+01 +6.983001450e+01 -2.8656e+00 -1.4560e+00
4262 0 +1.141316575e-05 +6.983001141e+01 +6.983001141e+01 -2.8656e+00 -1.4560e+00
4484 0 +1.032947002e-05 +6.983001033e+01 +6.983001033e+01 -2.8656e+00 -1.4560e+00
4528 0 +2.031601639e-06 +6.983000203e+01 +6.983000203e+01 -2.8656e+00 -1.4560e+00
4593 0 +5.245967998e-07 +6.983000052e+01 +6.983000052e+01 -2.8656e+00 -1.4560e+00
4803 0 +4.020229909e-07 +6.983000040e+01 +6.983000040e+01 -2.8656e+00 -1.4560e+00
5242 0 +2.490989317e-07 +6.983000025e+01 +6.983000025e+01 -2.8656e+00 -1.4560e+00
5324 0 +2.333863023e-07 +6.983000023e+01 +6.983000023e+01 -2.8656e+00 -1.4560e+00
5403 0 +1.025784684e-07 +6.983000010e+01 +6.983000010e+01 -2.8656e+00 -1.4560e+00
5561 0 +8.980333632e-08 +6.983000009e+01 +6.983000009e+01 -2.8656e+00 -1.4560e+00
5772 0 +8.165444854e-08 +6.983000008e+01 +6.983000008e+01 -2.8656e+00 -1.4560e+00
5855 0 +2.470810045e-08 +6.983000002e+01 +6.983000002e+01 -2.8656e+00 -1.4560e+00
5885 0 +7.163052373e-09 +6.983000001e+01 +6.983000001e+01 -2.8656e+00 -1.4560e+00
8040 0 +1.008970685e-12 +6.983000000e+01 +6.983000000e+01 -2.8656e+00 -1.4560e+00
% f evaluations | g evaluations | best noise-free fitness - Fopt (7.000000000000e-02) + sum g_i+ | measured fitness | best measured fitness or single-digit g-values | x1 | x2...
1 0 +1.021559569e+02 +1.022259569e+02 +1.022259569e+02 +2.9654e+00 -3.1657e+00
2 0 +4.961927285e+01 +4.968927285e+01 +4.968927285e+01 +2.7969e+00 +9.6850e-01
7 0 +1.685249519e+01 +1.692249519e+01 +1.692249519e+01 +4.3855e+00 -4.9922e+00
63 0 +6.985690438e+00 +7.055690438e+00 +7.055690438e+00 +4.6807e+00 -4.6615e+00
97 0 +4.114239268e+00 +4.184239268e+00 +4.184239268e+00 +4.9582e+00 -4.8000e+00
162 0 +3.570209290e+00 +3.640209290e+00 +3.640209290e+00 +4.7376e+00 -4.5770e+00
180 0 +3.088781980e+00 +3.158781980e+00 +3.158781980e+00 +3.5165e+00 -1.2184e+00
194 0 +2.506924025e+00 +2.576924025e+00 +2.576924025e+00 +3.5787e+00 -1.3466e+00
241 0 +1.508417873e+00 +1.578417873e+00 +1.578417873e+00 +3.8956e+00 -2.3314e+00
313 0 +1.095449675e+00 +1.165449675e+00 +1.165449675e+00 +3.3854e+00 -1.1378e+00
412 0 +7.769601428e-01 +8.469601428e-01 +8.469601428e-01 +3.7444e+00 -1.9887e+00
481 0 +6.649320265e-01 +7.349320265e-01 +7.349320265e-01 +3.8319e+00 -2.1838e+00
592 0 +4.755569663e-01 +5.455569663e-01 +5.455569663e-01 +3.7334e+00 -1.9887e+00
686 0 +3.339462796e-01 +4.039462796e-01 +4.039462796e-01 +3.7076e+00 -1.9250e+00
862 0 +1.756846561e-01 +2.456846561e-01 +2.456846561e-01 +3.7334e+00 -1.9906e+00
1273 0 +1.611229159e-01 +2.311229159e-01 +2.311229159e-01 +3.7226e+00 -1.9297e+00
1309 0 +1.002963356e-01 +1.702963356e-01 +1.702963356e-01 +3.7333e+00 -1.9853e+00
1360 0 +8.928678325e-02 +1.592867833e-01 +1.592867833e-01 +3.7420e+00 -1.9977e+00
1575 0 +7.710712159e-02 +1.471071216e-01 +1.471071216e-01 +3.7332e+00 -1.9705e+00
1646 0 +5.784766190e-02 +1.278476619e-01 +1.278476619e-01 +3.7160e+00 -1.9231e+00
1729 0 +3.334156056e-02 +1.033415606e-01 +1.033415606e-01 +3.7460e+00 -2.0071e+00
1774 0 +1.958982139e-02 +8.958982139e-02 +8.958982139e-02 +3.7411e+00 -1.9960e+00
2104 0 +3.288486079e-03 +7.328848608e-02 +7.328848608e-02 +3.7401e+00 -1.9952e+00
2536 0 +3.053022680e-03 +7.305302268e-02 +7.305302268e-02 +3.7402e+00 -1.9953e+00
2776 0 +2.046773690e-03 +7.204677369e-02 +7.204677369e-02 +3.7406e+00 -1.9964e+00
2976 0 +9.848275776e-04 +7.098482758e-02 +7.098482758e-02 +3.7404e+00 -1.9959e+00
3146 0 +2.876060591e-04 +7.028760606e-02 +7.028760606e-02 +3.7407e+00 -1.9966e+00
3519 0 +2.310435515e-04 +7.023104355e-02 +7.023104355e-02 +3.7408e+00 -1.9968e+00
3675 0 +1.509521192e-04 +7.015095212e-02 +7.015095212e-02 +3.7408e+00 -1.9968e+00
3885 0 +1.165129574e-04 +7.011651296e-02 +7.011651296e-02 +3.7408e+00 -1.9968e+00
3912 0 +2.889487133e-05 +7.002889487e-02 +7.002889487e-02 +3.7408e+00 -1.9968e+00
4446 0 +2.877831765e-05 +7.002877832e-02 +7.002877832e-02 +3.7408e+00 -1.9968e+00
4518 0 +2.422617747e-05 +7.002422618e-02 +7.002422618e-02 +3.7408e+00 -1.9968e+00
4604 0 +3.809356040e-06 +7.000380936e-02 +7.000380936e-02 +3.7408e+00 -1.9968e+00
4922 0 +2.612177343e-06 +7.000261218e-02 +7.000261218e-02 +3.7408e+00 -1.9968e+00
5012 0 +1.253683961e-06 +7.000125368e-02 +7.000125368e-02 +3.7408e+00 -1.9968e+00
5063 0 +7.241554793e-07 +7.000072416e-02 +7.000072416e-02 +3.7408e+00 -1.9968e+00
5369 0 +6.557772088e-07 +7.000065578e-02 +7.000065578e-02 +3.7408e+00 -1.9968e+00
5383 0 +4.662541250e-07 +7.000046625e-02 +7.000046625e-02 +3.7408e+00 -1.9968e+00
5635 0 +2.688817059e-07 +7.000026888e-02 +7.000026888e-02 +3.7408e+00 -1.9968e+00
5879 0 +1.349284117e-07 +7.000013493e-02 +7.000013493e-02 +3.7408e+00 -1.9968e+00
5943 0 +2.649323999e-08 +7.000002649e-02 +7.000002649e-02 +3.7408e+00 -1.9968e+00
6025 0 +1.724993931e-08 +7.000001725e-02 +7.000001725e-02 +3.7408e+00 -1.9968e+00
6302 0 +7.605550759e-09 +7.000000761e-02 +7.000000761e-02 +3.7408e+00 -1.9968e+00
7791 0 +2.041700142e-13 +7.000000000e-02 +7.000000000e-02 +3.7408e+00 -1.9968e+00
8040 0 +2.041700142e-13 +7.000000000e-02 +7.000000000e-02 +3.7408e+00 -1.9968e+00
% f evaluations | g evaluations | best noise-free fitness - Fopt (4.960000000000e+00) + sum g_i+ | measured fitness | best measured fitness or single-digit g-values | x1 | x2...
1 0 +4.181978783e+02 +4.231578783e+02 +4.231578783e+02 +2.9654e+00 -3.1657e+00
2 0 +3.962575659e+01 +4.458575659e+01 +4.458575659e+01 +2.7969e+00 +9.6850e-01
7 0 +1.684928113e+01 +2.180928113e+01 +2.180928113e+01 +4.3855e+00 -4.9922e+00
36 0 +1.256690832e+01 +1.752690832e+01 +1.752690832e+01 +1.7566e+00 +3.0862e+00
56 0 +8.068984957e+00 +1.302898496e+01 +1.302898496e+01 +4.6326e+00 -5.0246e-01
72 0 +4.276908832e+00 +9.236908832e+00 +9.236908832e+00 +3.0885e+00 +2.1701e+00
118 0 +3.288718879e+00 +8.248718879e+00 +8.248718879e+00 +4.2968e+00 +1.8113e-01
215 0 +2.690262405e+00 +7.650262405e+00 +7.650262405e+00 +3.6621e+00 +1.5047e+00
274 0 +4.377722716e-01 +5.397772272e+00 +5.397772272e+00 +3.2336e+00 +1.8313e+00
610 0 +3.034783701e-01 +5.263478370e+00 +5.263478370e+00 +3.3358e+00 +1.7513e+00
821 0 +1.027477214e-01 +5.062747721e+00 +5.062747721e+00 +3.3128e+00 +1.7679e+00
958 0 +9.847747093e-02 +5.058477471e+00 +5.058477471e+00 +3.2070e+00 +1.8811e+00
1061 0 +6.139946512e-02 +5.021399465e+00 +5.021399465e+00 +3.3159e+00 +1.7679e+00
1241 0 +4.206901108e-02 +5.002069011e+00 +5.002069011e+00 +3.2584e+00 +1.8211e+00
1378 0 +3.902630055e-02 +4.999026301e+00 +4.999026301e+00 +3.2477e+00 +1.8331e+00
1507 0 +1.657363559e-02 +4.976573636e+00 +4.976573636e+00 +3.2644e+00 +1.8136e+00
1836 0 +1.416100957e-02 +4.974161010e+00 +4.974161010e+00 +3.2631e+00 +1.8146e+00
1951 0 +9.704448788e-03 +4.969704449e+00 +4.969704449e+00 +3.2640e+00 +1.8140e+00
1981 0 +9.163312208e-03 +4.969163312e+00 +4.969163312e+00 +3.2638e+00 +1.8141e+00
2011 0 +8.384580251e-03 +4.968384580e+00 +4.968384580e+00 +3.2640e+00 +1.8139e+00
2277 0 +3.517032588e-03 +4.963517033e+00 +4.963517033e+00 +3.2589e+00 +1.8190e+00
2500 0 +3.161691731e-03 +4.963161692e+00 +4.963161692e+00 +3.2619e+00 +1.8158e+00
2737 0 +3.027543233e-03 +4.963027543e+00 +4.963027543e+00 +3.2602e+00 +1.8173e+00
2785 0 +2.359809599e-04 +4.960235981e+00 +4.960235981e+00 +3.2601e+00 +1.8175e+00
3606 0 +2.303531763e-04 +4.960230353e+00 +4.960230353e+00 +3.2601e+00 +1.8175e+00
4284 0 +7.749141165e-05 +4.960077491e+00 +4.960077491e+00 +3.2600e+00 +1.8176e+00
4309 0 +7.575073683e-05 +4.960075751e+00 +4.960075751e+00 +3.2600e+00 +1.8176e+00
4345 0 +4.074445212e-05 +4.960040744e+00 +4.960040744e+00 +3.2600e+00 +1.8176e+00
4440 0 +3.852838154e-05 +4.960038528e+00 +4.960038528e+00 +3.2600e+00 +1.8176e+00
4462 0 +3.681274760e-05 +4.960036813e+00 +4.960036813e+00 +3.2600e+00 +1.8176e+00
4510 0 +2.926873209e-05 +4.960029269e+00 +4.960029269e+00 +3.2600e+00 +1.8176e+00
4828 0 +2.463427152e-05 +4.960024634e+00 +4.960024634e+00 +3.2600e+00 +1.8176e+00
4848 0 +5.122706759e-06 +4.960005123e+00 +4.960005123e+00 +3.2600e+00 +1.8176e+00
5100 0 +3.950957288e-06 +4.960003951e+00 +4.960003951e+00 +3.2600e+00 +1.8176e+00
5367 0 +1.010277954e-06 +4.960001010e+00 +4.960001010e+00 +3.2600e+00 +1.8176e+00
5545 0 +6.488112065e-07 +4.960000649e+00 +4.960000649e+00 +3.2600e+00 +1.8176e+00
6066 0 +6.348417845e-07 +4.960000635e+00 +4.960000635e+00 +3.2600e+00 +1.8176e+00
6085 0 +5.995459125e-07 +4.960000600e+00 +4.960000600e+00 +3.2600e+00 +1.8176e+00
6157 0 +5.411894266e-07 +4.960000541e+00 +4.960000541e+00 +3.2600e+00 +1.8176e+00
6166 0 +2.965913168e-07 +4.960000297e+00 +4.960000297e+00 +3.2600e+00 +1.8176e+00
6669 0 +7.158441750e-08 +4.960000072e+00 +4.960000072e+00 +3.2600e+00 +1.8176e+00
7137 0 +5.205069797e-08 +4.960000052e+00 +4.960000052e+00 +3.2600e+00 +1.8176e+00
7178 0 +4.015302668e-08 +4.960000040e+00 +4.960000040e+00 +3.2600e+00 +1.8176e+00
7217 0 +1.994465570e-08 +4.960000020e+00 +4.960000020e+00 +3.2600e+00 +1.8176e+00
7335 0 +1.912961789e-08 +4.960000019e+00 +4.960000019e+00 +3.2600e+00 +1.8176e+00
7427 0 +1.468381683e-08 +4.960000015e+00 +4.960000015e+00 +3.2600e+00 +1.8176e+00
7431 0 +9.724567818e-09 +4.960000010e+00 +4.960000010e+00 +3.2600e+00 +1.8176e+00
8040 0 +1.644373526e-10 +4.960000000e+00 +4.960000000e+00 +3.2600e+00 +1.8176e+00
% f evaluations | g evaluations | best noise-free fitness - Fopt (1.923000000000e+02) + sum g_i+ | measured fitness | best measured fitness or single-digit g-values | x1 | x2...
1 0 +2.647913172e+02 +4.570913172e+02 +4.570913172e+02 +2.9654e+00 -3.1657e+00
5 0 +2.639330818e+01 +2.186933082e+02 +2.186933082e+02 -3.5713e+00 +1.5089e+00
13 0 +5.351791521e+00 +1.976517915e+02 +1.976517915e+02 -4.0939e+00 +1.1839e+00
55 0 +2.458769255e+00 +1.947587693e+02 +1.947587693e+02 -3.4888e+00 +2.7771e+00
195 0 +1.453947969e+00 +1.937539480e+02 +1.937539480e+02 -3.0645e+00 +4.0260e+00
209 0 +8.853624930e-01 +1.931853625e+02 +1.931853625e+02 -2.9843e+00 +4.1029e+00
424 0 +7.491584851e-01 +1.930491585e+02 +1.930491585e+02 -3.0940e+00 +3.8278e+00
443 0 +5.260654965e-01 +1.928260655e+02 +1.928260655e+02 -3.1209e+00 +3.6201e+00
515 0 +2.847999675e-01 +1.925848000e+02 +1.925848000e+02 -3.0646e+00 +3.8211e+00
707 0 +1.595057692e-01 +1.924595058e+02 +1.924595058e+02 -2.9802e+00 +4.0947e+00
1025 0 +1.192059878e-01 +1.924192060e+02 +1.924192060e+02 -3.0320e+00 +3.9154e+00
1351 0 +1.045753431e-01 +1.924045753e+02 +1.924045753e+02 -3.0043e+00 +4.0176e+00
1366 0 +8.521476517e-02 +1.923852148e+02 +1.923852148e+02 -3.0068e+00 +4.0060e+00
1373 0 +8.867864711e-03 +1.923088679e+02 +1.923088679e+02 -3.0153e+00 +3.9736e+00
1709 0 +7.646056914e-03 +1.923076461e+02 +1.923076461e+02 -3.0134e+00 +3.9782e+00
2091 0 +3.496582589e-03 +1.923034966e+02 +1.923034966e+02 -3.0138e+00 +3.9775e+00
2348 0 +1.363175004e-03 +1.923013632e+02 +1.923013632e+02 -3.0137e+00 +3.9781e+00
2678 0 +2.369571730e-04 +1.923002370e+02 +1.923002370e+02 -3.0137e+00 +3.9782e+00
3224 0 +2.320984440e-04 +1.923002321e+02 +1.923002321e+02 -3.0135e+00 +3.9786e+00
3295 0 +2.169544863e-04 +1.923002170e+02 +1.923002170e+02 -3.0136e+00 +3.9784e+00
3584 0 +1.403355135e-04 +1.923001403e+02 +1.923001403e+02 -3.0136e+00 +3.9785e+00
3630 0 +4.335137953e-05 +1.923000434e+02 +1.923000434e+02 -3.0136e+00 +3.9784e+00
3752 0 +2.940735604e-05 +1.923000294e+02 +1.923000294e+02 -3.0136e+00 +3.9784e+00
4551 0 +6.895420228e-06 +1.923000069e+02 +1.923000069e+02 -3.0136e+00 +3.9784e+00
4734 0 +1.301004090e-06 +1.923000013e+02 +1.923000013e+02 -3.0136e+00 +3.9784e+00
4832 0 +6.452667947e-07 +1.923000006e+02 +1.923000006e+02 -3.0136e+00 +3.9784e+00
5363 0 +5.550020319e-07 +1.923000006e+02 +1.923000006e+02 -3.0136e+00 +3.9784e+00
5654 0 +4.714807176e-07 +1.923000005e+02 +1.923000005e+02 -3.0136e+00 +3.9784e+00
5755 0 +3.107101918e-07 +1.923000003e+02 +1.923000003e+02 -3.0136e+00 +3.9784e+00
5757 0 +2.636453473e-07 +1.923000003e+02 +1.923000003e+02 -3.0136e+00 +3.9784e+00
5946 0 +2.520262683e-07 +1.923000003e+02 +1.923000003e+02 -3.0136e+00 +3.9784e+00
5955 0 +1.919206909e-07 +1.923000002e+02 +1.923000002e+02 -3.0136e+00 +3.9784e+00
5977 0 +1.142405495e-07 +1.923000001e+02 +1.923000001e+02 -3.0136e+00 +3.9784e+00
6162 0 +1.043576390e-07 +1.923000001e+02 +1.923000001e+02 -3.0136e+00 +3.9784e+00
6189 0 +6.017356213e-08 +1.923000001e+02 +1.923000001e+02 -3.0136e+00 +3.9784e+00
6367 0 +4.234163953e-08 +1.923000000e+02 +1.923000000e+02 -3.0136e+00 +3.9784e+00
6439 0 +3.314087849e-08 +1.923000000e+02 +1.923000000e+02 -3.0136e+00 +3.9784e+00
6461 0 +1.754747814e-08 +1.923000000e+02 +1.923000000e+02 -3.0136e+00 +3.9784e+00
6481 0 +1.212248435e-08 +1.923000000e+02 +1.923000000e+02 -3.0136e+00 +3.9784e+00
6521 0 +6.478330761e-09 +1.923000000e+02 +1.923000000e+02 -3.0136e+00 +3.9784e+00
8040 0 +3.410605132e-12 +1.923000000e+02 +1.923000000e+02 -3.0136e+00 +3.9784e+00
% f evaluations | g evaluations | best noise-free fitness - Fopt (4.971000000000e+01) + sum g_i+ | measured fitness | best measured fitness or single-digit g-values | x1 | x2...
1 0 +7.404674337e+01 +1.237567434e+02 +1.237567434e+02 +2.9654e+00 -3.1657e+00
7 0 +6.754689201e+01 +1.172568920e+02 +1.172568920e+02 +4.3855e+00 -4.9922e+00
9 0 +2.701994263e+01 +7.672994263e+01 +7.672994263e+01 +1.1165e+00 -4.9293e+00
12 0 +1.455028273e+01 +6.426028273e+01 +6.426028273e+01 +4.7376e+00 -2.6723e+00
31 0 +1.222992548e+01 +6.193992548e+01 +6.193992548e+01 +3.0774e+00 -4.3485e+00
41 0 +1.166635350e+01 +6.137635350e+01 +6.137635350e+01 +1.2980e+00 -4.5333e+00
97 0 +8.043728061e+00 +5.775372806e+01 +5.775372806e+01 +2.9107e+00 -4.4209e+00
105 0 +6.946452411e+00 +5.665645241e+01 +5.665645241e+01 +1.7927e+00 -4.5003e+00
126 0 +4.632867730e+00 +5.434286773e+01 +5.434286773e+01 +2.9922e+00 -4.1532e+00
192 0 +1.538915122e+00 +5.124891512e+01 +5.124891512e+01 +4.9705e+00 -3.0360e+00
310 0 +1.399005536e+00 +5.110900554e+01 +5.110900554e+01 +4.1909e+00 -3.4965e+00
338 0 +1.221715125e+00 +5.093171513e+01 +5.093171513e+01 +4.4580e+00 -3.3441e+00
398 0 +2.383507880e-01 +4.994835079e+01 +4.994835079e+01 +3.7791e+00 -3.6795e+00
429 0 +1.599960771e-01 +4.986999608e+01 +4.986999608e+01 +3.5459e+00 -3.8113e+00
549 0 +1.260347930e-01 +4.983603479e+01 +4.983603479e+01 +3.6739e+00 -3.7378e+00
653 0 +6.065486750e-02 +4.977065487e+01 +4.977065487e+01 +3.7284e+00 -3.7085e+00
711 0 +5.968589624e-02 +4.976968590e+01 +4.976968590e+01 +3.6728e+00 -3.7404e+00
771 0 +5.821612200e-02 +4.976821612e+01 +4.976821612e+01 +3.6796e+00 -3.7363e+00
1060 0 +3.361932795e-02 +4.974361933e+01 +4.974361933e+01 +3.7327e+00 -3.7070e+00
1346 0 +2.011397700e-02 +4.973011398e+01 +4.973011398e+01 +3.7442e+00 -3.7020e+00
1586 0 +1.725762648e-02 +4.972725763e+01 +4.972725763e+01 +3.7436e+00 -3.7020e+00
1779 0 +1.694963985e-02 +4.972694964e+01 +4.972694964e+01 +3.7262e+00 -3.7119e+00
1830 0 +9.658497784e-03 +4.971965850e+01 +4.971965850e+01 +3.7360e+00 -3.7064e+00
1981 0 +4.570718411e-03 +4.971457072e+01 +4.971457072e+01 +3.7416e+00 -3.7034e+00
2268 0 +3.931108780e-03 +4.971393111e+01 +4.971393111e+01 +3.7407e+00 -3.7037e+00
2468 0 +3.061192287e-03 +4.971306119e+01 +4.971306119e+01 +3.7409e+00 -3.7036e+00
2573 0 +1.120446373e-03 +4.971112045e+01 +4.971112045e+01 +3.7432e+00 -3.7023e+00
2843 0 +1.038449068e-03 +4.971103845e+01 +4.971103845e+01 +3.7433e+00 -3.7024e+00
2983 0 +1.019523337e-03 +4.971101952e+01 +4.971101952e+01 +3.7424e+00 -3.7028e+00
3166 0 +9.875357919e-04 +4.971098754e+01 +4.971098754e+01 +3.7423e+00 -3.7029e+00
3296 0 +2.444115727e-04 +4.971024441e+01 +4.971024441e+01 +3.7430e+00 -3.7025e+00
3486 0 +2.208401699e-04 +4.971022084e+01 +4.971022084e+01 +3.7433e+00 -3.7024e+00
3529 0 +8.459650865e-05 +4.971008460e+01 +4.971008460e+01 +3.7432e+00 -3.7024e+00
3907 0 +3.071864084e-05 +4.971003072e+01 +4.971003072e+01 +3.7432e+00 -3.7024e+00
4079 0 +2.914068527e-05 +4.971002914e+01 +4.971002914e+01 +3.7432e+00 -3.7024e+00
4425 0 +2.883192216e-05 +4.971002883e+01 +4.971002883e+01 +3.7432e+00 -3.7024e+00
4934 0 +2.487608150e-05 +4.971002488e+01 +4.971002488e+01 +3.7432e+00 -3.7024e+00
4967 0 +2.208589440e-05 +4.971002209e+01 +4.971002209e+01 +3.7432e+00 -3.7024e+00
4992 0 +1.525004507e-06 +4.971000153e+01 +4.971000153e+01 +3.7432e+00 -3.7024e+00
5173 0 +1.172427751e-06 +4.971000117e+01 +4.971000117e+01 +3.7432e+00 -3.7024e+00
5202 0 +1.143699158e-06 +4.971000114e+01 +4.971000114e+01 +3.7432e+00 -3.7024e+00
5394 0 +9.353118671e-07 +4.971000094e+01 +4.971000094e+01 +3.7432e+00 -3.7024e+00
5429 0 +7.253192607e-07 +4.971000073e+01 +4.971000073e+01 +3.7432e+00 -3.7024e+00
5546 0 +6.468895890e-07 +4.971000065e+01 +4.971000065e+01 +3.7432e+00 -3.7024e+00
5597 0 +6.238718626e-07 +4.971000062e+01 +4.971000062e+01 +3.7432e+00 -3.7024e+00
5655 0 +4.897052222e-07 +4.971000049e+01 +4.971000049e+01 +3.7432e+00 -3.7024e+00
5862 0 +4.496708002e-07 +4.971000045e+01 +4.971000045e+01 +3.7432e+00 -3.7024e+00
5913 0 +4.152470652e-07 +4.971000042e+01 +4.971000042e+01 +3.7432e+00 -3.7024e+00
5931 0 +3.845569054e-07 +4.971000038e+01 +4.971000038e+01 +3.7432e+00 -3.7024e+00
5943 0 +3.394943704e-07 +4.971000034e+01 +4.971000034e+01 +3.7432e+00 -3.7024e+00
5970 0 +3.176177685e-07 +4.971000032e+01 +4.971000032e+01 +3.7432e+00 -3.7024e+00
5996 0 +1.975033115e-07 +4.971000020e+01 +4.971000020e+01 +3.7432e+00 -3.7024e+00
6007 0 +1.434832342e-07 +4.971000014e+01 +4.971000014e+01 +3.7432e+00 -3.7024e+00
6151 0 +8.452035161e-08 +4.971000008e+01 +4.971000008e+01 +3.7432e+00 -3.7024e+00
6218 0 +5.089896860e-08 +4.971000005e+01 +4.971000005e+01 +3.7432e+00 -3.7024e+00
6511 0 +1.790358795e-08 +4.971000002e+01 +4.971000002e+01 +3.7432e+00 -3.7024e+00
6546 0 +1.616379564e-08 +4.971000002e+01 +4.971000002e+01 +3.7432e+00 -3.7024e+00
6730 0 +1.185271969e-08 +4.971000001e+01 +4.971000001e+01 +3.7432e+00 -3.7024e+00
6824 0 +9.603759565e-09 +4.971000001e+01 +4.971000001e+01 +3.7432e+00 -3.7024e+00
8040 0 +2.437161584e-12 +4.971000000e+01 +4.971000000e+01 +3.7432e+00 -3.7024e+00
% f evaluations | g evaluations | best noise-free fitness - Fopt (2.051200000000e+02) + sum g_i+ | measured fitness | best measured fitness or single-digit g-values | x1 | x2...
1 0 +5.999357858e+01 +2.651135786e+02 +2.651135786e+02 +2.9654e+00 -3.1657e+00
9 0 +3.327549993e+01 +2.383954999e+02 +2.383954999e+02 +1.1165e+00 -4.9293e+00
14 0 +1.166228495e+01 +2.167822850e+02 +2.167822850e+02 -1.1754e+00 +4.8323e+00
18 0 +6.442006960e+00 +2.115620070e+02 +2.115620070e+02 +6.3288e-01 -1.1458e+00
103 0 +6.141881125e+00 +2.112618811e+02 +2.112618811e+02 -1.2565e+00 +4.4550e+00
223 0 +1.705596483e+00 +2.068255965e+02 +2.068255965e+02 -1.2565e+00 +4.2645e+00
263 0 +1.389029971e+00 +2.065090300e+02 +2.065090300e+02 -1.2193e+00 +4.2652e+00
368 0 +5.546319135e-01 +2.056746319e+02 +2.056746319e+02 -1.0747e+00 +3.6048e+00
592 0 +3.515320910e-01 +2.054715321e+02 +2.054715321e+02 -1.2496e+00 +4.2026e+00
982 0 +2.522754950e-01 +2.053722755e+02 +2.053722755e+02 -1.2531e+00 +4.1955e+00
1135 0 +7.218239406e-02 +2.051921824e+02 +2.051921824e+02 -1.1812e+00 +3.8786e+00
1324 0 +5.889500641e-02 +2.051788950e+02 +2.051788950e+02 -1.1746e+00 +3.8588e+00
1415 0 +3.359538401e-02 +2.051535954e+02 +2.051535954e+02 -1.1843e+00 +3.8841e+00
2009 0 +2.218240766e-02 +2.051421824e+02 +2.051421824e+02 -1.1985e+00 +3.9259e+00
2091 0 +1.692940315e-02 +2.051369294e+02 +2.051369294e+02 -1.1979e+00 +3.9228e+00
2233 0 +1.648527341e-02 +2.051364853e+02 +2.051364853e+02 -1.1912e+00 +3.9015e+00
2452 0 +1.109815600e-02 +2.051310982e+02 +2.051310982e+02 -1.1932e+00 +3.9049e+00
2540 0 +9.841493435e-04 +2.051209841e+02 +2.051209841e+02 -1.1939e+00 +3.9071e+00
3090 0 +4.513363250e-04 +2.051204513e+02 +2.051204513e+02 -1.1937e+00 +3.9067e+00
3150 0 +3.998862127e-04 +2.051203999e+02 +2.051203999e+02 -1.1937e+00 +3.9066e+00
3246 0 +1.702708131e-04 +2.051201703e+02 +2.051201703e+02 -1.1936e+00 +3.9063e+00
3326 0 +3.802566516e-05 +2.051200380e+02 +2.051200380e+02 -1.1936e+00 +3.9064e+00
3474 0 +3.515382997e-05 +2.051200352e+02 +2.051200352e+02 -1.1936e+00 +3.9064e+00
3763 0 +3.129295115e-05 +2.051200313e+02 +2.051200313e+02 -1.1936e+00 +3.9064e+00
4047 0 +2.985107525e-05 +2.051200299e+02 +2.051200299e+02 -1.1936e+00 +3.9064e+00
4048 0 +2.890599345e-05 +2.051200289e+02 +2.051200289e+02 -1.1936e+00 +3.9064e+00
4116 0 +2.878509025e-05 +2.051200288e+02 +2.051200288e+02 -1.1936e+00 +3.9064e+00
4239 0 +1.019189077e-05 +2.051200102e+02 +2.051200102e+02 -1.1936e+00 +3.9064e+00
4959 0 +7.368021954e-06 +2.051200074e+02 +2.051200074e+02 -1.1936e+00 +3.9064e+00
4984 0 +5.923349619e-06 +2.051200059e+02 +2.051200059e+02 -1.1936e+00 +3.9064e+00
5014 0 +2.351082173e-06 +2.051200024e+02 +2.051200024e+02 -1.1936e+00 +3.9064e+00
5098 0 +1.865785009e-06 +2.051200019e+02 +2.051200019e+02 -1.1936e+00 +3.9064e+00
5356 0 +1.751619152e-06 +2.051200018e+02 +2.051200018e+02 -1.1936e+00 +3.9064e+00
5436 0 +1.558210499e-06 +2.051200016e+02 +2.051200016e+02 -1.1936e+00 +3.9064e+00
5489 0 +1.409905252e-06 +2.051200014e+02 +2.051200014e+02 -1.1936e+00 +3.9064e+00
5521 0 +1.267176941e-06 +2.051200013e+02 +2.051200013e+02 -1.1936e+00 +3.9064e+00
5582 0 +1.011463695e-06 +2.051200010e+02 +2.051200010e+02 -1.1936e+00 +3.9064e+00
5588 0 +5.346034584e-07 +2.051200005e+02 +2.051200005e+02 -1.1936e+00 +3.9064e+00
5725 0 +3.849508801e-07 +2.051200004e+02 +2.051200004e+02 -1.1936e+00 +3.9064e+00
6000 0 +3.670816398e-07 +2.051200004e+02 +2.051200004e+02 -1.1936e+00 +3.9064e+00
6066 0 +6.377851491e-08 +2.051200001e+02 +2.051200001e+02 -1.1936e+00 +3.9064e+00
6366 0 +5.955115512e-08 +2.051200001e+02 +2.051200001e+02 -1.1936e+00 +3.9064e+00
6386 0 +4.075653237e-08 +2.051200000e+02 +2.051200000e+02 -1.1936e+00 +3.9064e+00
6388 0 +2.255214326e-08 +2.051200000e+02 +2.051200000e+02 -1.1936e+00 +3.9064e+00
6521 0 +1.780199455e-08 +2.051200000e+02 +2.051200000e+02 -1.1936e+00 +3.9064e+00
6632 0 +7.772484878e-09 +2.051200000e+02 +2.051200000e+02 -1.1936e+00 +3.9064e+00
8040 0 +2.842170943e-12 +2.051200000e+02 +2.051200000e+02 -1.1936e+00 +3.9064e+00
% f evaluations | g evaluations | best noise-free fitness - Fopt (-1.729000000000e+02) + sum g_i+ | measured fitness | best measured fitness or single-digit g-values | x1 | x2...
1 0 +1.885214986e+02 +1.562149862e+01 +1.562149862e+01 +2.9654e+00 -3.1657e+00
8 0 +1.473387899e+02 -2.556121010e+01 -2.556121010e+01 +4.9221e+00 +1.1748e+00
19 0 +1.031275092e+01 -1.625872491e+02 -1.625872491e+02 -4.8403e+00 -2.6911e+00
54 0 +8.120345375e+00 -1.647796546e+02 -1.647796546e+02 -2.7936e+00 -1.1638e+00
89 0 +5.211631328e+00 -1.676883687e+02 -1.676883687e+02 -7.3296e-01 +1.2309e+00
172 0 +2.835856601e+00 -1.700641434e+02 -1.700641434e+02 -3.1450e+00 -1.1360e+00
319 0 +2.464899848e+00 -1.704351002e+02 -1.704351002e+02 -2.3354e+00 -3.3022e-01
331 0 +7.652820923e-01 -1.721347179e+02 -1.721347179e+02 -2.8064e+00 -8.6821e-01
369 0 +1.408726889e-01 -1.727591273e+02 -1.727591273e+02 -2.9128e+00 -9.9850e-01
693 0 +4.019920851e-02 -1.728598008e+02 -1.728598008e+02 -2.9122e+00 -1.0041e+00
1565 0 +3.196022358e-02 -1.728680398e+02 -1.728680398e+02 -2.9530e+00 -1.0486e+00
1844 0 +1.959074391e-02 -1.728804093e+02 -1.728804093e+02 -2.9211e+00 -1.0155e+00
1874 0 +1.033270875e-02 -1.728896673e+02 -1.728896673e+02 -2.9275e+00 -1.0235e+00
2054 0 +1.018737177e-02 -1.728898126e+02 -1.728898126e+02 -2.9275e+00 -1.0235e+00
2170 0 +8.353379041e-03 -1.728916466e+02 -1.728916466e+02 -2.9361e+00 -1.0320e+00
2334 0 +7.623920480e-03 -1.728923761e+02 -1.728923761e+02 -2.9294e+00 -1.0256e+00
2621 0 +7.251739258e-03 -1.728927483e+02 -1.728927483e+02 -2.9302e+00 -1.0263e+00
2645 0 +3.440850672e-03 -1.728965591e+02 -1.728965591e+02 -2.9319e+00 -1.0278e+00
2755 0 +3.197640224e-03 -1.728968024e+02 -1.728968024e+02 -2.9306e+00 -1.0264e+00
2868 0 +3.060616251e-03 -1.728969394e+02 -1.728969394e+02 -2.9292e+00 -1.0251e+00
3023 0 +1.697243895e-03 -1.728983028e+02 -1.728983028e+02 -2.9307e+00 -1.0267e+00
3120 0 +1.382832188e-03 -1.728986172e+02 -1.728986172e+02 -2.9307e+00 -1.0267e+00
3198 0 +1.158772498e-03 -1.728988412e+02 -1.728988412e+02 -2.9306e+00 -1.0266e+00
3286 0 +1.076225894e-03 -1.728989238e+02 -1.728989238e+02 -2.9312e+00 -1.0272e+00
3301 0 +9.906164533e-04 -1.728990094e+02 -1.728990094e+02 -2.9306e+00 -1.0265e+00
3497 0 +6.509092332e-04 -1.728993491e+02 -1.728993491e+02 -2.9311e+00 -1.0271e+00
3545 0 +2.453889107e-04 -1.728997546e+02 -1.728997546e+02 -2.9313e+00 -1.0273e+00
3554 0 +2.369004509e-04 -1.728997631e+02 -1.728997631e+02 -2.9311e+00 -1.0271e+00
3609 0 +2.299164855e-04 -1.728997701e+02 -1.728997701e+02 -2.9313e+00 -1.0273e+00
3897 0 +3.658016976e-05 -1.728999634e+02 -1.728999634e+02 -2.9312e+00 -1.0272e+00
4066 0 +3.096907594e-05 -1.728999690e+02 -1.728999690e+02 -2.9312e+00 -1.0272e+00
4089 0 +2.877880232e-05 -1.728999712e+02 -1.728999712e+02 -2.9312e+00 -1.0272e+00
4385 0 +2.259832343e-05 -1.728999774e+02 -1.728999774e+02 -2.9312e+00 -1.0272e+00
4785 0 +1.553889601e-05 -1.728999845e+02 -1.728999845e+02 -2.9312e+00 -1.0272e+00
4856 0 +1.414720288e-06 -1.728999986e+02 -1.728999986e+02 -2.9312e+00 -1.0272e+00
5223 0 +9.987412000e-07 -1.728999990e+02 -1.728999990e+02 -2.9312e+00 -1.0272e+00
5370 0 +6.627072082e-07 -1.728999993e+02 -1.728999993e+02 -2.9312e+00 -1.0272e+00
5387 0 +6.052462993e-07 -1.728999994e+02 -1.728999994e+02 -2.9312e+00 -1.0272e+00
5601 0 +5.732894408e-07 -1.728999994e+02 -1.728999994e+02 -2.9312e+00 -1.0272e+00
5643 0 +5.037801714e-07 -1.728999995e+02 -1.728999995e+02 -2.9312e+00 -1.0272e+00
5646 0 +4.724690257e-07 -1.728999995e+02 -1.728999995e+02 -2.9312e+00 -1.0272e+00
5751 0 +2.023298578e-07 -1.728999998e+02 -1.728999998e+02 -2.9312e+00 -1.0272e+00
5973 0 +1.225687072e-07 -1.728999999e+02 -1.728999999e+02 -2.9312e+00 -1.0272e+00
6071 0 +6.494371974e-08 -1.728999999e+02 -1.728999999e+02 -2.9312e+00 -1.0272e+00
6184 0 +5.876580644e-08 -1.728999999e+02 -1.728999999e+02 -2.9312e+00 -1.0272e+00
6269 0 +2.320311410e-08 -1.729000000e+02 -1.729000000e+02 -2.9312e+00 -1.0272e+00
6346 0 +9.237709264e-09 -1.729000000e+02 -1.729000000e+02 -2.9312e+00 -1.0272e+00
7872 0 +3.410605132e-13 -1.729000000e+02 -1.729000000e+02 -2.9312e+00 -1.0272e+00
8040 0 +3.410605132e-13 -1.729000000e+02 -1.729000000e+02 -2.9312e+00 -1.0272e+00
% f evaluations | g evaluations | best noise-free fitness - Fopt (-3.506200000000e+02) + sum g_i+ | measured fitness | best measured fitness or single-digit g-values | x1 | x2...
1 0 +5.873710665e+03 +5.523090665e+03 +5.523090665e+03 +2.9654e+00 -3.1657e+00
3 0 +7.586299411e+02 +4.080099411e+02 +4.080099411e+02 -5.4167e-01 -4.0003e+00
4 0 +5.904737832e+02 +2.398537832e+02 +2.398537832e+02 -4.0751e-01 -1.6629e+00
5 0 +4.490316860e+01 -3.057168314e+02 -3.057168314e+02 -3.5713e+00 +1.5089e+00
22 0 +1.999233708e+01 -3.306276629e+02 -3.306276629e+02 -3.2664e+00 -1.0894e+00
80 0 +9.564420733e+00 -3.410555793e+02 -3.410555793e+02 -3.8722e+00 +1.8326e+00
103 0 +1.643054494e+00 -3.489769455e+02 -3.489769455e+02 -4.4178e+00 -4.9728e+00
208 0 +1.420839334e+00 -3.491991607e+02 -3.491991607e+02 -4.3594e+00 -4.9211e+00
267 0 +1.076100167e+00 -3.495438998e+02 -3.495438998e+02 -3.6866e+00 -3.4296e+00
503 0 +3.997524668e-01 -3.502202475e+02 -3.502202475e+02 -3.7917e+00 -3.5718e+00
512 0 +3.686855405e-01 -3.502513145e+02 -3.502513145e+02 -3.7048e+00 -3.3820e+00
517 0 +2.618745028e-01 -3.503581255e+02 -3.503581255e+02 -3.8347e+00 -3.6254e+00
761 0 +1.042318696e-01 -3.505157681e+02 -3.505157681e+02 -3.9326e+00 -3.8034e+00
1710 0 +5.761193893e-02 -3.505623881e+02 -3.505623881e+02 -3.8988e+00 -3.7170e+00
1865 0 +3.875747610e-02 -3.505812425e+02 -3.505812425e+02 -3.8893e+00 -3.7059e+00
2137 0 +3.445888057e-02 -3.505855411e+02 -3.505855411e+02 -3.9022e+00 -3.7263e+00
2272 0 +1.958314047e-02 -3.506004169e+02 -3.506004169e+02 -3.9110e+00 -3.7434e+00
2327 0 +1.648085063e-02 -3.506035191e+02 -3.506035191e+02 -3.9148e+00 -3.7537e+00
2452 0 +1.207014686e-02 -3.506079299e+02 -3.506079299e+02 -3.9114e+00 -3.7438e+00
2876 0 +1.189622333e-02 -3.506081038e+02 -3.506081038e+02 -3.9082e+00 -3.7365e+00
2887 0 +4.375564445e-03 -3.506156244e+02 -3.506156244e+02 -3.9098e+00 -3.7407e+00
2961 0 +3.614571394e-03 -3.506163854e+02 -3.506163854e+02 -3.9085e+00 -3.7379e+00
3149 0 +9.896165983e-04 -3.506190104e+02 -3.506190104e+02 -3.9092e+00 -3.7391e+00
4073 0 +2.933539783e-04 -3.506197066e+02 -3.506197066e+02 -3.9097e+00 -3.7401e+00
4163 0 +2.416656545e-04 -3.506197583e+02 -3.506197583e+02 -3.9097e+00 -3.7402e+00
4250 0 +2.295218947e-04 -3.506197705e+02 -3.506197705e+02 -3.9096e+00 -3.7400e+00
4678 0 +6.300766887e-05 -3.506199370e+02 -3.506199370e+02 -3.9096e+00 -3.7400e+00
4804 0 +2.912123284e-05 -3.506199709e+02 -3.506199709e+02 -3.9096e+00 -3.7400e+00
4870 0 +2.879514898e-05 -3.506199712e+02 -3.506199712e+02 -3.9096e+00 -3.7400e+00
5181 0 +1.933933407e-05 -3.506199807e+02 -3.506199807e+02 -3.9096e+00 -3.7400e+00
5331 0 +1.132772070e-05 -3.506199887e+02 -3.506199887e+02 -3.9096e+00 -3.7400e+00
5432 0 +5.302460977e-06 -3.506199947e+02 -3.506199947e+02 -3.9096e+00 -3.7400e+00
5478 0 +1.481598019e-06 -3.506199985e+02 -3.506199985e+02 -3.9096e+00 -3.7400e+00
5718 0 +8.502461242e-07 -3.506199991e+02 -3.506199991e+02 -3.9096e+00 -3.7400e+00
5900 0 +3.279847647e-07 -3.506199997e+02 -3.506199997e+02 -3.9096e+00 -3.7400e+00
6272 0 +2.964362693e-07 -3.506199997e+02 -3.506199997e+02 -3.9096e+00 -3.7400e+00
6302 0 +1.091118520e-07 -3.506199999e+02 -3.506199999e+02 -3.9096e+00 -3.7400e+00
6472 0 +5.798625580e-08 -3.506199999e+02 -3.506199999e+02 -3.9096e+00 -3.7400e+00
6683 0 +1.138170092e-08 -3.506200000e+02 -3.506200000e+02 -3.9096e+00 -3.7400e+00
6951 0 +9.559528280e-09 -3.506200000e+02 -3.506200000e+02 -3.9096e+00 -3.7400e+00
8040 0 +2.387423592e-11 -3.506200000e+02 -3.506200000e+02 -3.9096e+00 -3.7400e+00
