% f evaluations | g evaluations | best noise-free fitness - Fopt (-2.098800000000e+02) + sum g_i+ | measured fitness | best measured fitness or single-digit g-values | x1 | x2...
1 0 +1.300728164e+07 +1.300707176e+07 +1.300707176e+07 +2.9654e+00 -3.1657e+00
2 0 +2.889761486e+05 +2.887662686e+05 +2.887662686e+05 +2.7969e+00 +9.6850e-01
10 0 +4.179851602e+04 +4.158863602e+04 +4.158863602e+04 -4.7694e+00 +2.4775e-01
31 0 +2.716118080e+03 +2.506238080e+03 +2.506238080e+03 +2.4732e+00 +3.9692e-01
64 0 +1.520755006e+03 +1.310875006e+03 +1.310875006e+03 -4.0751e-01 +4.8851e-01
231 0 +6.759374997e+02 +4.660574997e+02 +4.660574997e+02 -2.6612e+00 +4.2227e-01
554 0 +1.210449466e+01 -1.977755053e+02 -1.977755053e+02 -1.1535e+00 +4.5080e-01
678 0 +4.431472633e+00 -2.054485274e+02 -2.054485274e+02 -5.0666e-01 +4.4901e-01
711 0 +2.790879369e+00 -2.070891206e+02 -2.070891206e+02 +1.8828e+00 +4.4963e-01
950 0 +1.122209371e+00 -2.087577906e+02 -2.087577906e+02 +1.7418e+00 +4.4706e-01
1152 0 +9.147302694e-01 -2.089652697e+02 -2.089652697e+02 +1.5271e+00 +4.4706e-01
1201 0 +8.252521319e-01 -2.090547479e+02 -2.090547479e+02 +1.3479e+00 +4.4706e-01
1369 0 +6.660333037e-02 -2.098133967e+02 -2.098133967e+02 +1.1892e+00 +4.4773e-01
1697 0 +2.614625969e-03 -2.098773854e+02 -2.098773854e+02 +1.2313e+00 +4.4796e-01
1909 0 +2.071616595e-03 -2.098779284e+02 -2.098779284e+02 +1.2181e+00 +4.4796e-01
1963 0 +3.971165727e-04 -2.098796029e+02 -2.098796029e+02 +1.2244e+00 +4.4799e-01
2313 0 +3.681818102e-04 -2.098796318e+02 -2.098796318e+02 +1.2232e+00 +4.4799e-01
2376 0 +2.571182446e-05 -2.098799743e+02 -2.098799743e+02 +1.2113e+00 +4.4800e-01
2412 0 +1.306071420e-05 -2.098799869e+02 -2.098799869e+02 +1.2044e+00 +4.4800e-01
2464 0 +4.749840599e-06 -2.098799953e+02 -2.098799953e+02 +1.2088e+00 +4.4800e-01
2499 0 +4.504793679e-06 -2.098799955e+02 -2.098799955e+02 +1.2058e+00 +4.4800e-01
2870 0 +1.666817354e-06 -2.098799983e+02 -2.098799983e+02 +1.2060e+00 +4.4800e-01
2899 0 +1.488403399e-06 -2.098799985e+02 -2.098799985e+02 +1.2084e+00 +4.4800e-01
2901 0 +1.435508267e-06 -2.098799986e+02 -2.098799986e+02 +1.2060e+00 +4.4800e-01
2973 0 +9.018488640e-07 -2.098799991e+02 -2.098799991e+02 +1.2081e+00 +4.4800e-01
3049 0 +1.113756696e-07 -2.098799999e+02 -2.098799999e+02 +1.2075e+00 +4.4800e-01
3102 0 +7.263545854e-08 -2.098799999e+02 -2.098799999e+02 +1.2069e+00 +4.4800e-01
3136 0 +7.182725881e-08 -2.098799999e+02 -2.098799999e+02 +1.2075e+00 +4.4800e-01
3159 0 +3.553566330e-10 -2.098800000e+02 -2.098800000e+02 +1.2072e+00 +4.4800e-01
3917 0 +2.842170943e-14 -2.098800000e+02 -2.098800000e+02 +1.2072e+00 +4.4800e-01
4325 0 +0.000000000e+00 -2.098800000e+02 -2.098800000e+02 +1.2072e+00 +4.4800e-01
8001 0 +0.000000000e+00 -2.098800000e+02 -2.098800000e+02 +1.2072e+00 +4.4800e-01
% f evaluations | g evaluations | best noise-free fitness - Fopt (-9.209000000000e+01) + sum g_i+ | measured fitness | best measured fitness or single-digit g-values | x1 | x2...
1 0 +3.044216092e+07 +3.044206883e+07 +3.044206883e+07 +2.9654e+00 -3.1657e+00
2 0 +3.124812538e+06 +3.124720448e+06 +3.124720448e+06 +2.7969e+00 +9.6850e-01
5 0 +1.349575745e+06 +1.349483655e+06 +1.349483655e+06 -3.5713e+00 +1.5089e+00
6 0 +1.718483792e+05 +1.717562892e+05 +1.717562892e+05 -4.4359e+00 +2.2200e+00
23 0 +3.934464180e+03 +3.842374180e+03 +3.842374180e+03 -3.1776e+00 +2.5536e+00
154 0 +1.880244622e+02 +9.593446218e+01 +9.593446218e+01 -2.0919e+00 +2.6083e+00
213 0 +1.854766932e+02 +9.338669318e+01 +9.338669318e+01 -1.5368e+00 +2.6083e+00
448 0 +1.101849666e+02 +1.809496659e+01 +1.809496659e+01 +9.5261e-01 +2.6107e+00
470 0 +7.672704741e+01 -1.536295259e+01 -1.536295259e+01 +6.8629e-01 +2.6301e+00
504 0 +2.794168069e+01 -6.414831931e+01 -6.414831931e+01 +7.5793e-01 +2.6271e+00
911 0 +1.772930829e+01 -7.436069171e+01 -7.436069171e+01 -1.9848e+00 +2.6184e+00
963 0 +1.646021483e+01 -7.562978517e+01 -7.562978517e+01 -1.7160e+00 +2.6184e+00
1088 0 +5.149714702e+00 -8.694028530e+01 -8.694028530e+01 +1.8571e-01 +2.6193e+00
1092 0 +2.253410844e-01 -9.186465892e+01 -9.186465892e+01 +4.2945e-01 +2.6220e+00
1142 0 +1.360019726e-01 -9.195399803e+01 -9.195399803e+01 +7.3101e-01 +2.6220e+00
1218 0 +4.927126608e-02 -9.204072873e+01 -9.204072873e+01 +7.3640e-01 +2.6218e+00
1569 0 +3.374119838e-02 -9.205625880e+01 -9.205625880e+01 +7.3101e-01 +2.6214e+00
1743 0 +1.335153038e-02 -9.207664847e+01 -9.207664847e+01 +7.5238e-01 +2.6217e+00
2033 0 +1.300686492e-02 -9.207699314e+01 -9.207699314e+01 +7.4707e-01 +2.6217e+00
2035 0 +3.942351604e-04 -9.208960576e+01 -9.208960576e+01 +7.3068e-01 +2.6216e+00
2154 0 +1.797040152e-04 -9.208982030e+01 -9.208982030e+01 +7.3068e-01 +2.6216e+00
2230 0 +1.664751771e-04 -9.208983352e+01 -9.208983352e+01 +7.2923e-01 +2.6216e+00
2258 0 +1.061523660e-04 -9.208989385e+01 -9.208989385e+01 +7.2198e-01 +2.6216e+00
2295 0 +1.046038782e-04 -9.208989540e+01 -9.208989540e+01 +7.2213e-01 +2.6216e+00
2357 0 +5.718800499e-05 -9.208994281e+01 -9.208994281e+01 +7.2317e-01 +2.6216e+00
2526 0 +1.351078656e-05 -9.208998649e+01 -9.208998649e+01 +7.2797e-01 +2.6216e+00
2536 0 +1.092741913e-05 -9.208998907e+01 -9.208998907e+01 +7.2886e-01 +2.6216e+00
2643 0 +2.081187432e-06 -9.208999792e+01 -9.208999792e+01 +7.2604e-01 +2.6216e+00
2678 0 +2.763750757e-07 -9.208999972e+01 -9.208999972e+01 +7.2583e-01 +2.6216e+00
2741 0 +1.985435176e-07 -9.208999980e+01 -9.208999980e+01 +7.2604e-01 +2.6216e+00
2930 0 +4.800494935e-08 -9.208999995e+01 -9.208999995e+01 +7.2537e-01 +2.6216e+00
3193 0 +1.092701041e-08 -9.208999999e+01 -9.208999999e+01 +7.2569e-01 +2.6216e+00
3234 0 +6.637407068e-09 -9.208999999e+01 -9.208999999e+01 +7.2557e-01 +2.6216e+00
3871 0 +3.410605132e-13 -9.209000000e+01 -9.209000000e+01 +7.2560e-01 +2.6216e+00
4231 0 +0.000000000e+00 -9.209000000e+01 -9.209000000e+01 +7.2560e-01 +2.6216e+00
8001 0 +0.000000000e+00 -9.209000000e+01 -9.209000000e+01 +7.2560e-01 +2.6216e+00
% f evaluations | g evaluations | best noise-free fitness - Fopt (-8.789000000000e+01) + sum g_i+ | measured fitness | best measured fitness or single-digit g-values | x1 | x2...
1 0 +4.111422970e+07 +4.111414181e+07 +4.111414181e+07 +2.9654e+00 -3.1657e+00
2 0 +6.708978919e+06 +6.708891029e+06 +6.708891029e+06 +2.7969e+00 +9.6850e-01
5 0 +4.498631700e+06 +4.498543810e+06 +4.498543810e+06 -3.5713e+00 +1.5089e+00
6 0 +2.429156559e+06 +2.429068669e+06 +2.429068669e+06 -4.4359e+00 +2.2200e+00
14 0 +1.707562643e+06 +1.707474753e+06 +1.707474753e+06 -1.1754e+00 +4.8323e+00
15 0 +2.363451037e+03 +2.275561037e+03 +2.275561037e+03 -3.3237e-01 +3.5994e+00
160 0 +1.124476444e+03 +1.036586444e+03 +1.036586444e+03 +1.5108e+00 +3.6135e+00
433 0 +3.953464962e+02 +3.074564962e+02 +3.074564962e+02 -2.6975e+00 +3.6657e+00
460 0 +6.267690097e+00 -8.162230990e+01 -8.162230990e+01 +5.9688e-01 +3.6479e+00
900 0 +2.116893983e+00 -8.577310602e+01 -8.577310602e+01 +8.3796e-01 +3.6470e+00
952 0 +1.765032871e+00 -8.612496713e+01 -8.612496713e+01 +5.0429e-01 +3.6470e+00
1003 0 +1.694725105e+00 -8.619527490e+01 -8.619527490e+01 +2.0277e-01 +3.6470e+00
1129 0 +6.890943747e-01 -8.720090563e+01 -8.720090563e+01 +7.6676e-01 +3.6450e+00
1179 0 +5.287884936e-01 -8.736121151e+01 -8.736121151e+01 +6.3469e-01 +3.6450e+00
1199 0 +4.269878678e-01 -8.746301213e+01 -8.746301213e+01 -3.6435e-01 +3.6459e+00
1324 0 +3.977842634e-01 -8.749221574e+01 -8.749221574e+01 +3.3569e-01 +3.6450e+00
1344 0 +1.530588629e-01 -8.773694114e+01 -8.773694114e+01 +2.9687e-02 +3.6459e+00
1425 0 +2.442084749e-02 -8.786557915e+01 -8.786557915e+01 +2.9374e-01 +3.6455e+00
1518 0 +2.146192292e-02 -8.786853808e+01 -8.786853808e+01 +2.6119e-01 +3.6455e+00
1563 0 +2.110240469e-02 -8.786889760e+01 -8.786889760e+01 +2.5129e-01 +3.6455e+00
1774 0 +7.444968516e-03 -8.788255503e+01 -8.788255503e+01 +2.5737e-01 +3.6455e+00
1895 0 +5.285682881e-03 -8.788471432e+01 -8.788471432e+01 +2.3650e-01 +3.6455e+00
2044 0 +4.073400387e-03 -8.788592660e+01 -8.788592660e+01 +2.4058e-01 +3.6455e+00
2158 0 +4.074062625e-04 -8.788959259e+01 -8.788959259e+01 +2.2124e-01 +3.6456e+00
2228 0 +3.129759426e-04 -8.788968702e+01 -8.788968702e+01 +2.3782e-01 +3.6456e+00
2311 0 +6.708541973e-05 -8.788993291e+01 -8.788993291e+01 +2.4712e-01 +3.6456e+00
2319 0 +2.546322976e-05 -8.788997454e+01 -8.788997454e+01 +2.4379e-01 +3.6456e+00
2365 0 +1.272458353e-05 -8.788998728e+01 -8.788998728e+01 +2.4168e-01 +3.6456e+00
2368 0 +1.183930283e-05 -8.788998816e+01 -8.788998816e+01 +2.3654e-01 +3.6456e+00
2386 0 +9.845497189e-06 -8.788999015e+01 -8.788999015e+01 +2.3889e-01 +3.6456e+00
2401 0 +7.797099926e-06 -8.788999220e+01 -8.788999220e+01 +2.4043e-01 +3.6456e+00
2420 0 +2.977677056e-06 -8.788999702e+01 -8.788999702e+01 +2.4031e-01 +3.6456e+00
2634 0 +2.824096029e-06 -8.788999718e+01 -8.788999718e+01 +2.4084e-01 +3.6456e+00
2684 0 +1.166285983e-06 -8.788999883e+01 -8.788999883e+01 +2.3816e-01 +3.6456e+00
2876 0 +8.807888889e-07 -8.788999912e+01 -8.788999912e+01 +2.3831e-01 +3.6456e+00
2940 0 +5.108816907e-07 -8.788999949e+01 -8.788999949e+01 +2.3942e-01 +3.6456e+00
2999 0 +4.740679032e-07 -8.788999953e+01 -8.788999953e+01 +2.3914e-01 +3.6456e+00
3038 0 +5.855517315e-08 -8.788999994e+01 -8.788999994e+01 +2.3941e-01 +3.6456e+00
3087 0 +3.738703924e-08 -8.788999996e+01 -8.788999996e+01 +2.3918e-01 +3.6456e+00
3237 0 +2.655424680e-08 -8.788999997e+01 -8.788999997e+01 +2.3908e-01 +3.6456e+00
3264 0 +1.920673753e-08 -8.788999998e+01 -8.788999998e+01 +2.3908e-01 +3.6456e+00
3317 0 +1.757486245e-08 -8.788999998e+01 -8.788999998e+01 +2.3921e-01 +3.6456e+00
3320 0 +8.152994724e-09 -8.788999999e+01 -8.788999999e+01 +2.3911e-01 +3.6456e+00
3949 0 +4.973799150e-13 -8.789000000e+01 -8.789000000e+01 +2.3920e-01 +3.6456e+00
4180 0 +0.000000000e+00 -8.789000000e+01 -8.789000000e+01 +2.3920e-01 +3.6456e+00
8001 0 +0.000000000e+00 -8.789000000e+01 -8.789000000e+01 +2.3920e-01 +3.6456e+00
% f evaluations | g evaluations | best noise-free fitness - Fopt (3.201900000000e+02) + sum g_i+ | measured fitness | best measured fitness or single-digit g-values | x1 | x2...
1 0 +5.563337730e+05 +5.566539630e+05 +5.566539630e+05 +2.9654e+00 -3.1657e+00
4 0 +4.939830507e+05 +4.943032407e+05 +4.943032407e+05 -4.0751e-01 -1.6629e+00
12 0 +1.001903056e+05 +1.005104956e+05 +1.005104956e+05 +4.7376e+00 -2.6723e+00
33 0 +1.471048357e+04 +1.503067357e+04 +1.503067357e+04 +1.0703e+00 -2.2400e+00
44 0 +1.314527575e+04 +1.346546575e+04 +1.346546575e+04 +9.1298e-01 -2.2528e+00
93 0 +6.793289616e+02 +9.995189616e+02 +9.995189616e+02 +1.0703e+00 -2.3868e+00
102 0 +4.754580761e+02 +7.956480761e+02 +7.956480761e+02 -4.0459e+00 -2.3395e+00
178 0 +1.587470745e+02 +4.789370745e+02 +4.789370745e+02 -3.2866e+00 -2.3486e+00
260 0 +1.217210482e+02 +4.419110482e+02 +4.419110482e+02 -7.4844e-01 -2.3498e+00
548 0 +8.902021422e+01 +4.092102142e+02 +4.092102142e+02 +7.6516e-01 -2.3707e+00
629 0 +3.123249402e+01 +3.514224940e+02 +3.514224940e+02 -3.8299e-01 -2.3549e+00
732 0 +1.025943859e+01 +3.304494386e+02 +3.304494386e+02 -3.6802e+00 -2.3607e+00
786 0 +6.488488592e+00 +3.266784886e+02 +3.266784886e+02 -3.0634e+00 -2.3607e+00
892 0 +1.392478062e+00 +3.215824781e+02 +3.215824781e+02 -1.5543e+00 -2.3607e+00
1265 0 +4.232535458e-01 +3.206132535e+02 +3.206132535e+02 -4.0268e-01 -2.3601e+00
1498 0 +6.945918051e-02 +3.202594592e+02 +3.202594592e+02 -4.1089e-01 -2.3605e+00
1544 0 +6.901464609e-02 +3.202590146e+02 +3.202590146e+02 -4.4104e-01 -2.3605e+00
1618 0 +1.666257566e-02 +3.202066626e+02 +3.202066626e+02 -3.8183e-01 -2.3607e+00
1706 0 +1.507823933e-02 +3.202050782e+02 +3.202050782e+02 -4.6990e-01 -2.3607e+00
1754 0 +3.005432461e-04 +3.201903005e+02 +3.201903005e+02 -4.2599e-01 -2.3608e+00
2057 0 +2.733815830e-04 +3.201902734e+02 +3.201902734e+02 -4.3881e-01 -2.3608e+00
2288 0 +2.629974931e-04 +3.201902630e+02 +3.201902630e+02 -4.3746e-01 -2.3608e+00
2381 0 +6.579769774e-06 +3.201900066e+02 +3.201900066e+02 -4.3229e-01 -2.3608e+00
2843 0 +7.688930737e-08 +3.201900001e+02 +3.201900001e+02 -4.3271e-01 -2.3608e+00
3062 0 +4.565890777e-08 +3.201900000e+02 +3.201900000e+02 -4.3275e-01 -2.3608e+00
3145 0 +3.431534878e-08 +3.201900000e+02 +3.201900000e+02 -4.3300e-01 -2.3608e+00
3201 0 +2.835696478e-08 +3.201900000e+02 +3.201900000e+02 -4.3297e-01 -2.3608e+00
3240 0 +1.492782076e-08 +3.201900000e+02 +3.201900000e+02 -4.3291e-01 -2.3608e+00
3257 0 +5.661206615e-09 +3.201900000e+02 +3.201900000e+02 -4.3272e-01 -2.3608e+00
4090 0 +4.547473509e-13 +3.201900000e+02 +3.201900000e+02 -4.3280e-01 -2.3608e+00
4315 0 +0.000000000e+00 +3.201900000e+02 +3.201900000e+02 -4.3280e-01 -2.3608e+00
8001 0 +0.000000000e+00 +3.201900000e+02 +3.201900000e+02 -4.3280e-01 -2.3608e+00
% f evaluations | g evaluations | best noise-free fitness - Fopt (-1.042400000000e+02) + sum g_i+ | measured fitness | best measured fitness or single-digit g-values | x1 | x2...
1 0 +5.104300790e+05 +5.103258390e+05 +5.103258390e+05 +2.9654e+00 -3.1657e+00
3 0 +5.312896586e+03 +5.208656586e+03 +5.208656586e+03 -5.4167e-01 -4.0003e+00
49 0 +8.796186302e+02 +7.753786302e+02 +7.753786302e+02 +2.1066e+00 -3.8911e+00
85 0 +4.297939554e+02 +3.255539554e+02 +3.255539554e+02 +6.7700e-01 -3.9408e+00
97 0 +8.444025396e+01 -1.979974604e+01 -1.979974604e+01 -4.8592e+00 -3.9283e+00
109 0 +2.215632317e+01 -8.208367683e+01 -8.208367683e+01 +2.1066e+00 -3.9159e+00
343 0 +2.094328155e+01 -8.329671845e+01 -8.329671845e+01 +1.4629e+00 -3.9159e+00
514 0 +2.014089328e+01 -8.409910672e+01 -8.409910672e+01 +1.0396e+00 -3.9159e+00
570 0 +1.979284641e+01 -8.444715359e+01 -8.444715359e+01 +5.3067e-02 -3.9159e+00
881 0 +6.297162941e+00 -9.794283706e+01 -9.794283706e+01 -1.8642e+00 -3.9189e+00
933 0 +5.414811764e+00 -9.882518824e+01 -9.882518824e+01 -1.5844e+00 -3.9189e+00
1036 0 +4.249906534e+00 -9.999009347e+01 -9.999009347e+01 -1.1679e+00 -3.9189e+00
1120 0 +4.806087638e-01 -1.037593912e+02 -1.037593912e+02 +2.3104e-01 -3.9193e+00
1364 0 +4.781186641e-01 -1.037618813e+02 -1.037618813e+02 +2.3863e-01 -3.9193e+00
1408 0 +5.731794151e-03 -1.042342682e+02 -1.042342682e+02 +4.6920e-01 -3.9200e+00
1454 0 +3.191145812e-03 -1.042368089e+02 -1.042368089e+02 +3.5038e-01 -3.9200e+00
1750 0 +2.817067094e-03 -1.042371829e+02 -1.042371829e+02 +3.7986e-01 -3.9200e+00
1766 0 +1.005543905e-03 -1.042389945e+02 -1.042389945e+02 +3.9214e-01 -3.9200e+00
1866 0 +1.630950877e-04 -1.042398369e+02 -1.042398369e+02 +3.9780e-01 -3.9200e+00
2207 0 +9.873860229e-05 -1.042399013e+02 -1.042399013e+02 +3.9378e-01 -3.9200e+00
2395 0 +2.672146735e-07 -1.042399997e+02 -1.042399997e+02 +3.9405e-01 -3.9200e+00
2737 0 +1.535499905e-07 -1.042399998e+02 -1.042399998e+02 +3.9427e-01 -3.9200e+00
2863 0 +3.766604095e-08 -1.042400000e+02 -1.042400000e+02 +3.9430e-01 -3.9200e+00
3105 0 +9.876472973e-09 -1.042400000e+02 -1.042400000e+02 +3.9432e-01 -3.9200e+00
4103 0 +7.815970093e-13 -1.042400000e+02 -1.042400000e+02 +3.9440e-01 -3.9200e+00
4147 0 +0.000000000e+00 -1.042400000e+02 -1.042400000e+02 +3.9440e-01 -3.9200e+00
8001 0 +0.000000000e+00 -1.042400000e+02 -1.042400000e+02 +3.9440e-01 -3.9200e+00
% f evaluations | g evaluations | best noise-free fitness - Fopt (-3.570000000000e+01) + sum g_i+ | measured fitness | best measured fitness or single-digit g-values | x1 | x2...
1 0 +2.244425954e+07 +2.244422384e+07 +2.244422384e+07 +2.9654e+00 -3.1657e+00
2 0 +3.755588266e+05 +3.755231266e+05 +3.755231266e+05 +2.7969e+00 +9.6850e-01
5 0 +1.752783050e+04 +1.749213050e+04 +1.749213050e+04 -3.5713e+00 +1.5089e+00
43 0 +6.136510177e+02 +5.779510177e+02 +5.779510177e+02 +1.6884e+00 +1.6592e+00
258 0 +6.566176398e+01 +2.996176398e+01 +2.996176398e+01 -2.5897e+00 +1.6272e+00
428 0 +1.475828225e+01 -2.094171775e+01 -2.094171775e+01 -4.1854e+00 +1.6328e+00
596 0 +1.071353496e+01 -2.498646504e+01 -2.498646504e+01 -2.1426e+00 +1.6328e+00
1038 0 +6.882917486e+00 -2.881708251e+01 -2.881708251e+01 -2.3382e+00 +1.6388e+00
1130 0 +1.653868606e+00 -3.404613139e+01 -3.404613139e+01 -1.0546e+00 +1.6363e+00
1229 0 +6.276392178e-01 -3.507236078e+01 -3.507236078e+01 -1.3941e+00 +1.6363e+00
1325 0 +1.068651846e-01 -3.559313482e+01 -3.559313482e+01 -2.0480e+00 +1.6363e+00
1602 0 +8.591321432e-02 -3.561408679e+01 -3.561408679e+01 -2.1953e+00 +1.6363e+00
1820 0 +1.115448862e-02 -3.568884551e+01 -3.568884551e+01 -2.1027e+00 +1.6360e+00
1862 0 +5.133042249e-03 -3.569486696e+01 -3.569486696e+01 -2.1259e+00 +1.6360e+00
1923 0 +1.280103099e-03 -3.569871990e+01 -3.569871990e+01 -2.1672e+00 +1.6360e+00
2086 0 +4.469366648e-04 -3.569955306e+01 -3.569955306e+01 -2.1897e+00 +1.6360e+00
2269 0 +4.290728319e-04 -3.569957093e+01 -3.569957093e+01 -2.2183e+00 +1.6360e+00
2343 0 +3.624699532e-04 -3.569963753e+01 -3.569963753e+01 -2.2163e+00 +1.6360e+00
2370 0 +2.128072177e-04 -3.569978719e+01 -3.569978719e+01 -2.2108e+00 +1.6360e+00
2442 0 +1.942114568e-04 -3.569980579e+01 -3.569980579e+01 -2.2102e+00 +1.6360e+00
2461 0 +1.094563150e-04 -3.569989054e+01 -3.569989054e+01 -2.1897e+00 +1.6360e+00
2531 0 +3.677385411e-05 -3.569996323e+01 -3.569996323e+01 -2.1959e+00 +1.6360e+00
2558 0 +1.681479366e-05 -3.569998319e+01 -3.569998319e+01 -2.1991e+00 +1.6360e+00
2702 0 +4.675774967e-06 -3.569999532e+01 -3.569999532e+01 -2.1986e+00 +1.6360e+00
2760 0 +1.022202987e-06 -3.569999898e+01 -3.569999898e+01 -2.1981e+00 +1.6360e+00
2799 0 +1.646286307e-07 -3.569999984e+01 -3.569999984e+01 -2.1986e+00 +1.6360e+00
3123 0 +1.602087423e-07 -3.569999984e+01 -3.569999984e+01 -2.1988e+00 +1.6360e+00
3196 0 +1.314346889e-07 -3.569999987e+01 -3.569999987e+01 -2.1986e+00 +1.6360e+00
3243 0 +1.235674389e-07 -3.569999988e+01 -3.569999988e+01 -2.1984e+00 +1.6360e+00
3259 0 +8.709646693e-08 -3.569999991e+01 -3.569999991e+01 -2.1987e+00 +1.6360e+00
3286 0 +2.918930875e-08 -3.569999997e+01 -3.569999997e+01 -2.1985e+00 +1.6360e+00
3298 0 +3.005453664e-10 -3.570000000e+01 -3.570000000e+01 -2.1984e+00 +1.6360e+00
3940 0 +3.126388037e-13 -3.570000000e+01 -3.570000000e+01 -2.1984e+00 +1.6360e+00
4543 0 +0.000000000e+00 -3.570000000e+01 -3.570000000e+01 -2.1984e+00 +1.6360e+00
8001 0 +0.000000000e+00 -3.570000000e+01 -3.570000000e+01 -2.1984e+00 +1.6360e+00
% f evaluations | g evaluations | best noise-free fitness - Fopt (2.070000000000e+01) + sum g_i+ | measured fitness | best measured fitness or single-digit g-values | x1 | x2...
1 0 +1.441376147e+06 +1.441396847e+06 +1.441396847e+06 +2.9654e+00 -3.1657e+00
4 0 +1.273633344e+05 +1.273840344e+05 +1.273840344e+05 -4.0751e-01 -1.6629e+00
28 0 +8.933542275e+04 +8.935612275e+04 +8.935612275e+04 +2.2727e+00 -1.7346e+00
33 0 +4.681647044e+04 +4.683717044e+04 +4.683717044e+04 +1.0703e+00 -2.2400e+00
36 0 +1.804707020e+03 +1.825407020e+03 +1.825407020e+03 -1.0512e+00 -2.0651e+00
57 0 +3.548488144e+02 +3.755488144e+02 +3.755488144e+02 +1.2435e+00 -2.0437e+00
176 0 +3.511209450e+02 +3.718209450e+02 +3.718209450e+02 +7.9451e-01 -2.0437e+00
235 0 +3.431255995e+02 +3.638255995e+02 +3.638255995e+02 -1.7827e-01 -2.0437e+00
351 0 +3.357209749e+02 +3.564209749e+02 +3.564209749e+02 -1.6788e+00 -2.0437e+00
549 0 +2.523944146e+01 +4.593944146e+01 +4.593944146e+01 -3.7318e-01 -2.0293e+00
605 0 +9.592009753e+00 +3.029200975e+01 +3.029200975e+01 -3.7318e-01 -2.0263e+00
660 0 +5.814025958e-01 +2.128140260e+01 +2.128140260e+01 -3.1968e+00 -2.0263e+00
978 0 +5.144716669e-01 +2.121447167e+01 +2.121447167e+01 -3.4693e+00 -2.0263e+00
1061 0 +4.923255110e-01 +2.119232551e+01 +2.119232551e+01 -3.9214e+00 -2.0261e+00
1161 0 +4.714646249e-01 +2.117146462e+01 +2.117146462e+01 -3.8931e+00 -2.0261e+00
1210 0 +3.618312847e-01 +2.106183128e+01 +2.106183128e+01 -3.7530e+00 -2.0261e+00
1485 0 +1.068139418e-01 +2.080681394e+01 +2.080681394e+01 -3.4997e+00 -2.0253e+00
1562 0 +4.762639457e-02 +2.074762639e+01 +2.074762639e+01 -3.4480e+00 -2.0254e+00
1581 0 +3.203525554e-02 +2.073203526e+01 +2.073203526e+01 -3.4775e+00 -2.0254e+00
1786 0 +2.229334146e-03 +2.070222933e+01 +2.070222933e+01 -3.4646e+00 -2.0256e+00
1953 0 +2.173072165e-03 +2.070217307e+01 +2.070217307e+01 -3.4605e+00 -2.0256e+00
2014 0 +1.133908000e-03 +2.070113391e+01 +2.070113391e+01 -3.4285e+00 -2.0256e+00
2171 0 +6.072550132e-04 +2.070060726e+01 +2.070060726e+01 -3.4383e+00 -2.0256e+00
2198 0 +5.823048037e-05 +2.070005823e+01 +2.070005823e+01 -3.4580e+00 -2.0256e+00
2349 0 +4.794967627e-05 +2.070004795e+01 +2.070004795e+01 -3.4566e+00 -2.0256e+00
2503 0 +2.034872422e-05 +2.070002035e+01 +2.070002035e+01 -3.4549e+00 -2.0256e+00
2564 0 +1.766368172e-06 +2.070000177e+01 +2.070000177e+01 -3.4534e+00 -2.0256e+00
2849 0 +9.951035835e-07 +2.070000100e+01 +2.070000100e+01 -3.4547e+00 -2.0256e+00
2936 0 +1.444116258e-07 +2.070000014e+01 +2.070000014e+01 -3.4542e+00 -2.0256e+00
3075 0 +5.511136436e-09 +2.070000001e+01 +2.070000001e+01 -3.4544e+00 -2.0256e+00
3891 0 +1.527666882e-13 +2.070000000e+01 +2.070000000e+01 -3.4544e+00 -2.0256e+00
3975 0 +0.000000000e+00 +2.070000000e+01 +2.070000000e+01 -3.4544e+00 -2.0256e+00
8001 0 +0.000000000e+00 +2.070000000e+01 +2.070000000e+01 -3.4544e+00 -2.0256e+00
% f evaluations | g evaluations | best noise-free fitness - Fopt (3.807000000000e+01) + sum g_i+ | measured fitness | best measured fitness or single-digit g-values | x1 | x2...
1 0 +1.613126291e+07 +1.613130098e+07 +1.613130098e+07 +2.9654e+00 -3.1657e+00
2 0 +1.582254890e+04 +1.586061890e+04 +1.586061890e+04 +2.7969e+00 +9.6850e-01
223 0 +3.367982073e+03 +3.406052073e+03 +3.406052073e+03 -2.6920e+00 +8.9197e-01
397 0 +3.097350387e+02 +3.478050387e+02 +3.478050387e+02 -2.6920e+00 +8.2271e-01
454 0 +2.965379307e+02 +3.346079307e+02 +3.346079307e+02 -1.0278e+00 +8.2271e-01
511 0 +2.904022724e+02 +3.284722724e+02 +3.284722724e+02 -1.7129e-01 +8.2271e-01
563 0 +1.892593328e+02 +2.273293328e+02 +2.273293328e+02 +3.2794e+00 +8.2566e-01
605 0 +6.156102749e+01 +9.963102749e+01 +9.963102749e+01 +2.2727e+00 +8.3069e-01
857 0 +4.950188115e+01 +8.757188115e+01 +8.757188115e+01 +2.7466e+00 +8.3162e-01
1017 0 +2.563049829e+01 +6.370049829e+01 +6.370049829e+01 -2.2072e-01 +8.4315e-01
1021 0 +1.186018911e+01 +4.993018911e+01 +4.993018911e+01 +2.5989e+00 +8.3590e-01
1212 0 +4.762185321e-01 +3.854621853e+01 +3.854621853e+01 +2.7466e+00 +8.3850e-01
1332 0 +4.747756156e-02 +3.811747756e+01 +3.811747756e+01 +2.6997e+00 +8.3941e-01
1558 0 +4.578839968e-02 +3.811578840e+01 +3.811578840e+01 +2.7249e+00 +8.3897e-01
1588 0 +3.199062897e-02 +3.810199063e+01 +3.810199063e+01 +2.6844e+00 +8.3937e-01
2040 0 +2.811712213e-02 +3.809811712e+01 +3.809811712e+01 +2.7020e+00 +8.3936e-01
2061 0 +2.688753718e-03 +3.807268875e+01 +3.807268875e+01 +2.6983e+00 +8.3925e-01
2379 0 +5.854658587e-04 +3.807058547e+01 +3.807058547e+01 +2.7037e+00 +8.3922e-01
2428 0 +1.010203500e-04 +3.807010102e+01 +3.807010102e+01 +2.7010e+00 +8.3921e-01
2609 0 +9.783735850e-05 +3.807009784e+01 +3.807009784e+01 +2.7082e+00 +8.3919e-01
2669 0 +4.249011987e-06 +3.807000425e+01 +3.807000425e+01 +2.7010e+00 +8.3920e-01
2780 0 +2.259386868e-06 +3.807000226e+01 +3.807000226e+01 +2.7039e+00 +8.3920e-01
2875 0 +2.120514488e-06 +3.807000212e+01 +3.807000212e+01 +2.7038e+00 +8.3920e-01
2893 0 +1.245576442e-08 +3.807000001e+01 +3.807000001e+01 +2.7031e+00 +8.3920e-01
3102 0 +3.777635982e-09 +3.807000000e+01 +3.807000000e+01 +2.7031e+00 +8.3920e-01
3935 0 +2.984279490e-13 +3.807000000e+01 +3.807000000e+01 +2.7032e+00 +8.3920e-01
4471 0 +0.000000000e+00 +3.807000000e+01 +3.807000000e+01 +2.7032e+00 +8.3920e-01
8001 0 +0.000000000e+00 +3.807000000e+01 +3.807000000e+01 +2.7032e+00 +8.3920e-01
% f evaluations | g evaluations | best noise-free fitness - Fopt (-4.542000000000e+01) + sum g_i+ | measured fitness | best measured fitness or single-digit g-values | x1 | x2...
1 0 +1.036521330e+07 +1.036516788e+07 +1.036516788e+07 +2.9654e+00 -3.1657e+00
2 0 +6.300076640e+05 +6.299622440e+05 +6.299622440e+05 +2.7969e+00 +9.6850e-01
10 0 +2.068533869e+04 +2.063991869e+04 +2.063991869e+04 -4.7694e+00 +2.4775e-01
29 0 +1.343417060e+04 +1.338875060e+04 +1.338875060e+04 +7.0444e-01 +2.0834e-01
65 0 +7.530018982e+03 +7.484598982e+03 +7.484598982e+03 -3.5713e+00 +5.7845e-03
118 0 +2.903977188e+03 +2.858557188e+03 +2.858557188e+03 -3.9451e+00 +4.5155e-02
150 0 +8.546448381e+02 +8.092248381e+02 +8.092248381e+02 +2.4732e+00 +6.9700e-02
236 0 +1.431853393e+02 +9.776533925e+01 +9.776533925e+01 -3.9451e+00 +1.0820e-01
326 0 +6.556449858e+00 -3.886355014e+01 -3.886355014e+01 +2.4732e+00 +1.0067e-01
772 0 +6.361115958e+00 -3.905888404e+01 -3.905888404e+01 +2.6897e+00 +1.0067e-01
932 0 +5.760182686e+00 -3.965981731e+01 -3.965981731e+01 +8.0659e-01 +9.8957e-02
983 0 +1.782026005e+00 -4.363797400e+01 -4.363797400e+01 +2.0596e+00 +9.8957e-02
1034 0 +3.609688649e-01 -4.505903114e+01 -4.505903114e+01 +2.9825e+00 +9.8957e-02
1084 0 +3.098994949e-01 -4.511010051e+01 -4.511010051e+01 +3.1898e+00 +9.8957e-02
1273 0 +1.683073941e-01 -4.525169261e+01 -4.525169261e+01 +2.9711e+00 +9.8727e-02
1321 0 +1.521064135e-01 -4.526789359e+01 -4.526789359e+01 +3.0134e+00 +9.8727e-02
1514 0 +1.607717583e-02 -4.540392282e+01 -4.540392282e+01 +3.2593e+00 +9.8287e-02
1604 0 +1.570569853e-02 -4.540429430e+01 -4.540429430e+01 +3.2567e+00 +9.8287e-02
1670 0 +1.314428023e-02 -4.540685572e+01 -4.540685572e+01 +3.3146e+00 +9.8380e-02
1757 0 +4.071135978e-03 -4.541592886e+01 -4.541592886e+01 +3.2722e+00 +9.8380e-02
1800 0 +2.987004414e-03 -4.541701300e+01 -4.541701300e+01 +3.2560e+00 +9.8380e-02
2010 0 +1.087247769e-03 -4.541891275e+01 -4.541891275e+01 +3.1780e+00 +9.8391e-02
2129 0 +8.375322822e-05 -4.541991625e+01 -4.541991625e+01 +3.2121e+00 +9.8391e-02
2168 0 +7.556510124e-05 -4.541992443e+01 -4.541992443e+01 +3.2077e+00 +9.8391e-02
2300 0 +5.137660224e-06 -4.541999486e+01 -4.541999486e+01 +3.2086e+00 +9.8402e-02
2464 0 +3.124727513e-06 -4.541999688e+01 -4.541999688e+01 +3.2078e+00 +9.8401e-02
2702 0 +2.874593783e-06 -4.541999713e+01 -4.541999713e+01 +3.2079e+00 +9.8401e-02
2781 0 +1.613831472e-06 -4.541999839e+01 -4.541999839e+01 +3.2097e+00 +9.8401e-02
2862 0 +5.800753442e-07 -4.541999942e+01 -4.541999942e+01 +3.2081e+00 +9.8400e-02
2984 0 +5.209475731e-07 -4.541999948e+01 -4.541999948e+01 +3.2081e+00 +9.8400e-02
3001 0 +1.239484249e-07 -4.541999988e+01 -4.541999988e+01 +3.2087e+00 +9.8400e-02
3044 0 +6.091305949e-08 -4.541999994e+01 -4.541999994e+01 +3.2085e+00 +9.8400e-02
3157 0 +5.374465673e-08 -4.541999995e+01 -4.541999995e+01 +3.2087e+00 +9.8400e-02
3203 0 +6.461156943e-09 -4.541999999e+01 -4.541999999e+01 +3.2087e+00 +9.8400e-02
3566 0 +2.629008122e-13 -4.542000000e+01 -4.542000000e+01 +3.2088e+00 +9.8400e-02
3864 0 +0.000000000e+00 -4.542000000e+01 -4.542000000e+01 +3.2088e+00 +9.8400e-02
8001 0 +0.000000000e+00 -4.542000000e+01 -4.542000000e+01 +3.2088e+00 +9.8400e-02
% f evaluations | g evaluations | best noise-free fitness - Fopt (6.695000000000e+01) + sum g_i+ | measured fitness | best measured fitness or single-digit g-values | x1 | x2...
1 0 +2.047273698e+07 +2.047280393e+07 +2.047280393e+07 +2.9654e+00 -3.1657e+00
2 0 +1.828582830e+05 +1.829252330e+05 +1.829252330e+05 +2.7969e+00 +9.6850e-01
5 0 +1.520831093e+04 +1.527526093e+04 +1.527526093e+04 -3.5713e+00 +1.5089e+00
96 0 +9.876115686e-01 +6.793761157e+01 +6.793761157e+01 -1.0512e+00 +1.3831e+00
331 0 +9.460299735e-01 +6.789602997e+01 +6.789602997e+01 -6.8660e-02 +1.3831e+00
502 0 +8.526013697e-01 +6.780260137e+01 +6.780260137e+01 -2.0277e-01 +1.3831e+00
613 0 +7.393433825e-01 +6.768934338e+01 +6.768934338e+01 -4.7971e-01 +1.3831e+00
774 0 +5.440730460e-01 +6.749407305e+01 +6.749407305e+01 -3.3148e-01 +1.3833e+00
827 0 +5.030661832e-01 +6.745306618e+01 +6.745306618e+01 -4.8705e-01 +1.3833e+00
879 0 +4.998529670e-01 +6.744985297e+01 +6.744985297e+01 -5.2666e-01 +1.3833e+00
1117 0 +2.256177552e-01 +6.717561776e+01 +6.717561776e+01 -9.7209e-01 +1.3842e+00
1167 0 +1.589549305e-01 +6.710895493e+01 +6.710895493e+01 -8.8896e-01 +1.3842e+00
1178 0 +2.746533557e-02 +6.697746534e+01 +6.697746534e+01 -5.8027e-01 +1.3838e+00
1324 0 +2.594585859e-02 +6.697594586e+01 +6.697594586e+01 -5.5702e-01 +1.3838e+00
1719 0 +1.224998661e-03 +6.695122500e+01 +6.695122500e+01 -5.1648e-01 +1.3840e+00
1762 0 +5.492321599e-04 +6.695054923e+01 +6.695054923e+01 -5.3914e-01 +1.3840e+00
1875 0 +2.073567446e-04 +6.695020736e+01 +6.695020736e+01 -5.5074e-01 +1.3840e+00
1999 0 +1.196602020e-04 +6.695011966e+01 +6.695011966e+01 -5.4062e-01 +1.3840e+00
2190 0 +6.032626794e-05 +6.695006033e+01 +6.695006033e+01 -5.4063e-01 +1.3840e+00
2442 0 +5.326939097e-05 +6.695005327e+01 +6.695005327e+01 -5.4500e-01 +1.3840e+00
2454 0 +1.051027994e-07 +6.695000011e+01 +6.695000011e+01 -5.4062e-01 +1.3840e+00
2693 0 +6.958624965e-08 +6.695000007e+01 +6.695000007e+01 -5.4075e-01 +1.3840e+00
3021 0 +4.797395547e-08 +6.695000005e+01 +6.695000005e+01 -5.4070e-01 +1.3840e+00
3162 0 +2.524167542e-08 +6.695000003e+01 +6.695000003e+01 -5.4091e-01 +1.3840e+00
3206 0 +1.056744736e-08 +6.695000001e+01 +6.695000001e+01 -5.4075e-01 +1.3840e+00
3234 0 +9.791691014e-09 +6.695000001e+01 +6.695000001e+01 -5.4076e-01 +1.3840e+00
3907 0 +9.379164112e-13 +6.695000000e+01 +6.695000000e+01 -5.4080e-01 +1.3840e+00
4218 0 +0.000000000e+00 +6.695000000e+01 +6.695000000e+01 -5.4080e-01 +1.3840e+00
8001 0 +0.000000000e+00 +6.695000000e+01 +6.695000000e+01 -5.4080e-01 +1.3840e+00
% f evaluations | g evaluations | best noise-free fitness - Fopt (5.832000000000e+01) + sum g_i+ | measured fitness | best measured fitness or single-digit g-values | x1 | x2...
1 0 +1.612203989e+04 +1.618035989e+04 +1.618035989e+04 +2.9654e+00 -3.1657e+00
34 0 +2.706978982e+03 +2.765298982e+03 +2.765298982e+03 -2.0373e+00 -3.3473e+00
97 0 +2.463504308e+03 +2.521824308e+03 +2.521824308e+03 -4.8592e+00 -3.2509e+00
156 0 +2.451451281e+03 +2.509771281e+03 +2.509771281e+03 -4.2695e+00 -3.2509e+00
241 0 +5.042262219e+02 +5.625462219e+02 +5.625462219e+02 +6.2897e-01 -3.3192e+00
341 0 +1.111818694e+02 +1.695018694e+02 +1.695018694e+02 +3.0378e+00 -3.3077e+00
402 0 +3.385555760e+01 +9.217555760e+01 +9.217555760e+01 -6.0663e-01 -3.3004e+00
459 0 +2.828950240e+01 +8.660950240e+01 +8.660950240e+01 +8.9231e-02 -3.3004e+00
571 0 +1.539523894e+01 +7.371523894e+01 +7.371523894e+01 +4.0854e+00 -3.3004e+00
695 0 +9.920717321e+00 +6.824071732e+01 +6.824071732e+01 +3.2304e+00 -3.2999e+00
1011 0 +9.722143433e+00 +6.804214343e+01 +6.804214343e+01 +3.5453e+00 -3.2999e+00
1032 0 +5.553597779e-01 +5.887535978e+01 +5.887535978e+01 +3.6964e+00 -3.2960e+00
1204 0 +3.793491939e-01 +5.869934919e+01 +5.869934919e+01 +3.7979e+00 -3.2962e+00
1344 0 +3.803764310e-02 +5.835803764e+01 +5.835803764e+01 +3.5633e+00 -3.2967e+00
1391 0 +1.884077068e-02 +5.833884077e+01 +5.833884077e+01 +3.6418e+00 -3.2967e+00
1531 0 +1.548208062e-02 +5.833548208e+01 +5.833548208e+01 +3.7205e+00 -3.2967e+00
1544 0 +6.370768561e-03 +5.832637077e+01 +5.832637077e+01 +3.6713e+00 -3.2967e+00
1768 0 +1.739069129e-04 +5.832017391e+01 +5.832017391e+01 +3.6957e+00 -3.2968e+00
1853 0 +1.237148860e-04 +5.832012371e+01 +5.832012371e+01 +3.6995e+00 -3.2968e+00
2309 0 +5.142755146e-05 +5.832005143e+01 +5.832005143e+01 +3.7127e+00 -3.2968e+00
2346 0 +5.884868358e-06 +5.832000588e+01 +5.832000588e+01 +3.7034e+00 -3.2968e+00
2592 0 +3.004754170e-06 +5.832000300e+01 +5.832000300e+01 +3.7067e+00 -3.2968e+00
2863 0 +2.021143537e-06 +5.832000202e+01 +5.832000202e+01 +3.7067e+00 -3.2968e+00
2894 0 +1.519090283e-06 +5.832000152e+01 +5.832000152e+01 +3.7067e+00 -3.2968e+00
2926 0 +3.388796159e-07 +5.832000034e+01 +5.832000034e+01 +3.7051e+00 -3.2968e+00
3057 0 +1.850126736e-07 +5.832000019e+01 +5.832000019e+01 +3.7059e+00 -3.2968e+00
3115 0 +9.817497215e-08 +5.832000010e+01 +5.832000010e+01 +3.7056e+00 -3.2968e+00
3161 0 +3.695634376e-08 +5.832000004e+01 +5.832000004e+01 +3.7054e+00 -3.2968e+00
3217 0 +1.314013787e-09 +5.832000000e+01 +5.832000000e+01 +3.7056e+00 -3.2968e+00
3862 0 +9.663381206e-13 +5.832000000e+01 +5.832000000e+01 +3.7056e+00 -3.2968e+00
4271 0 +0.000000000e+00 +5.832000000e+01 +5.832000000e+01 +3.7056e+00 -3.2968e+00
8001 0 +0.000000000e+00 +5.832000000e+01 +5.832000000e+01 +3.7056e+00 -3.2968e+00
% f evaluations | g evaluations | best noise-free fitness - Fopt (1.932700000000e+02) + sum g_i+ | measured fitness | best measured fitness or single-digit g-values | x1 | x2...
1 0 +3.017253263e+04 +3.036580263e+04 +3.036580263e+04 +2.9654e+00 -3.1657e+00
34 0 +7.275738642e+01 +2.660273864e+02 +2.660273864e+02 -2.0373e+00 -3.3473e+00
443 0 +6.564381290e+01 +2.589138129e+02 +2.589138129e+02 -1.1151e+00 -3.3473e+00
558 0 +1.398364017e+01 +2.072536402e+02 +2.072536402e+02 -3.3307e-01 -3.3421e+00
613 0 +1.286523521e+01 +2.061352352e+02 +2.061352352e+02 -4.0974e-03 -3.3421e+00
934 0 +1.254824085e+01 +2.058182409e+02 +2.058182409e+02 +1.0646e-01 -3.3421e+00
1137 0 +9.589267672e+00 +2.028592677e+02 +2.028592677e+02 +1.0622e+00 -3.3421e+00
1187 0 +8.958672287e+00 +2.022286723e+02 +2.022286723e+02 +2.5666e+00 -3.3421e+00
1192 0 +7.920585450e-01 +1.940620585e+02 +1.940620585e+02 +2.1244e+00 -3.3383e+00
1474 0 +1.135771688e-01 +1.933835772e+02 +1.933835772e+02 +2.0530e+00 -3.3395e+00
1497 0 +1.478779171e-02 +1.932847878e+02 +1.932847878e+02 +2.0394e+00 -3.3393e+00
1762 0 +5.671097239e-03 +1.932756711e+02 +1.932756711e+02 +1.9565e+00 -3.3392e+00
1847 0 +5.400674417e-03 +1.932754007e+02 +1.932754007e+02 +1.9583e+00 -3.3392e+00
1930 0 +1.369402648e-03 +1.932713694e+02 +1.932713694e+02 +2.0048e+00 -3.3392e+00
2012 0 +1.476185516e-04 +1.932701476e+02 +1.932701476e+02 +2.0331e+00 -3.3392e+00
2289 0 +1.225314359e-04 +1.932701225e+02 +1.932701225e+02 +2.0422e+00 -3.3392e+00
2343 0 +2.410756022e-05 +1.932700241e+02 +1.932700241e+02 +2.0428e+00 -3.3392e+00
2591 0 +7.749828455e-06 +1.932700077e+02 +1.932700077e+02 +2.0411e+00 -3.3392e+00
2756 0 +6.940061098e-06 +1.932700069e+02 +1.932700069e+02 +2.0406e+00 -3.3392e+00
2769 0 +3.608791445e-06 +1.932700036e+02 +1.932700036e+02 +2.0367e+00 -3.3392e+00
2833 0 +1.452686234e-06 +1.932700015e+02 +1.932700015e+02 +2.0375e+00 -3.3392e+00
3046 0 +1.338669335e-06 +1.932700013e+02 +1.932700013e+02 +2.0376e+00 -3.3392e+00
3061 0 +1.132602904e-06 +1.932700011e+02 +1.932700011e+02 +2.0375e+00 -3.3392e+00
3079 0 +5.818271518e-07 +1.932700006e+02 +1.932700006e+02 +2.0384e+00 -3.3392e+00
3177 0 +4.541172416e-08 +1.932700000e+02 +1.932700000e+02 +2.0383e+00 -3.3392e+00
3263 0 +3.231031087e-08 +1.932700000e+02 +1.932700000e+02 +2.0385e+00 -3.3392e+00
3303 0 +4.415596777e-10 +1.932700000e+02 +1.932700000e+02 +2.0384e+00 -3.3392e+00
4027 0 +6.536993169e-13 +1.932700000e+02 +1.932700000e+02 +2.0384e+00 -3.3392e+00
4381 0 +0.000000000e+00 +1.932700000e+02 +1.932700000e+02 +2.0384e+00 -3.3392e+00
8001 0 +0.000000000e+00 +1.932700000e+02 +1.932700000e+02 +2.0384e+00 -3.3392e+00
% f evaluations | g evaluations | best noise-free fitness - Fopt (-4.190100000000e+02) + sum g_i+ | measured fitness | best measured fitness or single-digit g-values | x1 | x2...
1 0 +3.404006182e+07 +3.403964281e+07 +3.403964281e+07 +2.9654e+00 -3.1657e+00
2 0 +4.198556477e+06 +4.198137467e+06 +4.198137467e+06 +2.7969e+00 +9.6850e-01
5 0 +2.663450809e+06 +2.663031799e+06 +2.663031799e+06 -3.5713e+00 +1.5089e+00
6 0 +5.275302691e+05 +5.271112591e+05 +5.271112591e+05 -4.4359e+00 +2.2200e+00
15 0 +4.144725855e+05 +4.140535755e+05 +4.140535755e+05 -3.3237e-01 +3.5994e+00
21 0 +1.102876959e+05 +1.098686859e+05 +1.098686859e+05 +1.1000e+00 +3.3319e+00
38 0 +1.067371020e+04 +1.025470020e+04 +1.025470020e+04 +2.1134e+00 +2.9018e+00
87 0 +4.189721706e+02 -3.782935406e-02 -3.782935406e-02 -1.0485e+00 +3.0278e+00
135 0 +2.412345437e+02 -1.777754563e+02 -1.777754563e+02 -3.3237e-01 +2.9923e+00
166 0 +4.144171498e+00 -4.148658285e+02 -4.148658285e+02 -1.3109e+00 +3.0075e+00
398 0 +2.454911864e+00 -4.165550881e+02 -4.165550881e+02 -1.6573e+00 +3.0075e+00
567 0 +1.401381366e+00 -4.176086186e+02 -4.176086186e+02 -2.2496e+00 +3.0075e+00
942 0 +1.890075766e-01 -4.188209924e+02 -4.188209924e+02 -3.0389e+00 +3.0075e+00
1045 0 +1.191252993e-01 -4.188908747e+02 -4.188908747e+02 -3.1979e+00 +3.0075e+00
1243 0 +1.081743141e-01 -4.189018257e+02 -4.189018257e+02 -3.3970e+00 +3.0075e+00
1525 0 +1.041184823e-01 -4.189058815e+02 -4.189058815e+02 -3.3426e+00 +3.0075e+00
1764 0 +8.981896862e-02 -4.189201810e+02 -4.189201810e+02 -3.5355e+00 +3.0074e+00
1849 0 +5.375892717e-02 -4.189562411e+02 -4.189562411e+02 -3.4259e+00 +3.0074e+00
1916 0 +2.178031779e-02 -4.189882197e+02 -4.189882197e+02 -3.2255e+00 +3.0073e+00
1935 0 +1.703696698e-02 -4.189929630e+02 -4.189929630e+02 -3.2793e+00 +3.0071e+00
1978 0 +5.628124853e-04 -4.190094372e+02 -4.190094372e+02 -3.3098e+00 +3.0072e+00
2280 0 +2.584504733e-04 -4.190097415e+02 -4.190097415e+02 -3.3120e+00 +3.0072e+00
2317 0 +1.501228362e-04 -4.190098499e+02 -4.190098499e+02 -3.3120e+00 +3.0072e+00
2462 0 +3.395869061e-05 -4.190099660e+02 -4.190099660e+02 -3.3183e+00 +3.0072e+00
2569 0 +1.107469080e-05 -4.190099889e+02 -4.190099889e+02 -3.3263e+00 +3.0072e+00
2603 0 +5.206414926e-06 -4.190099948e+02 -4.190099948e+02 -3.3263e+00 +3.0072e+00
2637 0 +2.735192766e-07 -4.190099997e+02 -4.190099997e+02 -3.3243e+00 +3.0072e+00
2768 0 +1.763495447e-07 -4.190099998e+02 -4.190099998e+02 -3.3240e+00 +3.0072e+00
2800 0 +1.418426336e-07 -4.190099999e+02 -4.190099999e+02 -3.3240e+00 +3.0072e+00
2985 0 +1.058660359e-07 -4.190099999e+02 -4.190099999e+02 -3.3240e+00 +3.0072e+00
3142 0 +1.484920631e-08 -4.190100000e+02 -4.190100000e+02 -3.3241e+00 +3.0072e+00
3360 0 +1.161993168e-08 -4.190100000e+02 -4.190100000e+02 -3.3240e+00 +3.0072e+00
3386 0 +1.090143087e-09 -4.190100000e+02 -4.190100000e+02 -3.3240e+00 +3.0072e+00
3936 0 +4.547473509e-13 -4.190100000e+02 -4.190100000e+02 -3.3240e+00 +3.0072e+00
4138 0 +0.000000000e+00 -4.190100000e+02 -4.190100000e+02 -3.3240e+00 +3.0072e+00
8001 0 +0.000000000e+00 -4.190100000e+02 -4.190100000e+02 -3.3240e+00 +3.0072e+00
% f evaluations | g evaluations | best noise-free fitness - Fopt (4.076100000000e+02) + sum g_i+ | measured fitness | best measured fitness or single-digit g-values | x1 | x2...
1 0 +2.984075030e+04 +3.024836030e+04 +3.024836030e+04 +2.9654e+00 -3.1657e+00
34 0 +7.113534014e+01 +4.787453401e+02 +4.787453401e+02 -2.0373e+00 -3.3473e+00
212 0 +6.969520432e+01 +4.773052043e+02 +4.773052043e+02 -1.6001e+00 -3.3473e+00
329 0 +6.868807853e+01 +4.762980785e+02 +4.762980785e+02 -1.2386e+00 -3.3473e+00
412 0 +4.114560461e+00 +4.117245605e+02 +4.117245605e+02 +1.5370e+00 -3.3377e+00
525 0 +3.211035655e+00 +4.108210357e+02 +4.108210357e+02 +1.3660e+00 -3.3377e+00
691 0 +6.473404497e-01 +4.082573404e+02 +4.082573404e+02 +3.2993e-02 -3.3377e+00
799 0 +4.668480909e-01 +4.080768481e+02 +4.080768481e+02 -3.8602e-01 -3.3377e+00
855 0 +6.700770906e-02 +4.076770077e+02 +4.076770077e+02 -1.5997e-01 -3.3384e+00
907 0 +1.457606259e-02 +4.076245761e+02 +4.076245761e+02 -3.0613e-01 -3.3384e+00
1010 0 +9.344791248e-03 +4.076193448e+02 +4.076193448e+02 -3.2712e-01 -3.3384e+00
1307 0 +4.332597997e-03 +4.076143326e+02 +4.076143326e+02 -3.6503e-01 -3.3384e+00
1449 0 +1.943788695e-03 +4.076119438e+02 +4.076119438e+02 -4.4110e-01 -3.3384e+00
1541 0 +1.565647725e-03 +4.076115656e+02 +4.076115656e+02 -4.3201e-01 -3.3384e+00
1752 0 +5.608624553e-04 +4.076105609e+02 +4.076105609e+02 -4.2557e-01 -3.3384e+00
1889 0 +3.756522974e-04 +4.076103757e+02 +4.076103757e+02 -4.3201e-01 -3.3384e+00
2207 0 +1.212679844e-04 +4.076101213e+02 +4.076101213e+02 -4.2152e-01 -3.3384e+00
2465 0 +1.077877810e-04 +4.076101078e+02 +4.076101078e+02 -4.1976e-01 -3.3384e+00
2528 0 +9.275061217e-05 +4.076100928e+02 +4.076100928e+02 -4.2424e-01 -3.3384e+00
2670 0 +2.490166958e-05 +4.076100249e+02 +4.076100249e+02 -4.1976e-01 -3.3384e+00
2782 0 +4.915264356e-06 +4.076100049e+02 +4.076100049e+02 -4.1637e-01 -3.3384e+00
2821 0 +1.245388205e-06 +4.076100012e+02 +4.076100012e+02 -4.1622e-01 -3.3384e+00
2854 0 +2.590918484e-07 +4.076100003e+02 +4.076100003e+02 -4.1566e-01 -3.3384e+00
3065 0 +2.465299076e-09 +4.076100000e+02 +4.076100000e+02 -4.1518e-01 -3.3384e+00
4010 0 +9.094947018e-13 +4.076100000e+02 +4.076100000e+02 -4.1520e-01 -3.3384e+00
4206 0 +0.000000000e+00 +4.076100000e+02 +4.076100000e+02 -4.1520e-01 -3.3384e+00
8001 0 +0.000000000e+00 +4.076100000e+02 +4.076100000e+02 -4.1520e-01 -3.3384e+00
% f evaluations | g evaluations | best noise-free fitness - Fopt (2.872000000000e+01) + sum g_i+ | measured fitness | best measured fitness or single-digit g-values | x1 | x2...
1 0 +5.400752102e+03 +5.429472102e+03 +5.429472102e+03 +2.9654e+00 -3.1657e+00
37 0 +4.520807672e+03 +4.549527672e+03 +4.549527672e+03 -4.8592e+00 -3.0116e+00
111 0 +9.907925174e+02 +1.019512517e+03 +1.019512517e+03 +3.9576e+00 -3.0507e+00
584 0 +1.571243279e+02 +1.858443279e+02 +1.858443279e+02 +3.1348e-01 -3.0724e+00
753 0 +1.395439953e+00 +3.011543995e+01 +3.011543995e+01 +7.6036e-01 -3.0838e+00
964 0 +1.370043777e+00 +3.009004378e+01 +3.009004378e+01 +7.9088e-01 -3.0838e+00
1095 0 +2.895633248e-01 +2.900956332e+01 +2.900956332e+01 +1.3875e+00 -3.0853e+00
1777 0 +2.343157723e-01 +2.895431577e+01 +2.895431577e+01 +9.4085e-01 -3.0846e+00
1782 0 +1.766095501e-01 +2.889660955e+01 +2.889660955e+01 +1.2975e+00 -3.0844e+00
1894 0 +4.130082466e-02 +2.876130082e+01 +2.876130082e+01 +1.3971e+00 -3.0850e+00
1906 0 +1.420611733e-02 +2.873420612e+01 +2.873420612e+01 +1.3928e+00 -3.0849e+00
1986 0 +7.691292021e-04 +2.872076913e+01 +2.872076913e+01 +1.4051e+00 -3.0848e+00
2058 0 +5.182261384e-04 +2.872051823e+01 +2.872051823e+01 +1.3820e+00 -3.0848e+00
2136 0 +2.174891992e-04 +2.872021749e+01 +2.872021749e+01 +1.3820e+00 -3.0848e+00
2330 0 +7.120340526e-05 +2.872007120e+01 +2.872007120e+01 +1.3881e+00 -3.0848e+00
2510 0 +3.349077465e-05 +2.872003349e+01 +2.872003349e+01 +1.3948e+00 -3.0848e+00
2520 0 +2.456392927e-05 +2.872002456e+01 +2.872002456e+01 +1.3957e+00 -3.0848e+00
2545 0 +1.719557439e-07 +2.872000017e+01 +2.872000017e+01 +1.3948e+00 -3.0848e+00
2745 0 +5.432188388e-08 +2.872000005e+01 +2.872000005e+01 +1.3942e+00 -3.0848e+00
3164 0 +4.692846645e-08 +2.872000005e+01 +2.872000005e+01 +1.3946e+00 -3.0848e+00
3168 0 +3.105172652e-08 +2.872000003e+01 +2.872000003e+01 +1.3943e+00 -3.0848e+00
3245 0 +2.762355322e-08 +2.872000003e+01 +2.872000003e+01 +1.3945e+00 -3.0848e+00
3286 0 +7.914422895e-09 +2.872000001e+01 +2.872000001e+01 +1.3943e+00 -3.0848e+00
4007 0 +6.394884622e-14 +2.872000000e+01 +2.872000000e+01 +1.3944e+00 -3.0848e+00
4381 0 +0.000000000e+00 +2.872000000e+01 +2.872000000e+01 +1.3944e+00 -3.0848e+00
8001 0 +0.000000000e+00 +2.872000000e+01 +2.872000000e+01 +1.3944e+00 -3.0848e+00
