% f evaluations | g evaluations | best noise-free fitness - Fopt (-1.694000000000e+01) + sum g_i+ | measured fitness | best measured fitness or single-digit g-values | x1 | x2...
1 0 +3.312988730e+01 +1.618988730e+01 +1.618988730e+01 +3.9878e+00 +7.4418e-02 +1.1172e+00 -3.5271e+00 +4.3735e+00 -5.9950e-01 +6.4116e-01 -1.9489e+00 -4.2145e+00 -3.2120e+00
3 0 +1.059226844e+01 -6.347731565e+00 -6.347731565e+00 +6.7580e-01 +3.5717e+00 +8.3659e-02 +2.6567e+00 +2.8267e+00 -2.3829e+00 +1.7881e+00 -3.1281e+00 +1.0273e+00 -2.3735e+00
13 0 +9.126471595e+00 -7.813528405e+00 -7.813528405e+00 +2.6173e+00 +4.9453e+00 -3.0817e+00 +7.2021e-01 -1.0174e+00 -4.0629e+00 +3.1507e+00 +8.1390e-02 +1.3718e+00 +1.7183e-01
117 0 +8.776773975e+00 -8.163226025e+00 -8.163226025e+00 +3.0045e+00 +3.0744e+00 -1.6544e+00 +9.3429e-01 -2.4877e-01 -2.3229e+00 +3.7103e+00 +5.0132e-01 +1.3785e+00 +5.6313e-01
165 0 +8.304672320e+00 -8.635327680e+00 -8.635327680e+00 +3.0580e+00 +3.1281e+00 -1.6088e+00 +9.8435e-01 -2.0072e-01 -2.2784e+00 +3.7651e+00 +5.5064e-01 +1.4293e+00 +6.1256e-01
199 0 +7.632774383e+00 -9.307225617e+00 -9.307225617e+00 +3.0465e+00 +3.0992e+00 -1.7489e+00 +9.7834e-01 -2.6149e-01 -2.4561e+00 +3.7341e+00 +5.3188e-01 +1.3984e+00 +5.9724e-01
255 0 +7.420711941e+00 -9.519288059e+00 -9.519288059e+00 +3.0283e+00 +3.0810e+00 -1.7671e+00 +9.6015e-01 -2.7968e-01 -2.4743e+00 +3.7159e+00 +5.1368e-01 +1.3802e+00 +5.7905e-01
258 0 +6.884152529e+00 -1.005584747e+01 -1.005584747e+01 +2.6364e+00 +2.6892e+00 -2.1589e+00 +5.6833e-01 -6.7149e-01 -2.8661e+00 +3.3241e+00 +1.2187e-01 +9.8836e-01 +1.8723e-01
337 0 +6.682724556e+00 -1.025727544e+01 -1.025727544e+01 +2.9291e+00 +2.9906e+00 -1.6795e+00 +6.2718e-01 -4.2109e-01 -2.2773e+00 +3.7313e+00 +2.4959e-01 +1.0064e+00 +3.0480e-01
343 0 +6.469821978e+00 -1.047017802e+01 -1.047017802e+01 +2.9162e+00 +2.9714e+00 -2.0973e+00 +7.5399e-01 -5.4226e-01 -2.8368e+00 +3.6352e+00 +2.8721e-01 +1.1931e+00 +3.5555e-01
349 0 +6.355552457e+00 -1.058444754e+01 -1.058444754e+01 +2.8824e+00 +2.9375e+00 -2.1312e+00 +7.2012e-01 -5.7612e-01 -2.8706e+00 +3.6013e+00 +2.5334e-01 +1.1593e+00 +3.2168e-01
353 0 +6.286505335e+00 -1.065349467e+01 -1.065349467e+01 +2.8919e+00 +2.9470e+00 -2.1217e+00 +7.2962e-01 -5.6662e-01 -2.8611e+00 +3.6108e+00 +2.6284e-01 +1.1688e+00 +3.3118e-01
400 0 +6.105655452e+00 -1.083434455e+01 -1.083434455e+01 +3.0528e+00 +3.1104e+00 -2.0534e+00 +7.9169e-01 -5.6382e-01 -2.7590e+00 +3.8046e+00 +3.0357e-01 +1.2509e+00 +3.7503e-01
442 0 +5.681865769e+00 -1.125813423e+01 -1.125813423e+01 +3.0957e+00 +3.1534e+00 -2.0105e+00 +8.3462e-01 -5.2090e-01 -2.7161e+00 +3.8475e+00 +3.4649e-01 +1.2938e+00 +4.1796e-01
700 0 +5.305206056e+00 -1.163479394e+01 -1.163479394e+01 +3.0029e+00 +2.8946e+00 -2.1626e+00 +7.9055e-01 -6.4759e-01 -2.7981e+00 +3.7912e+00 +2.3292e-01 +1.1719e+00 +3.4612e-01
735 0 +5.247617180e+00 -1.169238282e+01 -1.169238282e+01 +3.0154e+00 +2.9070e+00 -2.1573e+00 +7.9998e-01 -6.4019e-01 -2.7937e+00 +3.8048e+00 +2.4156e-01 +1.1818e+00 +3.5492e-01
1443 0 +5.122744036e+00 -1.181725596e+01 -1.181725596e+01 +3.0306e+00 +2.9105e+00 -2.1709e+00 +8.0560e-01 -6.4661e-01 -2.8011e+00 +3.8172e+00 +2.3394e-01 +1.1676e+00 +3.6102e-01
1968 0 +5.008840807e+00 -1.193115919e+01 -1.193115919e+01 +3.0471e+00 +2.9009e+00 -2.1834e+00 +8.1595e-01 -6.5430e-01 -2.7998e+00 +3.8140e+00 +2.3600e-01 +1.1612e+00 +3.6882e-01
2711 0 +4.897187397e+00 -1.204281260e+01 -1.204281260e+01 +3.0479e+00 +2.9083e+00 -2.2027e+00 +8.1833e-01 -6.7665e-01 -2.7938e+00 +3.7975e+00 +2.3643e-01 +1.1585e+00 +3.7250e-01
3200 0 +4.785503276e+00 -1.215449672e+01 -1.215449672e+01 +3.0487e+00 +2.9095e+00 -2.2089e+00 +8.5063e-01 -6.8301e-01 -2.7652e+00 +3.7928e+00 +2.3842e-01 +1.1656e+00 +3.7496e-01
6027 0 +4.676117080e+00 -1.226388292e+01 -1.226388292e+01 +3.0503e+00 +2.9119e+00 -2.2230e+00 +8.7350e-01 -6.9707e-01 -2.6977e+00 +3.8519e+00 +2.3494e-01 +1.1562e+00 +3.7385e-01
8425 0 +4.570325381e+00 -1.236967462e+01 -1.236967462e+01 +3.0737e+00 +2.9140e+00 -2.2309e+00 +8.5260e-01 -7.0457e-01 -2.6410e+00 +3.9186e+00 +2.1149e-01 +1.1237e+00 +3.6979e-01
24573 0 +4.466741332e+00 -1.247325867e+01 -1.247325867e+01 +3.1181e+00 +2.9122e+00 -2.2080e+00 +8.5640e-01 -7.3224e-01 -2.5596e+00 +4.0158e+00 +1.9380e-01 +1.0971e+00 +3.7769e-01
54403 0 +4.365143159e+00 -1.257485684e+01 -1.257485684e+01 +3.1506e+00 +2.8798e+00 -2.1308e+00 +8.9489e-01 -7.7221e-01 -2.5433e+00 +4.0623e+00 +1.5986e-01 +1.0497e+00 +4.4232e-01
76051 0 +4.298033658e+00 -1.264196634e+01 -1.264196634e+01 +3.1900e+00 +2.8539e+00 -2.1067e+00 +9.2572e-01 -7.8996e-01 -2.5083e+00 +4.1104e+00 +1.2207e-01 +9.9050e-01 +4.9994e-01
% f evaluations | g evaluations | best noise-free fitness - Fopt (1.881000000000e+01) + sum g_i+ | measured fitness | best measured fitness or single-digit g-values | x1 | x2...
1 0 +1.924075371e+01 +3.805075371e+01 +3.805075371e+01 +8.4517e-01 +5.2474e-01 -4.7242e+00 -8.9691e-01 -2.9709e+00 -2.7646e+00 +1.6276e+00 +2.4724e+00 -4.9583e+00 +2.7918e+00
3 0 +1.905379003e+01 +3.786379003e+01 +3.786379003e+01 +3.0220e-01 +3.2840e+00 -8.9435e-01 -2.3140e+00 +2.0906e+00 +1.3745e+00 +4.9664e-01 -4.0645e+00 +4.5952e+00 +1.2676e-02
6 0 +1.753885359e+01 +3.634885359e+01 +3.634885359e+01 +2.9682e-01 -3.7510e+00 +2.7992e+00 +2.8334e+00 +3.7190e+00 -3.6315e+00 +8.4532e-01 +8.9908e-01 -7.9761e-01 +5.0485e-01
7 0 +1.551531415e+01 +3.432531415e+01 +3.432531415e+01 -4.4415e+00 +3.5708e+00 +3.6909e-01 +5.1620e-01 +3.0386e+00 -3.7274e+00 +3.7021e+00 -3.8271e+00 +2.8731e+00 +4.7297e+00
8 0 +8.744679130e+00 +2.755467913e+01 +2.755467913e+01 +2.8506e+00 +1.3212e+00 -2.2349e-01 +7.4581e-01 +1.8102e+00 +6.7710e-01 +2.3493e+00 +3.0123e+00 +1.5474e+00 +4.1718e+00
60 0 +6.810476649e+00 +2.562047665e+01 +2.562047665e+01 -2.5656e+00 +1.6985e+00 -1.5032e+00 -1.3561e+00 +1.1663e+00 -3.3707e+00 +1.8298e+00 +2.9840e+00 +1.0008e+00 +2.8574e+00
63 0 +5.075046756e+00 +2.388504676e+01 +2.388504676e+01 -2.8113e+00 +1.4529e+00 -1.7489e+00 -1.6017e+00 +9.2069e-01 -3.6163e+00 +1.5841e+00 +2.7383e+00 +7.5517e-01 +2.6118e+00
121 0 +4.658667494e+00 +2.346866749e+01 +2.346866749e+01 -1.1944e+00 +2.8551e+00 -8.8328e-01 -8.4161e-01 +1.9456e+00 -1.4303e+00 +3.0798e+00 -1.0339e+00 +1.6632e+00 +4.8340e+00
214 0 +4.245392932e+00 +2.305539293e+01 +2.305539293e+01 -2.1282e+00 +1.9759e+00 -1.6784e+00 -1.6184e+00 +1.4709e+00 -2.4724e+00 +2.0985e+00 -1.8963e+00 +1.3155e+00 +3.0691e+00
216 0 +4.108634010e+00 +2.291863401e+01 +2.291863401e+01 -1.7190e+00 +1.5585e+00 -1.2674e+00 -1.2069e+00 +1.0573e+00 -2.0615e+00 +1.6823e+00 -1.4860e+00 +9.0166e-01 +2.6491e+00
249 0 +3.393158227e+00 +2.220315823e+01 +2.220315823e+01 -1.0645e+00 +1.9145e+00 -6.3118e-01 -5.7316e-01 +1.3603e+00 -1.3930e+00 +2.0506e+00 -8.4062e-01 +1.1881e+00 +3.1202e+00
252 0 +2.858017314e+00 +2.166801731e+01 +2.166801731e+01 -9.4309e-01 +2.0359e+00 -5.0981e-01 -4.5179e-01 +1.4817e+00 -1.2716e+00 +2.1719e+00 -7.1925e-01 +1.3095e+00 +3.2416e+00
259 0 +2.812127743e+00 +2.162212774e+01 +2.162212774e+01 -9.4563e-01 +2.0334e+00 -5.1234e-01 -4.5432e-01 +1.4791e+00 -1.2741e+00 +2.1694e+00 -7.2178e-01 +1.3069e+00 +3.2391e+00
312 0 +2.698233956e+00 +2.150823396e+01 +2.150823396e+01 -9.5176e-01 +2.0262e+00 -5.1654e-01 -4.5826e-01 +1.4744e+00 -1.2818e+00 +2.1616e+00 -7.2692e-01 +1.3030e+00 +3.2264e+00
348 0 +2.687849920e+00 +2.149784992e+01 +2.149784992e+01 -9.5354e-01 +2.0244e+00 -5.1832e-01 -4.6004e-01 +1.4726e+00 -1.2835e+00 +2.1598e+00 -7.2870e-01 +1.3012e+00 +3.2247e+00
596 0 +2.595069172e+00 +2.140506917e+01 +2.140506917e+01 -1.0193e+00 +1.8999e+00 -5.7449e-01 -5.1492e-01 +1.3768e+00 -1.3566e+00 +2.0282e+00 -7.8952e-01 +1.2142e+00 +3.0378e+00
697 0 +2.497351910e+00 +2.130735191e+01 +2.130735191e+01 -1.0070e+00 +1.9105e+00 -5.5958e-01 -4.9966e-01 +1.3801e+00 -1.3463e+00 +2.0408e+00 -7.7588e-01 +1.2201e+00 +3.0662e+00
778 0 +2.445914752e+00 +2.125591475e+01 +2.125591475e+01 -1.0077e+00 +1.9120e+00 -5.6483e-01 -5.0552e-01 +1.3688e+00 -1.3454e+00 +2.0395e+00 -7.7891e-01 +1.2132e+00 +3.0374e+00
897 0 +2.388213800e+00 +2.119821380e+01 +2.119821380e+01 -8.6917e-01 +1.9742e+00 -4.7142e-01 -4.1848e-01 +1.4200e+00 -1.1737e+00 +2.1009e+00 -5.5344e-01 +1.2653e+00 +3.0901e+00
1002 0 +2.343757332e+00 +2.115375733e+01 +2.115375733e+01 -8.8217e-01 +1.9695e+00 -4.8172e-01 -4.2840e-01 +1.4149e+00 -1.1887e+00 +2.0965e+00 -5.6977e-01 +1.2598e+00 +3.0878e+00
1931 0 +2.283015749e+00 +2.109301575e+01 +2.109301575e+01 -8.8138e-01 +1.9721e+00 -4.7349e-01 -4.1859e-01 +1.4182e+00 -1.1853e+00 +2.0990e+00 -5.7122e-01 +1.2654e+00 +3.0953e+00
2220 0 +2.227192616e+00 +2.103719262e+01 +2.103719262e+01 -8.8149e-01 +1.9738e+00 -4.7088e-01 -4.1065e-01 +1.4190e+00 -1.1769e+00 +2.1015e+00 -5.7263e-01 +1.2657e+00 +3.1240e+00
3007 0 +2.187037950e+00 +2.099703795e+01 +2.099703795e+01 -8.7827e-01 +1.9746e+00 -4.6955e-01 -4.0204e-01 +1.4206e+00 -1.1696e+00 +2.0996e+00 -5.7117e-01 +1.2676e+00 +3.1577e+00
3725 0 +2.135877793e+00 +2.094587779e+01 +2.094587779e+01 -8.8160e-01 +1.9710e+00 -4.7381e-01 -4.0039e-01 +1.4212e+00 -1.1757e+00 +2.0880e+00 -5.7477e-01 +1.2688e+00 +3.1459e+00
4106 0 +2.088569961e+00 +2.089856996e+01 +2.089856996e+01 -8.9542e-01 +1.9762e+00 -4.8729e-01 -3.9298e-01 +1.4285e+00 -1.1866e+00 +2.0951e+00 -5.8812e-01 +1.2763e+00 +3.1572e+00
5354 0 +2.040873730e+00 +2.085087373e+01 +2.085087373e+01 -9.0024e-01 +1.9720e+00 -4.9079e-01 -3.6991e-01 +1.4285e+00 -1.1956e+00 +2.0905e+00 -5.9307e-01 +1.2761e+00 +3.1600e+00
7913 0 +1.994415817e+00 +2.080441582e+01 +2.080441582e+01 -9.1061e-01 +1.9658e+00 -5.1347e-01 -3.5487e-01 +1.4449e+00 -1.2080e+00 +2.0862e+00 -6.0885e-01 +1.2739e+00 +3.1657e+00
11518 0 +1.949619186e+00 +2.075961919e+01 +2.075961919e+01 -9.0230e-01 +1.9544e+00 -5.7798e-01 -3.4954e-01 +1.4133e+00 -1.2028e+00 +2.0927e+00 -6.4985e-01 +1.2779e+00 +3.1184e+00
38878 0 +1.905441112e+00 +2.071544111e+01 +2.071544111e+01 -8.4636e-01 +1.9532e+00 -5.8208e-01 -2.9117e-01 +1.3949e+00 -1.2058e+00 +2.1116e+00 -6.6830e-01 +1.2638e+00 +3.1187e+00
76051 0 +1.901477761e+00 +2.071147776e+01 +2.071147776e+01 -8.4677e-01 +1.9602e+00 -6.1015e-01 -2.8255e-01 +1.3964e+00 -1.2020e+00 +2.1115e+00 -6.9221e-01 +1.2513e+00 +3.1003e+00
% f evaluations | g evaluations | best noise-free fitness - Fopt (2.731500000000e+02) + sum g_i+ | measured fitness | best measured fitness or single-digit g-values | x1 | x2...
1 0 +4.022153315e+01 +3.133715332e+02 +3.133715332e+02 +1.4371e+00 -2.8253e-01 -2.8297e+00 +3.2932e+00 -1.6250e+00 -2.6546e+00 -1.1283e+00 -3.8029e+00 +4.4344e+00 +4.4176e+00
2 0 +1.967036595e+01 +2.928203659e+02 +2.928203659e+02 +2.4357e+00 +2.5197e+00 -2.1777e+00 -6.7073e-01 -6.5582e-02 -4.4962e-01 +4.1896e+00 +2.7609e+00 -4.1377e+00 +1.4556e+00
3 0 +1.629483243e+01 +2.894448324e+02 +2.894448324e+02 +2.4352e+00 +6.6273e-01 +7.7373e-01 -3.4260e+00 +1.8977e+00 -3.1173e+00 +4.2454e+00 -1.7385e+00 -1.3133e+00 -3.3940e+00
24 0 +9.124761229e+00 +2.822747612e+02 +2.822747612e+02 +5.7537e-01 +1.9873e+00 +4.5052e-01 +1.0131e-01 +4.0468e+00 -1.7876e+00 -2.0126e-01 -3.4830e+00 -2.2074e+00 +4.9478e+00
65 0 +8.992587480e+00 +2.821425875e+02 +2.821425875e+02 +7.9084e-02 +1.4910e+00 -4.5769e-02 -3.9498e-01 +3.5505e+00 -2.2839e+00 -6.9754e-01 -3.9793e+00 -2.7037e+00 +4.4515e+00
104 0 +8.511466326e+00 +2.816614663e+02 +2.816614663e+02 -1.5447e-01 +1.2575e+00 -2.7932e-01 -6.2853e-01 +3.3169e+00 -2.5175e+00 -9.3109e-01 -4.7503e+00 -2.9373e+00 +4.2179e+00
145 0 +7.716330629e+00 +2.808663306e+02 +2.808663306e+02 +1.0147e-01 +1.5329e+00 -2.5002e-02 -3.7907e-01 +3.6210e+00 -2.2736e+00 -6.8587e-01 -3.9456e+00 -2.6876e+00 +4.5346e+00
157 0 +7.078927323e+00 +2.802289273e+02 +2.802289273e+02 +1.1713e-01 +1.5486e+00 -9.3479e-03 -3.6341e-01 +3.6367e+00 -2.2580e+00 -6.7021e-01 -3.9299e+00 -2.6720e+00 +4.5502e+00
256 0 +6.853643240e+00 +2.800036432e+02 +2.800036432e+02 +1.4810e-01 +1.5796e+00 +2.1622e-02 -3.3244e-01 +3.6676e+00 -2.2270e+00 -6.3924e-01 -3.8990e+00 -2.6410e+00 +4.5812e+00
337 0 +6.735115501e+00 +2.798851155e+02 +2.798851155e+02 +1.3444e-01 +1.5692e+00 +7.6841e-03 -3.4718e-01 +3.6620e+00 -2.2461e+00 -6.5468e-01 -3.9218e+00 -2.6610e+00 +4.5776e+00
583 0 +6.599415949e+00 +2.797494159e+02 +2.797494159e+02 +1.4661e-01 +1.5872e+00 +1.8710e-02 -3.3723e-01 +3.6878e+00 -2.2327e+00 -6.4422e-01 -3.9037e+00 -2.6465e+00 +4.6068e+00
971 0 +6.442165576e+00 +2.795921656e+02 +2.795921656e+02 +1.4462e-01 +1.5862e+00 +1.6780e-02 -3.3925e-01 +3.6860e+00 -2.2323e+00 -6.4638e-01 -3.8799e+00 -2.6447e+00 +4.5948e+00
1372 0 +5.666840620e+00 +2.788168406e+02 +2.788168406e+02 +8.7268e-02 +1.4358e+00 -3.2372e-02 -3.6487e-01 +2.4498e+00 -2.3355e+00 -6.5135e-01 -4.1050e+00 -2.7765e+00 +4.2772e+00
1394 0 +5.512604775e+00 +2.786626048e+02 +2.786626048e+02 +2.5307e-01 +1.6016e+00 +1.3343e-01 -1.9907e-01 +2.6156e+00 -2.1697e+00 -4.8555e-01 -3.9392e+00 -2.6107e+00 +4.4430e+00
1395 0 +5.340841589e+00 +2.784908416e+02 +2.784908416e+02 +1.1799e-01 +1.4665e+00 -1.6507e-03 -3.3415e-01 +2.4805e+00 -2.3048e+00 -6.2063e-01 -4.0743e+00 -2.7458e+00 +4.3080e+00
1402 0 +4.842761745e+00 +2.779927617e+02 +2.779927617e+02 +2.9100e-01 +1.6396e+00 +1.7136e-01 -1.6115e-01 +2.6535e+00 -2.1318e+00 -4.4762e-01 -3.9013e+00 -2.5728e+00 +4.4810e+00
1464 0 +4.413335086e+00 +2.775633351e+02 +2.775633351e+02 +2.9781e-01 +1.6421e+00 +1.7852e-01 -1.5295e-01 +2.7004e+00 -2.1270e+00 -4.3849e-01 -3.9004e+00 -2.5692e+00 +4.4855e+00
1487 0 +4.359637431e+00 +2.775096374e+02 +2.775096374e+02 +3.0012e-01 +1.6462e+00 +1.8066e-01 -1.5124e-01 +2.7058e+00 -2.1279e+00 -4.3716e-01 -3.9036e+00 -2.5707e+00 +4.4933e+00
1536 0 +4.251870580e+00 +2.774018706e+02 +2.774018706e+02 +3.0734e-01 +1.6526e+00 +1.8807e-01 -1.4331e-01 +2.7291e+00 -2.1210e+00 -4.2878e-01 -3.8976e+00 -2.5642e+00 +4.4991e+00
1824 0 +4.144876721e+00 +2.772948767e+02 +2.772948767e+02 +3.1129e-01 +1.6593e+00 +1.9180e-01 -1.4017e-01 +2.7242e+00 -2.1202e+00 -4.2614e-01 -3.9010e+00 -2.5644e+00 +4.4909e+00
2018 0 +4.058877449e+00 +2.772088774e+02 +2.772088774e+02 +3.1177e-01 +1.6608e+00 +1.9222e-01 -1.3991e-01 +2.7281e+00 -2.1231e+00 -4.2603e-01 -3.9139e+00 -2.5694e+00 +4.4971e+00
2420 0 +3.976098905e+00 +2.771260989e+02 +2.771260989e+02 +3.1671e-01 +1.6671e+00 +1.9719e-01 -1.3624e-01 +2.7279e+00 -2.1228e+00 -4.2125e-01 -3.9376e+00 -2.5708e+00 +4.5022e+00
4789 0 +3.889131862e+00 +2.770391319e+02 +2.770391319e+02 +3.2005e-01 +1.6667e+00 +1.9773e-01 -1.1387e-01 +2.7283e+00 -2.1248e+00 -4.2388e-01 -3.9354e+00 -2.5722e+00 +4.5215e+00
10690 0 +3.797145893e+00 +2.769471459e+02 +2.769471459e+02 +3.1222e-01 +1.6469e+00 +1.8915e-01 -8.7511e-02 +2.7090e+00 -2.1329e+00 -4.3223e-01 -3.9279e+00 -2.5806e+00 +4.5138e+00
20488 0 +3.714999215e+00 +2.768649992e+02 +2.768649992e+02 +3.0601e-01 +1.5939e+00 +1.9528e-01 -6.7046e-02 +2.6767e+00 -2.1261e+00 -4.2507e-01 -3.9525e+00 -2.6112e+00 +4.5168e+00
76051 0 +3.673497023e+00 +2.768234970e+02 +2.768234970e+02 +2.4517e-01 +1.5565e+00 +2.0812e-01 -6.7567e-02 +2.6932e+00 -2.1006e+00 -4.2041e-01 -3.9381e+00 -2.6330e+00 +4.5078e+00
% f evaluations | g evaluations | best noise-free fitness - Fopt (3.718000000000e+01) + sum g_i+ | measured fitness | best measured fitness or single-digit g-values | x1 | x2...
1 0 +4.134036350e+01 +7.852036350e+01 +7.852036350e+01 -9.8099e-01 +4.5316e+00 -4.5187e+00 -3.8548e+00 -1.1981e+00 +4.3695e+00 -4.6855e+00 -4.0855e+00 -4.9336e-01 +2.2366e+00
4 0 +3.652032289e+01 +7.370032289e+01 +7.370032289e+01 -1.8702e+00 -2.1306e+00 -3.3105e+00 +3.5767e+00 -4.8852e+00 +2.0631e+00 -1.4145e+00 -8.3001e-01 +1.9702e+00 +1.6618e+00
6 0 +2.281465019e+01 +5.999465019e+01 +5.999465019e+01 +2.3560e-01 +2.6644e+00 +2.3056e+00 +1.2080e+00 -2.3118e+00 -4.9263e+00 -4.4737e+00 -4.3557e+00 -4.6140e+00 -2.5385e+00
10 0 +1.370283204e+01 +5.088283204e+01 +5.088283204e+01 -2.5210e+00 +1.3607e+00 +2.4425e+00 +8.2830e-01 -4.8558e+00 +3.3161e-01 -3.2693e+00 -8.1694e-01 -1.5024e+00 -2.7297e+00
45 0 +1.086084325e+01 +4.804084325e+01 +4.804084325e+01 -7.6689e-01 +5.8533e-01 -8.7228e-01 -3.2329e+00 -1.4838e+00 -4.2375e+00 -1.6643e+00 -4.9880e+00 -1.0379e+00 +2.5667e+00
63 0 +8.640098706e+00 +4.582009871e+01 +4.582009871e+01 -7.2976e-01 +6.2247e-01 -8.3515e-01 -3.1958e+00 -1.4467e+00 -4.2004e+00 -1.6272e+00 -4.9508e+00 -1.0008e+00 +2.6038e+00
74 0 +7.684460422e+00 +4.486446042e+01 +4.486446042e+01 -5.6087e-01 +7.9135e-01 -6.6626e-01 -3.0269e+00 -1.2778e+00 -4.0315e+00 -1.4583e+00 -4.7820e+00 -8.3190e-01 +2.7727e+00
147 0 +7.543746756e+00 +4.472374676e+01 +4.472374676e+01 -5.6318e-01 +7.9461e-01 -6.6900e-01 -3.0393e+00 -1.2830e+00 -4.0481e+00 -1.4643e+00 -4.8016e+00 -8.3532e-01 +2.7841e+00
152 0 +7.342925982e+00 +4.452292598e+01 +4.452292598e+01 -5.3387e-01 +8.3729e-01 -6.4073e-01 -3.0344e+00 -1.2608e+00 -4.0531e+00 -1.4439e+00 -4.8141e+00 -8.0869e-01 +2.8464e+00
160 0 +7.212807088e+00 +4.439280709e+01 +4.439280709e+01 -5.4570e-01 +8.2546e-01 -6.5256e-01 -3.0462e+00 -1.2726e+00 -4.0649e+00 -1.4557e+00 -4.8259e+00 -8.2052e-01 +2.8346e+00
203 0 +6.571667202e+00 +4.375166720e+01 +4.375166720e+01 -5.6552e-01 +8.0475e-01 -6.6464e-01 -3.0695e+00 -1.2925e+00 -4.0997e+00 -1.4646e+00 -4.8336e+00 -8.6150e-01 +2.8257e+00
296 0 +6.229705300e+00 +4.340970530e+01 +4.340970530e+01 -5.7780e-01 +7.7751e-01 -6.6863e-01 -3.0737e+00 -1.2972e+00 -4.1251e+00 -1.4573e+00 -4.8418e+00 -8.9060e-01 +2.7888e+00
350 0 +6.101158599e+00 +4.328115860e+01 +4.328115860e+01 -5.7097e-01 +7.8434e-01 -6.6180e-01 -3.0669e+00 -1.2904e+00 -4.1183e+00 -1.4505e+00 -4.8349e+00 -8.8377e-01 +2.7956e+00
644 0 +6.019653529e+00 +4.319965353e+01 +4.319965353e+01 -5.7006e-01 +7.7604e-01 -6.6034e-01 -3.0681e+00 -1.2892e+00 -4.1206e+00 -1.4522e+00 -4.8385e+00 -8.8806e-01 +2.7750e+00
815 0 +5.011004172e+00 +4.219100417e+01 +4.219100417e+01 +1.4719e-01 +1.4906e+00 +5.7993e-02 -2.3489e+00 -5.7053e-01 -3.4058e+00 -7.3788e-01 -4.1202e+00 -1.7235e-01 +3.4922e+00
3958 0 +4.897761242e+00 +4.207776124e+01 +4.207776124e+01 +1.4146e-01 +1.4933e+00 +5.2139e-02 -2.3763e+00 -5.7303e-01 -3.4039e+00 -7.3973e-01 -4.1352e+00 -1.7741e-01 +3.4866e+00
8296 0 +4.784250270e+00 +4.196425027e+01 +4.196425027e+01 +1.4436e-01 +1.4873e+00 +3.8384e-02 -2.3900e+00 -5.5831e-01 -3.4097e+00 -7.5320e-01 -4.1412e+00 -1.8661e-01 +3.4776e+00
9918 0 +4.677219382e+00 +4.185721938e+01 +4.185721938e+01 +1.6402e-01 +1.4734e+00 +2.2932e-02 -2.3819e+00 -5.3304e-01 -3.4236e+00 -7.6850e-01 -4.1552e+00 -1.9972e-01 +3.4653e+00
25305 0 +4.570393073e+00 +4.175039307e+01 +4.175039307e+01 +1.6745e-01 +1.4610e+00 -2.4429e-02 -2.3477e+00 -5.3335e-01 -3.4179e+00 -7.7386e-01 -4.1613e+00 -2.1611e-01 +3.4518e+00
45550 0 +4.466771871e+00 +4.164677187e+01 +4.164677187e+01 +1.8141e-01 +1.4384e+00 -5.0854e-02 -2.2981e+00 -5.2206e-01 -3.4313e+00 -7.7805e-01 -4.1647e+00 -2.2775e-01 +3.4384e+00
63009 0 +4.364568150e+00 +4.154456815e+01 +4.154456815e+01 +1.8905e-01 +1.4317e+00 -1.2597e-01 -2.2477e+00 -5.1598e-01 -3.4527e+00 -8.0510e-01 -4.1779e+00 -2.2700e-01 +3.4087e+00
76051 0 +4.266539514e+00 +4.144653951e+01 +4.144653951e+01 +1.9325e-01 +1.4036e+00 -2.2058e-01 -2.1841e+00 -5.4660e-01 -3.4572e+00 -8.3762e-01 -4.1695e+00 -2.2957e-01 +3.3678e+00
% f evaluations | g evaluations | best noise-free fitness - Fopt (-1.479000000000e+02) + sum g_i+ | measured fitness | best measured fitness or single-digit g-values | x1 | x2...
1 0 +1.198340864e+01 -1.359165914e+02 -1.359165914e+02 +5.9250e-01 -2.5469e+00 -3.1554e-02 -3.2588e+00 -3.5227e-02 +9.3160e-01 -8.9171e-01 +6.9783e-01 -9.5697e-01 -2.0025e+00
9 0 +1.177632923e+01 -1.361236708e+02 -1.361236708e+02 -2.3265e-01 +3.5119e+00 +2.2808e+00 -7.7912e-01 +3.3110e+00 +2.4783e+00 -3.8976e+00 -2.7072e+00 +3.9378e-01 +4.3171e+00
21 0 +1.037827229e+01 -1.375217277e+02 -1.375217277e+02 +9.7897e-01 +5.5498e-01 +3.4121e+00 -2.2606e+00 +4.4664e+00 +3.0427e+00 -1.0749e+00 +6.7245e-01 +4.5337e+00 +4.5076e+00
79 0 +7.453906076e+00 -1.404460939e+02 -1.404460939e+02 +3.7623e-01 +3.7675e-01 +3.7562e-01 +3.7945e-01 +3.7776e-01 +3.7729e-01 +3.7305e-01 +3.8015e-01 +3.7203e-01 +3.7505e-01
82 0 +7.257385831e+00 -1.406426142e+02 -1.406426142e+02 -6.7819e-01 -6.7853e-01 -6.8111e-01 -6.7904e-01 -6.7543e-01 -6.7780e-01 -6.7500e-01 -6.7827e-01 -6.7643e-01 -6.7397e-01
88 0 +5.999017555e+00 -1.419009824e+02 -1.419009824e+02 -7.8020e-01 -7.7477e-01 -7.7597e-01 -7.7941e-01 -7.7303e-01 -7.7294e-01 -7.7130e-01 -7.7704e-01 -7.7121e-01 -7.7515e-01
92 0 +5.765877038e+00 -1.421341230e+02 -1.421341230e+02 -7.5826e-01 -7.5655e-01 -7.5637e-01 -7.5921e-01 -7.5883e-01 -7.5478e-01 -7.5699e-01 -7.5678e-01 -7.5555e-01 -7.5308e-01
243 0 +5.754181698e+00 -1.421458183e+02 -1.421458183e+02 -7.5213e-01 -7.5070e-01 -7.5038e-01 -7.5301e-01 -7.5244e-01 -7.4881e-01 -7.5063e-01 -7.5061e-01 -7.4952e-01 -7.4699e-01
1943 0 +5.622734299e+00 -1.422772657e+02 -1.422772657e+02 -7.5102e-01 -7.4878e-01 -7.4954e-01 -7.6280e-01 -7.5039e-01 -7.4709e-01 -7.4864e-01 -7.4877e-01 -7.5809e-01 -7.7104e-01
2153 0 +5.480724209e+00 -1.424192758e+02 -1.424192758e+02 -7.4422e-01 -7.4018e-01 -7.4462e-01 -7.7328e-01 -7.4160e-01 -7.3837e-01 -7.3989e-01 -7.4079e-01 -7.6554e-01 -8.3267e-01
2582 0 +5.369006898e+00 -1.425309931e+02 -1.425309931e+02 -7.3106e-01 -7.2668e-01 -7.3986e-01 -7.9182e-01 -7.2820e-01 -7.2495e-01 -7.2648e-01 -7.2691e-01 -7.8513e-01 -8.2678e-01
2896 0 +5.244097979e+00 -1.426559020e+02 -1.426559020e+02 -7.3716e-01 -7.3177e-01 -7.8000e-01 -8.4949e-01 -7.3349e-01 -7.3032e-01 -7.3180e-01 -7.3254e-01 -8.3230e-01 -8.4470e-01
3732 0 +5.115900823e+00 -1.427840992e+02 -1.427840992e+02 -7.2590e-01 -7.2020e-01 -8.1545e-01 -8.8080e-01 -7.2548e-01 -7.2414e-01 -7.2468e-01 -7.2095e-01 -8.5440e-01 -8.3038e-01
4868 0 +5.009824306e+00 -1.428901757e+02 -1.428901757e+02 -7.1072e-01 -7.0399e-01 -8.7028e-01 -8.7204e-01 -7.1065e-01 -7.1258e-01 -7.0858e-01 -7.0528e-01 -8.4505e-01 -8.1368e-01
5642 0 +4.874480655e+00 -1.430255193e+02 -1.430255193e+02 -7.2479e-01 -6.9835e-01 -8.9152e-01 -9.0273e-01 -7.3984e-01 -7.3099e-01 -7.0880e-01 -7.0078e-01 -8.6208e-01 -8.0907e-01
5745 0 +4.783062351e+00 -1.431169376e+02 -1.431169376e+02 -7.4451e-01 -6.9521e-01 -9.1521e-01 -9.5447e-01 -7.9118e-01 -7.4039e-01 -7.0977e-01 -7.0319e-01 -8.7458e-01 -8.0713e-01
6977 0 +4.674755703e+00 -1.432252443e+02 -1.432252443e+02 -7.7026e-01 -6.7895e-01 -9.4570e-01 -9.9344e-01 -8.3133e-01 -7.2531e-01 -6.8854e-01 -6.8241e-01 -8.6481e-01 -7.9132e-01
7646 0 +4.570302627e+00 -1.433296974e+02 -1.433296974e+02 -7.8619e-01 -6.7428e-01 -9.8061e-01 -1.0102e+00 -8.7841e-01 -7.1984e-01 -6.8375e-01 -6.7726e-01 -8.9060e-01 -7.8581e-01
7760 0 +4.462886974e+00 -1.434371130e+02 -1.434371130e+02 -8.0140e-01 -6.6612e-01 -1.0349e+00 -1.0286e+00 -9.6907e-01 -7.1300e-01 -6.7733e-01 -6.7079e-01 -9.3544e-01 -7.7944e-01
11442 0 +4.364976009e+00 -1.435350240e+02 -1.435350240e+02 -8.5718e-01 -6.5839e-01 -1.0672e+00 -1.0185e+00 -1.0466e+00 -7.0990e-01 -6.7567e-01 -6.6916e-01 -9.6024e-01 -7.7825e-01
13747 0 +4.265639081e+00 -1.436343609e+02 -1.436343609e+02 -8.7843e-01 -6.0258e-01 -1.0912e+00 -1.0153e+00 -1.0697e+00 -7.1281e-01 -6.8522e-01 -6.5814e-01 -9.7577e-01 -8.0060e-01
21397 0 +4.168118332e+00 -1.437318817e+02 -1.437318817e+02 -9.1671e-01 -5.6239e-01 -1.0920e+00 -9.7913e-01 -1.0730e+00 -7.0668e-01 -6.8745e-01 -6.4614e-01 -9.7844e-01 -8.2364e-01
40681 0 +4.073763741e+00 -1.438262363e+02 -1.438262363e+02 -9.6408e-01 -4.5969e-01 -1.0911e+00 -8.9655e-01 -1.0384e+00 -7.0004e-01 -7.1094e-01 -5.8296e-01 -9.4037e-01 -8.5232e-01
76051 0 +4.052222263e+00 -1.438477777e+02 -1.438477777e+02 -9.7315e-01 -4.2553e-01 -1.0829e+00 -8.3251e-01 -1.0055e+00 -6.9425e-01 -7.4989e-01 -5.3163e-01 -9.3121e-01 -8.3960e-01
% f evaluations | g evaluations | best noise-free fitness - Fopt (-1.694000000000e+01) + sum g_i+ | measured fitness | best measured fitness or single-digit g-values | x1 | x2...
1 0 +2.166111425e+02 +1.996711425e+02 +1.996711425e+02 -4.0851e+00 +2.4461e+00 +1.6249e+00 -1.5684e+00 -1.1263e+00 +1.9418e+00 +3.4995e+00 +2.0719e+00 +5.6941e-01 -4.2846e+00
2 0 +6.274464093e+01 +4.580464093e+01 +4.580464093e+01 +2.7104e+00 +1.0455e+00 +2.0888e+00 -3.1075e+00 -3.4830e+00 -2.3732e+00 -1.9813e-01 -3.4051e+00 +2.3872e+00 +2.4085e+00
3 0 +3.128409729e+01 +1.434409729e+01 +1.434409729e+01 -3.1032e-02 -2.2869e+00 -3.8156e+00 +3.1873e+00 +4.0226e+00 +7.8983e-01 +4.9776e+00 +7.3514e-01 -4.7653e+00 +2.2095e+00
5 0 +1.653173816e+01 -4.082618405e-01 -4.082618405e-01 +7.4340e-01 +1.7688e+00 -1.4254e+00 -8.7752e-01 +3.2629e+00 -4.7749e+00 +4.5364e+00 +3.7110e+00 -9.8572e-01 +1.8051e+00
18 0 +1.196809676e+01 -4.971903244e+00 -4.971903244e+00 +3.1150e+00 +3.2725e+00 -2.5966e+00 +3.8942e+00 +4.3968e+00 -7.1190e-01 -5.9100e-02 +4.8725e-01 -1.1711e+00 -2.3570e+00
62 0 +1.022674347e+01 -6.713256531e+00 -6.713256531e+00 +2.8620e+00 +3.0195e+00 -2.8496e+00 +3.6412e+00 +4.1438e+00 -9.6489e-01 -3.1209e-01 +2.3426e-01 -1.4241e+00 -2.6100e+00
66 0 +9.972050699e+00 -6.967949301e+00 -6.967949301e+00 +2.5566e+00 +2.7141e+00 -3.1550e+00 +3.3358e+00 +3.8384e+00 -1.2703e+00 -6.1749e-01 -7.1137e-02 -1.7295e+00 -2.9154e+00
108 0 +9.260213927e+00 -7.679786073e+00 -7.679786073e+00 +2.6622e+00 +2.8197e+00 -3.0494e+00 +3.4414e+00 +3.9440e+00 -1.1647e+00 -5.1186e-01 +3.4492e-02 -1.6238e+00 -2.8097e+00
125 0 +6.325670053e+00 -1.061432995e+01 -1.061432995e+01 +1.0270e+00 +1.4939e-01 -4.2893e+00 +1.6243e+00 -1.7853e+00 -3.8793e+00 +3.5563e+00 -4.0555e+00 +1.2830e+00 -4.8395e+00
147 0 +6.022959881e+00 -1.091704012e+01 -1.091704012e+01 +1.0305e+00 +1.4990e-01 -4.3042e+00 +1.6299e+00 -1.7914e+00 -3.8927e+00 +3.5686e+00 -4.0695e+00 +1.2875e+00 -4.8562e+00
162 0 +5.025035432e+00 -1.191496457e+01 -1.191496457e+01 +2.0152e+00 +1.1346e+00 -3.3195e+00 +2.6146e+00 -8.0677e-01 -2.9080e+00 +4.5533e+00 -3.0849e+00 +2.2721e+00 -3.8715e+00
261 0 +5.002630965e+00 -1.193736903e+01 -1.193736903e+01 +2.0076e+00 +1.1270e+00 -3.3271e+00 +2.6070e+00 -8.1439e-01 -2.9157e+00 +4.5456e+00 -3.0925e+00 +2.2645e+00 -3.8791e+00
502 0 +4.760586861e+00 -1.217941314e+01 -1.217941314e+01 +2.0171e+00 +1.1300e+00 -3.3013e+00 +2.6209e+00 -8.0714e-01 -2.8929e+00 +4.5600e+00 -3.0684e+00 +2.2759e+00 -3.8492e+00
586 0 +4.520731859e+00 -1.241926814e+01 -1.241926814e+01 +2.0127e+00 +1.1286e+00 -3.2791e+00 +2.6238e+00 -8.1516e-01 -2.8757e+00 +4.5634e+00 -3.0490e+00 +2.2747e+00 -3.8204e+00
791 0 +4.313093697e+00 -1.262690630e+01 -1.262690630e+01 +2.0017e+00 +1.1108e+00 -3.2833e+00 +2.6101e+00 -8.4784e-01 -2.8875e+00 +4.5286e+00 -3.0673e+00 +2.2473e+00 -3.8226e+00
831 0 +4.255400127e+00 -1.268459987e+01 -1.268459987e+01 +2.0091e+00 +1.1182e+00 -3.2760e+00 +2.6175e+00 -8.4044e-01 -2.8801e+00 +4.5360e+00 -3.0599e+00 +2.2547e+00 -3.8152e+00
918 0 +4.153323177e+00 -1.278667682e+01 -1.278667682e+01 +2.0082e+00 +1.1243e+00 -3.2786e+00 +2.6178e+00 -8.5331e-01 -2.8757e+00 +4.5252e+00 -3.0564e+00 +2.2535e+00 -3.8163e+00
1109 0 +4.069848688e+00 -1.287015131e+01 -1.287015131e+01 +2.0265e+00 +1.1262e+00 -3.2643e+00 +2.6337e+00 -8.5479e-01 -2.8699e+00 +4.5244e+00 -3.0485e+00 +2.2712e+00 -3.7985e+00
3943 0 +3.978797981e+00 -1.296120202e+01 -1.296120202e+01 +2.0253e+00 +1.1133e+00 -3.2252e+00 +2.6418e+00 -8.6990e-01 -2.8164e+00 +4.5071e+00 -3.0289e+00 +2.2681e+00 -3.8031e+00
9924 0 +3.890062404e+00 -1.304993760e+01 -1.304993760e+01 +2.0096e+00 +1.0926e+00 -3.2240e+00 +2.6728e+00 -8.7306e-01 -2.7743e+00 +4.4575e+00 -3.0413e+00 +2.2522e+00 -3.8158e+00
18072 0 +3.801886110e+00 -1.313811389e+01 -1.313811389e+01 +2.0093e+00 +1.0450e+00 -3.2490e+00 +2.6726e+00 -8.4350e-01 -2.7319e+00 +4.3859e+00 -3.0480e+00 +2.2466e+00 -3.8547e+00
32799 0 +3.715093248e+00 -1.322490675e+01 -1.322490675e+01 +2.0021e+00 +9.9615e-01 -3.2858e+00 +2.6740e+00 -8.1651e-01 -2.6641e+00 +4.3070e+00 -3.0785e+00 +2.2192e+00 -3.8818e+00
76051 0 +3.647389293e+00 -1.329261071e+01 -1.329261071e+01 +2.0342e+00 +9.1155e-01 -3.2802e+00 +2.6727e+00 -7.7311e-01 -2.5923e+00 +4.2514e+00 -3.0464e+00 +2.2163e+00 -3.9481e+00
% f evaluations | g evaluations | best noise-free fitness - Fopt (1.881000000000e+01) + sum g_i+ | measured fitness | best measured fitness or single-digit g-values | x1 | x2...
1 0 +3.717531439e+01 +5.598531439e+01 +5.598531439e+01 -1.5694e+00 -2.3571e+00 -2.5153e-02 +3.1513e+00 +4.1671e+00 -7.2289e-01 -2.8619e+00 -3.2032e+00 -2.1744e+00 +2.2358e+00
2 0 +3.700238462e+01 +5.581238462e+01 +5.581238462e+01 -2.7904e-01 -3.8085e+00 -3.7249e+00 -2.8667e+00 -3.3926e+00 +3.0023e+00 -4.5452e+00 +1.1858e+00 +4.5702e+00 -3.1111e+00
4 0 +1.763527063e+01 +3.644527063e+01 +3.644527063e+01 -3.9995e+00 -2.5729e+00 -3.0719e+00 +1.3250e+00 -3.0750e-02 +1.8993e+00 +2.0475e+00 +1.3121e+00 +3.6702e+00 -6.0699e-02
5 0 +1.661262302e+01 +3.542262302e+01 +3.542262302e+01 +1.0788e+00 -3.2275e+00 +4.5761e+00 +1.9116e+00 +2.2382e+00 -4.8837e-01 +2.9637e-01 +7.5471e-01 -2.6697e+00 +1.9301e+00
10 0 +1.376230275e+01 +3.257230275e+01 +3.257230275e+01 +2.9453e+00 +4.7902e-01 +1.6101e+00 -2.8230e+00 +3.7593e+00 -8.3961e-02 +3.4727e+00 -2.4926e+00 +4.0692e+00 -8.5871e-02
45 0 +1.106936038e+01 +2.987936038e+01 +2.987936038e+01 +1.6989e+00 +9.2975e-01 +4.6656e+00 -1.6589e-01 +2.5286e+00 -8.3666e-01 -7.5776e-01 +3.8845e+00 -1.6859e+00 -2.2363e-01
49 0 +8.460671307e+00 +2.727067131e+01 +2.727067131e+01 +3.7561e+00 +4.3614e-01 +3.0395e+00 -2.1111e+00 -1.9784e+00 -4.6514e-01 +8.5398e-01 -1.2981e-01 -2.4615e+00 +1.0014e+00
76 0 +8.188705776e+00 +2.699870578e+01 +2.699870578e+01 +3.7032e+00 +3.8325e-01 +2.9866e+00 -2.1640e+00 -2.0313e+00 -5.1803e-01 +8.0109e-01 -1.8270e-01 -2.5144e+00 +9.4849e-01
80 0 +5.569958621e+00 +2.437995862e+01 +2.437995862e+01 +3.3185e-01 +3.3405e-01 +3.3464e-01 +3.3780e-01 +3.3454e-01 +3.3510e-01 +3.3533e-01 +3.3226e-01 +3.3220e-01 +3.3523e-01
82 0 +5.233868506e+00 +2.404386851e+01 +2.404386851e+01 +4.2560e-01 +4.2787e-01 +4.2696e-01 +4.2861e-01 +4.3087e-01 +4.2872e-01 +4.2992e-01 +4.2540e-01 +4.2526e-01 +4.2990e-01
91 0 +5.068394245e+00 +2.387839425e+01 +2.387839425e+01 +3.4873e-01 +3.5027e-01 +3.4917e-01 +3.4933e-01 +3.5048e-01 +3.5049e-01 +3.4927e-01 +3.4942e-01 +3.4771e-01 +3.4926e-01
126 0 +4.966038451e+00 +2.377603845e+01 +2.377603845e+01 +4.2440e-01 +3.5402e-01 +3.8591e-01 +4.4178e-01 +4.4982e-01 +3.6316e-01 +4.4029e-01 +4.3224e-01 +4.5616e-01 +3.6194e-01
130 0 +4.823639142e+00 +2.363363914e+01 +2.363363914e+01 +4.3489e-01 +3.7831e-01 +3.5517e-01 +4.2107e-01 +3.7248e-01 +5.0806e-01 +4.6280e-01 +4.4287e-01 +4.8221e-01 +4.5227e-01
162 0 +4.695288767e+00 +2.350528877e+01 +2.350528877e+01 +4.5409e-01 +3.9750e-01 +3.7436e-01 +4.4026e-01 +3.9168e-01 +5.2725e-01 +4.8199e-01 +4.6206e-01 +5.0140e-01 +4.7147e-01
163 0 +4.671375012e+00 +2.348137501e+01 +2.348137501e+01 +4.5497e-01 +3.9839e-01 +3.7525e-01 +4.4115e-01 +3.9257e-01 +5.2814e-01 +4.8288e-01 +4.6295e-01 +5.0229e-01 +4.7235e-01
231 0 +4.563246386e+00 +2.337324639e+01 +2.337324639e+01 +4.8103e-01 +4.2472e-01 +4.0162e-01 +4.6690e-01 +4.1841e-01 +5.5442e-01 +5.0937e-01 +4.8915e-01 +5.2824e-01 +4.9887e-01
250 0 +4.396265951e+00 +2.320626595e+01 +2.320626595e+01 +4.8201e-01 +4.0592e-01 +3.7480e-01 +4.6342e-01 +3.9809e-01 +5.6467e-01 +5.1953e-01 +4.9273e-01 +5.4564e-01 +5.0538e-01
305 0 +4.296576168e+00 +2.310657617e+01 +2.310657617e+01 +5.1910e-01 +4.1167e-01 +3.8186e-01 +4.9286e-01 +4.0062e-01 +6.1623e-01 +5.7208e-01 +5.3424e-01 +6.0893e-01 +5.5209e-01
502 0 +4.263747021e+00 +2.307374702e+01 +2.307374702e+01 +4.8854e-01 +3.3511e-01 +2.7124e-01 +4.5554e-01 +3.1815e-01 +5.4755e-01 +5.2248e-01 +4.9852e-01 +5.4824e-01 +5.1019e-01
907 0 +4.165344641e+00 +2.297534464e+01 +2.297534464e+01 +4.9530e-01 +3.2172e-01 +2.4267e-01 +4.6186e-01 +3.0057e-01 +5.5196e-01 +5.2969e-01 +5.0530e-01 +5.5558e-01 +5.1715e-01
1286 0 +4.058452924e+00 +2.286845292e+01 +2.286845292e+01 +5.4751e-01 +3.3094e-01 +2.2078e-01 +4.9339e-01 +2.9204e-01 +5.6130e-01 +5.4272e-01 +5.1482e-01 +5.9827e-01 +5.3225e-01
1543 0 +3.975488456e+00 +2.278548846e+01 +2.278548846e+01 +5.3727e-01 +3.3728e-01 +2.1934e-01 +4.9698e-01 +2.9200e-01 +5.6353e-01 +5.4604e-01 +5.1776e-01 +6.0031e-01 +5.3618e-01
1838 0 +3.869022974e+00 +2.267902297e+01 +2.267902297e+01 +5.1222e-01 +3.3920e-01 +2.1433e-01 +4.9772e-01 +2.9429e-01 +5.6346e-01 +5.4780e-01 +5.1868e-01 +6.0195e-01 +5.2838e-01
2022 0 +3.796496152e+00 +2.260649615e+01 +2.260649615e+01 +4.8507e-01 +3.4189e-01 +2.1059e-01 +5.0225e-01 +2.9613e-01 +5.6746e-01 +5.5163e-01 +5.2224e-01 +6.0700e-01 +5.2831e-01
2695 0 +3.713377040e+00 +2.252337704e+01 +2.252337704e+01 +4.6788e-01 +3.4354e-01 +2.0512e-01 +5.0941e-01 +2.9618e-01 +5.7318e-01 +5.5275e-01 +5.2410e-01 +6.1262e-01 +5.3109e-01
3198 0 +3.630294352e+00 +2.244029435e+01 +2.244029435e+01 +4.6119e-01 +3.3217e-01 +1.8174e-01 +5.1592e-01 +2.7777e-01 +5.8050e-01 +5.4386e-01 +5.2324e-01 +6.2150e-01 +5.3371e-01
3726 0 +3.547679690e+00 +2.235767969e+01 +2.235767969e+01 +4.5310e-01 +3.2307e-01 +1.7429e-01 +5.2606e-01 +2.7656e-01 +5.8977e-01 +5.3627e-01 +5.2681e-01 +6.3086e-01 +5.4275e-01
4390 0 +3.464848029e+00 +2.227484803e+01 +2.227484803e+01 +4.4677e-01 +3.1971e-01 +1.5844e-01 +5.2663e-01 +2.8171e-01 +5.8342e-01 +5.4194e-01 +5.2638e-01 +6.2580e-01 +5.4631e-01
5181 0 +3.385521874e+00 +2.219552187e+01 +2.219552187e+01 +4.4932e-01 +3.2234e-01 +1.6546e-01 +5.3869e-01 +2.9574e-01 +5.8613e-01 +5.5713e-01 +5.3945e-01 +6.3250e-01 +5.6133e-01
5439 0 +3.299441281e+00 +2.210944128e+01 +2.210944128e+01 +4.4939e-01 +3.2251e-01 +1.6750e-01 +5.5224e-01 +3.0868e-01 +5.8625e-01 +5.5872e-01 +5.4975e-01 +6.3842e-01 +5.6275e-01
5539 0 +3.232597369e+00 +2.204259737e+01 +2.204259737e+01 +4.4969e-01 +3.2269e-01 +1.6837e-01 +5.6739e-01 +3.2299e-01 +5.8649e-01 +5.5922e-01 +5.6031e-01 +6.4233e-01 +5.6318e-01
6034 0 +3.160401963e+00 +2.197040196e+01 +2.197040196e+01 +4.5286e-01 +3.2310e-01 +1.6237e-01 +5.8386e-01 +3.3965e-01 +5.9242e-01 +5.5933e-01 +5.7054e-01 +6.4415e-01 +5.6723e-01
6904 0 +3.088619409e+00 +2.189861941e+01 +2.189861941e+01 +4.4184e-01 +3.1213e-01 +1.5151e-01 +5.9855e-01 +3.4392e-01 +5.9974e-01 +5.4893e-01 +5.8005e-01 +6.4383e-01 +5.7732e-01
9537 0 +3.019875030e+00 +2.182987503e+01 +2.182987503e+01 +4.2119e-01 +3.0008e-01 +1.4427e-01 +6.0481e-01 +3.3534e-01 +6.1674e-01 +5.3975e-01 +5.8010e-01 +6.4594e-01 +5.9448e-01
11547 0 +2.950409749e+00 +2.176040975e+01 +2.176040975e+01 +4.0369e-01 +2.9760e-01 +1.2542e-01 +5.9738e-01 +3.2188e-01 +6.0530e-01 +5.2651e-01 +5.6735e-01 +6.3370e-01 +6.2396e-01
14939 0 +2.884027226e+00 +2.169402723e+01 +2.169402723e+01 +3.8889e-01 +3.0911e-01 +1.1296e-01 +6.1586e-01 +3.3968e-01 +6.0637e-01 +5.3754e-01 +5.8083e-01 +6.7630e-01 +6.3550e-01
67493 0 +2.818377225e+00 +2.162837723e+01 +2.162837723e+01 +3.3754e-01 +2.8429e-01 +8.4755e-02 +6.2170e-01 +3.4290e-01 +6.0751e-01 +5.5990e-01 +5.3817e-01 +6.9231e-01 +6.6822e-01
76051 0 +2.816531755e+00 +2.162653175e+01 +2.162653175e+01 +3.3464e-01 +2.8306e-01 +8.4776e-02 +6.1994e-01 +3.4024e-01 +6.0542e-01 +5.6229e-01 +5.2872e-01 +6.8912e-01 +6.6996e-01
% f evaluations | g evaluations | best noise-free fitness - Fopt (2.731500000000e+02) + sum g_i+ | measured fitness | best measured fitness or single-digit g-values | x1 | x2...
1 0 +8.002312630e+01 +3.531731263e+02 +3.531731263e+02 +2.5204e+00 -7.3450e-01 +8.4871e-01 -2.2516e+00 +3.8434e+00 +5.0928e-01 -4.1146e+00 -5.6098e-01 -4.8473e+00 +2.0670e+00
2 0 +1.482865873e+01 +2.879786587e+02 +2.879786587e+02 +1.7217e-01 +2.7091e+00 +4.9059e+00 +1.1751e+00 +2.1051e+00 -1.8948e+00 +1.4781e+00 -4.0712e+00 +1.9324e+00 -2.7066e+00
25 0 +1.273166566e+01 +2.858816657e+02 +2.858816657e+02 -1.3665e+00 +4.4665e+00 +3.5733e+00 +2.7305e+00 -1.1848e+00 +1.6948e+00 -2.4859e-01 -3.0529e+00 -2.5874e+00 -1.6738e+00
62 0 +1.117893949e+01 +2.843289395e+02 +2.843289395e+02 -1.6199e+00 +4.2132e+00 +3.3199e+00 +2.4771e+00 -1.4382e+00 +1.4414e+00 -5.0194e-01 -3.3063e+00 -2.8407e+00 -1.9272e+00
68 0 +1.091200374e+01 +2.840620037e+02 +2.840620037e+02 -1.5032e+00 +4.3298e+00 +3.4366e+00 +2.5937e+00 -1.3215e+00 +1.5581e+00 -3.8531e-01 -3.1897e+00 -2.7241e+00 -1.8105e+00
71 0 +1.038324832e+01 +2.835332483e+02 +2.835332483e+02 -1.5842e+00 +4.2489e+00 +3.3557e+00 +2.5128e+00 -1.4024e+00 +1.4772e+00 -4.6622e-01 -3.2706e+00 -2.8050e+00 -1.8914e+00
158 0 +1.017455927e+01 +2.833245593e+02 +2.833245593e+02 -1.5454e+00 +4.2876e+00 +3.3944e+00 +2.5515e+00 -1.3637e+00 +1.5159e+00 -4.2752e-01 -3.2319e+00 -2.7663e+00 -1.8527e+00
517 0 +9.429647371e+00 +2.825796474e+02 +2.825796474e+02 -1.7564e+00 +4.1566e+00 +3.1155e+00 +2.3577e+00 -1.5599e+00 +1.4026e+00 -5.4659e-01 -3.5975e+00 -3.0741e+00 -2.1001e+00
527 0 +9.200829882e+00 +2.823508299e+02 +2.823508299e+02 -1.6593e+00 +4.2538e+00 +3.2126e+00 +2.4548e+00 -1.4628e+00 +1.4997e+00 -4.4947e-01 -3.5003e+00 -2.9770e+00 -2.0030e+00
588 0 +8.723447215e+00 +2.818734472e+02 +2.818734472e+02 -1.6967e+00 +4.2634e+00 +3.1622e+00 +2.4490e+00 -1.4902e+00 +1.4762e+00 -4.4468e-01 -3.6280e+00 -3.0811e+00 -2.0558e+00
685 0 +8.646231098e+00 +2.817962311e+02 +2.817962311e+02 -1.6801e+00 +4.2931e+00 +3.2133e+00 +2.4709e+00 -1.4781e+00 +1.5113e+00 -4.2298e-01 -3.5726e+00 -3.0335e+00 -2.0339e+00
728 0 +8.502795328e+00 +2.816527953e+02 +2.816527953e+02 -1.6601e+00 +4.2725e+00 +3.1991e+00 +2.4878e+00 -1.4691e+00 +1.5009e+00 -4.1194e-01 -3.5755e+00 -3.0188e+00 -2.0189e+00
862 0 +8.317405300e+00 +2.814674053e+02 +2.814674053e+02 -1.6839e+00 +4.2493e+00 +3.1755e+00 +2.4655e+00 -1.5013e+00 +1.4682e+00 -4.3866e-01 -3.5874e+00 -3.0234e+00 -2.0426e+00
883 0 +8.055298667e+00 +2.812052987e+02 +2.812052987e+02 -1.7231e+00 +4.2242e+00 +3.1285e+00 +2.4492e+00 -1.5617e+00 +1.4116e+00 -4.6733e-01 -3.6500e+00 -3.0490e+00 -2.0913e+00
1076 0 +7.777152936e+00 +2.809271529e+02 +2.809271529e+02 -1.7218e+00 +4.2467e+00 +3.1492e+00 +2.4253e+00 -1.5026e+00 +1.4674e+00 -4.5138e-01 -3.6854e+00 -3.0340e+00 -2.0816e+00
1163 0 +7.758997232e+00 +2.809089972e+02 +2.809089972e+02 -1.7208e+00 +4.2488e+00 +3.1509e+00 +2.4268e+00 -1.5017e+00 +1.4697e+00 -4.4918e-01 -3.6885e+00 -3.0325e+00 -2.0808e+00
1257 0 +7.430988126e+00 +2.805809881e+02 +2.805809881e+02 -1.7636e+00 +4.2334e+00 +3.1406e+00 +2.3760e+00 -1.5437e+00 +1.4300e+00 -4.5947e-01 -3.8206e+00 -3.0397e+00 -2.1118e+00
1450 0 +7.409070164e+00 +2.805590702e+02 +2.805590702e+02 -1.7638e+00 +4.2331e+00 +3.1433e+00 +2.3757e+00 -1.5433e+00 +1.4303e+00 -4.5837e-01 -3.8201e+00 -3.0373e+00 -2.1116e+00
1644 0 +7.238189369e+00 +2.803881894e+02 +2.803881894e+02 -1.7712e+00 +4.2358e+00 +3.1627e+00 +2.3900e+00 -1.5317e+00 +1.4342e+00 -4.5969e-01 -3.7694e+00 -3.0404e+00 -2.1007e+00
1946 0 +6.954642441e+00 +2.801046424e+02 +2.801046424e+02 -1.8146e+00 +4.2271e+00 +3.2520e+00 +2.3799e+00 -1.5528e+00 +1.4175e+00 -4.6595e-01 -3.8384e+00 -3.0274e+00 -2.1071e+00
2404 0 +6.917134241e+00 +2.800671342e+02 +2.800671342e+02 -1.8251e+00 +4.2192e+00 +3.2151e+00 +2.3675e+00 -1.5552e+00 +1.4070e+00 -4.6572e-01 -3.8457e+00 -3.0371e+00 -2.1123e+00
9165 0 +6.760696528e+00 +2.799106965e+02 +2.799106965e+02 -1.9063e+00 +4.1968e+00 +3.2057e+00 +2.3582e+00 -1.5341e+00 +1.3787e+00 -4.9188e-01 -3.8499e+00 -3.0638e+00 -2.1352e+00
76051 0 +6.700064430e+00 +2.798500644e+02 +2.798500644e+02 -1.9026e+00 +4.0951e+00 +3.2023e+00 +2.4734e+00 -1.4487e+00 +1.3662e+00 -5.2027e-01 -3.8620e+00 -3.0663e+00 -2.2011e+00
% f evaluations | g evaluations | best noise-free fitness - Fopt (3.718000000000e+01) + sum g_i+ | measured fitness | best measured fitness or single-digit g-values | x1 | x2...
1 0 +2.570177393e+01 +6.288177393e+01 +6.288177393e+01 -1.9682e+00 -2.6307e-01 +3.5415e+00 +3.6237e+00 -4.3977e+00 -8.9933e-01 -2.3710e-01 +4.1797e+00 +2.1426e+00 +3.3722e+00
4 0 +2.116753335e+01 +5.834753335e+01 +5.834753335e+01 +4.9344e-01 -4.0496e-01 -1.5390e+00 -1.5105e+00 +1.6761e+00 -7.3309e-02 +2.5041e+00 +3.1430e+00 -4.6135e+00 -3.6601e-01
19 0 +1.586098975e+01 +5.304098975e+01 +5.304098975e+01 +2.7834e-01 +3.1749e+00 +4.3099e+00 +4.7029e+00 +6.9710e-01 -8.0487e-01 -2.2089e+00 -3.3484e+00 -3.3840e+00 +1.1731e-01
62 0 +1.205943376e+01 +4.923943376e+01 +4.923943376e+01 +6.4661e-01 +3.5432e+00 +4.6782e+00 -1.5807e-01 +1.0654e+00 -4.3660e-01 -1.8407e+00 -2.9801e+00 -3.0157e+00 +4.8558e-01
69 0 +1.106463841e+01 +4.824463841e+01 +4.824463841e+01 -8.1138e-01 +2.0852e+00 +3.2202e+00 -1.6161e+00 -3.9262e-01 -1.8946e+00 -3.2987e+00 -4.4381e+00 -4.4737e+00 -9.7241e-01
117 0 +9.610070249e+00 +4.679007025e+01 +4.679007025e+01 -3.0205e-01 +2.5576e+00 +4.0765e+00 -8.3558e-01 -2.6519e-02 -1.0195e+00 -1.9484e+00 -2.7027e+00 -2.7263e+00 -4.1044e-01
147 0 +9.464045754e+00 +4.664404575e+01 +4.664404575e+01 -3.0267e-01 +2.5628e+00 +4.0847e+00 -8.3727e-01 -2.6573e-02 -1.0216e+00 -1.9523e+00 -2.7082e+00 -2.7318e+00 -4.1127e-01
197 0 +9.309150381e+00 +4.648915038e+01 +4.648915038e+01 -3.5892e-01 +2.5510e+00 +3.9844e+00 -8.4269e-01 -6.4454e-02 -1.0547e+00 -1.9852e+00 -2.7448e+00 -2.7459e+00 -4.7458e-01
339 0 +9.029492363e+00 +4.620949236e+01 +4.620949236e+01 -3.6297e-01 +2.5826e+00 +4.0324e+00 -8.5066e-01 -6.4433e-02 -1.0661e+00 -2.0075e+00 -2.7761e+00 -2.7765e+00 -4.8004e-01
344 0 +8.350798581e+00 +4.553079858e+01 +4.553079858e+01 -3.1508e-01 +2.6185e+00 +4.1767e+00 -8.6241e-01 -3.2417e-02 -1.0511e+00 -2.0040e+00 -2.7778e+00 -2.8020e+00 -4.2627e-01
349 0 +8.288334366e+00 +4.546833437e+01 +4.546833437e+01 -3.0701e-01 +2.6266e+00 +4.1848e+00 -8.5434e-01 -2.4353e-02 -1.0430e+00 -1.9959e+00 -2.7698e+00 -2.7940e+00 -4.1821e-01
444 0 +7.989071946e+00 +4.516907195e+01 +4.516907195e+01 -2.7795e-01 +2.7454e+00 +4.3512e+00 -8.4202e-01 +1.3357e-02 -1.0365e+00 -2.0185e+00 -2.8160e+00 -2.8410e+00 -3.9254e-01
485 0 +7.867623147e+00 +4.504762315e+01 +4.504762315e+01 -3.2740e-01 +2.7236e+00 +4.2997e+00 -9.0194e-01 -3.0687e-02 -1.1000e+00 -2.1003e+00 -2.9126e+00 -2.9380e+00 -4.4412e-01
494 0 +7.738956360e+00 +4.491895636e+01 +4.491895636e+01 -3.0241e-01 +2.6564e+00 +4.2280e+00 -8.5444e-01 -1.7316e-02 -1.0447e+00 -2.0463e+00 -2.8608e+00 -2.8863e+00 -4.1455e-01
495 0 +7.411167100e+00 +4.459116710e+01 +4.459116710e+01 -3.0256e-01 +2.6416e+00 +4.2736e+00 -8.5235e-01 +8.8171e-04 -1.0625e+00 -2.0698e+00 -2.8909e+00 -2.9251e+00 -4.2553e-01
874 0 +7.225038292e+00 +4.440503829e+01 +4.440503829e+01 -2.8487e-01 +2.6616e+00 +4.2585e+00 -8.4005e-01 +1.9485e-02 -1.0528e+00 -2.0715e+00 -2.9019e+00 -2.9363e+00 -4.0790e-01
1207 0 +7.078779868e+00 +4.425877987e+01 +4.425877987e+01 -2.7061e-01 +2.6790e+00 +4.2489e+00 -8.2804e-01 +3.4524e-02 -1.0424e+00 -2.0735e+00 -2.9145e+00 -2.9497e+00 -3.9376e-01
1922 0 +6.916315400e+00 +4.409631540e+01 +4.409631540e+01 -2.6054e-01 +2.6911e+00 +4.2655e+00 -8.1432e-01 +3.8175e-02 -1.0325e+00 -2.0816e+00 -2.9154e+00 -2.9634e+00 -3.8176e-01
2057 0 +6.745001811e+00 +4.392500181e+01 +4.392500181e+01 -2.5068e-01 +2.7015e+00 +4.2784e+00 -7.9471e-01 +3.4927e-02 -1.0234e+00 -2.0895e+00 -2.9071e+00 -2.9693e+00 -3.6652e-01
2798 0 +6.599075593e+00 +4.377907559e+01 +4.377907559e+01 -2.6310e-01 +2.7014e+00 +4.2749e+00 -7.6911e-01 +1.6562e-02 -1.0317e+00 -2.0936e+00 -2.9076e+00 -2.9719e+00 -3.5761e-01
4297 0 +6.455856086e+00 +4.363585609e+01 +4.363585609e+01 -2.8017e-01 +2.7287e+00 +4.2816e+00 -7.8477e-01 -1.3301e-02 -1.0379e+00 -2.0957e+00 -2.9028e+00 -2.9673e+00 -3.4876e-01
7092 0 +6.302422094e+00 +4.348242209e+01 +4.348242209e+01 -2.9193e-01 +2.7432e+00 +4.2977e+00 -8.2316e-01 -9.1825e-02 -1.0519e+00 -2.1548e+00 -2.8847e+00 -2.9491e+00 -3.6142e-01
8141 0 +6.164623771e+00 +4.334462377e+01 +4.334462377e+01 -2.8333e-01 +2.7622e+00 +4.3113e+00 -8.4714e-01 -8.7567e-02 -1.0390e+00 -2.2148e+00 -2.8833e+00 -2.9486e+00 -3.4342e-01
76051 0 +6.046766131e+00 +4.322676613e+01 +4.322676613e+01 -2.9891e-01 +2.8120e+00 +4.2531e+00 -8.3737e-01 -9.7923e-02 -1.0135e+00 -2.2805e+00 -2.8327e+00 -2.9676e+00 -3.4658e-01
% f evaluations | g evaluations | best noise-free fitness - Fopt (-1.479000000000e+02) + sum g_i+ | measured fitness | best measured fitness or single-digit g-values | x1 | x2...
1 0 +2.019942298e+01 -1.277005770e+02 -1.277005770e+02 +2.4010e+00 +1.1965e+00 -3.4618e+00 +1.2012e+00 -5.5851e-01 +4.9337e+00 -3.7277e+00 +9.8836e-01 +3.4555e+00 -4.6684e-01
4 0 +1.273933413e+01 -1.351606659e+02 -1.351606659e+02 -2.8904e-01 -1.3542e+00 +3.3485e+00 -4.7239e+00 -7.8014e-01 +2.3486e+00 -1.7069e+00 +3.2644e-01 -2.3494e+00 +1.9208e+00
5 0 +1.089913406e+01 -1.370008659e+02 -1.370008659e+02 -5.0739e-01 +7.9210e-01 +3.7824e+00 +2.2689e-01 -7.0529e-01 -1.8926e+00 +1.3762e+00 -2.7205e+00 +1.7513e+00 -3.3337e+00
13 0 +1.056207140e+01 -1.373379286e+02 -1.373379286e+02 +9.7840e-01 -5.8515e-01 +1.0352e+00 -3.5250e+00 -2.3290e+00 +3.7467e+00 +2.3364e-01 -3.4267e+00 -1.4679e+00 +2.3019e+00
17 0 +6.431421851e+00 -1.414685781e+02 -1.414685781e+02 -4.6042e-01 -2.3770e+00 -9.0763e-01 -1.5845e+00 -3.2161e-02 +2.4017e+00 +8.3308e-01 -2.3051e+00 -1.3662e+00 +3.5547e+00
83 0 +5.933235191e+00 -1.419667648e+02 -1.419667648e+02 -7.6736e-01 -7.7665e-01 -7.7614e-01 -7.7580e-01 -7.7653e-01 -7.6722e-01 -7.7026e-01 -7.7247e-01 -7.7100e-01 -7.6916e-01
97 0 +5.810656331e+00 -1.420893437e+02 -1.420893437e+02 -7.3572e-01 -7.3715e-01 -7.3627e-01 -7.3755e-01 -7.3766e-01 -7.3706e-01 -7.3554e-01 -7.3555e-01 -7.3640e-01 -7.3680e-01
171 0 +5.748760705e+00 -1.421512393e+02 -1.421512393e+02 -7.4990e-01 -7.5134e-01 -7.5046e-01 -7.5173e-01 -7.5185e-01 -7.5124e-01 -7.4972e-01 -7.4973e-01 -7.5058e-01 -7.5098e-01
1745 0 +5.611833094e+00 -1.422881669e+02 -1.422881669e+02 -7.4720e-01 -7.4801e-01 -7.4611e-01 -7.5735e-01 -7.5549e-01 -7.6619e-01 -7.4737e-01 -7.4749e-01 -7.5299e-01 -7.9713e-01
2061 0 +5.494830757e+00 -1.424051692e+02 -1.424051692e+02 -7.3706e-01 -7.3697e-01 -7.3453e-01 -7.5906e-01 -7.5553e-01 -7.7613e-01 -7.3679e-01 -7.3692e-01 -7.5234e-01 -8.2234e-01
2303 0 +5.366922984e+00 -1.425330770e+02 -1.425330770e+02 -7.3848e-01 -7.3681e-01 -7.3578e-01 -7.8126e-01 -7.7309e-01 -7.8875e-01 -7.3864e-01 -7.3922e-01 -7.6717e-01 -8.6390e-01
2533 0 +5.218715208e+00 -1.426812848e+02 -1.426812848e+02 -7.3087e-01 -7.2773e-01 -7.2844e-01 -7.9971e-01 -7.8567e-01 -7.7870e-01 -7.3149e-01 -7.3250e-01 -7.7659e-01 -8.4950e-01
2596 0 +5.109861354e+00 -1.427901386e+02 -1.427901386e+02 -7.3633e-01 -7.3392e-01 -7.3404e-01 -8.3230e-01 -8.1217e-01 -7.8389e-01 -7.3743e-01 -7.3892e-01 -7.9972e-01 -8.6300e-01
2883 0 +5.004768756e+00 -1.428952312e+02 -1.428952312e+02 -7.3597e-01 -7.2799e-01 -7.3475e-01 -8.8701e-01 -8.5348e-01 -7.8104e-01 -7.3919e-01 -7.4261e-01 -8.3381e-01 -8.7604e-01
3534 0 +4.896176821e+00 -1.430038232e+02 -1.430038232e+02 -7.2672e-01 -7.1436e-01 -7.4137e-01 -8.5664e-01 -8.3143e-01 -7.7796e-01 -7.4721e-01 -7.4891e-01 -8.1630e-01 -8.7378e-01
3934 0 +4.785357848e+00 -1.431146422e+02 -1.431146422e+02 -7.3007e-01 -6.8077e-01 -7.4803e-01 -8.0876e-01 -8.2765e-01 -7.8758e-01 -7.5566e-01 -7.4717e-01 -8.1736e-01 -8.8628e-01
4218 0 +4.673812162e+00 -1.432261878e+02 -1.432261878e+02 -7.3488e-01 -6.7874e-01 -7.6129e-01 -8.2000e-01 -8.6214e-01 -7.9393e-01 -7.8089e-01 -7.5236e-01 -8.3842e-01 -8.9026e-01
4293 0 +4.569850233e+00 -1.433301498e+02 -1.433301498e+02 -7.5799e-01 -6.8052e-01 -7.6482e-01 -8.3527e-01 -9.2969e-01 -7.9397e-01 -7.9046e-01 -7.5676e-01 -8.7694e-01 -8.9260e-01
4495 0 +4.420653682e+00 -1.434793463e+02 -1.434793463e+02 -7.6471e-01 -6.9492e-01 -7.7628e-01 -8.6530e-01 -1.0672e+00 -8.1439e-01 -8.0772e-01 -7.5880e-01 -9.3007e-01 -9.0010e-01
4668 0 +4.358763250e+00 -1.435412368e+02 -1.435412368e+02 -7.7376e-01 -7.0328e-01 -7.8414e-01 -8.7311e-01 -1.1574e+00 -8.2807e-01 -8.2014e-01 -7.6927e-01 -9.5818e-01 -9.1856e-01
5065 0 +4.261935614e+00 -1.436380644e+02 -1.436380644e+02 -7.6981e-01 -7.0168e-01 -7.8208e-01 -8.7167e-01 -1.2376e+00 -8.2416e-01 -8.2818e-01 -7.6933e-01 -9.7509e-01 -9.4716e-01
6050 0 +4.168658760e+00 -1.437313412e+02 -1.437313412e+02 -7.6819e-01 -6.9656e-01 -7.8125e-01 -8.6891e-01 -1.2731e+00 -8.1233e-01 -8.3276e-01 -7.7489e-01 -9.7567e-01 -9.9746e-01
9529 0 +4.073765731e+00 -1.438262343e+02 -1.438262343e+02 -7.5729e-01 -6.7297e-01 -7.9439e-01 -8.8890e-01 -1.2857e+00 -7.9706e-01 -8.3747e-01 -7.3955e-01 -9.1707e-01 -1.0029e+00
76051 0 +4.041890050e+00 -1.438581100e+02 -1.438581100e+02 -7.7543e-01 -6.3154e-01 -7.6771e-01 -8.3137e-01 -1.2657e+00 -7.9129e-01 -8.6420e-01 -7.1042e-01 -8.7481e-01 -1.0212e+00
% f evaluations | g evaluations | best noise-free fitness - Fopt (-1.694000000000e+01) + sum g_i+ | measured fitness | best measured fitness or single-digit g-values | x1 | x2...
1 0 +1.342802193e+02 +1.173402193e+02 +1.173402193e+02 +3.4858e+00 -4.0151e-01 +1.4994e+00 -1.1911e+00 -4.8802e+00 -1.9677e+00 -2.8168e+00 -4.8245e+00 +4.9413e+00 +7.5305e-01
3 0 +2.337342829e+01 +6.433428292e+00 +6.433428292e+00 +4.3106e-01 +4.5696e+00 -2.8746e+00 -4.7751e+00 +7.4106e-01 +2.8284e-01 +3.3436e+00 +1.0813e+00 -1.6986e+00 +2.3726e+00
39 0 +1.377885237e+01 -3.161147626e+00 -3.161147626e+00 +3.7910e+00 +2.6932e+00 -1.5839e+00 -6.7733e-01 +4.8826e+00 -6.8231e-01 +2.5390e-01 +3.8617e+00 +3.4423e+00 -2.9602e+00
52 0 +1.314850953e+01 -3.791490475e+00 -3.791490475e+00 +3.8173e+00 +2.7119e+00 -1.5949e+00 -6.8203e-01 +4.9165e+00 -6.8705e-01 +2.5567e-01 +3.8885e+00 +3.4662e+00 -2.9807e+00
62 0 +1.103624023e+01 -5.903759771e+00 -5.903759771e+00 +1.7181e+00 +4.2791e+00 -2.7633e-02 +8.8523e-01 +3.5952e+00 +8.8022e-01 +1.8229e+00 -1.5415e+00 +1.7632e+00 -1.4135e+00
72 0 +1.054619538e+01 -6.393804620e+00 -6.393804620e+00 +1.3276e+00 +3.8886e+00 -4.1814e-01 +4.9473e-01 +3.2047e+00 +4.8971e-01 +1.4324e+00 -1.9320e+00 +1.3727e+00 -1.8040e+00
111 0 +9.886421645e+00 -7.053578355e+00 -7.053578355e+00 +1.3193e+00 +3.8232e+00 -4.7647e-01 +4.6270e-01 +3.1588e+00 +4.5707e-01 +1.4271e+00 -2.0343e+00 +1.3660e+00 -1.9025e+00
151 0 +9.532612723e+00 -7.407387277e+00 -7.407387277e+00 +3.2582e+00 +3.3836e+00 -7.8582e-02 +1.6600e+00 -4.9286e-01 +1.6564e+00 +3.4514e+00 -9.7509e-01 +3.3419e+00 -9.5722e-01
157 0 +9.157314070e+00 -7.782685930e+00 -7.782685930e+00 +3.0894e+00 +3.2148e+00 -2.4739e-01 +1.4912e+00 -6.6167e-01 +1.4876e+00 +3.2826e+00 -1.1439e+00 +3.1731e+00 -1.1260e+00
158 0 +8.197219981e+00 -8.742780019e+00 -8.742780019e+00 +2.8814e+00 +3.0068e+00 -4.5538e-01 +1.2832e+00 -8.6966e-01 +1.2796e+00 +3.0746e+00 -1.3519e+00 +2.9651e+00 -1.3340e+00
197 0 +6.617186817e+00 -1.032281318e+01 -1.032281318e+01 +3.0021e+00 +3.1275e+00 -3.3471e-01 +1.4039e+00 -7.4899e-01 +1.4002e+00 +3.1953e+00 -1.2312e+00 +3.0858e+00 -1.2134e+00
202 0 +6.470043604e+00 -1.046995640e+01 -1.046995640e+01 +2.9891e+00 +3.1145e+00 -3.4770e-01 +1.3909e+00 -7.6198e-01 +1.3873e+00 +3.1823e+00 -1.2442e+00 +3.0728e+00 -1.2263e+00
242 0 +6.419482212e+00 -1.052051779e+01 -1.052051779e+01 +2.9975e+00 +3.1233e+00 -3.4868e-01 +1.3948e+00 -7.6413e-01 +1.3912e+00 +3.1913e+00 -1.2477e+00 +3.0814e+00 -1.2298e+00
337 0 +6.289184756e+00 -1.065081524e+01 -1.065081524e+01 +2.9841e+00 +3.1102e+00 -3.7217e-01 +1.3766e+00 -7.8886e-01 +1.3729e+00 +3.1784e+00 -1.2739e+00 +3.0682e+00 -1.2559e+00
896 0 +6.132409508e+00 -1.080759049e+01 -1.080759049e+01 +2.9925e+00 +3.1247e+00 -3.7389e-01 +1.3818e+00 -8.2640e-01 +1.3781e+00 +3.1872e+00 -1.2883e+00 +3.0768e+00 -1.2696e+00
1110 0 +6.017337599e+00 -1.092266240e+01 -1.092266240e+01 +3.0082e+00 +3.1500e+00 -3.6134e-01 +1.3969e+00 -8.5143e-01 +1.3932e+00 +3.2028e+00 -1.2864e+00 +3.0925e+00 -1.2666e+00
1356 0 +5.885692404e+00 -1.105430760e+01 -1.105430760e+01 +2.9811e+00 +3.1440e+00 -3.7673e-01 +1.3840e+00 -8.5684e-01 +1.3804e+00 +3.1733e+00 -1.3040e+00 +3.0643e+00 -1.2864e+00
1468 0 +5.740099102e+00 -1.119990090e+01 -1.119990090e+01 +2.9663e+00 +3.1510e+00 -3.7777e-01 +1.3846e+00 -8.5319e-01 +1.3811e+00 +3.1560e+00 -1.3085e+00 +3.0484e+00 -1.2933e+00
1728 0 +5.605355666e+00 -1.133464433e+01 -1.133464433e+01 +2.9628e+00 +3.1869e+00 -3.6254e-01 +1.3935e+00 -8.3638e-01 +1.3901e+00 +3.1478e+00 -1.2909e+00 +3.0441e+00 -1.2768e+00
1827 0 +5.476388988e+00 -1.146361101e+01 -1.146361101e+01 +2.9357e+00 +3.1680e+00 -3.7874e-01 +1.3600e+00 -8.6029e-01 +1.3565e+00 +3.1203e+00 -1.3206e+00 +3.0178e+00 -1.3099e+00
1962 0 +5.341651327e+00 -1.159834867e+01 -1.159834867e+01 +2.9280e+00 +3.1693e+00 -3.6558e-01 +1.3561e+00 -8.5270e-01 +1.3522e+00 +3.1089e+00 -1.3319e+00 +3.0089e+00 -1.3307e+00
2032 0 +5.215092557e+00 -1.172490744e+01 -1.172490744e+01 +2.8959e+00 +3.1655e+00 -3.7164e-01 +1.3229e+00 -8.5179e-01 +1.3181e+00 +3.0685e+00 -1.3635e+00 +2.9756e+00 -1.3824e+00
2776 0 +5.121314878e+00 -1.181868512e+01 -1.181868512e+01 +2.8956e+00 +3.1764e+00 -3.4823e-01 +1.3219e+00 -8.3127e-01 +1.3166e+00 +3.0636e+00 -1.3625e+00 +2.9750e+00 -1.3923e+00
3483 0 +5.006636903e+00 -1.193336310e+01 -1.193336310e+01 +2.8797e+00 +3.1629e+00 -3.1508e-01 +1.3235e+00 -8.0430e-01 +1.3181e+00 +3.0506e+00 -1.3688e+00 +2.9963e+00 -1.3961e+00
15510 0 +4.897723272e+00 -1.204227673e+01 -1.204227673e+01 +2.8561e+00 +3.1467e+00 -3.2859e-01 +1.2946e+00 -8.5932e-01 +1.2828e+00 +3.0140e+00 -1.3125e+00 +2.9939e+00 -1.4471e+00
48498 0 +4.786061896e+00 -1.215393810e+01 -1.215393810e+01 +2.8295e+00 +3.1404e+00 -4.2208e-01 +1.2307e+00 -9.5741e-01 +1.2458e+00 +2.9881e+00 -1.1628e+00 +2.9776e+00 -1.5221e+00
76051 0 +4.733576331e+00 -1.220642367e+01 -1.220642367e+01 +2.8220e+00 +3.1499e+00 -4.8101e-01 +1.1976e+00 -1.0062e+00 +1.2435e+00 +2.9931e+00 -1.0833e+00 +2.9539e+00 -1.5591e+00
% f evaluations | g evaluations | best noise-free fitness - Fopt (1.881000000000e+01) + sum g_i+ | measured fitness | best measured fitness or single-digit g-values | x1 | x2...
1 0 +2.032691539e+01 +3.913691539e+01 +3.913691539e+01 +4.9078e-01 -1.6022e+00 +4.3018e+00 -2.6157e+00 -2.2860e+00 +9.0776e-01 -2.9152e+00 -2.6584e+00 -2.4407e+00 +6.8744e-01
6 0 +9.807579390e+00 +2.861757939e+01 +2.861757939e+01 +2.8817e+00 -2.6336e+00 -1.0961e+00 -2.9469e+00 -4.8998e+00 -2.2882e+00 +6.9282e-01 +2.3112e-01 -7.5998e-01 +2.5793e+00
35 0 +9.498396808e+00 +2.830839681e+01 +2.830839681e+01 -2.2393e+00 +6.5608e-02 +1.9281e+00 +2.0347e+00 +1.9100e+00 -1.1440e-02 +3.0631e+00 -1.0126e+00 +4.3964e+00 +3.8274e+00
69 0 +8.018118407e+00 +2.682811841e+01 +2.682811841e+01 +3.4580e+00 -2.0794e+00 -5.3573e-01 -2.3940e+00 -4.3547e+00 -1.7326e+00 +1.2603e+00 +7.9677e-01 -1.9830e-01 +3.1544e+00
79 0 +4.898790516e+00 +2.370879052e+01 +2.370879052e+01 +3.8930e-01 +3.9341e-01 +3.9154e-01 +3.9387e-01 +3.9019e-01 +3.9447e-01 +3.9291e-01 +3.9424e-01 +3.9052e-01 +3.9340e-01
147 0 +4.866531923e+00 +2.367653192e+01 +2.367653192e+01 +3.9311e-01 +3.9726e-01 +3.9537e-01 +3.9773e-01 +3.9401e-01 +3.9833e-01 +3.9676e-01 +3.9810e-01 +3.9434e-01 +3.9725e-01
1358 0 +4.783095564e+00 +2.359309556e+01 +2.359309556e+01 +3.9023e-01 +3.9955e-01 +3.9349e-01 +4.0610e-01 +3.9155e-01 +4.0888e-01 +3.9730e-01 +4.0855e-01 +3.9042e-01 +3.9943e-01
1488 0 +4.668809271e+00 +2.347880927e+01 +2.347880927e+01 +3.8985e-01 +3.9800e-01 +3.9328e-01 +4.1578e-01 +3.9342e-01 +4.1448e-01 +3.9536e-01 +4.2147e-01 +3.8975e-01 +3.9824e-01
1584 0 +4.551438701e+00 +2.336143870e+01 +2.336143870e+01 +3.8955e-01 +3.9671e-01 +3.9111e-01 +4.2722e-01 +3.9375e-01 +4.2147e-01 +3.9292e-01 +4.3708e-01 +3.8908e-01 +3.9745e-01
1658 0 +4.377635663e+00 +2.318763566e+01 +2.318763566e+01 +3.8618e-01 +3.9314e-01 +3.8858e-01 +4.4301e-01 +3.9071e-01 +4.2706e-01 +3.8986e-01 +4.6099e-01 +3.8602e-01 +3.9377e-01
1677 0 +4.353423197e+00 +2.316342320e+01 +2.316342320e+01 +3.8454e-01 +3.9149e-01 +3.8693e-01 +4.4136e-01 +3.8906e-01 +4.2541e-01 +3.8821e-01 +4.5934e-01 +3.8437e-01 +3.9212e-01
1729 0 +4.242343008e+00 +2.305234301e+01 +2.305234301e+01 +3.8344e-01 +3.8949e-01 +3.8697e-01 +4.5417e-01 +3.8808e-01 +4.2907e-01 +3.8890e-01 +4.8088e-01 +3.8205e-01 +3.9025e-01
1840 0 +4.104460410e+00 +2.291446041e+01 +2.291446041e+01 +3.8132e-01 +3.8816e-01 +3.8755e-01 +4.7851e-01 +3.8599e-01 +4.3542e-01 +3.9026e-01 +5.2175e-01 +3.8124e-01 +3.8903e-01
1848 0 +4.044457292e+00 +2.285445729e+01 +2.285445729e+01 +3.8367e-01 +3.8862e-01 +3.8813e-01 +4.9361e-01 +3.8814e-01 +4.4097e-01 +3.9171e-01 +5.4448e-01 +3.8025e-01 +3.8962e-01
1864 0 +3.973917516e+00 +2.278391752e+01 +2.278391752e+01 +4.0852e-01 +4.1702e-01 +4.0855e-01 +5.2888e-01 +4.1251e-01 +4.6597e-01 +4.1037e-01 +5.8878e-01 +4.0883e-01 +4.1777e-01
1962 0 +3.889435413e+00 +2.269943541e+01 +2.269943541e+01 +4.1051e-01 +4.1956e-01 +4.0978e-01 +5.4177e-01 +4.1437e-01 +4.7055e-01 +4.1157e-01 +6.0895e-01 +4.1120e-01 +4.2030e-01
2018 0 +3.797847508e+00 +2.260784751e+01 +2.260784751e+01 +4.0904e-01 +4.1892e-01 +4.0885e-01 +5.5705e-01 +4.1268e-01 +4.7307e-01 +4.1068e-01 +6.3542e-01 +4.1030e-01 +4.1965e-01
2113 0 +3.675515120e+00 +2.248551512e+01 +2.248551512e+01 +4.1140e-01 +4.1911e-01 +4.1057e-01 +5.8470e-01 +4.1565e-01 +4.7758e-01 +4.1224e-01 +6.8126e-01 +4.1119e-01 +4.1991e-01
2211 0 +3.625877167e+00 +2.243587717e+01 +2.243587717e+01 +4.1125e-01 +4.1818e-01 +4.0958e-01 +6.1772e-01 +4.1631e-01 +4.8026e-01 +4.1105e-01 +7.3811e-01 +4.0934e-01 +4.1889e-01
2330 0 +3.454180424e+00 +2.226418042e+01 +2.226418042e+01 +3.7316e-01 +3.7462e-01 +3.7622e-01 +5.5980e-01 +3.8012e-01 +4.3060e-01 +3.7762e-01 +6.6919e-01 +3.6659e-01 +3.7534e-01
2777 0 +3.369141360e+00 +2.217914136e+01 +2.217914136e+01 +3.7316e-01 +3.7298e-01 +3.8003e-01 +5.7816e-01 +3.8016e-01 +4.2802e-01 +3.8165e-01 +6.8359e-01 +3.6624e-01 +3.7378e-01
2886 0 +3.310993828e+00 +2.212099383e+01 +2.212099383e+01 +3.7560e-01 +3.7439e-01 +3.8645e-01 +5.9989e-01 +3.8261e-01 +4.2739e-01 +3.8828e-01 +7.0120e-01 +3.6847e-01 +3.7523e-01
4018 0 +3.230990819e+00 +2.204099082e+01 +2.204099082e+01 +3.8784e-01 +3.7921e-01 +4.0657e-01 +6.4673e-01 +3.9542e-01 +4.3255e-01 +4.0887e-01 +7.3552e-01 +3.7743e-01 +3.7985e-01
4597 0 +3.161774553e+00 +2.197177455e+01 +2.197177455e+01 +4.1254e-01 +3.8359e-01 +4.3583e-01 +6.8966e-01 +4.2657e-01 +4.3990e-01 +4.3862e-01 +7.9087e-01 +3.8934e-01 +3.8415e-01
4871 0 +3.086401879e+00 +2.189640188e+01 +2.189640188e+01 +4.0477e-01 +3.7824e-01 +4.2442e-01 +6.8042e-01 +4.2500e-01 +4.3498e-01 +4.2865e-01 +7.8821e-01 +3.8423e-01 +3.7888e-01
5077 0 +3.017542081e+00 +2.182754208e+01 +2.182754208e+01 +4.0277e-01 +3.7516e-01 +4.2179e-01 +6.7850e-01 +4.3757e-01 +4.3248e-01 +4.2632e-01 +7.9091e-01 +3.8148e-01 +3.7598e-01
5572 0 +2.950749434e+00 +2.176074943e+01 +2.176074943e+01 +4.0285e-01 +3.6614e-01 +4.1277e-01 +6.8391e-01 +4.5606e-01 +4.2441e-01 +4.1958e-01 +8.0361e-01 +3.7090e-01 +3.6550e-01
76051 0 +2.891152602e+00 +2.170115260e+01 +2.170115260e+01 +4.0663e-01 +3.5287e-01 +3.9938e-01 +6.5770e-01 +4.4071e-01 +4.2635e-01 +3.7662e-01 +7.9510e-01 +3.3979e-01 +3.7490e-01
% f evaluations | g evaluations | best noise-free fitness - Fopt (2.731500000000e+02) + sum g_i+ | measured fitness | best measured fitness or single-digit g-values | x1 | x2...
1 0 +3.016432958e+01 +3.033143296e+02 +3.033143296e+02 +2.6171e+00 +4.1656e+00 -1.7670e+00 +1.1158e+00 -4.2076e+00 -4.1148e+00 -6.6442e-01 +2.0479e+00 -2.5736e-03 +3.0555e+00
5 0 +1.737208426e+01 +2.905220843e+02 +2.905220843e+02 -3.3141e+00 -1.5232e-01 +1.2993e+00 +2.0277e+00 -4.9533e+00 -2.2735e+00 +1.3292e+00 +1.0778e+00 +1.2707e+00 -1.7343e+00
9 0 +1.692941225e+01 +2.900794123e+02 +2.900794123e+02 -4.3252e+00 +1.2521e+00 +4.8199e+00 +2.7761e+00 +3.9444e+00 -2.0563e+00 -1.0579e+00 +2.9870e-01 +3.2323e+00 +8.2034e-01
10 0 +1.330041453e+01 +2.864504145e+02 +2.864504145e+02 -3.7859e+00 +4.3051e+00 +4.2469e+00 -4.0955e+00 +5.2058e-01 -6.3292e-01 -7.9307e-01 +1.5723e-01 -4.2200e-01 +2.9283e+00
102 0 +1.224384705e+01 +2.853938471e+02 +2.853938471e+02 -4.0646e+00 +3.3508e+00 +3.2474e+00 +2.9974e+00 -8.2044e-01 -7.1701e-01 -2.0307e+00 +6.8691e-02 -1.5880e+00 +2.5740e+00
106 0 +8.160629078e+00 +2.813106291e+02 +2.813106291e+02 -4.2039e+00 +4.0080e+00 -2.8738e-01 +4.6479e+00 +1.8016e-01 -1.2557e+00 -1.0224e+00 -1.5145e+00 -1.9785e+00 -4.5403e-01
141 0 +6.478272115e+00 +2.796282721e+02 +2.796282721e+02 -3.4520e+00 +3.8587e+00 +2.5768e+00 +7.2475e-01 +4.9837e-01 -2.4945e+00 -1.0306e+00 -8.3893e-01 -1.7005e+00 +2.7972e+00
147 0 +6.418605850e+00 +2.795686058e+02 +2.795686058e+02 -3.4611e+00 +3.8688e+00 +2.5836e+00 +7.2665e-01 +4.9968e-01 -2.5010e+00 -1.0333e+00 -8.4113e-01 -1.7050e+00 +2.8045e+00
161 0 +5.653780897e+00 +2.788037809e+02 +2.788037809e+02 -3.9288e+00 +3.4011e+00 +2.1159e+00 +2.5896e-01 +3.1985e-02 -2.9687e+00 -1.5010e+00 -1.3088e+00 -2.1726e+00 +2.3368e+00
250 0 +5.217651912e+00 +2.783676519e+02 +2.783676519e+02 -3.9785e+00 +3.9646e+00 +2.5355e+00 +4.2390e-01 +6.9516e-02 -2.8522e+00 -1.4506e+00 -1.0198e+00 -1.9962e+00 +2.4036e+00
251 0 +4.932434322e+00 +2.780824343e+02 +2.780824343e+02 -4.1832e+00 +3.5190e+00 +2.1685e+00 +2.1721e-01 -2.1289e-02 -3.1744e+00 -1.6322e+00 -1.4302e+00 -2.3379e+00 +2.4007e+00
301 0 +4.846825398e+00 +2.779968254e+02 +2.779968254e+02 -4.1795e+00 +3.5227e+00 +2.1722e+00 +2.2095e-01 -1.7555e-02 -3.1707e+00 -1.6284e+00 -1.4265e+00 -2.3342e+00 +2.4044e+00
417 0 +4.212928829e+00 +2.773629288e+02 +2.773629288e+02 -3.6207e+00 +3.8210e+00 +2.2746e+00 +1.3579e+00 +5.7042e-02 -2.4490e+00 -1.4348e+00 -9.9699e-01 -1.7753e+00 +2.6203e+00
432 0 +4.071835982e+00 +2.772218360e+02 +2.772218360e+02 -3.6295e+00 +3.8302e+00 +2.2801e+00 +1.3612e+00 +5.7179e-02 -2.4549e+00 -1.4383e+00 -9.9939e-01 -1.7796e+00 +2.6266e+00
602 0 +3.934326213e+00 +2.770843262e+02 +2.770843262e+02 -3.6589e+00 +3.8100e+00 +2.2481e+00 +1.3294e+00 +3.0451e-02 -2.4932e+00 -1.4535e+00 -1.0282e+00 -1.7957e+00 +2.6111e+00
632 0 +3.883905233e+00 +2.770339052e+02 +2.770339052e+02 -3.6677e+00 +3.8225e+00 +2.2562e+00 +1.3349e+00 +3.2207e-02 -2.4986e+00 -1.4560e+00 -1.0295e+00 -1.7992e+00 +2.6203e+00
774 0 +3.782909422e+00 +2.769329094e+02 +2.769329094e+02 -3.6747e+00 +3.8180e+00 +2.2674e+00 +1.3445e+00 +4.2693e-02 -2.5156e+00 -1.4464e+00 -1.0224e+00 -1.7883e+00 +2.6133e+00
1067 0 +3.688403469e+00 +2.768384035e+02 +2.768384035e+02 -3.6838e+00 +3.8068e+00 +2.2669e+00 +1.3392e+00 +3.4945e-02 -2.5471e+00 -1.4344e+00 -1.0161e+00 -1.7834e+00 +2.6129e+00
1161 0 +3.584799811e+00 +2.767347998e+02 +2.767347998e+02 -3.6359e+00 +3.8355e+00 +2.2795e+00 +1.3578e+00 +3.0797e-02 -2.5153e+00 -1.4220e+00 -1.0077e+00 -1.7647e+00 +2.6405e+00
1254 0 +3.537324531e+00 +2.766873245e+02 +2.766873245e+02 -3.6438e+00 +3.8285e+00 +2.2710e+00 +1.3481e+00 +1.7816e-02 -2.5288e+00 -1.4314e+00 -1.0160e+00 -1.7720e+00 +2.6327e+00
1447 0 +3.466915591e+00 +2.766169156e+02 +2.766169156e+02 -3.6406e+00 +3.8306e+00 +2.2747e+00 +1.3509e+00 +1.0292e-02 -2.5381e+00 -1.4283e+00 -1.0125e+00 -1.7693e+00 +2.6358e+00
1543 0 +3.388208051e+00 +2.765382081e+02 +2.765382081e+02 -3.6410e+00 +3.8300e+00 +2.2745e+00 +1.3497e+00 -1.0332e-02 -2.5625e+00 -1.4299e+00 -1.0127e+00 -1.7698e+00 +2.6354e+00
1831 0 +3.297038163e+00 +2.764470382e+02 +2.764470382e+02 -3.6311e+00 +3.8351e+00 +2.2890e+00 +1.3541e+00 -6.2160e-03 -2.5462e+00 -1.4276e+00 -9.9969e-01 -1.7610e+00 +2.6449e+00
2018 0 +3.223893254e+00 +2.763738933e+02 +2.763738933e+02 -3.6271e+00 +3.8170e+00 +2.2843e+00 +1.3581e+00 -3.6738e-02 -2.5888e+00 -1.4244e+00 -1.0000e+00 -1.7562e+00 +2.6464e+00
2059 0 +3.156018400e+00 +2.763060184e+02 +2.763060184e+02 -3.6264e+00 +3.8223e+00 +2.2743e+00 +1.3735e+00 -3.1763e-02 -2.5685e+00 -1.4293e+00 -1.0006e+00 -1.7548e+00 +2.6400e+00
2152 0 +3.067778252e+00 +2.762177783e+02 +2.762177783e+02 -3.6170e+00 +3.8169e+00 +2.2687e+00 +1.3667e+00 -4.9059e-02 -2.5696e+00 -1.4302e+00 -9.9535e-01 -1.7455e+00 +2.6394e+00
2418 0 +3.009588563e+00 +2.761595886e+02 +2.761595886e+02 -3.6196e+00 +3.8224e+00 +2.2652e+00 +1.3628e+00 -5.5978e-02 -2.5717e+00 -1.4393e+00 -9.9808e-01 -1.7476e+00 +2.6448e+00
3586 0 +2.950923014e+00 +2.761009230e+02 +2.761009230e+02 -3.6178e+00 +3.8368e+00 +2.2721e+00 +1.3631e+00 -8.5623e-02 -2.5760e+00 -1.4481e+00 -1.0005e+00 -1.7456e+00 +2.6378e+00
8668 0 +2.883992864e+00 +2.760339929e+02 +2.760339929e+02 -3.5985e+00 +3.8355e+00 +2.2502e+00 +1.3669e+00 -1.0896e-01 -2.5710e+00 -1.4499e+00 -9.9070e-01 -1.7716e+00 +2.6417e+00
76051 0 +2.854055533e+00 +2.760040555e+02 +2.760040555e+02 -3.5785e+00 +3.8327e+00 +2.2050e+00 +1.3597e+00 -1.2694e-01 -2.5878e+00 -1.4683e+00 -9.5939e-01 -1.8615e+00 +2.5986e+00
% f evaluations | g evaluations | best noise-free fitness - Fopt (3.718000000000e+01) + sum g_i+ | measured fitness | best measured fitness or single-digit g-values | x1 | x2...
1 0 +1.190380460e+02 +1.562180460e+02 +1.562180460e+02 +7.3035e-01 +2.5458e+00 -4.2396e+00 +3.6821e+00 -7.9814e-01 +4.8345e+00 -4.1475e+00 +3.6005e+00 +3.5177e+00 +2.4472e+00
2 0 +3.806449631e+01 +7.524449631e+01 +7.524449631e+01 -9.4802e-01 -4.2359e+00 -2.8639e+00 +3.8319e+00 -1.6782e+00 +2.8450e+00 +2.7039e+00 +2.2877e-01 +1.3277e+00 +2.3944e-01
3 0 +1.950039571e+01 +5.668039571e+01 +5.668039571e+01 +1.7400e+00 +3.9928e-01 +2.6856e+00 -6.8253e-01 -1.6893e+00 +4.2783e+00 -2.9519e+00 +3.5197e-01 +2.7034e+00 +7.4195e-01
6 0 +1.331665153e+01 +5.049665153e+01 +5.049665153e+01 -3.6703e+00 +1.6495e+00 +4.4847e+00 -4.6024e-01 -4.1389e+00 +2.1386e+00 -4.1677e+00 -2.9659e+00 -3.8128e+00 +1.2219e-01
64 0 +1.209705496e+01 +4.927705496e+01 +4.927705496e+01 -3.4203e+00 +1.9067e+00 +4.7457e+00 -2.0590e-01 -3.8895e+00 +2.3964e+00 -3.9183e+00 -2.7149e+00 -3.5629e+00 +3.7731e-01
66 0 +1.148845458e+01 +4.866845458e+01 +4.866845458e+01 -1.9545e+00 +3.3725e+00 +1.5452e+00 +1.2599e+00 -2.4237e+00 +3.8622e+00 -2.4525e+00 -1.2492e+00 -2.0972e+00 +1.8431e+00
70 0 +1.088765282e+01 +4.806765282e+01 +4.806765282e+01 -2.6341e+00 +2.6928e+00 +8.6554e-01 +5.8023e-01 -3.1033e+00 +3.1826e+00 -3.1322e+00 -1.9288e+00 -2.7768e+00 +1.1634e+00
73 0 +9.949360203e+00 +4.712936020e+01 +4.712936020e+01 -2.4508e+00 +2.8761e+00 +1.0488e+00 +7.6353e-01 -2.9200e+00 +3.3659e+00 -2.9489e+00 -1.7455e+00 -2.5935e+00 +1.3467e+00
106 0 +9.457758970e+00 +4.663775897e+01 +4.663775897e+01 -1.3886e+00 +3.9384e+00 +1.3803e+00 +1.8258e+00 -1.8578e+00 +4.4281e+00 -1.8866e+00 -6.8327e-01 -1.5313e+00 +2.4090e+00
119 0 +8.307575289e+00 +4.548757529e+01 +4.548757529e+01 -9.4006e-01 +3.9357e+00 +2.2039e+00 +2.2619e+00 -1.1366e+00 +2.7166e-01 -1.1389e-01 -1.0489e-01 -2.5389e-01 +2.7292e+00
161 0 +7.180118826e+00 +4.436011883e+01 +4.436011883e+01 -1.2445e+00 +3.6313e+00 +1.8995e+00 +1.9575e+00 -1.4410e+00 -3.2742e-02 -4.1829e-01 -4.0929e-01 -5.5829e-01 +2.4248e+00
169 0 +6.765402072e+00 +4.394540207e+01 +4.394540207e+01 -2.0286e+00 +2.8472e+00 +1.1154e+00 +1.1734e+00 -2.2251e+00 -8.1685e-01 -1.2024e+00 -1.1934e+00 -1.3424e+00 +1.6407e+00
171 0 +6.638068969e+00 +4.381806897e+01 +4.381806897e+01 -2.5198e+00 +2.3560e+00 +6.2421e-01 +6.8214e-01 -2.7163e+00 -1.3081e+00 -1.6936e+00 -1.6846e+00 -1.8336e+00 +1.1495e+00
172 0 +5.295400864e+00 +4.247540086e+01 +4.247540086e+01 -3.2383e+00 +1.6375e+00 -9.4278e-02 -3.6347e-02 -3.4348e+00 -2.0266e+00 -2.4121e+00 -2.4031e+00 -2.5521e+00 +4.3097e-01
242 0 +5.215637815e+00 +4.239563782e+01 +4.239563782e+01 -3.2569e+00 +1.6469e+00 -9.4821e-02 -3.6556e-02 -3.4546e+00 -2.0382e+00 -2.4260e+00 -2.4169e+00 -2.5668e+00 +4.3345e-01
259 0 +5.083492258e+00 +4.226349226e+01 +4.226349226e+01 -3.2446e+00 +1.6592e+00 -8.2546e-02 -2.4282e-02 -3.4423e+00 -2.0260e+00 -2.4137e+00 -2.4047e+00 -2.5545e+00 +4.4573e-01
262 0 +4.812432427e+00 +4.199243243e+01 +4.199243243e+01 -1.6887e+00 +3.2151e+00 +1.4734e+00 +1.5317e+00 -1.8863e+00 -4.7000e-01 -8.5777e-01 -8.4872e-01 -9.9857e-01 +2.0017e+00
431 0 +4.133800037e+00 +4.131380004e+01 +4.131380004e+01 -2.3772e+00 +2.8157e+00 +1.3671e+00 +1.3711e+00 -2.6206e+00 -5.0434e-01 -1.2989e+00 -1.3126e+00 -1.4855e+00 +1.9053e+00
528 0 +3.962019514e+00 +4.114201951e+01 +4.114201951e+01 -2.3983e+00 +2.8245e+00 +1.3674e+00 +1.3715e+00 -2.6432e+00 -5.1472e-01 -1.3138e+00 -1.3277e+00 -1.5016e+00 +1.9088e+00
529 0 +3.798601550e+00 +4.097860155e+01 +4.097860155e+01 -2.4310e+00 +2.8795e+00 +1.3980e+00 +1.4021e+00 -2.6799e+00 -5.1576e-01 -1.3283e+00 -1.3423e+00 -1.5192e+00 +1.9485e+00
632 0 +3.686627018e+00 +4.086662702e+01 +4.086662702e+01 -2.4337e+00 +2.8845e+00 +1.4259e+00 +1.4252e+00 -2.6781e+00 -4.8527e-01 -1.3351e+00 -1.3512e+00 -1.5304e+00 +1.9783e+00
780 0 +3.602322698e+00 +4.078232270e+01 +4.078232270e+01 -2.4226e+00 +2.8971e+00 +1.4239e+00 +1.4224e+00 -2.6614e+00 -4.8682e-01 -1.3294e+00 -1.3481e+00 -1.5304e+00 +1.9766e+00
1014 0 +3.546129341e+00 +4.072612934e+01 +4.072612934e+01 -2.4276e+00 +2.8938e+00 +1.4245e+00 +1.4167e+00 -2.6595e+00 -4.8276e-01 -1.3391e+00 -1.3579e+00 -1.5404e+00 +1.9798e+00
1260 0 +3.461437507e+00 +4.064143751e+01 +4.064143751e+01 -2.4188e+00 +2.8998e+00 +1.4249e+00 +1.4165e+00 -2.6589e+00 -4.2914e-01 -1.3359e+00 -1.3587e+00 -1.5311e+00 +1.9793e+00
1393 0 +3.385153313e+00 +4.056515331e+01 +4.056515331e+01 -2.4141e+00 +2.9199e+00 +1.4204e+00 +1.4053e+00 -2.6349e+00 -4.6548e-01 -1.3397e+00 -1.3605e+00 -1.5390e+00 +1.9771e+00
1466 0 +3.307183643e+00 +4.048718364e+01 +4.048718364e+01 -2.4077e+00 +2.9350e+00 +1.4189e+00 +1.4085e+00 -2.6153e+00 -4.5918e-01 -1.3449e+00 -1.3655e+00 -1.5422e+00 +1.9718e+00
1646 0 +3.199638189e+00 +4.037963819e+01 +4.037963819e+01 -2.4189e+00 +2.9410e+00 +1.4067e+00 +1.3995e+00 -2.5986e+00 -4.6192e-01 -1.3526e+00 -1.3735e+00 -1.5543e+00 +1.9641e+00
1729 0 +3.162011437e+00 +4.034201144e+01 +4.034201144e+01 -2.4319e+00 +2.9308e+00 +1.3945e+00 +1.3871e+00 -2.6089e+00 -4.7373e-01 -1.3648e+00 -1.3856e+00 -1.5672e+00 +1.9520e+00
2059 0 +3.090117432e+00 +4.027011743e+01 +4.027011743e+01 -2.4402e+00 +2.9432e+00 +1.3852e+00 +1.3791e+00 -2.5932e+00 -4.8262e-01 -1.3737e+00 -1.3947e+00 -1.5810e+00 +1.9498e+00
2776 0 +3.019875809e+00 +4.019987581e+01 +4.019987581e+01 -2.4452e+00 +2.9461e+00 +1.3778e+00 +1.3696e+00 -2.5697e+00 -4.9382e-01 -1.3770e+00 -1.3966e+00 -1.5927e+00 +1.9346e+00
3537 0 +2.950987413e+00 +4.013098741e+01 +4.013098741e+01 -2.4775e+00 +2.9526e+00 +1.3415e+00 +1.3469e+00 -2.5684e+00 -5.0815e-01 -1.3702e+00 -1.3894e+00 -1.6083e+00 +1.9133e+00
5345 0 +2.883958945e+00 +4.006395894e+01 +4.006395894e+01 -2.4719e+00 +2.9513e+00 +1.3110e+00 +1.3835e+00 -2.5721e+00 -5.1784e-01 -1.3664e+00 -1.3987e+00 -1.5977e+00 +1.9172e+00
9278 0 +2.818224890e+00 +3.999822489e+01 +3.999822489e+01 -2.4860e+00 +2.9347e+00 +1.2696e+00 +1.3918e+00 -2.5431e+00 -5.4510e-01 -1.3725e+00 -1.4056e+00 -1.6108e+00 +1.9018e+00
25764 0 +2.754033492e+00 +3.993403349e+01 +3.993403349e+01 -2.5568e+00 +2.9082e+00 +1.2327e+00 +1.3186e+00 -2.4958e+00 -5.9447e-01 -1.3909e+00 -1.4249e+00 -1.6147e+00 +1.8524e+00
76051 0 +2.726152905e+00 +3.990615291e+01 +3.990615291e+01 -2.6377e+00 +2.8686e+00 +1.1963e+00 +1.2565e+00 -2.4457e+00 -6.3901e-01 -1.4084e+00 -1.4450e+00 -1.6196e+00 +1.8023e+00
% f evaluations | g evaluations | best noise-free fitness - Fopt (-1.479000000000e+02) + sum g_i+ | measured fitness | best measured fitness or single-digit g-values | x1 | x2...
1 0 +1.698080841e+01 -1.309191916e+02 -1.309191916e+02 +4.7575e+00 +3.4864e+00 -3.0458e+00 -1.6227e+00 -7.5984e-01 +3.0352e+00 +1.2777e+00 +2.2408e+00 -3.7678e+00 -4.0679e+00
2 0 +7.947677462e+00 -1.399523225e+02 -1.399523225e+02 -3.9131e-01 +4.9921e+00 -8.4176e-01 -1.4572e+00 -2.3389e-01 +2.2021e+00 -1.9124e+00 +3.6774e+00 -2.9424e+00 +3.7015e+00
16 0 +7.423476571e+00 -1.404765234e+02 -1.404765234e+02 +1.2724e+00 +1.1987e+00 -1.0758e+00 -3.7547e+00 +3.2171e+00 +1.4290e+00 +2.8428e+00 -8.3460e-01 -2.8539e+00 -1.2520e+00
66 0 +7.272134982e+00 -1.406278650e+02 -1.406278650e+02 +1.3556e+00 +1.2819e+00 -9.9260e-01 -3.6714e+00 +3.3003e+00 +1.5122e+00 +2.9260e+00 -7.5139e-01 -2.7707e+00 -1.1688e+00
91 0 +6.427897937e+00 -1.414721021e+02 -1.414721021e+02 -7.0617e-01 -7.0567e-01 -7.0326e-01 -7.0672e-01 -6.9993e-01 -7.0348e-01 -7.0239e-01 -7.0523e-01 -6.9880e-01 -7.0079e-01
111 0 +6.183051947e+00 -1.417169481e+02 -1.417169481e+02 -7.1640e-01 -7.1588e-01 -7.1341e-01 -7.1693e-01 -7.1004e-01 -7.1362e-01 -7.1250e-01 -7.1544e-01 -7.0889e-01 -7.1092e-01
147 0 +6.160875783e+00 -1.417391242e+02 -1.417391242e+02 -7.1745e-01 -7.1692e-01 -7.1444e-01 -7.1797e-01 -7.1108e-01 -7.1466e-01 -7.1353e-01 -7.1648e-01 -7.0992e-01 -7.1196e-01
148 0 +5.847897171e+00 -1.420521028e+02 -1.420521028e+02 -7.3844e-01 -7.3786e-01 -7.3539e-01 -7.3907e-01 -7.3170e-01 -7.3579e-01 -7.3442e-01 -7.3744e-01 -7.3041e-01 -7.3263e-01
200 0 +5.720826132e+00 -1.421791739e+02 -1.421791739e+02 -7.4141e-01 -7.4129e-01 -7.4198e-01 -7.4781e-01 -7.3860e-01 -7.4722e-01 -7.4337e-01 -7.4789e-01 -7.4933e-01 -7.4508e-01
694 0 +5.621015775e+00 -1.422789842e+02 -1.422789842e+02 -7.4165e-01 -7.4088e-01 -7.4140e-01 -7.6129e-01 -7.4025e-01 -7.6232e-01 -7.5230e-01 -7.6290e-01 -7.6556e-01 -7.5547e-01
1075 0 +5.470883442e+00 -1.424291166e+02 -1.424291166e+02 -7.3881e-01 -7.3921e-01 -7.4031e-01 -7.5880e-01 -7.6558e-01 -7.6153e-01 -7.6779e-01 -7.6238e-01 -7.7238e-01 -7.7910e-01
1174 0 +5.360557021e+00 -1.425394430e+02 -1.425394430e+02 -7.4018e-01 -7.3802e-01 -7.3888e-01 -7.6142e-01 -7.8960e-01 -7.6220e-01 -7.7958e-01 -7.6445e-01 -7.7416e-01 -8.0170e-01
1356 0 +5.245158008e+00 -1.426548420e+02 -1.426548420e+02 -7.3567e-01 -7.3352e-01 -7.3438e-01 -7.5690e-01 -8.1489e-01 -7.5769e-01 -7.8768e-01 -7.5993e-01 -7.6963e-01 -8.2494e-01
1449 0 +5.109039797e+00 -1.427909602e+02 -1.427909602e+02 -7.3276e-01 -7.3021e-01 -7.3147e-01 -7.5587e-01 -8.5874e-01 -7.5369e-01 -7.9861e-01 -7.5853e-01 -7.6839e-01 -8.6452e-01
1628 0 +5.007511888e+00 -1.428924881e+02 -1.428924881e+02 -7.2294e-01 -7.2124e-01 -7.2238e-01 -7.4458e-01 -9.1066e-01 -7.4528e-01 -8.0328e-01 -7.4739e-01 -7.5777e-01 -9.1134e-01
2116 0 +4.890912301e+00 -1.430090877e+02 -1.430090877e+02 -7.1647e-01 -7.1689e-01 -7.1645e-01 -7.5673e-01 -9.6153e-01 -7.4613e-01 -8.1126e-01 -7.5850e-01 -7.5689e-01 -9.6050e-01
2318 0 +4.772355138e+00 -1.431276449e+02 -1.431276449e+02 -7.1414e-01 -7.1294e-01 -7.1432e-01 -7.9658e-01 -9.6857e-01 -7.4444e-01 -8.0882e-01 -7.9463e-01 -7.5431e-01 -9.6176e-01
2631 0 +4.671167798e+00 -1.432288322e+02 -1.432288322e+02 -7.1224e-01 -7.0825e-01 -7.0437e-01 -8.2671e-01 -9.7998e-01 -7.4836e-01 -7.9597e-01 -8.1844e-01 -7.5157e-01 -9.5742e-01
3251 0 +4.569667283e+00 -1.433303327e+02 -1.433303327e+02 -7.1415e-01 -6.9548e-01 -6.9144e-01 -8.3597e-01 -9.9536e-01 -7.6672e-01 -7.8527e-01 -8.2268e-01 -7.5225e-01 -9.6281e-01
3946 0 +4.451773409e+00 -1.434482266e+02 -1.434482266e+02 -7.3560e-01 -6.7093e-01 -7.0994e-01 -8.5199e-01 -1.0276e+00 -7.7722e-01 -8.0158e-01 -8.2326e-01 -7.6943e-01 -9.9321e-01
4125 0 +4.364406786e+00 -1.435355932e+02 -1.435355932e+02 -7.3394e-01 -6.6457e-01 -7.1486e-01 -8.4549e-01 -1.0527e+00 -7.7133e-01 -7.9492e-01 -8.1568e-01 -7.6437e-01 -1.0164e+00
5166 0 +4.265030343e+00 -1.436349697e+02 -1.436349697e+02 -7.3460e-01 -6.5650e-01 -7.1553e-01 -8.3623e-01 -1.1732e+00 -7.6821e-01 -7.9307e-01 -8.0893e-01 -7.6472e-01 -1.0900e+00
5957 0 +4.165245135e+00 -1.437347549e+02 -1.437347549e+02 -7.2566e-01 -6.4644e-01 -7.0684e-01 -8.6446e-01 -1.2794e+00 -7.6827e-01 -8.1679e-01 -7.9875e-01 -7.5853e-01 -1.0946e+00
10016 0 +4.073692623e+00 -1.438263074e+02 -1.438263074e+02 -7.5181e-01 -6.2361e-01 -7.0947e-01 -8.6223e-01 -1.3553e+00 -7.7271e-01 -8.5462e-01 -8.0669e-01 -8.0900e-01 -1.1023e+00
76051 0 +4.041805873e+00 -1.438581941e+02 -1.438581941e+02 -7.3026e-01 -6.5270e-01 -7.0475e-01 -8.3857e-01 -1.3388e+00 -7.8356e-01 -8.7456e-01 -7.8837e-01 -8.4990e-01 -1.0873e+00
