% f evaluations | g evaluations | best noise-free fitness - Fopt (-6.211100000000e+02) + sum g_i+ | measured fitness | best measured fitness or single-digit g-values | x1 | x2...
1 0 +2.482053256e+09 +2.482052635e+09 +2.482052635e+09 +2.7396e+00 -6.1122e-01 +3.5860e+00 +1.9737e+00 -4.0582e+00
2 0 +2.482053248e+09 +2.482052627e+09 +2.482052627e+09 +2.7396e+00 -6.1122e-01 +3.5860e+00 +1.9737e+00 -4.0582e+00
7 0 +9.227941169e+07 +9.227879058e+07 +9.227879058e+07 +5.0000e+00 +5.0000e+00 -5.0000e+00 -5.0000e+00 +5.0000e+00
12 0 +9.227941169e+07 +9.227879058e+07 +9.227879058e+07 +5.0000e+00 +5.0000e+00 -5.0000e+00 -5.0000e+00 +5.0000e+00
% f evaluations | g evaluations | best noise-free fitness - Fopt (-2.548200000000e+02) + sum g_i+ | measured fitness | best measured fitness or single-digit g-values | x1 | x2...
1 0 +6.854610696e+07 +6.854585214e+07 +6.854585214e+07 +2.7396e+00 -6.1122e-01 +3.5860e+00 +1.9737e+00 -4.0582e+00
3 0 +6.854610671e+07 +6.854585189e+07 +6.854585189e+07 +2.7396e+00 -6.1122e-01 +3.5860e+00 +1.9737e+00 -4.0582e+00
13 0 +7.026427405e+06 +7.026172585e+06 +7.026172585e+06 +3.8959e-01 +1.0925e+00 +9.7901e-01 -1.4374e-01 -4.3442e+00
19 0 +4.932142538e+06 +4.931887718e+06 +4.931887718e+06 +5.9286e-01 +1.3104e+00 +9.2416e-01 -7.1821e-02 -4.5435e+00
25 0 +5.797713141e+05 +5.795164941e+05 +5.795164941e+05 +1.3235e+00 +2.2331e+00 +7.4533e-01 +6.7472e-01 -5.0000e+00
31 0 +1.856888373e+05 +1.854340173e+05 +1.854340173e+05 +1.6191e+00 +2.6455e+00 +6.6952e-01 +8.4957e-01 -5.0000e+00
37 0 +5.024532379e+04 +4.999050379e+04 +4.999050379e+04 +1.8416e+00 +2.8280e+00 +6.0078e-01 +6.9538e-01 -5.0000e+00
43 0 +2.099775545e+04 +2.074293545e+04 +2.074293545e+04 +2.1767e+00 +2.9215e+00 +4.2750e-01 +4.2644e-01 -5.0000e+00
49 0 +2.874579030e+03 +2.619759030e+03 +2.619759030e+03 +2.0321e+00 +2.9065e+00 +5.3272e-01 +4.7113e-01 -5.0000e+00
55 0 +1.582238201e+03 +1.327418201e+03 +1.327418201e+03 +2.0366e+00 +2.8794e+00 +5.1943e-01 +5.0044e-01 -5.0000e+00
61 0 +1.170753756e+03 +9.159337565e+02 +9.159337565e+02 +2.0427e+00 +2.8817e+00 +5.2281e-01 +4.9582e-01 -5.0000e+00
67 0 +9.809316982e+01 -1.567268302e+02 -1.567268302e+02 +2.0630e+00 +2.8801e+00 +5.4330e-01 +4.8949e-01 -5.0000e+00
73 0 +1.842563575e+01 -2.363943643e+02 -2.363943643e+02 +2.0640e+00 +2.8756e+00 +5.4826e-01 +4.9364e-01 -5.0000e+00
79 0 +1.240205510e+01 -2.424179449e+02 -2.424179449e+02 +2.0630e+00 +2.8737e+00 +5.4901e-01 +4.9589e-01 -5.0000e+00
102 0 +1.240049391e+01 -2.424195061e+02 -2.424195061e+02 +2.0630e+00 +2.8737e+00 +5.4902e-01 +4.9589e-01 -5.0000e+00
% f evaluations | g evaluations | best noise-free fitness - Fopt (5.661000000000e+01) + sum g_i+ | measured fitness | best measured fitness or single-digit g-values | x1 | x2...
1 0 +1.040101355e+08 +1.040101921e+08 +1.040101921e+08 +2.7396e+00 -6.1122e-01 +3.5860e+00 +1.9737e+00 -4.0582e+00
5 0 +1.040101354e+08 +1.040101921e+08 +1.040101921e+08 +2.7396e+00 -6.1122e-01 +3.5860e+00 +1.9737e+00 -4.0582e+00
7 0 +1.037354471e+08 +1.037355037e+08 +1.037355037e+08 -5.0000e+00 -5.0000e+00 -5.0000e+00 +5.0000e+00 +5.0000e+00
13 0 +3.492340501e+07 +3.492346162e+07 +3.492346162e+07 +1.5868e-01 -2.0747e+00 +7.2285e-01 +2.9829e+00 -1.0376e+00
19 0 +3.808027729e+06 +3.808084339e+06 +3.808084339e+06 -1.5142e+00 -3.9353e+00 -2.8770e+00 +1.6354e+00 +1.7492e-01
25 0 +4.111900086e+05 +4.112466186e+05 +4.112466186e+05 -1.6598e+00 -4.7489e+00 -3.6889e+00 +1.4731e+00 -1.1781e+00
31 0 +6.603257335e+04 +6.608918335e+04 +6.608918335e+04 -2.1831e+00 -5.0000e+00 -3.6365e+00 +1.4751e+00 -1.2546e+00
37 0 +7.705346148e+03 +7.761956148e+03 +7.761956148e+03 -2.2760e+00 -5.0000e+00 -3.7971e+00 +1.6226e+00 -1.1182e+00
43 0 +5.880968576e+02 +6.447068576e+02 +6.447068576e+02 -2.2222e+00 -5.0000e+00 -3.7500e+00 +1.6399e+00 -1.1404e+00
49 0 +4.546619977e+01 +1.020761998e+02 +1.020761998e+02 -2.2073e+00 -5.0000e+00 -3.7419e+00 +1.6457e+00 -1.1230e+00
55 0 +1.431287606e+01 +7.092287606e+01 +7.092287606e+01 -2.2038e+00 -5.0000e+00 -3.7411e+00 +1.6480e+00 -1.1170e+00
84 0 +1.418415078e+01 +7.079415078e+01 +7.079415078e+01 -2.2039e+00 -5.0000e+00 -3.7412e+00 +1.6477e+00 -1.1168e+00
% f evaluations | g evaluations | best noise-free fitness - Fopt (-1.810000000000e+01) + sum g_i+ | measured fitness | best measured fitness or single-digit g-values | x1 | x2...
1 0 +1.207833574e+08 +1.207833393e+08 +1.207833393e+08 +2.7396e+00 -6.1122e-01 +3.5860e+00 +1.9737e+00 -4.0582e+00
3 0 +1.207833571e+08 +1.207833390e+08 +1.207833390e+08 +2.7396e+00 -6.1122e-01 +3.5860e+00 +1.9737e+00 -4.0582e+00
7 0 +6.874587053e+07 +6.874585243e+07 +6.874585243e+07 -5.0000e+00 +5.0000e+00 +5.0000e+00 -5.0000e+00 +5.0000e+00
12 0 +6.874587053e+07 +6.874585243e+07 +6.874585243e+07 -5.0000e+00 +5.0000e+00 +5.0000e+00 -5.0000e+00 +5.0000e+00
% f evaluations | g evaluations | best noise-free fitness - Fopt (3.777000000000e+01) + sum g_i+ | measured fitness | best measured fitness or single-digit g-values | x1 | x2...
1 0 +1.172183833e+08 +1.172184210e+08 +1.172184210e+08 +2.7396e+00 -6.1122e-01 +3.5860e+00 +1.9737e+00 -4.0582e+00
4 0 +1.172183832e+08 +1.172184210e+08 +1.172184210e+08 +2.7396e+00 -6.1122e-01 +3.5860e+00 +1.9737e+00 -4.0582e+00
13 0 +2.970319464e+07 +2.970323241e+07 +2.970323241e+07 +6.2526e-01 -1.8101e+00 +3.9723e+00 +6.8603e-02 -1.5837e+00
19 0 +1.195430897e+07 +1.195434674e+07 +1.195434674e+07 +9.4422e-01 -1.0538e+00 +3.8326e+00 -5.6347e-01 -1.4744e+00
25 0 +8.397575456e+06 +8.397613226e+06 +8.397613226e+06 +9.2072e-01 -6.8752e-01 +3.7437e+00 -8.4913e-01 -1.2996e+00
31 0 +3.935257016e+06 +3.935294786e+06 +3.935294786e+06 +6.7408e-01 +7.3059e-02 +3.4866e+00 -1.2934e+00 -8.1459e-01
37 0 +2.770222104e+05 +2.770599804e+05 +2.770599804e+05 +7.7441e-01 +1.6468e+00 +2.5031e+00 -2.2908e+00 +4.1142e-01
43 0 +7.066879811e+04 +7.070656811e+04 +7.070656811e+04 +6.6706e-01 +1.4166e+00 +2.7272e+00 -2.1321e+00 +1.5595e-01
49 0 +6.022206687e+04 +6.025983687e+04 +6.025983687e+04 +6.7105e-01 +1.4228e+00 +2.7328e+00 -2.1231e+00 +1.3518e-01
55 0 +1.178828194e+03 +1.216598194e+03 +1.216598194e+03 +7.4288e-01 +1.5544e+00 +2.7430e+00 -2.0600e+00 -3.0652e-02
61 0 +6.039113690e+01 +9.816113690e+01 +9.816113690e+01 +7.5441e-01 +1.5779e+00 +2.7330e+00 -2.0633e+00 -2.8094e-02
67 0 +1.596514214e+01 +5.373514214e+01 +5.373514214e+01 +7.5640e-01 +1.5821e+00 +2.7302e+00 -2.0651e+00 -2.4656e-02
127 0 +1.579504989e+01 +5.356504989e+01 +5.356504989e+01 +7.4219e-01 +1.5859e+00 +2.7119e+00 -2.0454e+00 -1.2865e-02
139 0 +1.508975295e+01 +5.285975295e+01 +5.285975295e+01 +6.6474e-01 +1.6073e+00 +2.6114e+00 -1.9367e+00 +4.9418e-02
145 0 +1.413976618e+01 +5.190976618e+01 +5.190976618e+01 +5.5578e-01 +1.6376e+00 +2.4699e+00 -1.7837e+00 +1.3663e-01
151 0 +1.259892296e+01 +5.036892296e+01 +5.036892296e+01 +4.0639e-01 +1.6791e+00 +2.2758e+00 -1.5746e+00 +2.5553e-01
157 0 +9.588565105e+00 +4.735856511e+01 +4.735856511e+01 +2.1508e-01 +1.7322e+00 +2.0270e+00 -1.3076e+00 +4.0673e-01
163 0 +9.260248381e+00 +4.703024838e+01 +4.703024838e+01 -2.3258e-02 +1.7965e+00 +1.7179e+00 -9.7942e-01 +5.9183e-01
175 0 +5.400338835e+00 +4.317033884e+01 +4.317033884e+01 -2.2956e-01 +1.8535e+00 +1.4498e+00 -6.9234e-01 +7.5417e-01
187 0 +3.853076715e+00 +4.162307671e+01 +4.162307671e+01 -3.5890e-01 +1.8895e+00 +1.2814e+00 -5.1261e-01 +8.5561e-01
193 0 +3.232911728e+00 +4.100291173e+01 +4.100291173e+01 -2.9656e-01 +1.8740e+00 +1.3611e+00 -5.9835e-01 +8.0616e-01
199 0 +2.122765384e+00 +3.989276538e+01 +3.989276538e+01 -3.7315e-01 +1.8943e+00 +1.2621e+00 -4.9249e-01 +8.6608e-01
205 0 +1.934075551e+00 +3.970407555e+01 +3.970407555e+01 -4.0351e-01 +1.9025e+00 +1.2228e+00 -4.5068e-01 +8.8965e-01
211 0 +1.123803250e+00 +3.889380325e+01 +3.889380325e+01 -5.7208e-01 +1.9481e+00 +1.0040e+00 -2.1890e-01 +1.0203e+00
217 0 +6.962133162e-01 +3.846621332e+01 +3.846621332e+01 -6.9788e-01 +1.9821e+00 +8.4075e-01 -4.6184e-02 +1.1169e+00
223 0 +9.871465224e-02 +3.786871465e+01 +3.786871465e+01 -8.8806e-01 +2.0339e+00 +5.9374e-01 +2.1495e-01 +1.2642e+00
229 0 +2.504894852e-02 +3.779504895e+01 +3.779504895e+01 -9.1082e-01 +2.0403e+00 +5.6406e-01 +2.4648e-01 +1.2822e+00
241 0 +2.241014144e-02 +3.779241014e+01 +3.779241014e+01 -9.2474e-01 +2.0441e+00 +5.4597e-01 +2.6565e-01 +1.2930e+00
247 0 +1.521831071e-02 +3.778521831e+01 +3.778521831e+01 -9.2917e-01 +2.0454e+00 +5.4021e-01 +2.7185e-01 +1.2965e+00
253 0 +6.573111813e-03 +3.777657311e+01 +3.777657311e+01 -9.4853e-01 +2.0507e+00 +5.1506e-01 +2.9871e-01 +1.3117e+00
265 0 +5.216166556e-03 +3.777521617e+01 +3.777521617e+01 -9.5073e-01 +2.0513e+00 +5.1221e-01 +3.0176e-01 +1.3134e+00
271 0 +2.798175549e-03 +3.777279818e+01 +3.777279818e+01 -9.6043e-01 +2.0540e+00 +4.9962e-01 +3.1526e-01 +1.3210e+00
277 0 +2.062238310e-03 +3.777206224e+01 +3.777206224e+01 -9.6332e-01 +2.0548e+00 +4.9585e-01 +3.1937e-01 +1.3234e+00
283 0 +1.155249839e-03 +3.777115525e+01 +3.777115525e+01 -9.7100e-01 +2.0569e+00 +4.8587e-01 +3.3005e-01 +1.3294e+00
289 0 +7.976654396e-04 +3.777079767e+01 +3.777079767e+01 -9.6714e-01 +2.0558e+00 +4.9088e-01 +3.2467e-01 +1.3264e+00
295 0 +4.970692903e-04 +3.777049707e+01 +3.777049707e+01 -9.6967e-01 +2.0565e+00 +4.8760e-01 +3.2820e-01 +1.3284e+00
307 0 +3.305314446e-04 +3.777033053e+01 +3.777033053e+01 -9.7232e-01 +2.0573e+00 +4.8415e-01 +3.3191e-01 +1.3305e+00
313 0 +2.187858126e-04 +3.777021879e+01 +3.777021879e+01 -9.7398e-01 +2.0577e+00 +4.8199e-01 +3.3424e-01 +1.3318e+00
314 0 +2.187159092e-04 +3.777021872e+01 +3.777021872e+01 -9.7398e-01 +2.0577e+00 +4.8199e-01 +3.3424e-01 +1.3318e+00
325 0 +1.511928683e-04 +3.777015119e+01 +3.777015119e+01 -9.7512e-01 +2.0580e+00 +4.8050e-01 +3.3585e-01 +1.3327e+00
331 0 +5.423456098e-05 +3.777005423e+01 +3.777005423e+01 -9.7608e-01 +2.0583e+00 +4.7926e-01 +3.3720e-01 +1.3335e+00
343 0 +2.948352948e-05 +3.777002948e+01 +3.777002948e+01 -9.7704e-01 +2.0586e+00 +4.7801e-01 +3.3855e-01 +1.3343e+00
349 0 +1.573356466e-05 +3.777001573e+01 +3.777001573e+01 -9.7793e-01 +2.0588e+00 +4.7685e-01 +3.3981e-01 +1.3350e+00
361 0 +1.043180659e-05 +3.777001043e+01 +3.777001043e+01 -9.7820e-01 +2.0589e+00 +4.7650e-01 +3.4018e-01 +1.3352e+00
367 0 +3.636970241e-06 +3.777000364e+01 +3.777000364e+01 -9.7841e-01 +2.0590e+00 +4.7623e-01 +3.4048e-01 +1.3354e+00
373 0 +1.655586054e-06 +3.777000166e+01 +3.777000166e+01 -9.7890e-01 +2.0591e+00 +4.7559e-01 +3.4117e-01 +1.3358e+00
379 0 +1.069780843e-06 +3.777000107e+01 +3.777000107e+01 -9.7876e-01 +2.0591e+00 +4.7578e-01 +3.4097e-01 +1.3356e+00
385 0 +5.886092822e-07 +3.777000059e+01 +3.777000059e+01 -9.7887e-01 +2.0591e+00 +4.7563e-01 +3.4114e-01 +1.3357e+00
391 0 +2.098417156e-07 +3.777000021e+01 +3.777000021e+01 -9.7903e-01 +2.0592e+00 +4.7542e-01 +3.4137e-01 +1.3359e+00
392 0 +2.077717696e-07 +3.777000021e+01 +3.777000021e+01 -9.7903e-01 +2.0592e+00 +4.7542e-01 +3.4137e-01 +1.3359e+00
403 0 +1.524417783e-07 +3.777000015e+01 +3.777000015e+01 -9.7905e-01 +2.0592e+00 +4.7540e-01 +3.4139e-01 +1.3359e+00
404 0 +1.512035368e-07 +3.777000015e+01 +3.777000015e+01 -9.7905e-01 +2.0592e+00 +4.7540e-01 +3.4139e-01 +1.3359e+00
408 0 +1.500244053e-07 +3.777000015e+01 +3.777000015e+01 -9.7905e-01 +2.0592e+00 +4.7540e-01 +3.4139e-01 +1.3359e+00
% f evaluations | g evaluations | best noise-free fitness - Fopt (-6.211100000000e+02) + sum g_i+ | measured fitness | best measured fitness or single-digit g-values | x1 | x2...
1 0 +2.482053256e+09 +2.482052635e+09 +2.482052635e+09 +2.7396e+00 -6.1122e-01 +3.5860e+00 +1.9737e+00 -4.0582e+00
2 0 +2.482053248e+09 +2.482052627e+09 +2.482052627e+09 +2.7396e+00 -6.1122e-01 +3.5860e+00 +1.9737e+00 -4.0582e+00
7 0 +9.227941169e+07 +9.227879058e+07 +9.227879058e+07 +5.0000e+00 +5.0000e+00 -5.0000e+00 -5.0000e+00 +5.0000e+00
12 0 +9.227941169e+07 +9.227879058e+07 +9.227879058e+07 +5.0000e+00 +5.0000e+00 -5.0000e+00 -5.0000e+00 +5.0000e+00
% f evaluations | g evaluations | best noise-free fitness - Fopt (-2.548200000000e+02) + sum g_i+ | measured fitness | best measured fitness or single-digit g-values | x1 | x2...
1 0 +6.854610696e+07 +6.854585214e+07 +6.854585214e+07 +2.7396e+00 -6.1122e-01 +3.5860e+00 +1.9737e+00 -4.0582e+00
3 0 +6.854610671e+07 +6.854585189e+07 +6.854585189e+07 +2.7396e+00 -6.1122e-01 +3.5860e+00 +1.9737e+00 -4.0582e+00
13 0 +7.026427405e+06 +7.026172585e+06 +7.026172585e+06 +3.8959e-01 +1.0925e+00 +9.7901e-01 -1.4374e-01 -4.3442e+00
19 0 +4.932142538e+06 +4.931887718e+06 +4.931887718e+06 +5.9286e-01 +1.3104e+00 +9.2416e-01 -7.1821e-02 -4.5435e+00
25 0 +5.797713141e+05 +5.795164941e+05 +5.795164941e+05 +1.3235e+00 +2.2331e+00 +7.4533e-01 +6.7472e-01 -5.0000e+00
31 0 +1.856888373e+05 +1.854340173e+05 +1.854340173e+05 +1.6191e+00 +2.6455e+00 +6.6952e-01 +8.4957e-01 -5.0000e+00
37 0 +5.024532379e+04 +4.999050379e+04 +4.999050379e+04 +1.8416e+00 +2.8280e+00 +6.0078e-01 +6.9538e-01 -5.0000e+00
43 0 +2.099775545e+04 +2.074293545e+04 +2.074293545e+04 +2.1767e+00 +2.9215e+00 +4.2750e-01 +4.2644e-01 -5.0000e+00
49 0 +2.874579030e+03 +2.619759030e+03 +2.619759030e+03 +2.0321e+00 +2.9065e+00 +5.3272e-01 +4.7113e-01 -5.0000e+00
55 0 +1.582238201e+03 +1.327418201e+03 +1.327418201e+03 +2.0366e+00 +2.8794e+00 +5.1943e-01 +5.0044e-01 -5.0000e+00
61 0 +1.170753756e+03 +9.159337565e+02 +9.159337565e+02 +2.0427e+00 +2.8817e+00 +5.2281e-01 +4.9582e-01 -5.0000e+00
67 0 +9.809316982e+01 -1.567268302e+02 -1.567268302e+02 +2.0630e+00 +2.8801e+00 +5.4330e-01 +4.8949e-01 -5.0000e+00
73 0 +1.842563575e+01 -2.363943643e+02 -2.363943643e+02 +2.0640e+00 +2.8756e+00 +5.4826e-01 +4.9364e-01 -5.0000e+00
79 0 +1.240205510e+01 -2.424179449e+02 -2.424179449e+02 +2.0630e+00 +2.8737e+00 +5.4901e-01 +4.9589e-01 -5.0000e+00
102 0 +1.240049391e+01 -2.424195061e+02 -2.424195061e+02 +2.0630e+00 +2.8737e+00 +5.4902e-01 +4.9589e-01 -5.0000e+00
% f evaluations | g evaluations | best noise-free fitness - Fopt (5.661000000000e+01) + sum g_i+ | measured fitness | best measured fitness or single-digit g-values | x1 | x2...
1 0 +1.040101355e+08 +1.040101921e+08 +1.040101921e+08 +2.7396e+00 -6.1122e-01 +3.5860e+00 +1.9737e+00 -4.0582e+00
5 0 +1.040101354e+08 +1.040101921e+08 +1.040101921e+08 +2.7396e+00 -6.1122e-01 +3.5860e+00 +1.9737e+00 -4.0582e+00
7 0 +1.037354471e+08 +1.037355037e+08 +1.037355037e+08 -5.0000e+00 -5.0000e+00 -5.0000e+00 +5.0000e+00 +5.0000e+00
13 0 +3.492340501e+07 +3.492346162e+07 +3.492346162e+07 +1.5868e-01 -2.0747e+00 +7.2285e-01 +2.9829e+00 -1.0376e+00
19 0 +3.808027729e+06 +3.808084339e+06 +3.808084339e+06 -1.5142e+00 -3.9353e+00 -2.8770e+00 +1.6354e+00 +1.7492e-01
25 0 +4.111900086e+05 +4.112466186e+05 +4.112466186e+05 -1.6598e+00 -4.7489e+00 -3.6889e+00 +1.4731e+00 -1.1781e+00
31 0 +6.603257335e+04 +6.608918335e+04 +6.608918335e+04 -2.1831e+00 -5.0000e+00 -3.6365e+00 +1.4751e+00 -1.2546e+00
37 0 +7.705346148e+03 +7.761956148e+03 +7.761956148e+03 -2.2760e+00 -5.0000e+00 -3.7971e+00 +1.6226e+00 -1.1182e+00
43 0 +5.880968576e+02 +6.447068576e+02 +6.447068576e+02 -2.2222e+00 -5.0000e+00 -3.7500e+00 +1.6399e+00 -1.1404e+00
49 0 +4.546619977e+01 +1.020761998e+02 +1.020761998e+02 -2.2073e+00 -5.0000e+00 -3.7419e+00 +1.6457e+00 -1.1230e+00
55 0 +1.431287606e+01 +7.092287606e+01 +7.092287606e+01 -2.2038e+00 -5.0000e+00 -3.7411e+00 +1.6480e+00 -1.1170e+00
84 0 +1.418415078e+01 +7.079415078e+01 +7.079415078e+01 -2.2039e+00 -5.0000e+00 -3.7412e+00 +1.6477e+00 -1.1168e+00
% f evaluations | g evaluations | best noise-free fitness - Fopt (-1.810000000000e+01) + sum g_i+ | measured fitness | best measured fitness or single-digit g-values | x1 | x2...
1 0 +1.207833574e+08 +1.207833393e+08 +1.207833393e+08 +2.7396e+00 -6.1122e-01 +3.5860e+00 +1.9737e+00 -4.0582e+00
3 0 +1.207833571e+08 +1.207833390e+08 +1.207833390e+08 +2.7396e+00 -6.1122e-01 +3.5860e+00 +1.9737e+00 -4.0582e+00
7 0 +6.874587053e+07 +6.874585243e+07 +6.874585243e+07 -5.0000e+00 +5.0000e+00 +5.0000e+00 -5.0000e+00 +5.0000e+00
12 0 +6.874587053e+07 +6.874585243e+07 +6.874585243e+07 -5.0000e+00 +5.0000e+00 +5.0000e+00 -5.0000e+00 +5.0000e+00
% f evaluations | g evaluations | best noise-free fitness - Fopt (3.777000000000e+01) + sum g_i+ | measured fitness | best measured fitness or single-digit g-values | x1 | x2...
1 0 +1.172183833e+08 +1.172184210e+08 +1.172184210e+08 +2.7396e+00 -6.1122e-01 +3.5860e+00 +1.9737e+00 -4.0582e+00
4 0 +1.172183832e+08 +1.172184210e+08 +1.172184210e+08 +2.7396e+00 -6.1122e-01 +3.5860e+00 +1.9737e+00 -4.0582e+00
13 0 +2.970319464e+07 +2.970323241e+07 +2.970323241e+07 +6.2526e-01 -1.8101e+00 +3.9723e+00 +6.8603e-02 -1.5837e+00
19 0 +1.195430897e+07 +1.195434674e+07 +1.195434674e+07 +9.4422e-01 -1.0538e+00 +3.8326e+00 -5.6347e-01 -1.4744e+00
25 0 +8.397575456e+06 +8.397613226e+06 +8.397613226e+06 +9.2072e-01 -6.8752e-01 +3.7437e+00 -8.4913e-01 -1.2996e+00
31 0 +3.935257016e+06 +3.935294786e+06 +3.935294786e+06 +6.7408e-01 +7.3059e-02 +3.4866e+00 -1.2934e+00 -8.1459e-01
37 0 +2.770222104e+05 +2.770599804e+05 +2.770599804e+05 +7.7441e-01 +1.6468e+00 +2.5031e+00 -2.2908e+00 +4.1142e-01
43 0 +7.066879811e+04 +7.070656811e+04 +7.070656811e+04 +6.6706e-01 +1.4166e+00 +2.7272e+00 -2.1321e+00 +1.5595e-01
49 0 +6.022206687e+04 +6.025983687e+04 +6.025983687e+04 +6.7105e-01 +1.4228e+00 +2.7328e+00 -2.1231e+00 +1.3518e-01
55 0 +1.178828194e+03 +1.216598194e+03 +1.216598194e+03 +7.4288e-01 +1.5544e+00 +2.7430e+00 -2.0600e+00 -3.0652e-02
61 0 +6.039113690e+01 +9.816113690e+01 +9.816113690e+01 +7.5441e-01 +1.5779e+00 +2.7330e+00 -2.0633e+00 -2.8094e-02
67 0 +1.596514214e+01 +5.373514214e+01 +5.373514214e+01 +7.5640e-01 +1.5821e+00 +2.7302e+00 -2.0651e+00 -2.4656e-02
127 0 +1.579504989e+01 +5.356504989e+01 +5.356504989e+01 +7.4219e-01 +1.5859e+00 +2.7119e+00 -2.0454e+00 -1.2865e-02
139 0 +1.508975295e+01 +5.285975295e+01 +5.285975295e+01 +6.6474e-01 +1.6073e+00 +2.6114e+00 -1.9367e+00 +4.9418e-02
145 0 +1.413976618e+01 +5.190976618e+01 +5.190976618e+01 +5.5578e-01 +1.6376e+00 +2.4699e+00 -1.7837e+00 +1.3663e-01
151 0 +1.259892296e+01 +5.036892296e+01 +5.036892296e+01 +4.0639e-01 +1.6791e+00 +2.2758e+00 -1.5746e+00 +2.5553e-01
157 0 +9.588565105e+00 +4.735856511e+01 +4.735856511e+01 +2.1508e-01 +1.7322e+00 +2.0270e+00 -1.3076e+00 +4.0673e-01
163 0 +9.260248381e+00 +4.703024838e+01 +4.703024838e+01 -2.3258e-02 +1.7965e+00 +1.7179e+00 -9.7942e-01 +5.9183e-01
175 0 +5.400338835e+00 +4.317033884e+01 +4.317033884e+01 -2.2956e-01 +1.8535e+00 +1.4498e+00 -6.9234e-01 +7.5417e-01
187 0 +3.853076715e+00 +4.162307671e+01 +4.162307671e+01 -3.5890e-01 +1.8895e+00 +1.2814e+00 -5.1261e-01 +8.5561e-01
193 0 +3.232911728e+00 +4.100291173e+01 +4.100291173e+01 -2.9656e-01 +1.8740e+00 +1.3611e+00 -5.9835e-01 +8.0616e-01
199 0 +2.122765384e+00 +3.989276538e+01 +3.989276538e+01 -3.7315e-01 +1.8943e+00 +1.2621e+00 -4.9249e-01 +8.6608e-01
205 0 +1.934075551e+00 +3.970407555e+01 +3.970407555e+01 -4.0351e-01 +1.9025e+00 +1.2228e+00 -4.5068e-01 +8.8965e-01
211 0 +1.123803250e+00 +3.889380325e+01 +3.889380325e+01 -5.7208e-01 +1.9481e+00 +1.0040e+00 -2.1890e-01 +1.0203e+00
217 0 +6.962133162e-01 +3.846621332e+01 +3.846621332e+01 -6.9788e-01 +1.9821e+00 +8.4075e-01 -4.6184e-02 +1.1169e+00
223 0 +9.871465224e-02 +3.786871465e+01 +3.786871465e+01 -8.8806e-01 +2.0339e+00 +5.9374e-01 +2.1495e-01 +1.2642e+00
229 0 +2.504894852e-02 +3.779504895e+01 +3.779504895e+01 -9.1082e-01 +2.0403e+00 +5.6406e-01 +2.4648e-01 +1.2822e+00
241 0 +2.241014144e-02 +3.779241014e+01 +3.779241014e+01 -9.2474e-01 +2.0441e+00 +5.4597e-01 +2.6565e-01 +1.2930e+00
247 0 +1.521831071e-02 +3.778521831e+01 +3.778521831e+01 -9.2917e-01 +2.0454e+00 +5.4021e-01 +2.7185e-01 +1.2965e+00
253 0 +6.573111813e-03 +3.777657311e+01 +3.777657311e+01 -9.4853e-01 +2.0507e+00 +5.1506e-01 +2.9871e-01 +1.3117e+00
265 0 +5.216166556e-03 +3.777521617e+01 +3.777521617e+01 -9.5073e-01 +2.0513e+00 +5.1221e-01 +3.0176e-01 +1.3134e+00
271 0 +2.798175549e-03 +3.777279818e+01 +3.777279818e+01 -9.6043e-01 +2.0540e+00 +4.9962e-01 +3.1526e-01 +1.3210e+00
277 0 +2.062238310e-03 +3.777206224e+01 +3.777206224e+01 -9.6332e-01 +2.0548e+00 +4.9585e-01 +3.1937e-01 +1.3234e+00
283 0 +1.155249839e-03 +3.777115525e+01 +3.777115525e+01 -9.7100e-01 +2.0569e+00 +4.8587e-01 +3.3005e-01 +1.3294e+00
289 0 +7.976654396e-04 +3.777079767e+01 +3.777079767e+01 -9.6714e-01 +2.0558e+00 +4.9088e-01 +3.2467e-01 +1.3264e+00
295 0 +4.970692903e-04 +3.777049707e+01 +3.777049707e+01 -9.6967e-01 +2.0565e+00 +4.8760e-01 +3.2820e-01 +1.3284e+00
307 0 +3.305314446e-04 +3.777033053e+01 +3.777033053e+01 -9.7232e-01 +2.0573e+00 +4.8415e-01 +3.3191e-01 +1.3305e+00
313 0 +2.187858126e-04 +3.777021879e+01 +3.777021879e+01 -9.7398e-01 +2.0577e+00 +4.8199e-01 +3.3424e-01 +1.3318e+00
314 0 +2.187159092e-04 +3.777021872e+01 +3.777021872e+01 -9.7398e-01 +2.0577e+00 +4.8199e-01 +3.3424e-01 +1.3318e+00
325 0 +1.511928683e-04 +3.777015119e+01 +3.777015119e+01 -9.7512e-01 +2.0580e+00 +4.8050e-01 +3.3585e-01 +1.3327e+00
331 0 +5.423456098e-05 +3.777005423e+01 +3.777005423e+01 -9.7608e-01 +2.0583e+00 +4.7926e-01 +3.3720e-01 +1.3335e+00
343 0 +2.948352948e-05 +3.777002948e+01 +3.777002948e+01 -9.7704e-01 +2.0586e+00 +4.7801e-01 +3.3855e-01 +1.3343e+00
349 0 +1.573356466e-05 +3.777001573e+01 +3.777001573e+01 -9.7793e-01 +2.0588e+00 +4.7685e-01 +3.3981e-01 +1.3350e+00
361 0 +1.043180659e-05 +3.777001043e+01 +3.777001043e+01 -9.7820e-01 +2.0589e+00 +4.7650e-01 +3.4018e-01 +1.3352e+00
367 0 +3.636970241e-06 +3.777000364e+01 +3.777000364e+01 -9.7841e-01 +2.0590e+00 +4.7623e-01 +3.4048e-01 +1.3354e+00
373 0 +1.655586054e-06 +3.777000166e+01 +3.777000166e+01 -9.7890e-01 +2.0591e+00 +4.7559e-01 +3.4117e-01 +1.3358e+00
379 0 +1.069780843e-06 +3.777000107e+01 +3.777000107e+01 -9.7876e-01 +2.0591e+00 +4.7578e-01 +3.4097e-01 +1.3356e+00
385 0 +5.886092822e-07 +3.777000059e+01 +3.777000059e+01 -9.7887e-01 +2.0591e+00 +4.7563e-01 +3.4114e-01 +1.3357e+00
391 0 +2.098417156e-07 +3.777000021e+01 +3.777000021e+01 -9.7903e-01 +2.0592e+00 +4.7542e-01 +3.4137e-01 +1.3359e+00
392 0 +2.077717696e-07 +3.777000021e+01 +3.777000021e+01 -9.7903e-01 +2.0592e+00 +4.7542e-01 +3.4137e-01 +1.3359e+00
403 0 +1.524417783e-07 +3.777000015e+01 +3.777000015e+01 -9.7905e-01 +2.0592e+00 +4.7540e-01 +3.4139e-01 +1.3359e+00
404 0 +1.512035368e-07 +3.777000015e+01 +3.777000015e+01 -9.7905e-01 +2.0592e+00 +4.7540e-01 +3.4139e-01 +1.3359e+00
408 0 +1.500244053e-07 +3.777000015e+01 +3.777000015e+01 -9.7905e-01 +2.0592e+00 +4.7540e-01 +3.4139e-01 +1.3359e+00
% f evaluations | g evaluations | best noise-free fitness - Fopt (-6.211100000000e+02) + sum g_i+ | measured fitness | best measured fitness or single-digit g-values | x1 | x2...
1 0 +2.482053256e+09 +2.482052635e+09 +2.482052635e+09 +2.7396e+00 -6.1122e-01 +3.5860e+00 +1.9737e+00 -4.0582e+00
2 0 +2.482053248e+09 +2.482052627e+09 +2.482052627e+09 +2.7396e+00 -6.1122e-01 +3.5860e+00 +1.9737e+00 -4.0582e+00
7 0 +9.227941169e+07 +9.227879058e+07 +9.227879058e+07 +5.0000e+00 +5.0000e+00 -5.0000e+00 -5.0000e+00 +5.0000e+00
12 0 +9.227941169e+07 +9.227879058e+07 +9.227879058e+07 +5.0000e+00 +5.0000e+00 -5.0000e+00 -5.0000e+00 +5.0000e+00
% f evaluations | g evaluations | best noise-free fitness - Fopt (-2.548200000000e+02) + sum g_i+ | measured fitness | best measured fitness or single-digit g-values | x1 | x2...
1 0 +6.854610696e+07 +6.854585214e+07 +6.854585214e+07 +2.7396e+00 -6.1122e-01 +3.5860e+00 +1.9737e+00 -4.0582e+00
3 0 +6.854610671e+07 +6.854585189e+07 +6.854585189e+07 +2.7396e+00 -6.1122e-01 +3.5860e+00 +1.9737e+00 -4.0582e+00
13 0 +7.026427405e+06 +7.026172585e+06 +7.026172585e+06 +3.8959e-01 +1.0925e+00 +9.7901e-01 -1.4374e-01 -4.3442e+00
19 0 +4.932142538e+06 +4.931887718e+06 +4.931887718e+06 +5.9286e-01 +1.3104e+00 +9.2416e-01 -7.1821e-02 -4.5435e+00
25 0 +5.797713141e+05 +5.795164941e+05 +5.795164941e+05 +1.3235e+00 +2.2331e+00 +7.4533e-01 +6.7472e-01 -5.0000e+00
31 0 +1.856888373e+05 +1.854340173e+05 +1.854340173e+05 +1.6191e+00 +2.6455e+00 +6.6952e-01 +8.4957e-01 -5.0000e+00
37 0 +5.024532379e+04 +4.999050379e+04 +4.999050379e+04 +1.8416e+00 +2.8280e+00 +6.0078e-01 +6.9538e-01 -5.0000e+00
43 0 +2.099775545e+04 +2.074293545e+04 +2.074293545e+04 +2.1767e+00 +2.9215e+00 +4.2750e-01 +4.2644e-01 -5.0000e+00
49 0 +2.874579030e+03 +2.619759030e+03 +2.619759030e+03 +2.0321e+00 +2.9065e+00 +5.3272e-01 +4.7113e-01 -5.0000e+00
55 0 +1.582238201e+03 +1.327418201e+03 +1.327418201e+03 +2.0366e+00 +2.8794e+00 +5.1943e-01 +5.0044e-01 -5.0000e+00
61 0 +1.170753756e+03 +9.159337565e+02 +9.159337565e+02 +2.0427e+00 +2.8817e+00 +5.2281e-01 +4.9582e-01 -5.0000e+00
67 0 +9.809316982e+01 -1.567268302e+02 -1.567268302e+02 +2.0630e+00 +2.8801e+00 +5.4330e-01 +4.8949e-01 -5.0000e+00
73 0 +1.842563575e+01 -2.363943643e+02 -2.363943643e+02 +2.0640e+00 +2.8756e+00 +5.4826e-01 +4.9364e-01 -5.0000e+00
79 0 +1.240205510e+01 -2.424179449e+02 -2.424179449e+02 +2.0630e+00 +2.8737e+00 +5.4901e-01 +4.9589e-01 -5.0000e+00
102 0 +1.240049391e+01 -2.424195061e+02 -2.424195061e+02 +2.0630e+00 +2.8737e+00 +5.4902e-01 +4.9589e-01 -5.0000e+00
% f evaluations | g evaluations | best noise-free fitness - Fopt (5.661000000000e+01) + sum g_i+ | measured fitness | best measured fitness or single-digit g-values | x1 | x2...
1 0 +1.040101355e+08 +1.040101921e+08 +1.040101921e+08 +2.7396e+00 -6.1122e-01 +3.5860e+00 +1.9737e+00 -4.0582e+00
5 0 +1.040101354e+08 +1.040101921e+08 +1.040101921e+08 +2.7396e+00 -6.1122e-01 +3.5860e+00 +1.9737e+00 -4.0582e+00
7 0 +1.037354471e+08 +1.037355037e+08 +1.037355037e+08 -5.0000e+00 -5.0000e+00 -5.0000e+00 +5.0000e+00 +5.0000e+00
13 0 +3.492340501e+07 +3.492346162e+07 +3.492346162e+07 +1.5868e-01 -2.0747e+00 +7.2285e-01 +2.9829e+00 -1.0376e+00
19 0 +3.808027729e+06 +3.808084339e+06 +3.808084339e+06 -1.5142e+00 -3.9353e+00 -2.8770e+00 +1.6354e+00 +1.7492e-01
25 0 +4.111900086e+05 +4.112466186e+05 +4.112466186e+05 -1.6598e+00 -4.7489e+00 -3.6889e+00 +1.4731e+00 -1.1781e+00
31 0 +6.603257335e+04 +6.608918335e+04 +6.608918335e+04 -2.1831e+00 -5.0000e+00 -3.6365e+00 +1.4751e+00 -1.2546e+00
37 0 +7.705346148e+03 +7.761956148e+03 +7.761956148e+03 -2.2760e+00 -5.0000e+00 -3.7971e+00 +1.6226e+00 -1.1182e+00
43 0 +5.880968576e+02 +6.447068576e+02 +6.447068576e+02 -2.2222e+00 -5.0000e+00 -3.7500e+00 +1.6399e+00 -1.1404e+00
49 0 +4.546619977e+01 +1.020761998e+02 +1.020761998e+02 -2.2073e+00 -5.0000e+00 -3.7419e+00 +1.6457e+00 -1.1230e+00
55 0 +1.431287606e+01 +7.092287606e+01 +7.092287606e+01 -2.2038e+00 -5.0000e+00 -3.7411e+00 +1.6480e+00 -1.1170e+00
84 0 +1.418415078e+01 +7.079415078e+01 +7.079415078e+01 -2.2039e+00 -5.0000e+00 -3.7412e+00 +1.6477e+00 -1.1168e+00
% f evaluations | g evaluations | best noise-free fitness - Fopt (-1.810000000000e+01) + sum g_i+ | measured fitness | best measured fitness or single-digit g-values | x1 | x2...
1 0 +1.207833574e+08 +1.207833393e+08 +1.207833393e+08 +2.7396e+00 -6.1122e-01 +3.5860e+00 +1.9737e+00 -4.0582e+00
3 0 +1.207833571e+08 +1.207833390e+08 +1.207833390e+08 +2.7396e+00 -6.1122e-01 +3.5860e+00 +1.9737e+00 -4.0582e+00
7 0 +6.874587053e+07 +6.874585243e+07 +6.874585243e+07 -5.0000e+00 +5.0000e+00 +5.0000e+00 -5.0000e+00 +5.0000e+00
12 0 +6.874587053e+07 +6.874585243e+07 +6.874585243e+07 -5.0000e+00 +5.0000e+00 +5.0000e+00 -5.0000e+00 +5.0000e+00
% f evaluations | g evaluations | best noise-free fitness - Fopt (3.777000000000e+01) + sum g_i+ | measured fitness | best measured fitness or single-digit g-values | x1 | x2...
1 0 +1.172183833e+08 +1.172184210e+08 +1.172184210e+08 +2.7396e+00 -6.1122e-01 +3.5860e+00 +1.9737e+00 -4.0582e+00
4 0 +1.172183832e+08 +1.172184210e+08 +1.172184210e+08 +2.7396e+00 -6.1122e-01 +3.5860e+00 +1.9737e+00 -4.0582e+00
13 0 +2.970319464e+07 +2.970323241e+07 +2.970323241e+07 +6.2526e-01 -1.8101e+00 +3.9723e+00 +6.8603e-02 -1.5837e+00
19 0 +1.195430897e+07 +1.195434674e+07 +1.195434674e+07 +9.4422e-01 -1.0538e+00 +3.8326e+00 -5.6347e-01 -1.4744e+00
25 0 +8.397575456e+06 +8.397613226e+06 +8.397613226e+06 +9.2072e-01 -6.8752e-01 +3.7437e+00 -8.4913e-01 -1.2996e+00
31 0 +3.935257016e+06 +3.935294786e+06 +3.935294786e+06 +6.7408e-01 +7.3059e-02 +3.4866e+00 -1.2934e+00 -8.1459e-01
37 0 +2.770222104e+05 +2.770599804e+05 +2.770599804e+05 +7.7441e-01 +1.6468e+00 +2.5031e+00 -2.2908e+00 +4.1142e-01
43 0 +7.066879811e+04 +7.070656811e+04 +7.070656811e+04 +6.6706e-01 +1.4166e+00 +2.7272e+00 -2.1321e+00 +1.5595e-01
49 0 +6.022206687e+04 +6.025983687e+04 +6.025983687e+04 +6.7105e-01 +1.4228e+00 +2.7328e+00 -2.1231e+00 +1.3518e-01
55 0 +1.178828194e+03 +1.216598194e+03 +1.216598194e+03 +7.4288e-01 +1.5544e+00 +2.7430e+00 -2.0600e+00 -3.0652e-02
61 0 +6.039113690e+01 +9.816113690e+01 +9.816113690e+01 +7.5441e-01 +1.5779e+00 +2.7330e+00 -2.0633e+00 -2.8094e-02
67 0 +1.596514214e+01 +5.373514214e+01 +5.373514214e+01 +7.5640e-01 +1.5821e+00 +2.7302e+00 -2.0651e+00 -2.4656e-02
127 0 +1.579504989e+01 +5.356504989e+01 +5.356504989e+01 +7.4219e-01 +1.5859e+00 +2.7119e+00 -2.0454e+00 -1.2865e-02
139 0 +1.508975295e+01 +5.285975295e+01 +5.285975295e+01 +6.6474e-01 +1.6073e+00 +2.6114e+00 -1.9367e+00 +4.9418e-02
145 0 +1.413976618e+01 +5.190976618e+01 +5.190976618e+01 +5.5578e-01 +1.6376e+00 +2.4699e+00 -1.7837e+00 +1.3663e-01
151 0 +1.259892296e+01 +5.036892296e+01 +5.036892296e+01 +4.0639e-01 +1.6791e+00 +2.2758e+00 -1.5746e+00 +2.5553e-01
157 0 +9.588565105e+00 +4.735856511e+01 +4.735856511e+01 +2.1508e-01 +1.7322e+00 +2.0270e+00 -1.3076e+00 +4.0673e-01
163 0 +9.260248381e+00 +4.703024838e+01 +4.703024838e+01 -2.3258e-02 +1.7965e+00 +1.7179e+00 -9.7942e-01 +5.9183e-01
175 0 +5.400338835e+00 +4.317033884e+01 +4.317033884e+01 -2.2956e-01 +1.8535e+00 +1.4498e+00 -6.9234e-01 +7.5417e-01
187 0 +3.853076715e+00 +4.162307671e+01 +4.162307671e+01 -3.5890e-01 +1.8895e+00 +1.2814e+00 -5.1261e-01 +8.5561e-01
193 0 +3.232911728e+00 +4.100291173e+01 +4.100291173e+01 -2.9656e-01 +1.8740e+00 +1.3611e+00 -5.9835e-01 +8.0616e-01
199 0 +2.122765384e+00 +3.989276538e+01 +3.989276538e+01 -3.7315e-01 +1.8943e+00 +1.2621e+00 -4.9249e-01 +8.6608e-01
205 0 +1.934075551e+00 +3.970407555e+01 +3.970407555e+01 -4.0351e-01 +1.9025e+00 +1.2228e+00 -4.5068e-01 +8.8965e-01
211 0 +1.123803250e+00 +3.889380325e+01 +3.889380325e+01 -5.7208e-01 +1.9481e+00 +1.0040e+00 -2.1890e-01 +1.0203e+00
217 0 +6.962133162e-01 +3.846621332e+01 +3.846621332e+01 -6.9788e-01 +1.9821e+00 +8.4075e-01 -4.6184e-02 +1.1169e+00
223 0 +9.871465224e-02 +3.786871465e+01 +3.786871465e+01 -8.8806e-01 +2.0339e+00 +5.9374e-01 +2.1495e-01 +1.2642e+00
229 0 +2.504894852e-02 +3.779504895e+01 +3.779504895e+01 -9.1082e-01 +2.0403e+00 +5.6406e-01 +2.4648e-01 +1.2822e+00
241 0 +2.241014144e-02 +3.779241014e+01 +3.779241014e+01 -9.2474e-01 +2.0441e+00 +5.4597e-01 +2.6565e-01 +1.2930e+00
247 0 +1.521831071e-02 +3.778521831e+01 +3.778521831e+01 -9.2917e-01 +2.0454e+00 +5.4021e-01 +2.7185e-01 +1.2965e+00
253 0 +6.573111813e-03 +3.777657311e+01 +3.777657311e+01 -9.4853e-01 +2.0507e+00 +5.1506e-01 +2.9871e-01 +1.3117e+00
265 0 +5.216166556e-03 +3.777521617e+01 +3.777521617e+01 -9.5073e-01 +2.0513e+00 +5.1221e-01 +3.0176e-01 +1.3134e+00
271 0 +2.798175549e-03 +3.777279818e+01 +3.777279818e+01 -9.6043e-01 +2.0540e+00 +4.9962e-01 +3.1526e-01 +1.3210e+00
277 0 +2.062238310e-03 +3.777206224e+01 +3.777206224e+01 -9.6332e-01 +2.0548e+00 +4.9585e-01 +3.1937e-01 +1.3234e+00
283 0 +1.155249839e-03 +3.777115525e+01 +3.777115525e+01 -9.7100e-01 +2.0569e+00 +4.8587e-01 +3.3005e-01 +1.3294e+00
289 0 +7.976654396e-04 +3.777079767e+01 +3.777079767e+01 -9.6714e-01 +2.0558e+00 +4.9088e-01 +3.2467e-01 +1.3264e+00
295 0 +4.970692903e-04 +3.777049707e+01 +3.777049707e+01 -9.6967e-01 +2.0565e+00 +4.8760e-01 +3.2820e-01 +1.3284e+00
307 0 +3.305314446e-04 +3.777033053e+01 +3.777033053e+01 -9.7232e-01 +2.0573e+00 +4.8415e-01 +3.3191e-01 +1.3305e+00
313 0 +2.187858126e-04 +3.777021879e+01 +3.777021879e+01 -9.7398e-01 +2.0577e+00 +4.8199e-01 +3.3424e-01 +1.3318e+00
314 0 +2.187159092e-04 +3.777021872e+01 +3.777021872e+01 -9.7398e-01 +2.0577e+00 +4.8199e-01 +3.3424e-01 +1.3318e+00
325 0 +1.511928683e-04 +3.777015119e+01 +3.777015119e+01 -9.7512e-01 +2.0580e+00 +4.8050e-01 +3.3585e-01 +1.3327e+00
331 0 +5.423456098e-05 +3.777005423e+01 +3.777005423e+01 -9.7608e-01 +2.0583e+00 +4.7926e-01 +3.3720e-01 +1.3335e+00
343 0 +2.948352948e-05 +3.777002948e+01 +3.777002948e+01 -9.7704e-01 +2.0586e+00 +4.7801e-01 +3.3855e-01 +1.3343e+00
349 0 +1.573356466e-05 +3.777001573e+01 +3.777001573e+01 -9.7793e-01 +2.0588e+00 +4.7685e-01 +3.3981e-01 +1.3350e+00
361 0 +1.043180659e-05 +3.777001043e+01 +3.777001043e+01 -9.7820e-01 +2.0589e+00 +4.7650e-01 +3.4018e-01 +1.3352e+00
367 0 +3.636970241e-06 +3.777000364e+01 +3.777000364e+01 -9.7841e-01 +2.0590e+00 +4.7623e-01 +3.4048e-01 +1.3354e+00
373 0 +1.655586054e-06 +3.777000166e+01 +3.777000166e+01 -9.7890e-01 +2.0591e+00 +4.7559e-01 +3.4117e-01 +1.3358e+00
379 0 +1.069780843e-06 +3.777000107e+01 +3.777000107e+01 -9.7876e-01 +2.0591e+00 +4.7578e-01 +3.4097e-01 +1.3356e+00
385 0 +5.886092822e-07 +3.777000059e+01 +3.777000059e+01 -9.7887e-01 +2.0591e+00 +4.7563e-01 +3.4114e-01 +1.3357e+00
391 0 +2.098417156e-07 +3.777000021e+01 +3.777000021e+01 -9.7903e-01 +2.0592e+00 +4.7542e-01 +3.4137e-01 +1.3359e+00
392 0 +2.077717696e-07 +3.777000021e+01 +3.777000021e+01 -9.7903e-01 +2.0592e+00 +4.7542e-01 +3.4137e-01 +1.3359e+00
403 0 +1.524417783e-07 +3.777000015e+01 +3.777000015e+01 -9.7905e-01 +2.0592e+00 +4.7540e-01 +3.4139e-01 +1.3359e+00
404 0 +1.512035368e-07 +3.777000015e+01 +3.777000015e+01 -9.7905e-01 +2.0592e+00 +4.7540e-01 +3.4139e-01 +1.3359e+00
408 0 +1.500244053e-07 +3.777000015e+01 +3.777000015e+01 -9.7905e-01 +2.0592e+00 +4.7540e-01 +3.4139e-01 +1.3359e+00
