% f evaluations | g evaluations | best noise-free fitness - Fopt (-1.694000000000e+01) + sum g_i+ | measured fitness | best measured fitness or single-digit g-values | x1 | x2...
1 0 +1.270057235e+03 +1.253117235e+03 +1.253117235e+03 +1.9693e+00 -4.2909e+00 -1.4002e+00 -8.3437e-01 +2.6178e+00 -2.0035e+00 -4.2131e+00 -2.9218e+00 +2.6567e+00 +3.6471e+00
2 0 +4.133954427e+02 +3.964554427e+02 +3.964554427e+02 +2.5259e+00 -3.2988e-01 -4.6040e+00 +2.2305e-01 -5.0597e-01 +2.5384e+00 -4.3652e+00 +4.5803e+00 -1.1248e+00 -1.7406e+00
3 0 +1.284166983e+02 +1.114766983e+02 +1.114766983e+02 +2.4626e-01 +1.6463e+00 -5.5962e-01 +3.7028e+00 -2.8776e+00 -1.3761e+00 +4.4026e+00 +1.2610e+00 -4.1091e+00 -4.0685e+00
24 0 +1.060896577e+02 +8.914965774e+01 +8.914965774e+01 +5.4831e-01 +4.6698e-01 -1.9717e+00 +3.3230e+00 -2.3773e+00 -4.9896e+00 +3.6112e+00 -7.8893e-02 +2.1479e+00 +4.7106e+00
27 0 +7.414251362e+01 +5.720251362e+01 +5.720251362e+01 +3.4179e+00 +4.0807e+00 +8.3233e-02 +4.7047e+00 -1.6170e-01 +9.4700e-01 -9.8624e-01 -2.9785e+00 +1.3444e+00 +3.3721e+00
57 0 +6.569436963e+01 +4.875436963e+01 +4.875436963e+01 +5.2019e-01 -2.2033e+00 -1.8638e+00 +8.2725e-01 -1.0941e-01 -1.7098e+00 +3.5392e+00 +8.8255e-01 -6.2361e-01 -3.5434e+00
90 0 +5.286801990e+01 +3.592801990e+01 +3.592801990e+01 -2.9783e-01 +1.3777e+00 +6.8066e-01 +5.4509e-01 +2.1992e+00 -1.0351e+00 -3.8076e-01 +4.8980e-01 -1.2064e+00 -3.4913e+00
156 0 +4.256120341e+01 +2.562120341e+01 +2.562120341e+01 +4.6998e+00 +1.2898e+00 -1.0689e+00 +2.4414e+00 +2.7863e-02 -1.5209e+00 +4.0240e+00 -3.6125e-01 -3.1100e+00 -4.4021e-02
186 0 +4.128052879e+01 +2.434052879e+01 +2.434052879e+01 +3.7387e+00 +2.5462e+00 -1.2576e+00 -1.8211e+00 -6.0558e-01 +1.6586e+00 +1.7710e+00 -4.6987e+00 +1.0003e+00 -1.0083e+00
216 0 +3.286413269e+01 +1.592413269e+01 +1.592413269e+01 +3.6408e+00 +2.2060e+00 -3.5775e-01 -9.9016e-01 +3.8480e+00 -1.7192e+00 +4.8539e+00 +1.9150e+00 -4.0704e-01 -4.4938e+00
396 0 +2.016651585e+01 +3.226515852e+00 +3.226515852e+00 +2.5912e+00 +2.0625e+00 -2.0808e+00 -5.4097e-01 +2.0159e+00 -1.9795e+00 +1.0907e+00 -9.7572e-01 +4.6439e-01 -3.1585e+00
1071 0 +1.784386569e+01 +9.038656876e-01 +9.038656876e-01 +4.8167e+00 +2.9986e+00 -4.7804e+00 +9.0575e-01 +2.7059e+00 -3.8271e-01 +2.2913e+00 -2.9140e+00 -1.3802e+00 -4.1234e-01
1399 0 +1.678331128e+01 -1.566887200e-01 -1.566887200e-01 +2.9658e+00 +1.1886e+00 -2.7637e+00 +5.3570e-01 +1.3585e+00 -4.5117e+00 +1.5707e+00 -2.7788e+00 -7.3525e-01 -2.3552e+00
1419 0 +1.261212759e+01 -4.327872410e+00 -4.327872410e+00 +3.1646e+00 +2.2841e+00 -2.4659e+00 +1.8634e+00 +3.4763e+00 -5.2495e-01 +3.3718e+00 -2.7426e+00 -1.7613e+00 -4.2087e+00
1912 0 +1.256377954e+01 -4.376220460e+00 -4.376220460e+00 +3.0947e+00 +2.9385e+00 -1.8091e+00 +1.4700e+00 -1.5928e-01 -2.5436e+00 +3.9317e+00 -1.5213e+00 -9.2541e-01 -3.7768e+00
2496 0 +1.227193243e+01 -4.668067572e+00 -4.668067572e+00 +3.1236e+00 +3.0008e+00 -2.6327e+00 +2.8557e+00 +1.7453e+00 -1.5252e+00 +3.4664e+00 -9.0850e-01 -7.0056e-01 -3.4317e+00
2551 0 +9.848163903e+00 -7.091836097e+00 -7.091836097e+00 +2.6503e+00 +2.5548e+00 -2.3293e+00 +1.3713e+00 +1.7453e+00 -7.3795e-01 +1.7787e+00 -2.7803e+00 -7.0056e-01 -3.4317e+00
2766 0 +7.888964618e+00 -9.051035382e+00 -9.051035382e+00 +3.6838e+00 +2.8946e+00 -9.2168e-01 +1.0482e+00 -3.1039e-02 -1.9233e+00 +2.5074e+00 -2.0361e+00 -6.5735e-01 -2.5312e+00
2935 0 +7.095590152e+00 -9.844409848e+00 -9.844409848e+00 +3.4590e+00 +3.4968e+00 -3.3958e+00 +1.8376e+00 +1.5923e+00 -1.8137e+00 +2.6449e+00 -2.7040e+00 -1.1560e+00 -2.4140e+00
3197 0 +6.622229123e+00 -1.031777088e+01 -1.031777088e+01 +3.4067e+00 +2.8450e+00 -1.6620e+00 +2.3441e+00 +1.8120e+00 -1.5298e+00 +4.0801e+00 -2.0943e+00 -8.5785e-01 -1.5363e+00
3603 0 +4.840758207e+00 -1.209924179e+01 -1.209924179e+01 +3.4062e+00 +2.6069e+00 -1.0666e+00 +1.8297e+00 +1.6596e+00 -1.8292e+00 +3.7328e+00 -1.7499e+00 -8.3398e-01 -2.1114e+00
3804 0 +4.768620345e+00 -1.217137965e+01 -1.217137965e+01 +3.3678e+00 +2.4932e+00 -1.4719e+00 +1.9879e+00 +1.6527e+00 -1.8996e+00 +2.6517e+00 -2.3604e+00 -2.7943e-01 -2.0230e+00
3811 0 +4.217245702e+00 -1.272275430e+01 -1.272275430e+01 +3.7797e+00 +2.2747e+00 -1.6814e-03 +1.7114e+00 +7.2586e-01 -1.8750e+00 +3.1271e+00 -2.7173e+00 -9.8772e-02 -2.1872e+00
3974 0 +3.959255763e+00 -1.298074424e+01 -1.298074424e+01 +3.6673e+00 +2.4489e+00 +6.2546e-02 +1.1977e+00 +1.0363e+00 -2.2722e+00 +3.4063e+00 -3.0275e+00 +3.9789e-04 -2.0466e+00
5284 0 +3.407346943e+00 -1.353265306e+01 -1.353265306e+01 +3.6239e+00 +2.6277e+00 -6.2758e-01 +1.7471e+00 +1.5698e+00 -1.5204e+00 +3.5008e+00 -2.7942e+00 -6.7789e-01 -1.8469e+00
5992 0 +3.329516065e+00 -1.361048393e+01 -1.361048393e+01 +3.7584e+00 +2.5737e+00 -2.8364e+00 +1.2414e+00 +1.4897e+00 -1.5446e+00 +3.2620e+00 -2.0326e+00 -1.0427e+00 -2.3529e+00
6087 0 +1.888750831e+00 -1.505124917e+01 -1.505124917e+01 +3.6348e+00 +2.3404e+00 -2.2919e+00 +1.1895e+00 +1.6932e+00 -2.1369e+00 +2.9638e+00 -3.2679e+00 -7.0132e-01 -1.6396e+00
10048 0 +1.356356544e+00 -1.558364346e+01 -1.558364346e+01 +3.5966e+00 +2.3792e+00 -2.2242e+00 +1.0275e+00 +1.8285e+00 -2.1303e+00 +3.3009e+00 -3.1055e+00 -4.3912e-01 -1.7896e+00
10957 0 +1.348421544e+00 -1.559157846e+01 -1.559157846e+01 +3.5559e+00 +2.4455e+00 -2.4745e+00 +1.2562e+00 +1.8756e+00 -2.1106e+00 +3.3970e+00 -2.7757e+00 -3.8432e-01 -1.8879e+00
11654 0 +1.174238956e+00 -1.576576104e+01 -1.576576104e+01 +3.7619e+00 +2.4705e+00 -2.9054e+00 +1.0241e+00 +1.6405e+00 -1.9023e+00 +3.4641e+00 -2.6272e+00 -7.5495e-01 -1.8601e+00
12107 0 +9.304574470e-01 -1.600954255e+01 -1.600954255e+01 +3.8356e+00 +2.4624e+00 -3.2167e+00 +7.2561e-01 +1.7938e+00 -1.9371e+00 +3.2555e+00 -2.8019e+00 -8.5508e-01 -1.7629e+00
13229 0 +6.419780533e-01 -1.629802195e+01 -1.629802195e+01 +3.8379e+00 +2.4332e+00 -2.9123e+00 +7.7431e-01 +1.7437e+00 -2.0279e+00 +3.2813e+00 -2.8578e+00 -7.9605e-01 -1.8086e+00
17283 0 +5.744170238e-01 -1.636558298e+01 -1.636558298e+01 +3.9138e+00 +2.4182e+00 -3.0908e+00 +7.6205e-01 +1.6624e+00 -2.0487e+00 +3.2361e+00 -2.7969e+00 -7.9667e-01 -1.7239e+00
17840 0 +5.427043273e-01 -1.639729567e+01 -1.639729567e+01 +3.8738e+00 +2.4568e+00 -2.9701e+00 +8.6399e-01 +1.6778e+00 -2.0296e+00 +3.2975e+00 -2.7857e+00 -8.0139e-01 -1.7674e+00
19458 0 +5.334974088e-01 -1.640650259e+01 -1.640650259e+01 +3.8256e+00 +2.4089e+00 -3.1203e+00 +8.4658e-01 +1.8591e+00 -2.0151e+00 +3.3180e+00 -2.8660e+00 -7.7240e-01 -1.7288e+00
20101 0 +4.926686823e-01 -1.644733132e+01 -1.644733132e+01 +3.8674e+00 +2.4089e+00 -3.1158e+00 +8.1421e-01 +1.7622e+00 -2.0151e+00 +3.2902e+00 -2.8486e+00 -7.8793e-01 -1.7129e+00
20266 0 +4.486591464e-01 -1.649134085e+01 -1.649134085e+01 +3.8264e+00 +2.4217e+00 -3.0819e+00 +8.4874e-01 +1.8196e+00 -1.9934e+00 +3.2753e+00 -2.9041e+00 -8.0356e-01 -1.7688e+00
20568 0 +3.754798184e-01 -1.656452018e+01 -1.656452018e+01 +3.8424e+00 +2.4215e+00 -3.1349e+00 +8.4197e-01 +1.8158e+00 -2.0203e+00 +3.2947e+00 -2.8908e+00 -7.4924e-01 -1.7399e+00
21300 0 +3.754798184e-01 -1.656452018e+01 -1.656452018e+01 +3.8424e+00 +2.4215e+00 -3.1349e+00 +8.4197e-01 +1.8158e+00 -2.0203e+00 +3.2947e+00 -2.8908e+00 -7.4924e-01 -1.7399e+00
% f evaluations | g evaluations | best noise-free fitness - Fopt (1.881000000000e+01) + sum g_i+ | measured fitness | best measured fitness or single-digit g-values | x1 | x2...
1 0 +6.245251526e+01 +8.126251526e+01 +8.126251526e+01 +1.9693e+00 -4.2909e+00 -1.4002e+00 -8.3437e-01 +2.6178e+00 -2.0035e+00 -4.2131e+00 -2.9218e+00 +2.6567e+00 +3.6471e+00
5 0 +5.128561943e+01 +7.009561943e+01 +7.009561943e+01 +4.1981e+00 -4.6575e-02 -4.5527e-01 +2.9747e+00 -2.1962e+00 -2.9349e+00 +3.2881e-01 +1.7712e+00 -1.1672e+00 +9.3903e-01
36 0 +4.965867120e+01 +6.846867120e+01 +6.846867120e+01 +3.7387e+00 +9.1146e-01 -1.2576e+00 -9.8462e-02 -2.1277e+00 -1.5021e+00 +4.1144e+00 -4.6987e+00 -3.8971e-01 +3.7374e+00
37 0 +3.465477595e+01 +5.346477595e+01 +5.346477595e+01 +4.2109e+00 -9.8143e-01 +3.7175e-01 -1.0436e+00 +2.7079e+00 -8.7194e-01 -1.6944e+00 +2.8712e+00 +3.1311e-01 +3.9360e+00
80 0 +2.927475925e+01 +4.808475925e+01 +4.808475925e+01 -1.4125e+00 +6.2655e-02 +4.0831e-01 -1.8944e+00 +1.8649e-01 -3.7101e+00 +1.0863e+00 +1.3365e+00 +5.1583e-01 +2.6686e+00
320 0 +2.105817695e+01 +3.986817695e+01 +3.986817695e+01 -1.6135e+00 +8.7116e-01 -1.9056e+00 +9.2647e-01 +3.0723e+00 -3.5041e+00 -1.7195e+00 -3.4498e-01 -5.4901e-01 +2.8823e+00
584 0 +2.016060823e+01 +3.897060823e+01 +3.897060823e+01 -3.1864e-01 +3.3184e+00 -1.0516e+00 +1.2532e+00 +4.2891e+00 -3.2884e+00 +5.4363e-01 +8.7055e-01 -1.7351e+00 +3.3265e+00
612 0 +1.947036132e+01 +3.828036132e+01 +3.828036132e+01 +2.8403e-01 +8.1692e-01 -3.7966e-01 +9.9380e-01 +3.0083e+00 -2.6222e+00 -1.5517e+00 +2.7065e+00 +3.4887e-01 +3.5801e+00
1070 0 +1.734855916e+01 +3.615855916e+01 +3.615855916e+01 -1.9714e+00 +8.1113e-01 -1.5741e+00 +1.7115e+00 +3.4163e+00 -3.0273e+00 +1.6692e+00 +6.9932e-01 -1.1575e+00 +2.3192e+00
1102 0 +1.526389054e+01 +3.407389054e+01 +3.407389054e+01 -1.4518e-01 +2.6510e+00 +1.5941e+00 -1.1921e+00 +1.8833e+00 -2.3052e+00 +6.7930e-01 +2.1136e+00 -1.3966e+00 +4.3774e+00
1213 0 +1.407165653e+01 +3.288165653e+01 +3.288165653e+01 +1.9905e+00 +2.5049e+00 +2.8839e+00 -2.7875e-01 +3.7092e-01 -3.1175e+00 -9.1065e-01 +1.1868e+00 -3.8717e+00 +3.6962e+00
1308 0 +1.366044843e+01 +3.247044843e+01 +3.247044843e+01 +2.2692e+00 +2.9615e+00 +9.0003e-01 +4.9741e-01 +9.9469e-01 -6.7396e-01 +1.7193e-01 +2.7112e-01 -1.2899e+00 +3.0418e+00
1525 0 +1.230368814e+01 +3.111368814e+01 +3.111368814e+01 -8.0676e-01 +2.4027e-01 +3.8338e-01 -4.1049e-01 +2.7783e+00 -9.3185e-01 -8.7515e-01 +1.8128e+00 +3.9457e-02 +1.8678e+00
2216 0 +1.034909345e+01 +2.915909345e+01 +2.915909345e+01 -1.1842e+00 +1.3513e+00 -6.3433e-01 +1.7670e-01 +1.6022e+00 -3.4022e+00 -8.1367e-01 -1.8035e-01 +1.0336e+00 +4.3634e+00
2298 0 +1.018829003e+01 +2.899829003e+01 +2.899829003e+01 +1.4689e-01 +1.1052e+00 +3.2852e-01 +1.8274e-01 +2.2034e+00 -2.8543e+00 +6.1148e-02 +1.0902e+00 -3.9316e-01 +1.5907e+00
2362 0 +9.731775326e+00 +2.854177533e+01 +2.854177533e+01 +4.7571e-01 +2.1085e+00 -2.5735e-01 +1.6459e-01 +1.7603e+00 -2.5448e+00 -9.4798e-01 +2.0104e+00 -6.8482e-02 +1.6750e+00
2772 0 +8.639671740e+00 +2.744967174e+01 +2.744967174e+01 -6.1594e-02 +1.9192e+00 -1.9924e+00 +1.3481e+00 +1.7719e+00 -3.1145e+00 +1.1172e+00 +8.1594e-01 -2.5989e-01 +2.4965e+00
3148 0 +8.306209612e+00 +2.711620961e+01 +2.711620961e+01 -6.5222e-01 +8.1062e-01 -9.5040e-01 +2.8459e-01 +1.6632e+00 -2.5806e+00 -4.6617e-01 +7.4034e-01 -5.7808e-02 +3.0726e+00
4257 0 +6.888815149e+00 +2.569881515e+01 +2.569881515e+01 +2.3786e-01 +2.1437e+00 +7.5906e-01 +4.9077e-02 +2.7445e+00 -2.8951e+00 -2.9264e-01 +1.9247e+00 -6.5158e-01 +2.2601e+00
4498 0 +5.567522582e+00 +2.437752258e+01 +2.437752258e+01 -6.1594e-02 +1.9192e+00 -2.8224e-01 +2.8184e-01 +1.7953e+00 -3.1145e+00 -7.7868e-01 +1.1001e+00 -2.5989e-01 +2.7184e+00
4825 0 +4.697562170e+00 +2.350756217e+01 +2.350756217e+01 -9.7906e-01 +1.8897e+00 -3.9094e-01 +2.4156e-01 +1.1602e+00 -3.4383e+00 -2.8911e-01 +1.2781e-01 -6.9609e-01 +2.4352e+00
5741 0 +4.153487525e+00 +2.296348753e+01 +2.296348753e+01 -9.2027e-01 +1.9231e+00 -9.6609e-01 -2.7384e-01 +1.6754e+00 -3.5790e+00 -3.4084e-01 +7.7085e-01 +2.3462e-01 +2.4544e+00
6031 0 +3.789793190e+00 +2.259979319e+01 +2.259979319e+01 -4.8886e-01 +2.1731e+00 -9.1757e-01 -4.3465e-01 +1.9253e+00 -3.1605e+00 -2.5339e-01 +4.1461e-01 +9.2620e-02 +2.1150e+00
6385 0 +2.953596900e+00 +2.176359690e+01 +2.176359690e+01 +7.8918e-02 +2.0560e+00 -6.7823e-01 -3.8237e-02 +1.6537e+00 -3.2005e+00 -1.5218e-01 +6.5985e-01 -2.3482e-01 +2.6066e+00
6545 0 +2.740379442e+00 +2.155037944e+01 +2.155037944e+01 +5.9564e-01 +2.2429e+00 -3.0173e-01 +4.4963e-02 +1.6179e+00 -2.9930e+00 +2.3116e-01 +6.4064e-01 -2.4805e-01 +2.8408e+00
6806 0 +2.358990013e+00 +2.116899001e+01 +2.116899001e+01 -1.5862e-01 +1.9856e+00 -7.4225e-01 +1.3541e-01 +1.9755e+00 -3.4457e+00 -5.2281e-02 +5.4010e-01 +7.8564e-01 +2.4351e+00
7213 0 +2.138070511e+00 +2.094807051e+01 +2.094807051e+01 -2.8042e-01 +1.8302e+00 -1.0624e+00 +1.5367e-01 +1.6762e+00 -3.2730e+00 +1.0387e-01 +7.8881e-01 +1.5521e-01 +2.7866e+00
7539 0 +2.063487376e+00 +2.087348738e+01 +2.087348738e+01 +9.4537e-02 +2.1601e+00 -5.5126e-01 +7.2311e-02 +1.6994e+00 -3.2874e+00 +5.1330e-01 +1.7911e-01 +1.7988e-01 +2.5003e+00
7673 0 +1.671534827e+00 +2.048153483e+01 +2.048153483e+01 +6.7337e-02 +2.0204e+00 -4.6607e-01 -1.6534e-01 +1.6409e+00 -3.3253e+00 -1.0853e-01 +5.7680e-01 +2.6620e-01 +2.5170e+00
8862 0 +1.633156854e+00 +2.044315685e+01 +2.044315685e+01 -1.6876e-01 +1.9430e+00 -8.4157e-01 +1.3162e-01 +1.4528e+00 -3.2075e+00 +2.4648e-01 +2.5776e-01 +2.6637e-01 +2.6243e+00
9266 0 +9.106768539e-01 +1.972067685e+01 +1.972067685e+01 +4.9164e-04 +1.9921e+00 -7.2707e-01 +9.6216e-02 +1.7159e+00 -3.2665e+00 +9.1092e-02 +5.2610e-01 +3.2549e-01 +2.6819e+00
10199 0 +7.374624444e-01 +1.954746244e+01 +1.954746244e+01 -1.4512e-01 +1.8975e+00 -8.3485e-01 +3.5108e-02 +1.6752e+00 -3.2780e+00 +2.9704e-01 +3.0039e-01 +3.5814e-01 +2.7293e+00
11643 0 +5.132368024e-01 +1.932323680e+01 +1.932323680e+01 +5.0381e-02 +1.9009e+00 -5.8710e-01 +8.9764e-02 +1.7563e+00 -3.1681e+00 +2.0859e-01 +3.4291e-01 +2.2708e-01 +2.5319e+00
11679 0 +3.756301802e-01 +1.918563018e+01 +1.918563018e+01 -1.8686e-01 +1.7789e+00 -8.0254e-01 -1.5456e-02 +1.6672e+00 -3.2746e+00 +2.4948e-01 +3.9887e-01 +3.5678e-01 +2.6877e+00
13653 0 +3.021725179e-01 +1.911217252e+01 +1.911217252e+01 -2.3750e-01 +1.7853e+00 -8.3693e-01 -4.6141e-02 +1.6756e+00 -3.2520e+00 +1.9028e-01 +4.5638e-01 +3.4333e-01 +2.6616e+00
14100 0 +3.021725179e-01 +1.911217252e+01 +1.911217252e+01 -2.3750e-01 +1.7853e+00 -8.3693e-01 -4.6141e-02 +1.6756e+00 -3.2520e+00 +1.9028e-01 +4.5638e-01 +3.4333e-01 +2.6616e+00
% f evaluations | g evaluations | best noise-free fitness - Fopt (2.731500000000e+02) + sum g_i+ | measured fitness | best measured fitness or single-digit g-values | x1 | x2...
1 0 +2.588097321e+02 +5.319597321e+02 +5.319597321e+02 +1.9693e+00 -4.2909e+00 -1.4002e+00 -8.3437e-01 +2.6178e+00 -2.0035e+00 -4.2131e+00 -2.9218e+00 +2.6567e+00 +3.6471e+00
3 0 +6.797019801e+01 +3.411201980e+02 +3.411201980e+02 +2.4626e-01 +1.6463e+00 -5.5962e-01 +3.7028e+00 -2.8776e+00 -1.3761e+00 +4.4026e+00 +1.2610e+00 -4.1091e+00 -4.0685e+00
7 0 +4.234868314e+01 +3.154986831e+02 +3.154986831e+02 -2.5266e+00 +2.5664e+00 -3.6616e-01 +1.6393e+00 +4.9736e+00 -1.9083e+00 -3.1023e+00 -4.3715e+00 -4.1537e-01 +5.2573e-02
36 0 +3.712321197e+01 +3.102732120e+02 +3.102732120e+02 +3.7387e+00 +9.1146e-01 -1.2576e+00 -9.8462e-02 -2.1277e+00 -1.5021e+00 +4.1144e+00 -4.6987e+00 -3.8971e-01 +3.7374e+00
173 0 +3.280305325e+01 +3.059530533e+02 +3.059530533e+02 -2.4410e+00 +4.9229e+00 -3.7384e+00 +4.5307e+00 +3.4987e+00 -4.3996e+00 -2.1285e+00 -3.9001e+00 -1.0865e+00 +3.0849e+00
174 0 +2.023321597e+01 +2.933832160e+02 +2.933832160e+02 -2.8297e+00 +2.9438e+00 -1.9717e+00 +3.3230e+00 +2.8543e+00 -2.3156e+00 -1.2484e-01 -3.5353e+00 -2.3801e+00 +3.0193e+00
806 0 +1.912193410e+01 +2.922719341e+02 +2.922719341e+02 -1.3816e+00 +1.8880e+00 +9.4785e-02 +3.0921e+00 +1.1082e+00 -3.6417e+00 +1.0967e+00 -2.1706e+00 -2.2750e-02 +3.7171e+00
878 0 +1.462370552e+01 +2.877737055e+02 +2.877737055e+02 -3.9714e+00 +1.1648e+00 +1.3596e+00 +3.0929e+00 -1.9106e+00 -3.4537e+00 -4.4244e-01 -2.0629e+00 -2.4725e+00 +4.1800e+00
896 0 +1.241099279e+01 +2.855609928e+02 +2.855609928e+02 -5.6591e-01 +3.0581e+00 +2.5962e+00 +4.0810e-01 +2.8390e+00 -4.3457e+00 +1.0742e+00 +1.5209e+00 -7.4416e-01 +2.4413e+00
1620 0 +6.545325108e+00 +2.796953251e+02 +2.796953251e+02 -4.4797e+00 +4.6781e+00 -6.1773e-01 +5.0655e-01 +4.1092e+00 -3.2805e+00 -1.9651e+00 -1.0303e+00 +1.5772e-01 +3.2520e+00
1822 0 +5.166598781e+00 +2.783165988e+02 +2.783165988e+02 -4.0490e+00 +4.7413e+00 -1.2041e-01 +1.6284e+00 +3.3516e+00 -3.7305e+00 -1.5965e+00 -1.3013e+00 -1.2021e+00 +3.6926e+00
4375 0 +4.735857390e+00 +2.778858574e+02 +2.778858574e+02 -3.4587e+00 +3.8502e+00 +1.8470e-01 +2.3209e+00 +1.5338e+00 -3.1476e+00 -1.5614e+00 -8.6307e-01 -1.4533e+00 +3.6069e+00
5250 0 +4.735857390e+00 +2.778858574e+02 +2.778858574e+02 -3.4587e+00 +3.8502e+00 +1.8470e-01 +2.3209e+00 +1.5338e+00 -3.1476e+00 -1.5614e+00 -8.6307e-01 -1.4533e+00 +3.6069e+00
% f evaluations | g evaluations | best noise-free fitness - Fopt (3.718000000000e+01) + sum g_i+ | measured fitness | best measured fitness or single-digit g-values | x1 | x2...
1 0 +9.466381205e+01 +1.318438121e+02 +1.318438121e+02 +1.9693e+00 -4.2909e+00 -1.4002e+00 -8.3437e-01 +2.6178e+00 -2.0035e+00 -4.2131e+00 -2.9218e+00 +2.6567e+00 +3.6471e+00
4 0 +8.911426296e+01 +1.262942630e+02 +1.262942630e+02 -2.3340e+00 -1.0680e+00 +3.5706e+00 +2.7829e+00 -8.7509e-01 +2.3449e+00 -4.7126e+00 +3.2688e+00 +4.5468e+00 +4.5782e+00
9 0 +3.514965557e+01 +7.232965557e+01 +7.232965557e+01 -4.6020e+00 +1.8198e+00 +8.4293e-01 -1.4296e+00 -1.2749e+00 +3.9617e+00 -2.9061e+00 -3.9492e+00 +5.9593e-02 +1.7356e+00
163 0 +2.339845214e+01 +6.057845214e+01 +6.057845214e+01 -2.2775e+00 +2.6232e+00 +3.1238e+00 -1.4939e+00 -3.2082e+00 +1.6061e+00 -5.2586e-01 -4.0915e+00 -1.7342e+00 +1.7146e+00
783 0 +1.934847694e+01 +5.652847694e+01 +5.652847694e+01 -3.2518e+00 +1.6189e+00 +1.6885e+00 -7.5190e-01 -2.4573e+00 +1.5664e+00 +1.4466e+00 -4.9458e+00 -9.7733e-02 +2.2514e+00
980 0 +1.551466206e+01 +5.269466206e+01 +5.269466206e+01 -2.3595e+00 +4.0790e+00 +1.2371e+00 +1.8031e+00 -3.0607e+00 +1.5659e+00 +6.8404e-02 -4.6225e+00 -3.8407e-01 +2.7995e+00
1194 0 +1.379670044e+01 +5.097670044e+01 +5.097670044e+01 -4.2681e+00 +3.2364e+00 +1.3185e+00 -9.0241e-02 -4.8194e+00 +2.8730e-01 +9.6483e-01 -4.6845e+00 -1.5280e+00 +4.0874e+00
1357 0 +1.158246211e+01 +4.876246211e+01 +4.876246211e+01 -3.7341e+00 +1.8814e+00 +3.9653e+00 +1.4250e+00 -3.9250e+00 -2.2650e-01 +1.8880e+00 -4.5078e+00 -2.2664e+00 +4.2114e+00
1418 0 +9.161460763e+00 +4.634146076e+01 +4.634146076e+01 -3.9891e+00 +1.3566e+00 +1.6923e+00 +1.4697e+00 -3.0883e+00 -1.3203e-01 +1.4530e+00 -3.7010e+00 -1.4473e+00 +3.0534e+00
1863 0 +7.813136818e+00 +4.499313682e+01 +4.499313682e+01 -4.6324e+00 +2.3642e+00 +1.9143e+00 +1.3498e+00 -3.9611e+00 -1.9161e+00 -4.0238e-01 -2.7316e+00 -1.4317e+00 +3.2257e+00
1890 0 +5.596073795e+00 +4.277607379e+01 +4.277607379e+01 -4.3778e+00 +1.7042e+00 +3.3079e+00 +4.6219e-01 -3.7867e+00 -6.7797e-01 +4.7906e-02 -3.0497e+00 -1.9053e+00 +3.2239e+00
3261 0 +4.323755778e+00 +4.150375578e+01 +4.150375578e+01 -3.7454e+00 +1.4628e+00 +2.3418e+00 +1.2545e+00 -3.5771e+00 -9.0781e-01 +1.8752e-01 -3.0834e+00 -1.4602e+00 +2.6012e+00
3495 0 +3.962179505e+00 +4.114217950e+01 +4.114217950e+01 -3.7140e+00 +1.8310e+00 +2.4678e+00 +1.3087e+00 -3.7922e+00 -9.5590e-01 +4.1732e-01 -3.3091e+00 -1.2572e+00 +3.3889e+00
3795 0 +3.582623617e+00 +4.076262362e+01 +4.076262362e+01 -3.6745e+00 +1.4628e+00 +2.3418e+00 +1.7435e+00 -3.0648e+00 -1.7863e+00 +1.8752e-01 -2.7359e+00 -1.5953e+00 +2.6012e+00
4627 0 +3.528345915e+00 +4.070834591e+01 +4.070834591e+01 -4.2660e+00 +2.0038e+00 +2.5248e+00 +1.7040e+00 -3.3140e+00 -7.3625e-01 -2.4514e-01 -3.6670e+00 -2.5145e+00 +2.8472e+00
4645 0 +2.735943086e+00 +3.991594309e+01 +3.991594309e+01 -4.1727e+00 +2.1097e+00 +2.1553e+00 +1.1925e+00 -3.3564e+00 -1.0306e+00 +2.6574e-01 -3.6365e+00 -2.0832e+00 +3.2980e+00
4832 0 +1.669081527e+00 +3.884908153e+01 +3.884908153e+01 -4.1068e+00 +2.5834e+00 +2.4885e+00 +1.0955e+00 -3.5293e+00 -7.2156e-01 +4.9848e-01 -3.7374e+00 -1.8218e+00 +3.3090e+00
8280 0 +1.523434543e+00 +3.870343454e+01 +3.870343454e+01 -3.9598e+00 +2.4954e+00 +2.2936e+00 +1.3473e+00 -3.5637e+00 -1.0369e+00 +3.0476e-01 -3.5775e+00 -1.8788e+00 +3.5879e+00
8759 0 +1.455872496e+00 +3.863587250e+01 +3.863587250e+01 -3.8512e+00 +2.2243e+00 +2.1450e+00 +1.5745e+00 -3.2910e+00 -1.2992e+00 +2.6479e-01 -3.2036e+00 -1.4908e+00 +3.1849e+00
8919 0 +1.330961323e+00 +3.851096132e+01 +3.851096132e+01 -3.7403e+00 +2.0790e+00 +2.3928e+00 +1.6747e+00 -3.3749e+00 -1.3485e+00 +6.0957e-01 -3.2995e+00 -1.9551e+00 +3.2713e+00
10487 0 +7.132745650e-01 +3.789327456e+01 +3.789327456e+01 -3.9300e+00 +2.3003e+00 +2.2493e+00 +1.4636e+00 -3.5203e+00 -1.1205e+00 +3.3608e-01 -3.3792e+00 -1.7603e+00 +3.1878e+00
13646 0 +6.825605884e-01 +3.786256059e+01 +3.786256059e+01 -3.9567e+00 +2.0146e+00 +2.0048e+00 +1.7176e+00 -3.5435e+00 -1.3751e+00 +3.4878e-01 -3.4237e+00 -1.9119e+00 +3.1080e+00
13800 0 +6.825605884e-01 +3.786256059e+01 +3.786256059e+01 -3.9567e+00 +2.0146e+00 +2.0048e+00 +1.7176e+00 -3.5435e+00 -1.3751e+00 +3.4878e-01 -3.4237e+00 -1.9119e+00 +3.1080e+00
% f evaluations | g evaluations | best noise-free fitness - Fopt (-1.479000000000e+02) + sum g_i+ | measured fitness | best measured fitness or single-digit g-values | x1 | x2...
1 0 +9.140063219e+01 -5.649936781e+01 -5.649936781e+01 +1.9693e+00 -4.2909e+00 -1.4002e+00 -8.3437e-01 +2.6178e+00 -2.0035e+00 -4.2131e+00 -2.9218e+00 +2.6567e+00 +3.6471e+00
2 0 +8.074657246e+01 -6.715342754e+01 -6.715342754e+01 +2.5259e+00 -3.2988e-01 -4.6040e+00 +2.2305e-01 -5.0597e-01 +2.5384e+00 -4.3652e+00 +4.5803e+00 -1.1248e+00 -1.7406e+00
6 0 +6.246249032e+01 -8.543750968e+01 -8.543750968e+01 +4.6998e+00 -2.3725e+00 -9.8820e-01 -4.6070e+00 +4.4354e+00 +1.8316e+00 -3.8206e+00 -3.6125e-01 +4.8532e+00 -4.5420e-01
9 0 +3.994208181e+01 -1.079579182e+02 -1.079579182e+02 -4.6020e+00 +1.8198e+00 +8.4293e-01 -1.4296e+00 -1.2749e+00 +3.9617e+00 -2.9061e+00 -3.9492e+00 +5.9593e-02 +1.7356e+00
32 0 +3.429261905e+01 -1.136073809e+02 -1.136073809e+02 -1.0574e+00 -2.7495e+00 +1.0121e+00 +1.8647e+00 -4.5813e+00 -5.8981e-01 +2.3597e+00 +1.6091e+00 -3.1636e-01 +2.6315e-01
40 0 +2.872389543e+01 -1.191761046e+02 -1.191761046e+02 +1.4055e+00 -4.5819e+00 +5.4272e-01 -2.2284e+00 -3.3990e+00 +1.0466e-01 +1.1512e+00 -3.0430e-02 -4.6637e+00 -2.8790e-01
342 0 +2.751316998e+01 -1.203868300e+02 -1.203868300e+02 +6.0462e-01 -1.1072e+00 -2.3523e-01 -3.8965e+00 -1.4531e+00 +2.0234e+00 -1.1077e+00 -3.7826e+00 -3.2427e+00 +2.8273e+00
470 0 +2.350839966e+01 -1.243916003e+02 -1.243916003e+02 +2.5430e-01 +4.4543e-01 -2.3278e-01 -3.8180e+00 +1.5140e+00 +3.6906e+00 -1.6091e-01 -2.8172e+00 -1.6516e+00 +2.8843e+00
699 0 +1.890470338e+01 -1.289952966e+02 -1.289952966e+02 +1.1470e+00 +1.9528e+00 +2.3530e+00 -2.6079e+00 +3.6534e+00 +1.0317e+00 +1.7879e-01 -2.5349e+00 -3.1754e-01 -1.8318e+00
795 0 +1.641547227e+01 -1.314845277e+02 -1.314845277e+02 -3.0287e-01 +2.6267e+00 +2.9644e+00 -2.0152e+00 +3.1262e+00 -9.5978e-01 -6.1131e-01 +1.3057e+00 -1.7322e+00 +1.4576e+00
1048 0 +1.223644610e+01 -1.356635539e+02 -1.356635539e+02 +3.3694e-01 +1.4598e+00 +1.8497e+00 -1.7187e+00 +1.3647e+00 -4.4726e-01 -4.7237e-01 +1.2528e+00 +7.7909e-01 -2.8065e+00
2582 0 +1.136086098e+01 -1.365391390e+02 -1.365391390e+02 -4.3489e-01 +2.6014e+00 +1.8602e+00 -2.2858e+00 -5.8928e-01 +2.7562e-01 -3.5967e-01 -1.1464e+00 -1.4368e+00 -7.5167e-01
2762 0 +8.012321984e+00 -1.398876780e+02 -1.398876780e+02 -5.8339e-01 +1.7115e+00 +1.5370e+00 -1.4340e+00 +1.2322e+00 +5.7893e-01 -1.1866e+00 -1.8738e-01 -1.7325e+00 -3.1868e-01
3906 0 +7.489543189e+00 -1.404104568e+02 -1.404104568e+02 -5.8339e-01 +1.1710e+00 +1.5370e+00 -2.1110e+00 -1.0690e+00 +1.3917e-01 -1.1866e+00 -7.0910e-01 -1.7325e+00 -3.1868e-01
4325 0 +7.126112458e+00 -1.407738875e+02 -1.407738875e+02 -7.3592e-01 -8.9345e-03 +1.9384e+00 -1.8498e+00 -7.0177e-01 -1.3520e-01 -1.2193e+00 -1.1028e+00 -2.4078e+00 +2.0261e-01
4449 0 +6.846444253e+00 -1.410535557e+02 -1.410535557e+02 +1.1326e-01 +9.1885e-01 +1.5588e+00 -2.0930e+00 -7.9007e-01 +1.5035e-01 -1.2962e+00 -3.5553e-01 -1.5241e+00 -7.7020e-01
4639 0 +4.481698958e+00 -1.434183010e+02 -1.434183010e+02 -2.4091e-01 +1.7130e+00 +9.6078e-01 -1.9928e+00 +2.1650e-01 +8.3291e-01 -1.4390e+00 -4.4188e-03 -1.8623e+00 -4.2776e-01
8142 0 +4.266673761e+00 -1.436333262e+02 -1.436333262e+02 -3.2985e-01 +1.6748e+00 +1.1743e+00 -1.9900e+00 +2.3618e-01 +7.2380e-01 -1.3825e+00 +1.0133e-01 -1.9034e+00 -2.1093e-01
9608 0 +4.228840299e+00 -1.436711597e+02 -1.436711597e+02 -5.6372e-01 +1.8618e+00 +1.5773e+00 -1.7175e+00 +4.3022e-01 +8.8580e-01 -1.1067e+00 -2.4513e-01 -1.3776e+00 -4.3797e-01
9685 0 +4.049489088e+00 -1.438505109e+02 -1.438505109e+02 -4.4545e-01 +1.8651e+00 +1.6910e+00 -1.7984e+00 +3.4154e-01 +8.3086e-01 -1.2194e+00 -3.1478e-01 -1.5735e+00 -5.2044e-01
9900 0 +4.049489088e+00 -1.438505109e+02 -1.438505109e+02 -4.4545e-01 +1.8651e+00 +1.6910e+00 -1.7984e+00 +3.4154e-01 +8.3086e-01 -1.2194e+00 -3.1478e-01 -1.5735e+00 -5.2044e-01
% f evaluations | g evaluations | best noise-free fitness - Fopt (-1.694000000000e+01) + sum g_i+ | measured fitness | best measured fitness or single-digit g-values | x1 | x2...
1 0 +1.270057235e+03 +1.253117235e+03 +1.253117235e+03 +1.9693e+00 -4.2909e+00 -1.4002e+00 -8.3437e-01 +2.6178e+00 -2.0035e+00 -4.2131e+00 -2.9218e+00 +2.6567e+00 +3.6471e+00
2 0 +4.133954427e+02 +3.964554427e+02 +3.964554427e+02 +2.5259e+00 -3.2988e-01 -4.6040e+00 +2.2305e-01 -5.0597e-01 +2.5384e+00 -4.3652e+00 +4.5803e+00 -1.1248e+00 -1.7406e+00
3 0 +1.284166983e+02 +1.114766983e+02 +1.114766983e+02 +2.4626e-01 +1.6463e+00 -5.5962e-01 +3.7028e+00 -2.8776e+00 -1.3761e+00 +4.4026e+00 +1.2610e+00 -4.1091e+00 -4.0685e+00
24 0 +1.060896577e+02 +8.914965774e+01 +8.914965774e+01 +5.4831e-01 +4.6698e-01 -1.9717e+00 +3.3230e+00 -2.3773e+00 -4.9896e+00 +3.6112e+00 -7.8893e-02 +2.1479e+00 +4.7106e+00
27 0 +7.414251362e+01 +5.720251362e+01 +5.720251362e+01 +3.4179e+00 +4.0807e+00 +8.3233e-02 +4.7047e+00 -1.6170e-01 +9.4700e-01 -9.8624e-01 -2.9785e+00 +1.3444e+00 +3.3721e+00
57 0 +6.569436963e+01 +4.875436963e+01 +4.875436963e+01 +5.2019e-01 -2.2033e+00 -1.8638e+00 +8.2725e-01 -1.0941e-01 -1.7098e+00 +3.5392e+00 +8.8255e-01 -6.2361e-01 -3.5434e+00
90 0 +5.286801990e+01 +3.592801990e+01 +3.592801990e+01 -2.9783e-01 +1.3777e+00 +6.8066e-01 +5.4509e-01 +2.1992e+00 -1.0351e+00 -3.8076e-01 +4.8980e-01 -1.2064e+00 -3.4913e+00
156 0 +4.256120341e+01 +2.562120341e+01 +2.562120341e+01 +4.6998e+00 +1.2898e+00 -1.0689e+00 +2.4414e+00 +2.7863e-02 -1.5209e+00 +4.0240e+00 -3.6125e-01 -3.1100e+00 -4.4021e-02
186 0 +4.128052879e+01 +2.434052879e+01 +2.434052879e+01 +3.7387e+00 +2.5462e+00 -1.2576e+00 -1.8211e+00 -6.0558e-01 +1.6586e+00 +1.7710e+00 -4.6987e+00 +1.0003e+00 -1.0083e+00
216 0 +3.286413269e+01 +1.592413269e+01 +1.592413269e+01 +3.6408e+00 +2.2060e+00 -3.5775e-01 -9.9016e-01 +3.8480e+00 -1.7192e+00 +4.8539e+00 +1.9150e+00 -4.0704e-01 -4.4938e+00
396 0 +2.016651585e+01 +3.226515852e+00 +3.226515852e+00 +2.5912e+00 +2.0625e+00 -2.0808e+00 -5.4097e-01 +2.0159e+00 -1.9795e+00 +1.0907e+00 -9.7572e-01 +4.6439e-01 -3.1585e+00
1071 0 +1.784386569e+01 +9.038656876e-01 +9.038656876e-01 +4.8167e+00 +2.9986e+00 -4.7804e+00 +9.0575e-01 +2.7059e+00 -3.8271e-01 +2.2913e+00 -2.9140e+00 -1.3802e+00 -4.1234e-01
1399 0 +1.678331128e+01 -1.566887200e-01 -1.566887200e-01 +2.9658e+00 +1.1886e+00 -2.7637e+00 +5.3570e-01 +1.3585e+00 -4.5117e+00 +1.5707e+00 -2.7788e+00 -7.3525e-01 -2.3552e+00
1419 0 +1.261212759e+01 -4.327872410e+00 -4.327872410e+00 +3.1646e+00 +2.2841e+00 -2.4659e+00 +1.8634e+00 +3.4763e+00 -5.2495e-01 +3.3718e+00 -2.7426e+00 -1.7613e+00 -4.2087e+00
1912 0 +1.256377954e+01 -4.376220460e+00 -4.376220460e+00 +3.0947e+00 +2.9385e+00 -1.8091e+00 +1.4700e+00 -1.5928e-01 -2.5436e+00 +3.9317e+00 -1.5213e+00 -9.2541e-01 -3.7768e+00
2496 0 +1.227193243e+01 -4.668067572e+00 -4.668067572e+00 +3.1236e+00 +3.0008e+00 -2.6327e+00 +2.8557e+00 +1.7453e+00 -1.5252e+00 +3.4664e+00 -9.0850e-01 -7.0056e-01 -3.4317e+00
2551 0 +9.848163903e+00 -7.091836097e+00 -7.091836097e+00 +2.6503e+00 +2.5548e+00 -2.3293e+00 +1.3713e+00 +1.7453e+00 -7.3795e-01 +1.7787e+00 -2.7803e+00 -7.0056e-01 -3.4317e+00
2766 0 +7.888964618e+00 -9.051035382e+00 -9.051035382e+00 +3.6838e+00 +2.8946e+00 -9.2168e-01 +1.0482e+00 -3.1039e-02 -1.9233e+00 +2.5074e+00 -2.0361e+00 -6.5735e-01 -2.5312e+00
2935 0 +7.095590152e+00 -9.844409848e+00 -9.844409848e+00 +3.4590e+00 +3.4968e+00 -3.3958e+00 +1.8376e+00 +1.5923e+00 -1.8137e+00 +2.6449e+00 -2.7040e+00 -1.1560e+00 -2.4140e+00
3197 0 +6.622229123e+00 -1.031777088e+01 -1.031777088e+01 +3.4067e+00 +2.8450e+00 -1.6620e+00 +2.3441e+00 +1.8120e+00 -1.5298e+00 +4.0801e+00 -2.0943e+00 -8.5785e-01 -1.5363e+00
3603 0 +4.840758207e+00 -1.209924179e+01 -1.209924179e+01 +3.4062e+00 +2.6069e+00 -1.0666e+00 +1.8297e+00 +1.6596e+00 -1.8292e+00 +3.7328e+00 -1.7499e+00 -8.3398e-01 -2.1114e+00
3804 0 +4.768620345e+00 -1.217137965e+01 -1.217137965e+01 +3.3678e+00 +2.4932e+00 -1.4719e+00 +1.9879e+00 +1.6527e+00 -1.8996e+00 +2.6517e+00 -2.3604e+00 -2.7943e-01 -2.0230e+00
3811 0 +4.217245702e+00 -1.272275430e+01 -1.272275430e+01 +3.7797e+00 +2.2747e+00 -1.6814e-03 +1.7114e+00 +7.2586e-01 -1.8750e+00 +3.1271e+00 -2.7173e+00 -9.8772e-02 -2.1872e+00
3974 0 +3.959255763e+00 -1.298074424e+01 -1.298074424e+01 +3.6673e+00 +2.4489e+00 +6.2546e-02 +1.1977e+00 +1.0363e+00 -2.2722e+00 +3.4063e+00 -3.0275e+00 +3.9789e-04 -2.0466e+00
5284 0 +3.407346943e+00 -1.353265306e+01 -1.353265306e+01 +3.6239e+00 +2.6277e+00 -6.2758e-01 +1.7471e+00 +1.5698e+00 -1.5204e+00 +3.5008e+00 -2.7942e+00 -6.7789e-01 -1.8469e+00
5992 0 +3.329516065e+00 -1.361048393e+01 -1.361048393e+01 +3.7584e+00 +2.5737e+00 -2.8364e+00 +1.2414e+00 +1.4897e+00 -1.5446e+00 +3.2620e+00 -2.0326e+00 -1.0427e+00 -2.3529e+00
6087 0 +1.888750831e+00 -1.505124917e+01 -1.505124917e+01 +3.6348e+00 +2.3404e+00 -2.2919e+00 +1.1895e+00 +1.6932e+00 -2.1369e+00 +2.9638e+00 -3.2679e+00 -7.0132e-01 -1.6396e+00
10048 0 +1.356356544e+00 -1.558364346e+01 -1.558364346e+01 +3.5966e+00 +2.3792e+00 -2.2242e+00 +1.0275e+00 +1.8285e+00 -2.1303e+00 +3.3009e+00 -3.1055e+00 -4.3912e-01 -1.7896e+00
10957 0 +1.348421544e+00 -1.559157846e+01 -1.559157846e+01 +3.5559e+00 +2.4455e+00 -2.4745e+00 +1.2562e+00 +1.8756e+00 -2.1106e+00 +3.3970e+00 -2.7757e+00 -3.8432e-01 -1.8879e+00
11654 0 +1.174238956e+00 -1.576576104e+01 -1.576576104e+01 +3.7619e+00 +2.4705e+00 -2.9054e+00 +1.0241e+00 +1.6405e+00 -1.9023e+00 +3.4641e+00 -2.6272e+00 -7.5495e-01 -1.8601e+00
12107 0 +9.304574470e-01 -1.600954255e+01 -1.600954255e+01 +3.8356e+00 +2.4624e+00 -3.2167e+00 +7.2561e-01 +1.7938e+00 -1.9371e+00 +3.2555e+00 -2.8019e+00 -8.5508e-01 -1.7629e+00
13229 0 +6.419780533e-01 -1.629802195e+01 -1.629802195e+01 +3.8379e+00 +2.4332e+00 -2.9123e+00 +7.7431e-01 +1.7437e+00 -2.0279e+00 +3.2813e+00 -2.8578e+00 -7.9605e-01 -1.8086e+00
17283 0 +5.744170238e-01 -1.636558298e+01 -1.636558298e+01 +3.9138e+00 +2.4182e+00 -3.0908e+00 +7.6205e-01 +1.6624e+00 -2.0487e+00 +3.2361e+00 -2.7969e+00 -7.9667e-01 -1.7239e+00
17840 0 +5.427043273e-01 -1.639729567e+01 -1.639729567e+01 +3.8738e+00 +2.4568e+00 -2.9701e+00 +8.6399e-01 +1.6778e+00 -2.0296e+00 +3.2975e+00 -2.7857e+00 -8.0139e-01 -1.7674e+00
19458 0 +5.334974088e-01 -1.640650259e+01 -1.640650259e+01 +3.8256e+00 +2.4089e+00 -3.1203e+00 +8.4658e-01 +1.8591e+00 -2.0151e+00 +3.3180e+00 -2.8660e+00 -7.7240e-01 -1.7288e+00
20101 0 +4.926686823e-01 -1.644733132e+01 -1.644733132e+01 +3.8674e+00 +2.4089e+00 -3.1158e+00 +8.1421e-01 +1.7622e+00 -2.0151e+00 +3.2902e+00 -2.8486e+00 -7.8793e-01 -1.7129e+00
20266 0 +4.486591464e-01 -1.649134085e+01 -1.649134085e+01 +3.8264e+00 +2.4217e+00 -3.0819e+00 +8.4874e-01 +1.8196e+00 -1.9934e+00 +3.2753e+00 -2.9041e+00 -8.0356e-01 -1.7688e+00
20568 0 +3.754798184e-01 -1.656452018e+01 -1.656452018e+01 +3.8424e+00 +2.4215e+00 -3.1349e+00 +8.4197e-01 +1.8158e+00 -2.0203e+00 +3.2947e+00 -2.8908e+00 -7.4924e-01 -1.7399e+00
21300 0 +3.754798184e-01 -1.656452018e+01 -1.656452018e+01 +3.8424e+00 +2.4215e+00 -3.1349e+00 +8.4197e-01 +1.8158e+00 -2.0203e+00 +3.2947e+00 -2.8908e+00 -7.4924e-01 -1.7399e+00
% f evaluations | g evaluations | best noise-free fitness - Fopt (1.881000000000e+01) + sum g_i+ | measured fitness | best measured fitness or single-digit g-values | x1 | x2...
1 0 +6.245251526e+01 +8.126251526e+01 +8.126251526e+01 +1.9693e+00 -4.2909e+00 -1.4002e+00 -8.3437e-01 +2.6178e+00 -2.0035e+00 -4.2131e+00 -2.9218e+00 +2.6567e+00 +3.6471e+00
5 0 +5.128561943e+01 +7.009561943e+01 +7.009561943e+01 +4.1981e+00 -4.6575e-02 -4.5527e-01 +2.9747e+00 -2.1962e+00 -2.9349e+00 +3.2881e-01 +1.7712e+00 -1.1672e+00 +9.3903e-01
36 0 +4.965867120e+01 +6.846867120e+01 +6.846867120e+01 +3.7387e+00 +9.1146e-01 -1.2576e+00 -9.8462e-02 -2.1277e+00 -1.5021e+00 +4.1144e+00 -4.6987e+00 -3.8971e-01 +3.7374e+00
37 0 +3.465477595e+01 +5.346477595e+01 +5.346477595e+01 +4.2109e+00 -9.8143e-01 +3.7175e-01 -1.0436e+00 +2.7079e+00 -8.7194e-01 -1.6944e+00 +2.8712e+00 +3.1311e-01 +3.9360e+00
80 0 +2.927475925e+01 +4.808475925e+01 +4.808475925e+01 -1.4125e+00 +6.2655e-02 +4.0831e-01 -1.8944e+00 +1.8649e-01 -3.7101e+00 +1.0863e+00 +1.3365e+00 +5.1583e-01 +2.6686e+00
320 0 +2.105817695e+01 +3.986817695e+01 +3.986817695e+01 -1.6135e+00 +8.7116e-01 -1.9056e+00 +9.2647e-01 +3.0723e+00 -3.5041e+00 -1.7195e+00 -3.4498e-01 -5.4901e-01 +2.8823e+00
584 0 +2.016060823e+01 +3.897060823e+01 +3.897060823e+01 -3.1864e-01 +3.3184e+00 -1.0516e+00 +1.2532e+00 +4.2891e+00 -3.2884e+00 +5.4363e-01 +8.7055e-01 -1.7351e+00 +3.3265e+00
612 0 +1.947036132e+01 +3.828036132e+01 +3.828036132e+01 +2.8403e-01 +8.1692e-01 -3.7966e-01 +9.9380e-01 +3.0083e+00 -2.6222e+00 -1.5517e+00 +2.7065e+00 +3.4887e-01 +3.5801e+00
1070 0 +1.734855916e+01 +3.615855916e+01 +3.615855916e+01 -1.9714e+00 +8.1113e-01 -1.5741e+00 +1.7115e+00 +3.4163e+00 -3.0273e+00 +1.6692e+00 +6.9932e-01 -1.1575e+00 +2.3192e+00
1102 0 +1.526389054e+01 +3.407389054e+01 +3.407389054e+01 -1.4518e-01 +2.6510e+00 +1.5941e+00 -1.1921e+00 +1.8833e+00 -2.3052e+00 +6.7930e-01 +2.1136e+00 -1.3966e+00 +4.3774e+00
1213 0 +1.407165653e+01 +3.288165653e+01 +3.288165653e+01 +1.9905e+00 +2.5049e+00 +2.8839e+00 -2.7875e-01 +3.7092e-01 -3.1175e+00 -9.1065e-01 +1.1868e+00 -3.8717e+00 +3.6962e+00
1308 0 +1.366044843e+01 +3.247044843e+01 +3.247044843e+01 +2.2692e+00 +2.9615e+00 +9.0003e-01 +4.9741e-01 +9.9469e-01 -6.7396e-01 +1.7193e-01 +2.7112e-01 -1.2899e+00 +3.0418e+00
1525 0 +1.230368814e+01 +3.111368814e+01 +3.111368814e+01 -8.0676e-01 +2.4027e-01 +3.8338e-01 -4.1049e-01 +2.7783e+00 -9.3185e-01 -8.7515e-01 +1.8128e+00 +3.9457e-02 +1.8678e+00
2216 0 +1.034909345e+01 +2.915909345e+01 +2.915909345e+01 -1.1842e+00 +1.3513e+00 -6.3433e-01 +1.7670e-01 +1.6022e+00 -3.4022e+00 -8.1367e-01 -1.8035e-01 +1.0336e+00 +4.3634e+00
2298 0 +1.018829003e+01 +2.899829003e+01 +2.899829003e+01 +1.4689e-01 +1.1052e+00 +3.2852e-01 +1.8274e-01 +2.2034e+00 -2.8543e+00 +6.1148e-02 +1.0902e+00 -3.9316e-01 +1.5907e+00
2362 0 +9.731775326e+00 +2.854177533e+01 +2.854177533e+01 +4.7571e-01 +2.1085e+00 -2.5735e-01 +1.6459e-01 +1.7603e+00 -2.5448e+00 -9.4798e-01 +2.0104e+00 -6.8482e-02 +1.6750e+00
2772 0 +8.639671740e+00 +2.744967174e+01 +2.744967174e+01 -6.1594e-02 +1.9192e+00 -1.9924e+00 +1.3481e+00 +1.7719e+00 -3.1145e+00 +1.1172e+00 +8.1594e-01 -2.5989e-01 +2.4965e+00
3148 0 +8.306209612e+00 +2.711620961e+01 +2.711620961e+01 -6.5222e-01 +8.1062e-01 -9.5040e-01 +2.8459e-01 +1.6632e+00 -2.5806e+00 -4.6617e-01 +7.4034e-01 -5.7808e-02 +3.0726e+00
4257 0 +6.888815149e+00 +2.569881515e+01 +2.569881515e+01 +2.3786e-01 +2.1437e+00 +7.5906e-01 +4.9077e-02 +2.7445e+00 -2.8951e+00 -2.9264e-01 +1.9247e+00 -6.5158e-01 +2.2601e+00
4498 0 +5.567522582e+00 +2.437752258e+01 +2.437752258e+01 -6.1594e-02 +1.9192e+00 -2.8224e-01 +2.8184e-01 +1.7953e+00 -3.1145e+00 -7.7868e-01 +1.1001e+00 -2.5989e-01 +2.7184e+00
4825 0 +4.697562170e+00 +2.350756217e+01 +2.350756217e+01 -9.7906e-01 +1.8897e+00 -3.9094e-01 +2.4156e-01 +1.1602e+00 -3.4383e+00 -2.8911e-01 +1.2781e-01 -6.9609e-01 +2.4352e+00
5741 0 +4.153487525e+00 +2.296348753e+01 +2.296348753e+01 -9.2027e-01 +1.9231e+00 -9.6609e-01 -2.7384e-01 +1.6754e+00 -3.5790e+00 -3.4084e-01 +7.7085e-01 +2.3462e-01 +2.4544e+00
6031 0 +3.789793190e+00 +2.259979319e+01 +2.259979319e+01 -4.8886e-01 +2.1731e+00 -9.1757e-01 -4.3465e-01 +1.9253e+00 -3.1605e+00 -2.5339e-01 +4.1461e-01 +9.2620e-02 +2.1150e+00
6385 0 +2.953596900e+00 +2.176359690e+01 +2.176359690e+01 +7.8918e-02 +2.0560e+00 -6.7823e-01 -3.8237e-02 +1.6537e+00 -3.2005e+00 -1.5218e-01 +6.5985e-01 -2.3482e-01 +2.6066e+00
6545 0 +2.740379442e+00 +2.155037944e+01 +2.155037944e+01 +5.9564e-01 +2.2429e+00 -3.0173e-01 +4.4963e-02 +1.6179e+00 -2.9930e+00 +2.3116e-01 +6.4064e-01 -2.4805e-01 +2.8408e+00
6806 0 +2.358990013e+00 +2.116899001e+01 +2.116899001e+01 -1.5862e-01 +1.9856e+00 -7.4225e-01 +1.3541e-01 +1.9755e+00 -3.4457e+00 -5.2281e-02 +5.4010e-01 +7.8564e-01 +2.4351e+00
7213 0 +2.138070511e+00 +2.094807051e+01 +2.094807051e+01 -2.8042e-01 +1.8302e+00 -1.0624e+00 +1.5367e-01 +1.6762e+00 -3.2730e+00 +1.0387e-01 +7.8881e-01 +1.5521e-01 +2.7866e+00
7539 0 +2.063487376e+00 +2.087348738e+01 +2.087348738e+01 +9.4537e-02 +2.1601e+00 -5.5126e-01 +7.2311e-02 +1.6994e+00 -3.2874e+00 +5.1330e-01 +1.7911e-01 +1.7988e-01 +2.5003e+00
7673 0 +1.671534827e+00 +2.048153483e+01 +2.048153483e+01 +6.7337e-02 +2.0204e+00 -4.6607e-01 -1.6534e-01 +1.6409e+00 -3.3253e+00 -1.0853e-01 +5.7680e-01 +2.6620e-01 +2.5170e+00
8862 0 +1.633156854e+00 +2.044315685e+01 +2.044315685e+01 -1.6876e-01 +1.9430e+00 -8.4157e-01 +1.3162e-01 +1.4528e+00 -3.2075e+00 +2.4648e-01 +2.5776e-01 +2.6637e-01 +2.6243e+00
9266 0 +9.106768539e-01 +1.972067685e+01 +1.972067685e+01 +4.9164e-04 +1.9921e+00 -7.2707e-01 +9.6216e-02 +1.7159e+00 -3.2665e+00 +9.1092e-02 +5.2610e-01 +3.2549e-01 +2.6819e+00
10199 0 +7.374624444e-01 +1.954746244e+01 +1.954746244e+01 -1.4512e-01 +1.8975e+00 -8.3485e-01 +3.5108e-02 +1.6752e+00 -3.2780e+00 +2.9704e-01 +3.0039e-01 +3.5814e-01 +2.7293e+00
11643 0 +5.132368024e-01 +1.932323680e+01 +1.932323680e+01 +5.0381e-02 +1.9009e+00 -5.8710e-01 +8.9764e-02 +1.7563e+00 -3.1681e+00 +2.0859e-01 +3.4291e-01 +2.2708e-01 +2.5319e+00
11679 0 +3.756301802e-01 +1.918563018e+01 +1.918563018e+01 -1.8686e-01 +1.7789e+00 -8.0254e-01 -1.5456e-02 +1.6672e+00 -3.2746e+00 +2.4948e-01 +3.9887e-01 +3.5678e-01 +2.6877e+00
13653 0 +3.021725179e-01 +1.911217252e+01 +1.911217252e+01 -2.3750e-01 +1.7853e+00 -8.3693e-01 -4.6141e-02 +1.6756e+00 -3.2520e+00 +1.9028e-01 +4.5638e-01 +3.4333e-01 +2.6616e+00
14100 0 +3.021725179e-01 +1.911217252e+01 +1.911217252e+01 -2.3750e-01 +1.7853e+00 -8.3693e-01 -4.6141e-02 +1.6756e+00 -3.2520e+00 +1.9028e-01 +4.5638e-01 +3.4333e-01 +2.6616e+00
% f evaluations | g evaluations | best noise-free fitness - Fopt (2.731500000000e+02) + sum g_i+ | measured fitness | best measured fitness or single-digit g-values | x1 | x2...
1 0 +2.588097321e+02 +5.319597321e+02 +5.319597321e+02 +1.9693e+00 -4.2909e+00 -1.4002e+00 -8.3437e-01 +2.6178e+00 -2.0035e+00 -4.2131e+00 -2.9218e+00 +2.6567e+00 +3.6471e+00
3 0 +6.797019801e+01 +3.411201980e+02 +3.411201980e+02 +2.4626e-01 +1.6463e+00 -5.5962e-01 +3.7028e+00 -2.8776e+00 -1.3761e+00 +4.4026e+00 +1.2610e+00 -4.1091e+00 -4.0685e+00
7 0 +4.234868314e+01 +3.154986831e+02 +3.154986831e+02 -2.5266e+00 +2.5664e+00 -3.6616e-01 +1.6393e+00 +4.9736e+00 -1.9083e+00 -3.1023e+00 -4.3715e+00 -4.1537e-01 +5.2573e-02
36 0 +3.712321197e+01 +3.102732120e+02 +3.102732120e+02 +3.7387e+00 +9.1146e-01 -1.2576e+00 -9.8462e-02 -2.1277e+00 -1.5021e+00 +4.1144e+00 -4.6987e+00 -3.8971e-01 +3.7374e+00
173 0 +3.280305325e+01 +3.059530533e+02 +3.059530533e+02 -2.4410e+00 +4.9229e+00 -3.7384e+00 +4.5307e+00 +3.4987e+00 -4.3996e+00 -2.1285e+00 -3.9001e+00 -1.0865e+00 +3.0849e+00
174 0 +2.023321597e+01 +2.933832160e+02 +2.933832160e+02 -2.8297e+00 +2.9438e+00 -1.9717e+00 +3.3230e+00 +2.8543e+00 -2.3156e+00 -1.2484e-01 -3.5353e+00 -2.3801e+00 +3.0193e+00
806 0 +1.912193410e+01 +2.922719341e+02 +2.922719341e+02 -1.3816e+00 +1.8880e+00 +9.4785e-02 +3.0921e+00 +1.1082e+00 -3.6417e+00 +1.0967e+00 -2.1706e+00 -2.2750e-02 +3.7171e+00
878 0 +1.462370552e+01 +2.877737055e+02 +2.877737055e+02 -3.9714e+00 +1.1648e+00 +1.3596e+00 +3.0929e+00 -1.9106e+00 -3.4537e+00 -4.4244e-01 -2.0629e+00 -2.4725e+00 +4.1800e+00
896 0 +1.241099279e+01 +2.855609928e+02 +2.855609928e+02 -5.6591e-01 +3.0581e+00 +2.5962e+00 +4.0810e-01 +2.8390e+00 -4.3457e+00 +1.0742e+00 +1.5209e+00 -7.4416e-01 +2.4413e+00
1620 0 +6.545325108e+00 +2.796953251e+02 +2.796953251e+02 -4.4797e+00 +4.6781e+00 -6.1773e-01 +5.0655e-01 +4.1092e+00 -3.2805e+00 -1.9651e+00 -1.0303e+00 +1.5772e-01 +3.2520e+00
1822 0 +5.166598781e+00 +2.783165988e+02 +2.783165988e+02 -4.0490e+00 +4.7413e+00 -1.2041e-01 +1.6284e+00 +3.3516e+00 -3.7305e+00 -1.5965e+00 -1.3013e+00 -1.2021e+00 +3.6926e+00
4375 0 +4.735857390e+00 +2.778858574e+02 +2.778858574e+02 -3.4587e+00 +3.8502e+00 +1.8470e-01 +2.3209e+00 +1.5338e+00 -3.1476e+00 -1.5614e+00 -8.6307e-01 -1.4533e+00 +3.6069e+00
5250 0 +4.735857390e+00 +2.778858574e+02 +2.778858574e+02 -3.4587e+00 +3.8502e+00 +1.8470e-01 +2.3209e+00 +1.5338e+00 -3.1476e+00 -1.5614e+00 -8.6307e-01 -1.4533e+00 +3.6069e+00
% f evaluations | g evaluations | best noise-free fitness - Fopt (3.718000000000e+01) + sum g_i+ | measured fitness | best measured fitness or single-digit g-values | x1 | x2...
1 0 +9.466381205e+01 +1.318438121e+02 +1.318438121e+02 +1.9693e+00 -4.2909e+00 -1.4002e+00 -8.3437e-01 +2.6178e+00 -2.0035e+00 -4.2131e+00 -2.9218e+00 +2.6567e+00 +3.6471e+00
4 0 +8.911426296e+01 +1.262942630e+02 +1.262942630e+02 -2.3340e+00 -1.0680e+00 +3.5706e+00 +2.7829e+00 -8.7509e-01 +2.3449e+00 -4.7126e+00 +3.2688e+00 +4.5468e+00 +4.5782e+00
9 0 +3.514965557e+01 +7.232965557e+01 +7.232965557e+01 -4.6020e+00 +1.8198e+00 +8.4293e-01 -1.4296e+00 -1.2749e+00 +3.9617e+00 -2.9061e+00 -3.9492e+00 +5.9593e-02 +1.7356e+00
163 0 +2.339845214e+01 +6.057845214e+01 +6.057845214e+01 -2.2775e+00 +2.6232e+00 +3.1238e+00 -1.4939e+00 -3.2082e+00 +1.6061e+00 -5.2586e-01 -4.0915e+00 -1.7342e+00 +1.7146e+00
783 0 +1.934847694e+01 +5.652847694e+01 +5.652847694e+01 -3.2518e+00 +1.6189e+00 +1.6885e+00 -7.5190e-01 -2.4573e+00 +1.5664e+00 +1.4466e+00 -4.9458e+00 -9.7733e-02 +2.2514e+00
980 0 +1.551466206e+01 +5.269466206e+01 +5.269466206e+01 -2.3595e+00 +4.0790e+00 +1.2371e+00 +1.8031e+00 -3.0607e+00 +1.5659e+00 +6.8404e-02 -4.6225e+00 -3.8407e-01 +2.7995e+00
1194 0 +1.379670044e+01 +5.097670044e+01 +5.097670044e+01 -4.2681e+00 +3.2364e+00 +1.3185e+00 -9.0241e-02 -4.8194e+00 +2.8730e-01 +9.6483e-01 -4.6845e+00 -1.5280e+00 +4.0874e+00
1357 0 +1.158246211e+01 +4.876246211e+01 +4.876246211e+01 -3.7341e+00 +1.8814e+00 +3.9653e+00 +1.4250e+00 -3.9250e+00 -2.2650e-01 +1.8880e+00 -4.5078e+00 -2.2664e+00 +4.2114e+00
1418 0 +9.161460763e+00 +4.634146076e+01 +4.634146076e+01 -3.9891e+00 +1.3566e+00 +1.6923e+00 +1.4697e+00 -3.0883e+00 -1.3203e-01 +1.4530e+00 -3.7010e+00 -1.4473e+00 +3.0534e+00
1863 0 +7.813136818e+00 +4.499313682e+01 +4.499313682e+01 -4.6324e+00 +2.3642e+00 +1.9143e+00 +1.3498e+00 -3.9611e+00 -1.9161e+00 -4.0238e-01 -2.7316e+00 -1.4317e+00 +3.2257e+00
1890 0 +5.596073795e+00 +4.277607379e+01 +4.277607379e+01 -4.3778e+00 +1.7042e+00 +3.3079e+00 +4.6219e-01 -3.7867e+00 -6.7797e-01 +4.7906e-02 -3.0497e+00 -1.9053e+00 +3.2239e+00
3261 0 +4.323755778e+00 +4.150375578e+01 +4.150375578e+01 -3.7454e+00 +1.4628e+00 +2.3418e+00 +1.2545e+00 -3.5771e+00 -9.0781e-01 +1.8752e-01 -3.0834e+00 -1.4602e+00 +2.6012e+00
3495 0 +3.962179505e+00 +4.114217950e+01 +4.114217950e+01 -3.7140e+00 +1.8310e+00 +2.4678e+00 +1.3087e+00 -3.7922e+00 -9.5590e-01 +4.1732e-01 -3.3091e+00 -1.2572e+00 +3.3889e+00
3795 0 +3.582623617e+00 +4.076262362e+01 +4.076262362e+01 -3.6745e+00 +1.4628e+00 +2.3418e+00 +1.7435e+00 -3.0648e+00 -1.7863e+00 +1.8752e-01 -2.7359e+00 -1.5953e+00 +2.6012e+00
4627 0 +3.528345915e+00 +4.070834591e+01 +4.070834591e+01 -4.2660e+00 +2.0038e+00 +2.5248e+00 +1.7040e+00 -3.3140e+00 -7.3625e-01 -2.4514e-01 -3.6670e+00 -2.5145e+00 +2.8472e+00
4645 0 +2.735943086e+00 +3.991594309e+01 +3.991594309e+01 -4.1727e+00 +2.1097e+00 +2.1553e+00 +1.1925e+00 -3.3564e+00 -1.0306e+00 +2.6574e-01 -3.6365e+00 -2.0832e+00 +3.2980e+00
4832 0 +1.669081527e+00 +3.884908153e+01 +3.884908153e+01 -4.1068e+00 +2.5834e+00 +2.4885e+00 +1.0955e+00 -3.5293e+00 -7.2156e-01 +4.9848e-01 -3.7374e+00 -1.8218e+00 +3.3090e+00
8280 0 +1.523434543e+00 +3.870343454e+01 +3.870343454e+01 -3.9598e+00 +2.4954e+00 +2.2936e+00 +1.3473e+00 -3.5637e+00 -1.0369e+00 +3.0476e-01 -3.5775e+00 -1.8788e+00 +3.5879e+00
8759 0 +1.455872496e+00 +3.863587250e+01 +3.863587250e+01 -3.8512e+00 +2.2243e+00 +2.1450e+00 +1.5745e+00 -3.2910e+00 -1.2992e+00 +2.6479e-01 -3.2036e+00 -1.4908e+00 +3.1849e+00
8919 0 +1.330961323e+00 +3.851096132e+01 +3.851096132e+01 -3.7403e+00 +2.0790e+00 +2.3928e+00 +1.6747e+00 -3.3749e+00 -1.3485e+00 +6.0957e-01 -3.2995e+00 -1.9551e+00 +3.2713e+00
10487 0 +7.132745650e-01 +3.789327456e+01 +3.789327456e+01 -3.9300e+00 +2.3003e+00 +2.2493e+00 +1.4636e+00 -3.5203e+00 -1.1205e+00 +3.3608e-01 -3.3792e+00 -1.7603e+00 +3.1878e+00
13646 0 +6.825605884e-01 +3.786256059e+01 +3.786256059e+01 -3.9567e+00 +2.0146e+00 +2.0048e+00 +1.7176e+00 -3.5435e+00 -1.3751e+00 +3.4878e-01 -3.4237e+00 -1.9119e+00 +3.1080e+00
13800 0 +6.825605884e-01 +3.786256059e+01 +3.786256059e+01 -3.9567e+00 +2.0146e+00 +2.0048e+00 +1.7176e+00 -3.5435e+00 -1.3751e+00 +3.4878e-01 -3.4237e+00 -1.9119e+00 +3.1080e+00
% f evaluations | g evaluations | best noise-free fitness - Fopt (-1.479000000000e+02) + sum g_i+ | measured fitness | best measured fitness or single-digit g-values | x1 | x2...
1 0 +9.140063219e+01 -5.649936781e+01 -5.649936781e+01 +1.9693e+00 -4.2909e+00 -1.4002e+00 -8.3437e-01 +2.6178e+00 -2.0035e+00 -4.2131e+00 -2.9218e+00 +2.6567e+00 +3.6471e+00
2 0 +8.074657246e+01 -6.715342754e+01 -6.715342754e+01 +2.5259e+00 -3.2988e-01 -4.6040e+00 +2.2305e-01 -5.0597e-01 +2.5384e+00 -4.3652e+00 +4.5803e+00 -1.1248e+00 -1.7406e+00
6 0 +6.246249032e+01 -8.543750968e+01 -8.543750968e+01 +4.6998e+00 -2.3725e+00 -9.8820e-01 -4.6070e+00 +4.4354e+00 +1.8316e+00 -3.8206e+00 -3.6125e-01 +4.8532e+00 -4.5420e-01
9 0 +3.994208181e+01 -1.079579182e+02 -1.079579182e+02 -4.6020e+00 +1.8198e+00 +8.4293e-01 -1.4296e+00 -1.2749e+00 +3.9617e+00 -2.9061e+00 -3.9492e+00 +5.9593e-02 +1.7356e+00
32 0 +3.429261905e+01 -1.136073809e+02 -1.136073809e+02 -1.0574e+00 -2.7495e+00 +1.0121e+00 +1.8647e+00 -4.5813e+00 -5.8981e-01 +2.3597e+00 +1.6091e+00 -3.1636e-01 +2.6315e-01
40 0 +2.872389543e+01 -1.191761046e+02 -1.191761046e+02 +1.4055e+00 -4.5819e+00 +5.4272e-01 -2.2284e+00 -3.3990e+00 +1.0466e-01 +1.1512e+00 -3.0430e-02 -4.6637e+00 -2.8790e-01
342 0 +2.751316998e+01 -1.203868300e+02 -1.203868300e+02 +6.0462e-01 -1.1072e+00 -2.3523e-01 -3.8965e+00 -1.4531e+00 +2.0234e+00 -1.1077e+00 -3.7826e+00 -3.2427e+00 +2.8273e+00
470 0 +2.350839966e+01 -1.243916003e+02 -1.243916003e+02 +2.5430e-01 +4.4543e-01 -2.3278e-01 -3.8180e+00 +1.5140e+00 +3.6906e+00 -1.6091e-01 -2.8172e+00 -1.6516e+00 +2.8843e+00
699 0 +1.890470338e+01 -1.289952966e+02 -1.289952966e+02 +1.1470e+00 +1.9528e+00 +2.3530e+00 -2.6079e+00 +3.6534e+00 +1.0317e+00 +1.7879e-01 -2.5349e+00 -3.1754e-01 -1.8318e+00
795 0 +1.641547227e+01 -1.314845277e+02 -1.314845277e+02 -3.0287e-01 +2.6267e+00 +2.9644e+00 -2.0152e+00 +3.1262e+00 -9.5978e-01 -6.1131e-01 +1.3057e+00 -1.7322e+00 +1.4576e+00
1048 0 +1.223644610e+01 -1.356635539e+02 -1.356635539e+02 +3.3694e-01 +1.4598e+00 +1.8497e+00 -1.7187e+00 +1.3647e+00 -4.4726e-01 -4.7237e-01 +1.2528e+00 +7.7909e-01 -2.8065e+00
2582 0 +1.136086098e+01 -1.365391390e+02 -1.365391390e+02 -4.3489e-01 +2.6014e+00 +1.8602e+00 -2.2858e+00 -5.8928e-01 +2.7562e-01 -3.5967e-01 -1.1464e+00 -1.4368e+00 -7.5167e-01
2762 0 +8.012321984e+00 -1.398876780e+02 -1.398876780e+02 -5.8339e-01 +1.7115e+00 +1.5370e+00 -1.4340e+00 +1.2322e+00 +5.7893e-01 -1.1866e+00 -1.8738e-01 -1.7325e+00 -3.1868e-01
3906 0 +7.489543189e+00 -1.404104568e+02 -1.404104568e+02 -5.8339e-01 +1.1710e+00 +1.5370e+00 -2.1110e+00 -1.0690e+00 +1.3917e-01 -1.1866e+00 -7.0910e-01 -1.7325e+00 -3.1868e-01
4325 0 +7.126112458e+00 -1.407738875e+02 -1.407738875e+02 -7.3592e-01 -8.9345e-03 +1.9384e+00 -1.8498e+00 -7.0177e-01 -1.3520e-01 -1.2193e+00 -1.1028e+00 -2.4078e+00 +2.0261e-01
4449 0 +6.846444253e+00 -1.410535557e+02 -1.410535557e+02 +1.1326e-01 +9.1885e-01 +1.5588e+00 -2.0930e+00 -7.9007e-01 +1.5035e-01 -1.2962e+00 -3.5553e-01 -1.5241e+00 -7.7020e-01
4639 0 +4.481698958e+00 -1.434183010e+02 -1.434183010e+02 -2.4091e-01 +1.7130e+00 +9.6078e-01 -1.9928e+00 +2.1650e-01 +8.3291e-01 -1.4390e+00 -4.4188e-03 -1.8623e+00 -4.2776e-01
8142 0 +4.266673761e+00 -1.436333262e+02 -1.436333262e+02 -3.2985e-01 +1.6748e+00 +1.1743e+00 -1.9900e+00 +2.3618e-01 +7.2380e-01 -1.3825e+00 +1.0133e-01 -1.9034e+00 -2.1093e-01
9608 0 +4.228840299e+00 -1.436711597e+02 -1.436711597e+02 -5.6372e-01 +1.8618e+00 +1.5773e+00 -1.7175e+00 +4.3022e-01 +8.8580e-01 -1.1067e+00 -2.4513e-01 -1.3776e+00 -4.3797e-01
9685 0 +4.049489088e+00 -1.438505109e+02 -1.438505109e+02 -4.4545e-01 +1.8651e+00 +1.6910e+00 -1.7984e+00 +3.4154e-01 +8.3086e-01 -1.2194e+00 -3.1478e-01 -1.5735e+00 -5.2044e-01
9900 0 +4.049489088e+00 -1.438505109e+02 -1.438505109e+02 -4.4545e-01 +1.8651e+00 +1.6910e+00 -1.7984e+00 +3.4154e-01 +8.3086e-01 -1.2194e+00 -3.1478e-01 -1.5735e+00 -5.2044e-01
% f evaluations | g evaluations | best noise-free fitness - Fopt (-1.694000000000e+01) + sum g_i+ | measured fitness | best measured fitness or single-digit g-values | x1 | x2...
1 0 +1.270057235e+03 +1.253117235e+03 +1.253117235e+03 +1.9693e+00 -4.2909e+00 -1.4002e+00 -8.3437e-01 +2.6178e+00 -2.0035e+00 -4.2131e+00 -2.9218e+00 +2.6567e+00 +3.6471e+00
2 0 +4.133954427e+02 +3.964554427e+02 +3.964554427e+02 +2.5259e+00 -3.2988e-01 -4.6040e+00 +2.2305e-01 -5.0597e-01 +2.5384e+00 -4.3652e+00 +4.5803e+00 -1.1248e+00 -1.7406e+00
3 0 +1.284166983e+02 +1.114766983e+02 +1.114766983e+02 +2.4626e-01 +1.6463e+00 -5.5962e-01 +3.7028e+00 -2.8776e+00 -1.3761e+00 +4.4026e+00 +1.2610e+00 -4.1091e+00 -4.0685e+00
24 0 +1.060896577e+02 +8.914965774e+01 +8.914965774e+01 +5.4831e-01 +4.6698e-01 -1.9717e+00 +3.3230e+00 -2.3773e+00 -4.9896e+00 +3.6112e+00 -7.8893e-02 +2.1479e+00 +4.7106e+00
27 0 +7.414251362e+01 +5.720251362e+01 +5.720251362e+01 +3.4179e+00 +4.0807e+00 +8.3233e-02 +4.7047e+00 -1.6170e-01 +9.4700e-01 -9.8624e-01 -2.9785e+00 +1.3444e+00 +3.3721e+00
57 0 +6.569436963e+01 +4.875436963e+01 +4.875436963e+01 +5.2019e-01 -2.2033e+00 -1.8638e+00 +8.2725e-01 -1.0941e-01 -1.7098e+00 +3.5392e+00 +8.8255e-01 -6.2361e-01 -3.5434e+00
90 0 +5.286801990e+01 +3.592801990e+01 +3.592801990e+01 -2.9783e-01 +1.3777e+00 +6.8066e-01 +5.4509e-01 +2.1992e+00 -1.0351e+00 -3.8076e-01 +4.8980e-01 -1.2064e+00 -3.4913e+00
156 0 +4.256120341e+01 +2.562120341e+01 +2.562120341e+01 +4.6998e+00 +1.2898e+00 -1.0689e+00 +2.4414e+00 +2.7863e-02 -1.5209e+00 +4.0240e+00 -3.6125e-01 -3.1100e+00 -4.4021e-02
186 0 +4.128052879e+01 +2.434052879e+01 +2.434052879e+01 +3.7387e+00 +2.5462e+00 -1.2576e+00 -1.8211e+00 -6.0558e-01 +1.6586e+00 +1.7710e+00 -4.6987e+00 +1.0003e+00 -1.0083e+00
216 0 +3.286413269e+01 +1.592413269e+01 +1.592413269e+01 +3.6408e+00 +2.2060e+00 -3.5775e-01 -9.9016e-01 +3.8480e+00 -1.7192e+00 +4.8539e+00 +1.9150e+00 -4.0704e-01 -4.4938e+00
396 0 +2.016651585e+01 +3.226515852e+00 +3.226515852e+00 +2.5912e+00 +2.0625e+00 -2.0808e+00 -5.4097e-01 +2.0159e+00 -1.9795e+00 +1.0907e+00 -9.7572e-01 +4.6439e-01 -3.1585e+00
1071 0 +1.784386569e+01 +9.038656876e-01 +9.038656876e-01 +4.8167e+00 +2.9986e+00 -4.7804e+00 +9.0575e-01 +2.7059e+00 -3.8271e-01 +2.2913e+00 -2.9140e+00 -1.3802e+00 -4.1234e-01
1399 0 +1.678331128e+01 -1.566887200e-01 -1.566887200e-01 +2.9658e+00 +1.1886e+00 -2.7637e+00 +5.3570e-01 +1.3585e+00 -4.5117e+00 +1.5707e+00 -2.7788e+00 -7.3525e-01 -2.3552e+00
1419 0 +1.261212759e+01 -4.327872410e+00 -4.327872410e+00 +3.1646e+00 +2.2841e+00 -2.4659e+00 +1.8634e+00 +3.4763e+00 -5.2495e-01 +3.3718e+00 -2.7426e+00 -1.7613e+00 -4.2087e+00
1912 0 +1.256377954e+01 -4.376220460e+00 -4.376220460e+00 +3.0947e+00 +2.9385e+00 -1.8091e+00 +1.4700e+00 -1.5928e-01 -2.5436e+00 +3.9317e+00 -1.5213e+00 -9.2541e-01 -3.7768e+00
2496 0 +1.227193243e+01 -4.668067572e+00 -4.668067572e+00 +3.1236e+00 +3.0008e+00 -2.6327e+00 +2.8557e+00 +1.7453e+00 -1.5252e+00 +3.4664e+00 -9.0850e-01 -7.0056e-01 -3.4317e+00
2551 0 +9.848163903e+00 -7.091836097e+00 -7.091836097e+00 +2.6503e+00 +2.5548e+00 -2.3293e+00 +1.3713e+00 +1.7453e+00 -7.3795e-01 +1.7787e+00 -2.7803e+00 -7.0056e-01 -3.4317e+00
2766 0 +7.888964618e+00 -9.051035382e+00 -9.051035382e+00 +3.6838e+00 +2.8946e+00 -9.2168e-01 +1.0482e+00 -3.1039e-02 -1.9233e+00 +2.5074e+00 -2.0361e+00 -6.5735e-01 -2.5312e+00
2935 0 +7.095590152e+00 -9.844409848e+00 -9.844409848e+00 +3.4590e+00 +3.4968e+00 -3.3958e+00 +1.8376e+00 +1.5923e+00 -1.8137e+00 +2.6449e+00 -2.7040e+00 -1.1560e+00 -2.4140e+00
3197 0 +6.622229123e+00 -1.031777088e+01 -1.031777088e+01 +3.4067e+00 +2.8450e+00 -1.6620e+00 +2.3441e+00 +1.8120e+00 -1.5298e+00 +4.0801e+00 -2.0943e+00 -8.5785e-01 -1.5363e+00
3603 0 +4.840758207e+00 -1.209924179e+01 -1.209924179e+01 +3.4062e+00 +2.6069e+00 -1.0666e+00 +1.8297e+00 +1.6596e+00 -1.8292e+00 +3.7328e+00 -1.7499e+00 -8.3398e-01 -2.1114e+00
3804 0 +4.768620345e+00 -1.217137965e+01 -1.217137965e+01 +3.3678e+00 +2.4932e+00 -1.4719e+00 +1.9879e+00 +1.6527e+00 -1.8996e+00 +2.6517e+00 -2.3604e+00 -2.7943e-01 -2.0230e+00
3811 0 +4.217245702e+00 -1.272275430e+01 -1.272275430e+01 +3.7797e+00 +2.2747e+00 -1.6814e-03 +1.7114e+00 +7.2586e-01 -1.8750e+00 +3.1271e+00 -2.7173e+00 -9.8772e-02 -2.1872e+00
3974 0 +3.959255763e+00 -1.298074424e+01 -1.298074424e+01 +3.6673e+00 +2.4489e+00 +6.2546e-02 +1.1977e+00 +1.0363e+00 -2.2722e+00 +3.4063e+00 -3.0275e+00 +3.9789e-04 -2.0466e+00
5284 0 +3.407346943e+00 -1.353265306e+01 -1.353265306e+01 +3.6239e+00 +2.6277e+00 -6.2758e-01 +1.7471e+00 +1.5698e+00 -1.5204e+00 +3.5008e+00 -2.7942e+00 -6.7789e-01 -1.8469e+00
5992 0 +3.329516065e+00 -1.361048393e+01 -1.361048393e+01 +3.7584e+00 +2.5737e+00 -2.8364e+00 +1.2414e+00 +1.4897e+00 -1.5446e+00 +3.2620e+00 -2.0326e+00 -1.0427e+00 -2.3529e+00
6087 0 +1.888750831e+00 -1.505124917e+01 -1.505124917e+01 +3.6348e+00 +2.3404e+00 -2.2919e+00 +1.1895e+00 +1.6932e+00 -2.1369e+00 +2.9638e+00 -3.2679e+00 -7.0132e-01 -1.6396e+00
10048 0 +1.356356544e+00 -1.558364346e+01 -1.558364346e+01 +3.5966e+00 +2.3792e+00 -2.2242e+00 +1.0275e+00 +1.8285e+00 -2.1303e+00 +3.3009e+00 -3.1055e+00 -4.3912e-01 -1.7896e+00
10957 0 +1.348421544e+00 -1.559157846e+01 -1.559157846e+01 +3.5559e+00 +2.4455e+00 -2.4745e+00 +1.2562e+00 +1.8756e+00 -2.1106e+00 +3.3970e+00 -2.7757e+00 -3.8432e-01 -1.8879e+00
11654 0 +1.174238956e+00 -1.576576104e+01 -1.576576104e+01 +3.7619e+00 +2.4705e+00 -2.9054e+00 +1.0241e+00 +1.6405e+00 -1.9023e+00 +3.4641e+00 -2.6272e+00 -7.5495e-01 -1.8601e+00
12107 0 +9.304574470e-01 -1.600954255e+01 -1.600954255e+01 +3.8356e+00 +2.4624e+00 -3.2167e+00 +7.2561e-01 +1.7938e+00 -1.9371e+00 +3.2555e+00 -2.8019e+00 -8.5508e-01 -1.7629e+00
13229 0 +6.419780533e-01 -1.629802195e+01 -1.629802195e+01 +3.8379e+00 +2.4332e+00 -2.9123e+00 +7.7431e-01 +1.7437e+00 -2.0279e+00 +3.2813e+00 -2.8578e+00 -7.9605e-01 -1.8086e+00
17283 0 +5.744170238e-01 -1.636558298e+01 -1.636558298e+01 +3.9138e+00 +2.4182e+00 -3.0908e+00 +7.6205e-01 +1.6624e+00 -2.0487e+00 +3.2361e+00 -2.7969e+00 -7.9667e-01 -1.7239e+00
17840 0 +5.427043273e-01 -1.639729567e+01 -1.639729567e+01 +3.8738e+00 +2.4568e+00 -2.9701e+00 +8.6399e-01 +1.6778e+00 -2.0296e+00 +3.2975e+00 -2.7857e+00 -8.0139e-01 -1.7674e+00
19458 0 +5.334974088e-01 -1.640650259e+01 -1.640650259e+01 +3.8256e+00 +2.4089e+00 -3.1203e+00 +8.4658e-01 +1.8591e+00 -2.0151e+00 +3.3180e+00 -2.8660e+00 -7.7240e-01 -1.7288e+00
20101 0 +4.926686823e-01 -1.644733132e+01 -1.644733132e+01 +3.8674e+00 +2.4089e+00 -3.1158e+00 +8.1421e-01 +1.7622e+00 -2.0151e+00 +3.2902e+00 -2.8486e+00 -7.8793e-01 -1.7129e+00
20266 0 +4.486591464e-01 -1.649134085e+01 -1.649134085e+01 +3.8264e+00 +2.4217e+00 -3.0819e+00 +8.4874e-01 +1.8196e+00 -1.9934e+00 +3.2753e+00 -2.9041e+00 -8.0356e-01 -1.7688e+00
20568 0 +3.754798184e-01 -1.656452018e+01 -1.656452018e+01 +3.8424e+00 +2.4215e+00 -3.1349e+00 +8.4197e-01 +1.8158e+00 -2.0203e+00 +3.2947e+00 -2.8908e+00 -7.4924e-01 -1.7399e+00
21300 0 +3.754798184e-01 -1.656452018e+01 -1.656452018e+01 +3.8424e+00 +2.4215e+00 -3.1349e+00 +8.4197e-01 +1.8158e+00 -2.0203e+00 +3.2947e+00 -2.8908e+00 -7.4924e-01 -1.7399e+00
% f evaluations | g evaluations | best noise-free fitness - Fopt (1.881000000000e+01) + sum g_i+ | measured fitness | best measured fitness or single-digit g-values | x1 | x2...
1 0 +6.245251526e+01 +8.126251526e+01 +8.126251526e+01 +1.9693e+00 -4.2909e+00 -1.4002e+00 -8.3437e-01 +2.6178e+00 -2.0035e+00 -4.2131e+00 -2.9218e+00 +2.6567e+00 +3.6471e+00
5 0 +5.128561943e+01 +7.009561943e+01 +7.009561943e+01 +4.1981e+00 -4.6575e-02 -4.5527e-01 +2.9747e+00 -2.1962e+00 -2.9349e+00 +3.2881e-01 +1.7712e+00 -1.1672e+00 +9.3903e-01
36 0 +4.965867120e+01 +6.846867120e+01 +6.846867120e+01 +3.7387e+00 +9.1146e-01 -1.2576e+00 -9.8462e-02 -2.1277e+00 -1.5021e+00 +4.1144e+00 -4.6987e+00 -3.8971e-01 +3.7374e+00
37 0 +3.465477595e+01 +5.346477595e+01 +5.346477595e+01 +4.2109e+00 -9.8143e-01 +3.7175e-01 -1.0436e+00 +2.7079e+00 -8.7194e-01 -1.6944e+00 +2.8712e+00 +3.1311e-01 +3.9360e+00
80 0 +2.927475925e+01 +4.808475925e+01 +4.808475925e+01 -1.4125e+00 +6.2655e-02 +4.0831e-01 -1.8944e+00 +1.8649e-01 -3.7101e+00 +1.0863e+00 +1.3365e+00 +5.1583e-01 +2.6686e+00
320 0 +2.105817695e+01 +3.986817695e+01 +3.986817695e+01 -1.6135e+00 +8.7116e-01 -1.9056e+00 +9.2647e-01 +3.0723e+00 -3.5041e+00 -1.7195e+00 -3.4498e-01 -5.4901e-01 +2.8823e+00
584 0 +2.016060823e+01 +3.897060823e+01 +3.897060823e+01 -3.1864e-01 +3.3184e+00 -1.0516e+00 +1.2532e+00 +4.2891e+00 -3.2884e+00 +5.4363e-01 +8.7055e-01 -1.7351e+00 +3.3265e+00
612 0 +1.947036132e+01 +3.828036132e+01 +3.828036132e+01 +2.8403e-01 +8.1692e-01 -3.7966e-01 +9.9380e-01 +3.0083e+00 -2.6222e+00 -1.5517e+00 +2.7065e+00 +3.4887e-01 +3.5801e+00
1070 0 +1.734855916e+01 +3.615855916e+01 +3.615855916e+01 -1.9714e+00 +8.1113e-01 -1.5741e+00 +1.7115e+00 +3.4163e+00 -3.0273e+00 +1.6692e+00 +6.9932e-01 -1.1575e+00 +2.3192e+00
1102 0 +1.526389054e+01 +3.407389054e+01 +3.407389054e+01 -1.4518e-01 +2.6510e+00 +1.5941e+00 -1.1921e+00 +1.8833e+00 -2.3052e+00 +6.7930e-01 +2.1136e+00 -1.3966e+00 +4.3774e+00
1213 0 +1.407165653e+01 +3.288165653e+01 +3.288165653e+01 +1.9905e+00 +2.5049e+00 +2.8839e+00 -2.7875e-01 +3.7092e-01 -3.1175e+00 -9.1065e-01 +1.1868e+00 -3.8717e+00 +3.6962e+00
1308 0 +1.366044843e+01 +3.247044843e+01 +3.247044843e+01 +2.2692e+00 +2.9615e+00 +9.0003e-01 +4.9741e-01 +9.9469e-01 -6.7396e-01 +1.7193e-01 +2.7112e-01 -1.2899e+00 +3.0418e+00
1525 0 +1.230368814e+01 +3.111368814e+01 +3.111368814e+01 -8.0676e-01 +2.4027e-01 +3.8338e-01 -4.1049e-01 +2.7783e+00 -9.3185e-01 -8.7515e-01 +1.8128e+00 +3.9457e-02 +1.8678e+00
2216 0 +1.034909345e+01 +2.915909345e+01 +2.915909345e+01 -1.1842e+00 +1.3513e+00 -6.3433e-01 +1.7670e-01 +1.6022e+00 -3.4022e+00 -8.1367e-01 -1.8035e-01 +1.0336e+00 +4.3634e+00
2298 0 +1.018829003e+01 +2.899829003e+01 +2.899829003e+01 +1.4689e-01 +1.1052e+00 +3.2852e-01 +1.8274e-01 +2.2034e+00 -2.8543e+00 +6.1148e-02 +1.0902e+00 -3.9316e-01 +1.5907e+00
2362 0 +9.731775326e+00 +2.854177533e+01 +2.854177533e+01 +4.7571e-01 +2.1085e+00 -2.5735e-01 +1.6459e-01 +1.7603e+00 -2.5448e+00 -9.4798e-01 +2.0104e+00 -6.8482e-02 +1.6750e+00
2772 0 +8.639671740e+00 +2.744967174e+01 +2.744967174e+01 -6.1594e-02 +1.9192e+00 -1.9924e+00 +1.3481e+00 +1.7719e+00 -3.1145e+00 +1.1172e+00 +8.1594e-01 -2.5989e-01 +2.4965e+00
3148 0 +8.306209612e+00 +2.711620961e+01 +2.711620961e+01 -6.5222e-01 +8.1062e-01 -9.5040e-01 +2.8459e-01 +1.6632e+00 -2.5806e+00 -4.6617e-01 +7.4034e-01 -5.7808e-02 +3.0726e+00
4257 0 +6.888815149e+00 +2.569881515e+01 +2.569881515e+01 +2.3786e-01 +2.1437e+00 +7.5906e-01 +4.9077e-02 +2.7445e+00 -2.8951e+00 -2.9264e-01 +1.9247e+00 -6.5158e-01 +2.2601e+00
4498 0 +5.567522582e+00 +2.437752258e+01 +2.437752258e+01 -6.1594e-02 +1.9192e+00 -2.8224e-01 +2.8184e-01 +1.7953e+00 -3.1145e+00 -7.7868e-01 +1.1001e+00 -2.5989e-01 +2.7184e+00
4825 0 +4.697562170e+00 +2.350756217e+01 +2.350756217e+01 -9.7906e-01 +1.8897e+00 -3.9094e-01 +2.4156e-01 +1.1602e+00 -3.4383e+00 -2.8911e-01 +1.2781e-01 -6.9609e-01 +2.4352e+00
5741 0 +4.153487525e+00 +2.296348753e+01 +2.296348753e+01 -9.2027e-01 +1.9231e+00 -9.6609e-01 -2.7384e-01 +1.6754e+00 -3.5790e+00 -3.4084e-01 +7.7085e-01 +2.3462e-01 +2.4544e+00
6031 0 +3.789793190e+00 +2.259979319e+01 +2.259979319e+01 -4.8886e-01 +2.1731e+00 -9.1757e-01 -4.3465e-01 +1.9253e+00 -3.1605e+00 -2.5339e-01 +4.1461e-01 +9.2620e-02 +2.1150e+00
6385 0 +2.953596900e+00 +2.176359690e+01 +2.176359690e+01 +7.8918e-02 +2.0560e+00 -6.7823e-01 -3.8237e-02 +1.6537e+00 -3.2005e+00 -1.5218e-01 +6.5985e-01 -2.3482e-01 +2.6066e+00
6545 0 +2.740379442e+00 +2.155037944e+01 +2.155037944e+01 +5.9564e-01 +2.2429e+00 -3.0173e-01 +4.4963e-02 +1.6179e+00 -2.9930e+00 +2.3116e-01 +6.4064e-01 -2.4805e-01 +2.8408e+00
6806 0 +2.358990013e+00 +2.116899001e+01 +2.116899001e+01 -1.5862e-01 +1.9856e+00 -7.4225e-01 +1.3541e-01 +1.9755e+00 -3.4457e+00 -5.2281e-02 +5.4010e-01 +7.8564e-01 +2.4351e+00
7213 0 +2.138070511e+00 +2.094807051e+01 +2.094807051e+01 -2.8042e-01 +1.8302e+00 -1.0624e+00 +1.5367e-01 +1.6762e+00 -3.2730e+00 +1.0387e-01 +7.8881e-01 +1.5521e-01 +2.7866e+00
7539 0 +2.063487376e+00 +2.087348738e+01 +2.087348738e+01 +9.4537e-02 +2.1601e+00 -5.5126e-01 +7.2311e-02 +1.6994e+00 -3.2874e+00 +5.1330e-01 +1.7911e-01 +1.7988e-01 +2.5003e+00
7673 0 +1.671534827e+00 +2.048153483e+01 +2.048153483e+01 +6.7337e-02 +2.0204e+00 -4.6607e-01 -1.6534e-01 +1.6409e+00 -3.3253e+00 -1.0853e-01 +5.7680e-01 +2.6620e-01 +2.5170e+00
8862 0 +1.633156854e+00 +2.044315685e+01 +2.044315685e+01 -1.6876e-01 +1.9430e+00 -8.4157e-01 +1.3162e-01 +1.4528e+00 -3.2075e+00 +2.4648e-01 +2.5776e-01 +2.6637e-01 +2.6243e+00
9266 0 +9.106768539e-01 +1.972067685e+01 +1.972067685e+01 +4.9164e-04 +1.9921e+00 -7.2707e-01 +9.6216e-02 +1.7159e+00 -3.2665e+00 +9.1092e-02 +5.2610e-01 +3.2549e-01 +2.6819e+00
10199 0 +7.374624444e-01 +1.954746244e+01 +1.954746244e+01 -1.4512e-01 +1.8975e+00 -8.3485e-01 +3.5108e-02 +1.6752e+00 -3.2780e+00 +2.9704e-01 +3.0039e-01 +3.5814e-01 +2.7293e+00
11643 0 +5.132368024e-01 +1.932323680e+01 +1.932323680e+01 +5.0381e-02 +1.9009e+00 -5.8710e-01 +8.9764e-02 +1.7563e+00 -3.1681e+00 +2.0859e-01 +3.4291e-01 +2.2708e-01 +2.5319e+00
11679 0 +3.756301802e-01 +1.918563018e+01 +1.918563018e+01 -1.8686e-01 +1.7789e+00 -8.0254e-01 -1.5456e-02 +1.6672e+00 -3.2746e+00 +2.4948e-01 +3.9887e-01 +3.5678e-01 +2.6877e+00
13653 0 +3.021725179e-01 +1.911217252e+01 +1.911217252e+01 -2.3750e-01 +1.7853e+00 -8.3693e-01 -4.6141e-02 +1.6756e+00 -3.2520e+00 +1.9028e-01 +4.5638e-01 +3.4333e-01 +2.6616e+00
14100 0 +3.021725179e-01 +1.911217252e+01 +1.911217252e+01 -2.3750e-01 +1.7853e+00 -8.3693e-01 -4.6141e-02 +1.6756e+00 -3.2520e+00 +1.9028e-01 +4.5638e-01 +3.4333e-01 +2.6616e+00
% f evaluations | g evaluations | best noise-free fitness - Fopt (2.731500000000e+02) + sum g_i+ | measured fitness | best measured fitness or single-digit g-values | x1 | x2...
1 0 +2.588097321e+02 +5.319597321e+02 +5.319597321e+02 +1.9693e+00 -4.2909e+00 -1.4002e+00 -8.3437e-01 +2.6178e+00 -2.0035e+00 -4.2131e+00 -2.9218e+00 +2.6567e+00 +3.6471e+00
3 0 +6.797019801e+01 +3.411201980e+02 +3.411201980e+02 +2.4626e-01 +1.6463e+00 -5.5962e-01 +3.7028e+00 -2.8776e+00 -1.3761e+00 +4.4026e+00 +1.2610e+00 -4.1091e+00 -4.0685e+00
7 0 +4.234868314e+01 +3.154986831e+02 +3.154986831e+02 -2.5266e+00 +2.5664e+00 -3.6616e-01 +1.6393e+00 +4.9736e+00 -1.9083e+00 -3.1023e+00 -4.3715e+00 -4.1537e-01 +5.2573e-02
36 0 +3.712321197e+01 +3.102732120e+02 +3.102732120e+02 +3.7387e+00 +9.1146e-01 -1.2576e+00 -9.8462e-02 -2.1277e+00 -1.5021e+00 +4.1144e+00 -4.6987e+00 -3.8971e-01 +3.7374e+00
173 0 +3.280305325e+01 +3.059530533e+02 +3.059530533e+02 -2.4410e+00 +4.9229e+00 -3.7384e+00 +4.5307e+00 +3.4987e+00 -4.3996e+00 -2.1285e+00 -3.9001e+00 -1.0865e+00 +3.0849e+00
174 0 +2.023321597e+01 +2.933832160e+02 +2.933832160e+02 -2.8297e+00 +2.9438e+00 -1.9717e+00 +3.3230e+00 +2.8543e+00 -2.3156e+00 -1.2484e-01 -3.5353e+00 -2.3801e+00 +3.0193e+00
806 0 +1.912193410e+01 +2.922719341e+02 +2.922719341e+02 -1.3816e+00 +1.8880e+00 +9.4785e-02 +3.0921e+00 +1.1082e+00 -3.6417e+00 +1.0967e+00 -2.1706e+00 -2.2750e-02 +3.7171e+00
878 0 +1.462370552e+01 +2.877737055e+02 +2.877737055e+02 -3.9714e+00 +1.1648e+00 +1.3596e+00 +3.0929e+00 -1.9106e+00 -3.4537e+00 -4.4244e-01 -2.0629e+00 -2.4725e+00 +4.1800e+00
896 0 +1.241099279e+01 +2.855609928e+02 +2.855609928e+02 -5.6591e-01 +3.0581e+00 +2.5962e+00 +4.0810e-01 +2.8390e+00 -4.3457e+00 +1.0742e+00 +1.5209e+00 -7.4416e-01 +2.4413e+00
1620 0 +6.545325108e+00 +2.796953251e+02 +2.796953251e+02 -4.4797e+00 +4.6781e+00 -6.1773e-01 +5.0655e-01 +4.1092e+00 -3.2805e+00 -1.9651e+00 -1.0303e+00 +1.5772e-01 +3.2520e+00
1822 0 +5.166598781e+00 +2.783165988e+02 +2.783165988e+02 -4.0490e+00 +4.7413e+00 -1.2041e-01 +1.6284e+00 +3.3516e+00 -3.7305e+00 -1.5965e+00 -1.3013e+00 -1.2021e+00 +3.6926e+00
4375 0 +4.735857390e+00 +2.778858574e+02 +2.778858574e+02 -3.4587e+00 +3.8502e+00 +1.8470e-01 +2.3209e+00 +1.5338e+00 -3.1476e+00 -1.5614e+00 -8.6307e-01 -1.4533e+00 +3.6069e+00
5250 0 +4.735857390e+00 +2.778858574e+02 +2.778858574e+02 -3.4587e+00 +3.8502e+00 +1.8470e-01 +2.3209e+00 +1.5338e+00 -3.1476e+00 -1.5614e+00 -8.6307e-01 -1.4533e+00 +3.6069e+00
% f evaluations | g evaluations | best noise-free fitness - Fopt (3.718000000000e+01) + sum g_i+ | measured fitness | best measured fitness or single-digit g-values | x1 | x2...
1 0 +9.466381205e+01 +1.318438121e+02 +1.318438121e+02 +1.9693e+00 -4.2909e+00 -1.4002e+00 -8.3437e-01 +2.6178e+00 -2.0035e+00 -4.2131e+00 -2.9218e+00 +2.6567e+00 +3.6471e+00
4 0 +8.911426296e+01 +1.262942630e+02 +1.262942630e+02 -2.3340e+00 -1.0680e+00 +3.5706e+00 +2.7829e+00 -8.7509e-01 +2.3449e+00 -4.7126e+00 +3.2688e+00 +4.5468e+00 +4.5782e+00
9 0 +3.514965557e+01 +7.232965557e+01 +7.232965557e+01 -4.6020e+00 +1.8198e+00 +8.4293e-01 -1.4296e+00 -1.2749e+00 +3.9617e+00 -2.9061e+00 -3.9492e+00 +5.9593e-02 +1.7356e+00
163 0 +2.339845214e+01 +6.057845214e+01 +6.057845214e+01 -2.2775e+00 +2.6232e+00 +3.1238e+00 -1.4939e+00 -3.2082e+00 +1.6061e+00 -5.2586e-01 -4.0915e+00 -1.7342e+00 +1.7146e+00
783 0 +1.934847694e+01 +5.652847694e+01 +5.652847694e+01 -3.2518e+00 +1.6189e+00 +1.6885e+00 -7.5190e-01 -2.4573e+00 +1.5664e+00 +1.4466e+00 -4.9458e+00 -9.7733e-02 +2.2514e+00
980 0 +1.551466206e+01 +5.269466206e+01 +5.269466206e+01 -2.3595e+00 +4.0790e+00 +1.2371e+00 +1.8031e+00 -3.0607e+00 +1.5659e+00 +6.8404e-02 -4.6225e+00 -3.8407e-01 +2.7995e+00
1194 0 +1.379670044e+01 +5.097670044e+01 +5.097670044e+01 -4.2681e+00 +3.2364e+00 +1.3185e+00 -9.0241e-02 -4.8194e+00 +2.8730e-01 +9.6483e-01 -4.6845e+00 -1.5280e+00 +4.0874e+00
1357 0 +1.158246211e+01 +4.876246211e+01 +4.876246211e+01 -3.7341e+00 +1.8814e+00 +3.9653e+00 +1.4250e+00 -3.9250e+00 -2.2650e-01 +1.8880e+00 -4.5078e+00 -2.2664e+00 +4.2114e+00
1418 0 +9.161460763e+00 +4.634146076e+01 +4.634146076e+01 -3.9891e+00 +1.3566e+00 +1.6923e+00 +1.4697e+00 -3.0883e+00 -1.3203e-01 +1.4530e+00 -3.7010e+00 -1.4473e+00 +3.0534e+00
1863 0 +7.813136818e+00 +4.499313682e+01 +4.499313682e+01 -4.6324e+00 +2.3642e+00 +1.9143e+00 +1.3498e+00 -3.9611e+00 -1.9161e+00 -4.0238e-01 -2.7316e+00 -1.4317e+00 +3.2257e+00
1890 0 +5.596073795e+00 +4.277607379e+01 +4.277607379e+01 -4.3778e+00 +1.7042e+00 +3.3079e+00 +4.6219e-01 -3.7867e+00 -6.7797e-01 +4.7906e-02 -3.0497e+00 -1.9053e+00 +3.2239e+00
3261 0 +4.323755778e+00 +4.150375578e+01 +4.150375578e+01 -3.7454e+00 +1.4628e+00 +2.3418e+00 +1.2545e+00 -3.5771e+00 -9.0781e-01 +1.8752e-01 -3.0834e+00 -1.4602e+00 +2.6012e+00
3495 0 +3.962179505e+00 +4.114217950e+01 +4.114217950e+01 -3.7140e+00 +1.8310e+00 +2.4678e+00 +1.3087e+00 -3.7922e+00 -9.5590e-01 +4.1732e-01 -3.3091e+00 -1.2572e+00 +3.3889e+00
3795 0 +3.582623617e+00 +4.076262362e+01 +4.076262362e+01 -3.6745e+00 +1.4628e+00 +2.3418e+00 +1.7435e+00 -3.0648e+00 -1.7863e+00 +1.8752e-01 -2.7359e+00 -1.5953e+00 +2.6012e+00
4627 0 +3.528345915e+00 +4.070834591e+01 +4.070834591e+01 -4.2660e+00 +2.0038e+00 +2.5248e+00 +1.7040e+00 -3.3140e+00 -7.3625e-01 -2.4514e-01 -3.6670e+00 -2.5145e+00 +2.8472e+00
4645 0 +2.735943086e+00 +3.991594309e+01 +3.991594309e+01 -4.1727e+00 +2.1097e+00 +2.1553e+00 +1.1925e+00 -3.3564e+00 -1.0306e+00 +2.6574e-01 -3.6365e+00 -2.0832e+00 +3.2980e+00
4832 0 +1.669081527e+00 +3.884908153e+01 +3.884908153e+01 -4.1068e+00 +2.5834e+00 +2.4885e+00 +1.0955e+00 -3.5293e+00 -7.2156e-01 +4.9848e-01 -3.7374e+00 -1.8218e+00 +3.3090e+00
8280 0 +1.523434543e+00 +3.870343454e+01 +3.870343454e+01 -3.9598e+00 +2.4954e+00 +2.2936e+00 +1.3473e+00 -3.5637e+00 -1.0369e+00 +3.0476e-01 -3.5775e+00 -1.8788e+00 +3.5879e+00
8759 0 +1.455872496e+00 +3.863587250e+01 +3.863587250e+01 -3.8512e+00 +2.2243e+00 +2.1450e+00 +1.5745e+00 -3.2910e+00 -1.2992e+00 +2.6479e-01 -3.2036e+00 -1.4908e+00 +3.1849e+00
8919 0 +1.330961323e+00 +3.851096132e+01 +3.851096132e+01 -3.7403e+00 +2.0790e+00 +2.3928e+00 +1.6747e+00 -3.3749e+00 -1.3485e+00 +6.0957e-01 -3.2995e+00 -1.9551e+00 +3.2713e+00
10487 0 +7.132745650e-01 +3.789327456e+01 +3.789327456e+01 -3.9300e+00 +2.3003e+00 +2.2493e+00 +1.4636e+00 -3.5203e+00 -1.1205e+00 +3.3608e-01 -3.3792e+00 -1.7603e+00 +3.1878e+00
13646 0 +6.825605884e-01 +3.786256059e+01 +3.786256059e+01 -3.9567e+00 +2.0146e+00 +2.0048e+00 +1.7176e+00 -3.5435e+00 -1.3751e+00 +3.4878e-01 -3.4237e+00 -1.9119e+00 +3.1080e+00
13800 0 +6.825605884e-01 +3.786256059e+01 +3.786256059e+01 -3.9567e+00 +2.0146e+00 +2.0048e+00 +1.7176e+00 -3.5435e+00 -1.3751e+00 +3.4878e-01 -3.4237e+00 -1.9119e+00 +3.1080e+00
% f evaluations | g evaluations | best noise-free fitness - Fopt (-1.479000000000e+02) + sum g_i+ | measured fitness | best measured fitness or single-digit g-values | x1 | x2...
1 0 +9.140063219e+01 -5.649936781e+01 -5.649936781e+01 +1.9693e+00 -4.2909e+00 -1.4002e+00 -8.3437e-01 +2.6178e+00 -2.0035e+00 -4.2131e+00 -2.9218e+00 +2.6567e+00 +3.6471e+00
2 0 +8.074657246e+01 -6.715342754e+01 -6.715342754e+01 +2.5259e+00 -3.2988e-01 -4.6040e+00 +2.2305e-01 -5.0597e-01 +2.5384e+00 -4.3652e+00 +4.5803e+00 -1.1248e+00 -1.7406e+00
6 0 +6.246249032e+01 -8.543750968e+01 -8.543750968e+01 +4.6998e+00 -2.3725e+00 -9.8820e-01 -4.6070e+00 +4.4354e+00 +1.8316e+00 -3.8206e+00 -3.6125e-01 +4.8532e+00 -4.5420e-01
9 0 +3.994208181e+01 -1.079579182e+02 -1.079579182e+02 -4.6020e+00 +1.8198e+00 +8.4293e-01 -1.4296e+00 -1.2749e+00 +3.9617e+00 -2.9061e+00 -3.9492e+00 +5.9593e-02 +1.7356e+00
32 0 +3.429261905e+01 -1.136073809e+02 -1.136073809e+02 -1.0574e+00 -2.7495e+00 +1.0121e+00 +1.8647e+00 -4.5813e+00 -5.8981e-01 +2.3597e+00 +1.6091e+00 -3.1636e-01 +2.6315e-01
40 0 +2.872389543e+01 -1.191761046e+02 -1.191761046e+02 +1.4055e+00 -4.5819e+00 +5.4272e-01 -2.2284e+00 -3.3990e+00 +1.0466e-01 +1.1512e+00 -3.0430e-02 -4.6637e+00 -2.8790e-01
342 0 +2.751316998e+01 -1.203868300e+02 -1.203868300e+02 +6.0462e-01 -1.1072e+00 -2.3523e-01 -3.8965e+00 -1.4531e+00 +2.0234e+00 -1.1077e+00 -3.7826e+00 -3.2427e+00 +2.8273e+00
470 0 +2.350839966e+01 -1.243916003e+02 -1.243916003e+02 +2.5430e-01 +4.4543e-01 -2.3278e-01 -3.8180e+00 +1.5140e+00 +3.6906e+00 -1.6091e-01 -2.8172e+00 -1.6516e+00 +2.8843e+00
699 0 +1.890470338e+01 -1.289952966e+02 -1.289952966e+02 +1.1470e+00 +1.9528e+00 +2.3530e+00 -2.6079e+00 +3.6534e+00 +1.0317e+00 +1.7879e-01 -2.5349e+00 -3.1754e-01 -1.8318e+00
795 0 +1.641547227e+01 -1.314845277e+02 -1.314845277e+02 -3.0287e-01 +2.6267e+00 +2.9644e+00 -2.0152e+00 +3.1262e+00 -9.5978e-01 -6.1131e-01 +1.3057e+00 -1.7322e+00 +1.4576e+00
1048 0 +1.223644610e+01 -1.356635539e+02 -1.356635539e+02 +3.3694e-01 +1.4598e+00 +1.8497e+00 -1.7187e+00 +1.3647e+00 -4.4726e-01 -4.7237e-01 +1.2528e+00 +7.7909e-01 -2.8065e+00
2582 0 +1.136086098e+01 -1.365391390e+02 -1.365391390e+02 -4.3489e-01 +2.6014e+00 +1.8602e+00 -2.2858e+00 -5.8928e-01 +2.7562e-01 -3.5967e-01 -1.1464e+00 -1.4368e+00 -7.5167e-01
2762 0 +8.012321984e+00 -1.398876780e+02 -1.398876780e+02 -5.8339e-01 +1.7115e+00 +1.5370e+00 -1.4340e+00 +1.2322e+00 +5.7893e-01 -1.1866e+00 -1.8738e-01 -1.7325e+00 -3.1868e-01
3906 0 +7.489543189e+00 -1.404104568e+02 -1.404104568e+02 -5.8339e-01 +1.1710e+00 +1.5370e+00 -2.1110e+00 -1.0690e+00 +1.3917e-01 -1.1866e+00 -7.0910e-01 -1.7325e+00 -3.1868e-01
4325 0 +7.126112458e+00 -1.407738875e+02 -1.407738875e+02 -7.3592e-01 -8.9345e-03 +1.9384e+00 -1.8498e+00 -7.0177e-01 -1.3520e-01 -1.2193e+00 -1.1028e+00 -2.4078e+00 +2.0261e-01
4449 0 +6.846444253e+00 -1.410535557e+02 -1.410535557e+02 +1.1326e-01 +9.1885e-01 +1.5588e+00 -2.0930e+00 -7.9007e-01 +1.5035e-01 -1.2962e+00 -3.5553e-01 -1.5241e+00 -7.7020e-01
4639 0 +4.481698958e+00 -1.434183010e+02 -1.434183010e+02 -2.4091e-01 +1.7130e+00 +9.6078e-01 -1.9928e+00 +2.1650e-01 +8.3291e-01 -1.4390e+00 -4.4188e-03 -1.8623e+00 -4.2776e-01
8142 0 +4.266673761e+00 -1.436333262e+02 -1.436333262e+02 -3.2985e-01 +1.6748e+00 +1.1743e+00 -1.9900e+00 +2.3618e-01 +7.2380e-01 -1.3825e+00 +1.0133e-01 -1.9034e+00 -2.1093e-01
9608 0 +4.228840299e+00 -1.436711597e+02 -1.436711597e+02 -5.6372e-01 +1.8618e+00 +1.5773e+00 -1.7175e+00 +4.3022e-01 +8.8580e-01 -1.1067e+00 -2.4513e-01 -1.3776e+00 -4.3797e-01
9685 0 +4.049489088e+00 -1.438505109e+02 -1.438505109e+02 -4.4545e-01 +1.8651e+00 +1.6910e+00 -1.7984e+00 +3.4154e-01 +8.3086e-01 -1.2194e+00 -3.1478e-01 -1.5735e+00 -5.2044e-01
9900 0 +4.049489088e+00 -1.438505109e+02 -1.438505109e+02 -4.4545e-01 +1.8651e+00 +1.6910e+00 -1.7984e+00 +3.4154e-01 +8.3086e-01 -1.2194e+00 -3.1478e-01 -1.5735e+00 -5.2044e-01
