% f evaluations | g evaluations | best noise-free fitness - Fopt (7.135000000000e+01) + sum g_i+ | measured fitness | best measured fitness or single-digit g-values | x1 | x2...
1 0 +1.145838415e+02 +1.859338415e+02 +1.859338415e+02 +2.9654e+00 -3.1657e+00 +2.7969e+00 +9.6850e-01 -5.4167e-01 -4.0003e+00 -4.0751e-01 -1.6629e+00 -3.5713e+00 +1.5089e+00
2 0 +6.072946342e+01 +1.320794634e+02 +1.320794634e+02 -4.4359e+00 +2.2200e+00 +4.3855e+00 -4.9922e+00 +4.9221e+00 +1.1748e+00 +1.1165e+00 -4.9293e+00 -4.7694e+00 +2.4775e-01
3 0 +4.997250250e+01 +1.213225025e+02 +1.213225025e+02 -1.0014e+00 -4.5333e+00 +4.7376e+00 -2.6723e+00 -4.0939e+00 +1.1839e+00 -1.1754e+00 +4.8323e+00 -3.3237e-01 +3.5994e+00
6 0 +3.912175512e+01 +1.104717551e+02 +1.104717551e+02 +3.4228e+00 -5.0246e-01 -1.0485e+00 +4.2666e+00 +2.2727e+00 -1.7346e+00 +7.0444e-01 +2.0834e-01 +4.6117e+00 +3.4453e+00
26 0 +2.943816109e+01 +1.007881611e+02 +1.007881611e+02 -1.9430e+00 -3.0909e+00 -2.3153e+00 -1.4720e-01 -1.2731e+00 -1.0531e+00 +3.4421e+00 +4.3002e+00 -4.2958e+00 -2.9108e+00
62 0 +2.561639435e+01 +9.696639435e+01 +9.696639435e+01 -4.4359e+00 +1.7214e+00 +3.2206e+00 -4.2481e+00 +4.9221e+00 +1.9943e+00 -1.9726e+00 -3.9783e+00 -4.7694e+00 +2.4775e-01
202 0 +1.649191268e+01 +8.784191268e+01 +8.784191268e+01 +1.9005e+00 -3.3371e-01 +4.9446e+00 -3.2407e+00 -4.8192e+00 -6.1063e-02 -1.4689e+00 -1.3353e+00 +4.4499e+00 +3.9491e+00
262 0 +1.573978711e+01 +8.708978711e+01 +8.708978711e+01 +1.8538e+00 -3.3371e-01 +4.9446e+00 -3.2407e+00 -4.7545e+00 -6.1063e-02 -1.4689e+00 -1.3353e+00 +4.4297e+00 +3.8883e+00
564 0 +1.525240847e+01 +8.660240847e+01 +8.660240847e+01 +1.2048e+00 +1.4510e+00 +1.3439e-01 +2.9523e+00 -2.3361e+00 -9.6185e-01 +7.2004e-01 +3.3547e+00 -2.3941e+00 +4.8603e+00
864 0 +1.346993878e+01 +8.481993878e+01 +8.481993878e+01 +1.2630e+00 +1.4510e+00 +1.1051e-01 +3.0015e+00 -2.3361e+00 -9.8464e-01 +7.2004e-01 +3.3832e+00 -2.3941e+00 +4.8801e+00
1045 0 +1.283924479e+01 +8.418924479e+01 +8.418924479e+01 -3.2366e-01 -2.0192e+00 +4.3334e-01 -9.0992e-01 +4.5689e+00 -1.6161e+00 +2.7347e+00 +2.9469e+00 -6.1048e-01 -8.3979e-01
1135 0 +1.244061985e+01 +8.379061985e+01 +8.379061985e+01 -3.2366e-01 -2.0192e+00 +4.0781e-01 -9.0992e-01 +4.5299e+00 -1.6161e+00 +2.7347e+00 +2.9486e+00 -5.9173e-01 -8.3979e-01
1439 0 +1.155071286e+01 +8.290071286e+01 +8.290071286e+01 +2.9197e+00 -3.1357e+00 +1.8398e+00 -5.3867e-01 -3.9400e+00 -1.6993e+00 -3.1736e-01 -4.5026e+00 +1.7516e+00 -4.7547e-01
2005 0 +7.791943647e+00 +7.914194365e+01 +7.914194365e+01 -3.2366e-01 -2.0043e+00 +4.6739e-01 -9.4227e-01 +4.5299e+00 -1.6161e+00 +2.6460e+00 +2.8595e+00 -5.9173e-01 -8.4595e-01
2258 0 +6.194889139e+00 +7.754488914e+01 +7.754488914e+01 -6.6321e-01 -1.0175e+00 +2.1270e+00 +1.8740e-01 -1.9659e+00 +1.4241e-01 +4.9483e-01 +5.4729e-01 +2.3588e+00 -1.8755e+00
2738 0 +5.691711182e+00 +7.704171118e+01 +7.704171118e+01 -6.6321e-01 -1.0640e+00 +2.1270e+00 +1.8740e-01 -1.9659e+00 +1.4241e-01 +4.9483e-01 +4.5220e-01 +2.3588e+00 -1.9090e+00
3008 0 +5.292978733e+00 +7.664297873e+01 +7.664297873e+01 -7.3254e-01 -1.0640e+00 +2.1270e+00 +2.3054e-01 -1.9659e+00 +1.4241e-01 +4.9483e-01 +4.5220e-01 +2.3588e+00 -1.9090e+00
3428 0 +4.342093390e+00 +7.569209339e+01 +7.569209339e+01 -7.3254e-01 -1.0640e+00 +2.1270e+00 +2.3054e-01 -1.9659e+00 +2.8655e-01 +4.9483e-01 +4.5220e-01 +2.3588e+00 -1.9090e+00
3848 0 +3.690554906e+00 +7.504055491e+01 +7.504055491e+01 -7.3254e-01 -1.0640e+00 +2.1270e+00 +2.1750e-01 -1.9757e+00 +2.8655e-01 +5.0181e-01 +4.5220e-01 +2.3588e+00 -1.9090e+00
5288 0 +3.415729346e+00 +7.476572935e+01 +7.476572935e+01 -6.3834e-01 -1.0734e+00 +2.1104e+00 +2.1750e-01 -1.9757e+00 +2.8655e-01 +4.7990e-01 +4.5220e-01 +2.3588e+00 -1.9568e+00
5588 0 +3.324773065e+00 +7.467477307e+01 +7.467477307e+01 -6.3834e-01 -1.0734e+00 +2.1405e+00 +2.0632e-01 -1.9757e+00 +2.8655e-01 +4.7990e-01 +4.5220e-01 +2.3588e+00 -1.9568e+00
6218 0 +3.234257749e+00 +7.458425775e+01 +7.458425775e+01 -6.3834e-01 -1.0734e+00 +2.1405e+00 +2.0632e-01 -1.9757e+00 +2.8590e-01 +4.7990e-01 +4.5220e-01 +2.3588e+00 -1.9568e+00
6248 0 +3.099082163e+00 +7.444908216e+01 +7.444908216e+01 -6.4956e-01 -1.0734e+00 +2.1405e+00 +2.0632e-01 -1.9757e+00 +2.8590e-01 +4.7990e-01 +4.5220e-01 +2.3588e+00 -1.9568e+00
6398 0 +2.891179495e+00 +7.424117949e+01 +7.424117949e+01 -6.4956e-01 -1.0734e+00 +2.1405e+00 +2.0632e-01 -1.9744e+00 +2.8590e-01 +4.7637e-01 +4.5220e-01 +2.3588e+00 -1.9568e+00
6788 0 +2.870652592e+00 +7.422065259e+01 +7.422065259e+01 -6.4489e-01 -1.0734e+00 +2.1405e+00 +2.0632e-01 -1.9744e+00 +2.8590e-01 +4.7637e-01 +4.5220e-01 +2.3588e+00 -1.9568e+00
7988 0 +2.583728216e+00 +7.393372822e+01 +7.393372822e+01 -6.4489e-01 -1.0734e+00 +2.1405e+00 +2.0632e-01 -1.9753e+00 +2.8590e-01 +4.4537e-01 +4.5220e-01 +2.3588e+00 -1.9568e+00
8078 0 +2.566269725e+00 +7.391626972e+01 +7.391626972e+01 -6.4489e-01 -1.0734e+00 +2.1405e+00 +2.0632e-01 -1.9753e+00 +2.8658e-01 +4.4537e-01 +4.5220e-01 +2.3588e+00 -1.9568e+00
8798 0 +2.431459178e+00 +7.378145918e+01 +7.378145918e+01 -6.4489e-01 -1.0734e+00 +2.1405e+00 +2.0632e-01 -1.9753e+00 +2.8658e-01 +4.5665e-01 +4.5220e-01 +2.3588e+00 -1.9581e+00
10058 0 +2.255102499e+00 +7.360510250e+01 +7.360510250e+01 -6.6007e-01 -1.0734e+00 +2.1405e+00 +2.0632e-01 -1.9753e+00 +2.6476e-01 +4.6758e-01 +4.5220e-01 +2.3588e+00 -1.9581e+00
11378 0 +2.224231135e+00 +7.357423113e+01 +7.357423113e+01 -6.6007e-01 -1.0734e+00 +2.1405e+00 +2.0749e-01 -1.9753e+00 +2.6476e-01 +4.6758e-01 +4.5220e-01 +2.3588e+00 -1.9581e+00
15068 0 +2.119886499e+00 +7.346988650e+01 +7.346988650e+01 -6.5166e-01 -1.0734e+00 +2.1405e+00 +2.0749e-01 -1.9753e+00 +2.7464e-01 +4.6758e-01 +4.5220e-01 +2.3588e+00 -1.9581e+00
15158 0 +2.019295405e+00 +7.336929541e+01 +7.336929541e+01 -6.5166e-01 -1.0734e+00 +2.1405e+00 +2.0749e-01 -1.9753e+00 +2.7464e-01 +4.6758e-01 +4.5220e-01 +2.3588e+00 -1.9548e+00
40050 0 +2.000109315e+00 +7.335010932e+01 +7.335010932e+01 -6.5166e-01 -1.0734e+00 +2.1405e+00 +2.0749e-01 -1.9753e+00 +2.7464e-01 +4.6758e-01 +4.5355e-01 +2.3588e+00 -1.9548e+00
% f evaluations | g evaluations | best noise-free fitness - Fopt (-3.552200000000e+02) + sum g_i+ | measured fitness | best measured fitness or single-digit g-values | x1 | x2...
1 0 +3.061322097e+01 -3.246067790e+02 -3.246067790e+02 +2.9654e+00 -3.1657e+00 +2.7969e+00 +9.6850e-01 -5.4167e-01 -4.0003e+00 -4.0751e-01 -1.6629e+00 -3.5713e+00 +1.5089e+00
5 0 +2.675693362e+01 -3.284630664e+02 -3.284630664e+02 +1.1000e+00 +3.3319e+00 -3.2664e+00 -1.0894e+00 -3.1776e+00 +2.5536e+00 -7.4844e-01 -2.9206e+00 +6.7700e-01 -4.6869e+00
36 0 +2.048624753e+01 -3.347337525e+02 -3.347337525e+02 +3.4228e+00 +1.8908e-01 -7.7017e-01 +4.2666e+00 +2.2727e+00 -1.7346e+00 +7.0444e-01 -6.1174e-01 +4.6117e+00 +3.4453e+00
182 0 +1.973883873e+01 -3.354811613e+02 -3.354811613e+02 -4.4885e+00 -1.9217e+00 +3.2073e-01 -1.8626e+00 -4.1910e-01 +1.1748e+00 +2.5142e+00 +2.0423e+00 -4.7694e+00 -9.7230e-01
870 0 +1.122261658e+01 -3.439973834e+02 -3.439973834e+02 -2.5252e+00 -4.6117e+00 -1.0442e+00 +3.7082e-01 -5.0938e-01 +4.0210e+00 -2.2400e+00 +4.5895e+00 -8.5646e-01 +3.4202e+00
883 0 +5.168205364e+00 -3.500517946e+02 -3.500517946e+02 -4.1828e+00 -1.6011e+00 +1.0063e+00 +1.2020e+00 -6.4548e-01 -1.5543e+00 +5.7898e-01 -3.6647e-01 -3.2283e+00 +2.8034e-01
2263 0 +4.729042170e+00 -3.504909578e+02 -3.504909578e+02 -4.1408e+00 -1.6011e+00 +1.0063e+00 +1.2020e+00 -6.4548e-01 -1.5543e+00 +5.7898e-01 -3.6647e-01 -3.1700e+00 +2.8034e-01
2953 0 +4.555815966e+00 -3.506641840e+02 -3.506641840e+02 -4.1408e+00 -1.6011e+00 +1.0063e+00 +1.2020e+00 -6.4548e-01 -1.5543e+00 +6.0582e-01 -3.6647e-01 -3.1700e+00 +2.8034e-01
3193 0 +4.337239664e+00 -3.508827603e+02 -3.508827603e+02 -4.1567e+00 -1.5940e+00 +1.0361e+00 +1.1487e+00 -6.8102e-01 -1.5543e+00 +6.0582e-01 -3.4248e-01 -3.1700e+00 +3.2093e-01
4693 0 +3.686499110e+00 -3.515335009e+02 -3.515335009e+02 -4.1703e+00 -1.5940e+00 +1.0361e+00 +1.1487e+00 -6.6447e-01 -1.5543e+00 +6.4484e-01 -3.4248e-01 -3.2263e+00 +3.2093e-01
5203 0 +3.601763168e+00 -3.516182368e+02 -3.516182368e+02 -4.1703e+00 -1.5831e+00 +1.0361e+00 +1.1487e+00 -6.6447e-01 -1.5543e+00 +6.4484e-01 -3.4248e-01 -3.2263e+00 +3.2093e-01
5503 0 +3.450692805e+00 -3.517693072e+02 -3.517693072e+02 -4.1638e+00 -1.5624e+00 +1.0462e+00 +1.1421e+00 -6.6447e-01 -1.5763e+00 +6.4484e-01 -3.4248e-01 -3.2263e+00 +2.8555e-01
5683 0 +3.246575606e+00 -3.519734244e+02 -3.519734244e+02 -4.1638e+00 -1.5624e+00 +1.0282e+00 +1.1421e+00 -6.6447e-01 -1.5531e+00 +6.4484e-01 -3.4095e-01 -3.2263e+00 +2.8555e-01
6043 0 +3.140653713e+00 -3.520793463e+02 -3.520793463e+02 -4.1638e+00 -1.5624e+00 +1.0282e+00 +1.1341e+00 -6.6447e-01 -1.5531e+00 +6.4484e-01 -3.4095e-01 -3.2263e+00 +2.8555e-01
6073 0 +3.007091212e+00 -3.522129088e+02 -3.522129088e+02 -4.1638e+00 -1.5624e+00 +1.0609e+00 +1.1341e+00 -6.6447e-01 -1.5531e+00 +6.4484e-01 -3.4095e-01 -3.2263e+00 +2.8555e-01
7573 0 +2.910564816e+00 -3.523094352e+02 -3.523094352e+02 -4.1638e+00 -1.5624e+00 +1.0617e+00 +1.1341e+00 -6.6188e-01 -1.5531e+00 +6.4539e-01 -3.4092e-01 -3.2263e+00 +2.8555e-01
8019 0 +2.644124367e+00 -3.525758756e+02 -3.525758756e+02 +3.9073e+00 +2.6821e-01 -2.9242e+00 +4.6127e+00 -4.8808e-01 +3.3175e+00 -2.9416e+00 -4.8518e+00 +4.5680e+00 +1.8822e+00
8559 0 +2.623220447e+00 -3.525967796e+02 -3.525967796e+02 +3.9073e+00 +2.6821e-01 -2.9242e+00 +4.6127e+00 -4.8808e-01 +3.3175e+00 -2.9416e+00 -4.8518e+00 +4.5641e+00 +1.8822e+00
13727 0 +2.526301464e+00 -3.526936985e+02 -3.526936985e+02 -4.0485e+00 +1.5517e+00 +3.9313e-01 +3.1308e+00 -5.7489e-01 -3.4818e+00 +2.8049e+00 -3.1421e-01 +3.6043e+00 -4.0054e+00
14147 0 +2.409070010e+00 -3.528109300e+02 -3.528109300e+02 -4.0485e+00 +1.5517e+00 +3.9313e-01 +3.1536e+00 -5.7489e-01 -3.4818e+00 +2.8049e+00 -3.1421e-01 +3.6043e+00 -4.0054e+00
14477 0 +2.293173886e+00 -3.529268261e+02 -3.529268261e+02 -4.0485e+00 +1.5403e+00 +4.0455e-01 +3.1536e+00 -5.7489e-01 -3.4818e+00 +2.8049e+00 -3.1421e-01 +3.6043e+00 -4.0054e+00
14837 0 +2.288319271e+00 -3.529316807e+02 -3.529316807e+02 -4.0485e+00 +1.5403e+00 +4.0455e-01 +3.1536e+00 -5.7452e-01 -3.4818e+00 +2.8049e+00 -3.1421e-01 +3.6043e+00 -4.0054e+00
15257 0 +2.153239901e+00 -3.530667601e+02 -3.530667601e+02 -4.0485e+00 +1.5403e+00 +4.0455e-01 +3.1536e+00 -5.7452e-01 -3.4818e+00 +2.8049e+00 -3.1421e-01 +3.6043e+00 -4.0282e+00
21107 0 +2.135785487e+00 -3.530842145e+02 -3.530842145e+02 -4.0476e+00 +1.5403e+00 +4.0455e-01 +3.1536e+00 -5.7452e-01 -3.4818e+00 +2.8049e+00 -3.1421e-01 +3.6043e+00 -4.0282e+00
23807 0 +2.063396666e+00 -3.531566033e+02 -3.531566033e+02 -4.0476e+00 +1.5391e+00 +4.0052e-01 +3.1794e+00 -5.7452e-01 -3.4818e+00 +2.8049e+00 -3.1421e-01 +3.6043e+00 -4.0282e+00
24857 0 +1.815923626e+00 -3.534040764e+02 -3.534040764e+02 -4.0476e+00 +1.5391e+00 +4.0052e-01 +3.1794e+00 -5.7452e-01 -3.4818e+00 +2.8049e+00 -3.1421e-01 +3.6225e+00 -4.0282e+00
27197 0 +1.748732689e+00 -3.534712673e+02 -3.534712673e+02 -4.0476e+00 +1.5458e+00 +4.0052e-01 +3.1794e+00 -5.7452e-01 -3.4818e+00 +2.8049e+00 -3.1421e-01 +3.6225e+00 -4.0282e+00
29477 0 +1.706395667e+00 -3.535136043e+02 -3.535136043e+02 -4.0476e+00 +1.5458e+00 +4.0052e-01 +3.1794e+00 -5.7452e-01 -3.4818e+00 +2.8049e+00 -3.1421e-01 +3.6219e+00 -4.0282e+00
35417 0 +1.659397435e+00 -3.535606026e+02 -3.535606026e+02 -4.0476e+00 +1.5458e+00 +4.0052e-01 +3.1794e+00 -5.7191e-01 -3.4818e+00 +2.8049e+00 -3.1421e-01 +3.6219e+00 -4.0282e+00
40050 0 +1.646991364e+00 -3.535730086e+02 -3.535730086e+02 -4.0476e+00 +1.5458e+00 +4.0052e-01 +3.1794e+00 -5.7053e-01 -3.4818e+00 +2.8049e+00 -3.1421e-01 +3.6219e+00 -4.0282e+00
% f evaluations | g evaluations | best noise-free fitness - Fopt (9.917000000000e+01) + sum g_i+ | measured fitness | best measured fitness or single-digit g-values | x1 | x2...
1 0 +8.469903040e+01 +1.838690304e+02 +1.838690304e+02 +2.9654e+00 -3.1657e+00 +2.7969e+00 +9.6850e-01 -5.4167e-01 -4.0003e+00 -4.0751e-01 -1.6629e+00 -3.5713e+00 +1.5089e+00
3 0 +7.190308018e+01 +1.710730802e+02 +1.710730802e+02 -1.0014e+00 -4.5333e+00 +4.7376e+00 -2.6723e+00 -4.0939e+00 +1.1839e+00 -1.1754e+00 +4.8323e+00 -3.3237e-01 +3.5994e+00
4 0 +5.476044404e+01 +1.539304440e+02 +1.539304440e+02 +1.8031e+00 -4.9501e-01 -4.8674e+00 +4.4220e+00 +6.3288e-01 -1.1458e+00 -4.8403e+00 -2.6911e+00 -2.5897e+00 +1.8326e+00
6 0 +4.551830747e+01 +1.446883075e+02 +1.446883075e+02 +3.4228e+00 -5.0246e-01 -1.0485e+00 +4.2666e+00 +2.2727e+00 -1.7346e+00 +7.0444e-01 +2.0834e-01 +4.6117e+00 +3.4453e+00
8 0 +3.300155896e+01 +1.321715590e+02 +1.321715590e+02 -1.0512e+00 -2.0651e+00 -4.8592e+00 -3.0116e+00 +2.1134e+00 +2.9018e+00 +1.0596e+00 +4.2630e+00 +1.5108e+00 +4.1496e+00
100 0 +1.996500170e+01 +1.191350017e+02 +1.191350017e+02 +4.7171e+00 -4.6979e+00 -2.6764e+00 +2.2381e+00 -3.1719e-01 +1.5007e+00 -4.3871e+00 +1.0604e+00 -1.9765e+00 +3.4347e-01
130 0 +1.924403232e+01 +1.184140323e+02 +1.184140323e+02 +4.7171e+00 -4.6543e+00 -2.6764e+00 +2.2330e+00 -3.1719e-01 +1.5007e+00 -4.3289e+00 +1.0604e+00 -2.0035e+00 +3.4347e-01
430 0 +1.861902818e+01 +1.177890282e+02 +1.177890282e+02 +4.7171e+00 -4.6543e+00 -2.6764e+00 +2.2766e+00 -3.7280e-01 +1.5007e+00 -4.2908e+00 +1.0491e+00 -1.9550e+00 +3.4347e-01
641 0 +1.320344545e+01 +1.123734455e+02 +1.123734455e+02 +4.8984e+00 -1.2687e+00 -1.3935e-01 +1.7788e+00 +9.5525e-01 -1.2843e+00 -4.3647e+00 -2.9694e+00 -2.0351e+00 +3.4936e+00
1601 0 +1.181444684e+01 +1.109844468e+02 +1.109844468e+02 +4.8450e+00 -1.2687e+00 -1.3935e-01 +1.7789e+00 +8.3947e-01 -1.2843e+00 -4.3527e+00 -2.9694e+00 -2.2224e+00 +3.4936e+00
1630 0 +1.131742832e+01 +1.104874283e+02 +1.104874283e+02 +4.7171e+00 -4.5867e+00 -1.3870e+00 +2.2268e+00 -2.0666e+00 +1.5130e+00 -4.2908e+00 +1.1009e+00 -3.5718e+00 +3.4347e-01
1900 0 +1.062492543e+01 +1.097949254e+02 +1.097949254e+02 +4.7184e+00 -4.5867e+00 -1.3870e+00 +2.2268e+00 -2.0666e+00 +1.5130e+00 -4.2908e+00 +1.0602e+00 -3.5718e+00 +3.6199e-01
2170 0 +9.705460231e+00 +1.088754602e+02 +1.088754602e+02 +4.7184e+00 -4.5700e+00 -1.4091e+00 +2.2151e+00 -2.0410e+00 +1.5281e+00 -4.3368e+00 +1.0602e+00 -3.5718e+00 +4.3368e-01
2621 0 +8.781614524e+00 +1.079516145e+02 +1.079516145e+02 +4.8450e+00 -1.2961e+00 -1.4814e-01 +1.6871e+00 +7.9718e-01 -1.4141e+00 -4.2407e+00 -2.9413e+00 -2.2528e+00 +3.4936e+00
2880 0 +8.651229287e+00 +1.078212293e+02 +1.078212293e+02 -2.0160e+00 -4.1453e+00 -1.8981e+00 +4.0128e-01 -1.0944e+00 +3.5670e+00 -3.7358e+00 +4.6525e+00 -1.5002e+00 +2.3921e+00
2916 0 +6.993674126e+00 +1.061636741e+02 +1.061636741e+02 -5.5531e-01 -5.3365e-01 -3.6811e-01 -2.4002e+00 -6.0053e-01 -3.2802e-02 +4.8316e-01 +1.4838e+00 -2.4393e+00 +2.9247e+00
3006 0 +6.464290177e+00 +1.056342902e+02 +1.056342902e+02 -8.5381e-01 -5.3365e-01 -8.0931e-01 -2.4002e+00 -6.0053e-01 -3.2868e-01 +4.8316e-01 +1.7116e+00 -2.4393e+00 +3.1251e+00
3126 0 +6.098130288e+00 +1.052681303e+02 +1.052681303e+02 -8.9503e-01 -5.4228e-01 -8.0931e-01 -2.4666e+00 -5.5307e-01 -2.9086e-01 +4.8316e-01 +1.7116e+00 -2.4393e+00 +3.1251e+00
3186 0 +5.641884795e+00 +1.048118848e+02 +1.048118848e+02 -8.9503e-01 -5.2954e-01 -8.0931e-01 -2.4845e+00 -5.3122e-01 -2.9086e-01 +4.8316e-01 +1.7116e+00 -2.4393e+00 +3.1251e+00
3216 0 +5.165405330e+00 +1.043354053e+02 +1.043354053e+02 -8.9503e-01 -5.2195e-01 -8.0931e-01 -2.4845e+00 -5.2781e-01 -2.9655e-01 +3.5531e-01 +1.6835e+00 -2.4393e+00 +3.1251e+00
3246 0 +4.242791891e+00 +1.034127919e+02 +1.034127919e+02 -8.9503e-01 -5.2195e-01 -8.0931e-01 -2.4845e+00 -5.2781e-01 -5.1226e-02 +3.5531e-01 +1.6835e+00 -2.4393e+00 +3.1251e+00
3366 0 +4.142161822e+00 +1.033121618e+02 +1.033121618e+02 -8.9503e-01 -5.2825e-01 -8.0931e-01 -2.4845e+00 -4.7409e-01 -2.0764e-02 +3.5531e-01 +1.6835e+00 -2.4393e+00 +3.1251e+00
3936 0 +3.778270095e+00 +1.029482701e+02 +1.029482701e+02 -8.0684e-01 -5.2825e-01 -7.1035e-01 -2.4845e+00 -4.7409e-01 -2.0764e-02 +3.5531e-01 +1.6835e+00 -2.3691e+00 +3.0797e+00
3966 0 +3.590912670e+00 +1.027609127e+02 +1.027609127e+02 -8.0684e-01 -5.2825e-01 -7.1035e-01 -2.4845e+00 -4.4611e-01 -9.9704e-03 +3.5531e-01 +1.6835e+00 -2.3691e+00 +3.0717e+00
4446 0 +3.407527915e+00 +1.025775279e+02 +1.025775279e+02 -8.0684e-01 -5.2825e-01 -7.3731e-01 -2.4845e+00 -4.4611e-01 -9.9704e-03 +3.2539e-01 +1.6893e+00 -2.3691e+00 +3.1114e+00
7236 0 +3.216858593e+00 +1.023868586e+02 +1.023868586e+02 -8.0684e-01 -5.2825e-01 -7.3731e-01 -2.4845e+00 -4.4611e-01 -9.9704e-03 +3.2539e-01 +1.6893e+00 -2.3691e+00 +3.1477e+00
7626 0 +2.906482704e+00 +1.020764827e+02 +1.020764827e+02 -8.0684e-01 -5.2825e-01 -7.4591e-01 -2.4845e+00 -4.4611e-01 -9.9704e-03 +3.0734e-01 +1.6893e+00 -2.3691e+00 +3.1477e+00
7926 0 +2.862236819e+00 +1.020322368e+02 +1.020322368e+02 -8.0684e-01 -5.2825e-01 -7.4591e-01 -2.4845e+00 -4.4611e-01 -9.9704e-03 +3.0734e-01 +1.6893e+00 -2.3691e+00 +3.1304e+00
11316 0 +2.804723791e+00 +1.019747238e+02 +1.019747238e+02 -8.0684e-01 -5.2825e-01 -7.4591e-01 -2.4845e+00 -4.4611e-01 -1.3052e-02 +3.0734e-01 +1.6893e+00 -2.3686e+00 +3.1444e+00
12846 0 +2.737615477e+00 +1.019076155e+02 +1.019076155e+02 -8.0684e-01 -5.2825e-01 -7.4591e-01 -2.4845e+00 -4.4611e-01 -1.3052e-02 +3.0734e-01 +1.6893e+00 -2.3686e+00 +3.1468e+00
24786 0 +2.653604670e+00 +1.018236047e+02 +1.018236047e+02 -8.0684e-01 -5.2825e-01 -7.4591e-01 -2.4845e+00 -4.4611e-01 -1.0626e-02 +3.0734e-01 +1.6893e+00 -2.3686e+00 +3.1374e+00
26976 0 +2.618918570e+00 +1.017889186e+02 +1.017889186e+02 -8.0684e-01 -5.2811e-01 -7.4591e-01 -2.4845e+00 -4.4635e-01 -1.0626e-02 +3.0734e-01 +1.6893e+00 -2.3686e+00 +3.1374e+00
40050 0 +2.577570522e+00 +1.017475705e+02 +1.017475705e+02 -8.0684e-01 -5.2811e-01 -7.4698e-01 -2.4845e+00 -4.4635e-01 -1.0626e-02 +3.0734e-01 +1.6893e+00 -2.3687e+00 +3.1374e+00
% f evaluations | g evaluations | best noise-free fitness - Fopt (-5.179100000000e+02) + sum g_i+ | measured fitness | best measured fitness or single-digit g-values | x1 | x2...
1 0 +6.636190664e+01 -4.515480934e+02 -4.515480934e+02 +2.9654e+00 -3.1657e+00 +2.7969e+00 +9.6850e-01 -5.4167e-01 -4.0003e+00 -4.0751e-01 -1.6629e+00 -3.5713e+00 +1.5089e+00
2 0 +6.034682127e+01 -4.575631787e+02 -4.575631787e+02 -4.4359e+00 +2.2200e+00 +4.3855e+00 -4.9922e+00 +4.9221e+00 +1.1748e+00 +1.1165e+00 -4.9293e+00 -4.7694e+00 +2.4775e-01
4 0 +4.985220985e+01 -4.680577901e+02 -4.680577901e+02 +1.8031e+00 -4.9501e-01 -4.8674e+00 +4.4220e+00 +6.3288e-01 -1.1458e+00 -4.8403e+00 -2.6911e+00 -2.5897e+00 +1.8326e+00
10 0 +4.680127767e+01 -4.711087223e+02 -4.711087223e+02 +4.7171e+00 +3.4891e+00 +2.2173e+00 -2.6402e+00 -2.4393e+00 -4.5957e+00 +2.1066e+00 -3.8911e+00 -6.0663e-01 -2.9828e+00
15 0 +2.819974713e+01 -4.897102529e+02 -4.897102529e+02 -2.5312e+00 +1.9630e+00 +2.1227e+00 -3.5191e+00 +4.9774e+00 -2.3322e+00 +4.7661e+00 -8.8963e-01 -4.6695e+00 -1.5493e+00
36 0 +2.069840750e+01 -4.972115925e+02 -4.972115925e+02 +3.4228e+00 -1.0196e+00 +1.8091e+00 +4.2666e+00 +2.2727e+00 -1.7346e+00 +7.0444e-01 -1.1377e-01 +4.6117e+00 +3.4453e+00
206 0 +1.258366777e+01 -5.053263322e+02 -5.053263322e+02 -6.1703e-01 +3.1044e+00 +1.6942e+00 +2.9990e+00 +4.7278e+00 -2.0814e+00 -2.3079e+00 +4.8230e+00 +1.9708e+00 +3.8946e+00
596 0 +9.099651087e+00 -5.088103489e+02 -5.088103489e+02 -6.1703e-01 +3.0793e+00 +1.6942e+00 +2.9502e+00 +4.7278e+00 -2.0814e+00 -2.3409e+00 +4.8230e+00 +1.9708e+00 +3.8946e+00
2088 0 +7.658928732e+00 -5.102510713e+02 -5.102510713e+02 -3.3431e+00 +1.3092e+00 +3.8992e+00 -7.0569e-01 +9.1324e-01 -3.4644e-01 +4.0982e+00 +3.2175e+00 +3.2987e+00 -1.2917e+00
2201 0 +7.265014245e+00 -5.106449858e+02 -5.106449858e+02 +8.0245e-01 -2.5950e+00 +1.6974e-01 +4.2155e-01 +1.7952e+00 +1.0020e+00 +3.0790e-01 +3.4244e+00 -3.8611e+00 -3.1273e+00
2658 0 +6.867724876e+00 -5.110422751e+02 -5.110422751e+02 -3.2949e+00 +1.2868e+00 +3.9369e+00 -7.8108e-01 +8.4699e-01 -3.4644e-01 +4.0744e+00 +3.2455e+00 +3.3639e+00 -1.2408e+00
3198 0 +6.467795431e+00 -5.114422046e+02 -5.114422046e+02 -3.2949e+00 +1.3010e+00 +3.9369e+00 -7.0220e-01 +8.4699e-01 -3.1599e-01 +4.0867e+00 +3.2742e+00 +3.2702e+00 -1.2525e+00
3648 0 +6.043614106e+00 -5.118663859e+02 -5.118663859e+02 -3.2949e+00 +1.3010e+00 +3.9369e+00 -6.9760e-01 +8.4699e-01 -3.1599e-01 +4.0867e+00 +3.2742e+00 +3.2702e+00 -1.2928e+00
4098 0 +5.692241666e+00 -5.122177583e+02 -5.122177583e+02 -3.2949e+00 +1.2662e+00 +3.9635e+00 -6.9760e-01 +8.4699e-01 -2.6783e-01 +4.0867e+00 +3.2742e+00 +3.2702e+00 -1.2268e+00
4458 0 +5.229945432e+00 -5.126800546e+02 -5.126800546e+02 -3.2949e+00 +1.2170e+00 +3.9635e+00 -6.9760e-01 +8.6383e-01 -2.6783e-01 +4.0867e+00 +3.2838e+00 +3.2702e+00 -1.2509e+00
6828 0 +5.036889921e+00 -5.128731101e+02 -5.128731101e+02 -3.2949e+00 +1.1844e+00 +3.9635e+00 -6.6673e-01 +9.0339e-01 -2.9335e-01 +4.0867e+00 +3.1970e+00 +3.2777e+00 -1.2509e+00
7308 0 +4.729442415e+00 -5.131805576e+02 -5.131805576e+02 -3.2949e+00 +1.2173e+00 +3.9892e+00 -7.1033e-01 +9.0330e-01 -2.9279e-01 +4.0867e+00 +3.1946e+00 +3.1944e+00 -1.2509e+00
7488 0 +4.349972441e+00 -5.135600276e+02 -5.135600276e+02 -3.2949e+00 +1.2173e+00 +3.9892e+00 -6.5131e-01 +9.3497e-01 -3.1229e-01 +4.0867e+00 +3.2226e+00 +3.1103e+00 -1.2318e+00
7638 0 +4.027742209e+00 -5.138822578e+02 -5.138822578e+02 -3.2949e+00 +1.2173e+00 +3.9892e+00 -6.4957e-01 +9.4769e-01 -3.1399e-01 +4.0764e+00 +3.2296e+00 +3.1103e+00 -1.2351e+00
7848 0 +3.638701357e+00 -5.142712986e+02 -5.142712986e+02 -3.1889e+00 +1.2199e+00 +3.9892e+00 -6.4957e-01 +9.4769e-01 -3.1399e-01 +4.0764e+00 +3.2296e+00 +3.1103e+00 -1.2351e+00
7938 0 +3.466772729e+00 -5.144432273e+02 -5.144432273e+02 -3.2121e+00 +1.2552e+00 +3.9446e+00 -6.9037e-01 +9.4418e-01 -3.1399e-01 +4.0488e+00 +3.2296e+00 +3.1024e+00 -1.2351e+00
8028 0 +3.366103926e+00 -5.145438961e+02 -5.145438961e+02 -3.2248e+00 +1.2552e+00 +3.9446e+00 -6.9037e-01 +9.4418e-01 -3.1399e-01 +4.0488e+00 +3.2536e+00 +3.1024e+00 -1.2351e+00
8388 0 +3.144960751e+00 -5.147650392e+02 -5.147650392e+02 -3.2117e+00 +1.2552e+00 +3.9446e+00 -6.6500e-01 +9.5051e-01 -3.1399e-01 +4.0669e+00 +3.2536e+00 +3.1638e+00 -1.3007e+00
8778 0 +2.679533977e+00 -5.152304660e+02 -5.152304660e+02 -3.2117e+00 +1.2552e+00 +3.9446e+00 -6.6500e-01 +9.5051e-01 -3.1399e-01 +4.0669e+00 +3.2641e+00 +3.1387e+00 -1.3007e+00
9948 0 +2.355718856e+00 -5.155542811e+02 -5.155542811e+02 -3.2117e+00 +1.2264e+00 +3.9446e+00 -6.6500e-01 +9.5051e-01 -3.1399e-01 +4.0669e+00 +3.2641e+00 +3.1387e+00 -1.3007e+00
10818 0 +2.325151991e+00 -5.155848480e+02 -5.155848480e+02 -3.2117e+00 +1.2269e+00 +3.9446e+00 -6.6500e-01 +9.5051e-01 -3.1399e-01 +4.0592e+00 +3.2641e+00 +3.1387e+00 -1.3007e+00
10878 0 +2.190274251e+00 -5.157197257e+02 -5.157197257e+02 -3.2117e+00 +1.2269e+00 +3.9446e+00 -6.6500e-01 +9.5051e-01 -3.1399e-01 +4.0729e+00 +3.2641e+00 +3.1381e+00 -1.3007e+00
11358 0 +2.156716021e+00 -5.157532840e+02 -5.157532840e+02 -3.2104e+00 +1.2269e+00 +3.9446e+00 -6.6500e-01 +9.5051e-01 -3.1399e-01 +4.0729e+00 +3.2641e+00 +3.1381e+00 -1.3007e+00
24258 0 +2.081579916e+00 -5.158284201e+02 -5.158284201e+02 -3.2104e+00 +1.2269e+00 +3.9446e+00 -6.5701e-01 +9.5051e-01 -3.1399e-01 +4.0729e+00 +3.2641e+00 +3.1390e+00 -1.3007e+00
40050 0 +2.045755086e+00 -5.158642449e+02 -5.158642449e+02 -3.2104e+00 +1.2269e+00 +3.9415e+00 -6.5455e-01 +9.5051e-01 -3.1399e-01 +4.0729e+00 +3.2641e+00 +3.1338e+00 -1.3007e+00
% f evaluations | g evaluations | best noise-free fitness - Fopt (-5.721000000000e+01) + sum g_i+ | measured fitness | best measured fitness or single-digit g-values | x1 | x2...
1 0 +6.778281673e+01 +1.057281673e+01 +1.057281673e+01 +2.9654e+00 -3.1657e+00 +2.7969e+00 +9.6850e-01 -5.4167e-01 -4.0003e+00 -4.0751e-01 -1.6629e+00 -3.5713e+00 +1.5089e+00
6 0 +6.422967139e+01 +7.019671389e+00 +7.019671389e+00 +3.4228e+00 -5.0246e-01 -1.0485e+00 +4.2666e+00 +2.2727e+00 -1.7346e+00 +7.0444e-01 +2.0834e-01 +4.6117e+00 +3.4453e+00
9 0 +5.620178181e+01 -1.008218195e+00 -1.008218195e+00 +3.5004e+00 -5.0549e-01 -4.0459e+00 -1.2918e+00 +1.6884e+00 +1.6592e+00 +9.1298e-01 -2.2528e+00 +6.1243e-01 -1.1707e+00
15 0 +3.005111015e+01 -2.715888985e+01 -2.715888985e+01 -2.5312e+00 +1.9630e+00 +2.1227e+00 -3.5191e+00 +4.9774e+00 -2.3322e+00 +4.7661e+00 -8.8963e-01 -4.6695e+00 -1.5493e+00
139 0 +1.508490597e+01 -4.212509403e+01 -4.212509403e+01 +2.3541e+00 -2.3709e+00 +4.1448e-01 +1.9578e+00 +6.1001e-01 -2.7379e+00 +4.8217e+00 -2.8767e-01 -2.3917e+00 +4.9625e+00
199 0 +1.068617501e+01 -4.652382499e+01 -4.652382499e+01 +2.3871e+00 -2.3376e+00 +4.1448e-01 +1.8796e+00 +6.2310e-01 -2.7379e+00 +4.8217e+00 -3.3556e-01 -2.3917e+00 +4.9189e+00
3349 0 +8.852936401e+00 -4.835706360e+01 -4.835706360e+01 +2.3871e+00 -2.4431e+00 +3.6313e-01 +1.8796e+00 +6.2310e-01 -2.7379e+00 +4.9540e+00 -3.3556e-01 -2.3917e+00 +4.9189e+00
3679 0 +8.331043829e+00 -4.887895617e+01 -4.887895617e+01 +2.3871e+00 -2.4431e+00 +3.6313e-01 +1.8796e+00 +6.3849e-01 -2.7439e+00 +4.9625e+00 -3.3556e-01 -2.3917e+00 +4.9189e+00
4099 0 +8.255529501e+00 -4.895447050e+01 -4.895447050e+01 +2.3965e+00 -2.4318e+00 +3.6313e-01 +1.8768e+00 +6.7468e-01 -2.7439e+00 +4.9625e+00 -3.0751e-01 -2.4197e+00 +4.9189e+00
4543 0 +7.703588674e+00 -4.950641133e+01 -4.950641133e+01 -6.8747e-01 -7.9523e-01 +1.6107e+00 -2.9366e+00 +3.6500e+00 -3.0917e+00 +1.8488e+00 -3.1187e+00 -4.2654e+00 +2.0913e+00
5173 0 +6.848368145e+00 -5.036163185e+01 -5.036163185e+01 -6.8747e-01 -7.9523e-01 +1.6107e+00 -2.9366e+00 +3.6500e+00 -3.1041e+00 +1.8488e+00 -3.1000e+00 -4.2654e+00 +2.0776e+00
6403 0 +6.759717966e+00 -5.045028203e+01 -5.045028203e+01 -6.6622e-01 -7.9523e-01 +1.6114e+00 -2.9366e+00 +3.6854e+00 -3.1041e+00 +1.8488e+00 -3.1562e+00 -4.2654e+00 +2.0672e+00
8023 0 +5.855897637e+00 -5.135410236e+01 -5.135410236e+01 -6.6622e-01 -8.5268e-01 +1.6114e+00 -2.9366e+00 +3.6854e+00 -3.1041e+00 +1.8597e+00 -3.1562e+00 -4.2654e+00 +2.0602e+00
8173 0 +5.167479475e+00 -5.204252053e+01 -5.204252053e+01 -6.6622e-01 -8.5268e-01 +1.6114e+00 -2.9366e+00 +3.6854e+00 -3.1041e+00 +1.8597e+00 -3.1562e+00 -4.2654e+00 +2.0175e+00
8203 0 +4.752095630e+00 -5.245790437e+01 -5.245790437e+01 -6.6622e-01 -8.5268e-01 +1.6114e+00 -2.9366e+00 +3.6854e+00 -3.1041e+00 +1.8547e+00 -3.1562e+00 -4.2809e+00 +2.0175e+00
8893 0 +4.409649982e+00 -5.280035002e+01 -5.280035002e+01 -6.6622e-01 -8.5268e-01 +1.5996e+00 -2.9366e+00 +3.6854e+00 -3.1041e+00 +1.8547e+00 -3.1562e+00 -4.2809e+00 +2.0175e+00
9043 0 +4.292688141e+00 -5.291731186e+01 -5.291731186e+01 -6.6622e-01 -8.5268e-01 +1.5996e+00 -2.9317e+00 +3.6558e+00 -3.1041e+00 +1.8547e+00 -3.1562e+00 -4.2809e+00 +2.0175e+00
9133 0 +4.089750412e+00 -5.312024959e+01 -5.312024959e+01 -6.5401e-01 -8.5268e-01 +1.5996e+00 -2.9381e+00 +3.6558e+00 -3.1041e+00 +1.8547e+00 -3.1562e+00 -4.2809e+00 +2.0175e+00
9163 0 +4.035257947e+00 -5.317474205e+01 -5.317474205e+01 -6.4051e-01 -8.3322e-01 +1.5996e+00 -2.9381e+00 +3.6558e+00 -3.1041e+00 +1.8547e+00 -3.1562e+00 -4.2809e+00 +2.0175e+00
9193 0 +3.956262683e+00 -5.325373732e+01 -5.325373732e+01 -6.4051e-01 -8.3322e-01 +1.5996e+00 -2.9381e+00 +3.6558e+00 -3.1041e+00 +1.8547e+00 -3.1562e+00 -4.2809e+00 +2.0196e+00
13183 0 +3.690393553e+00 -5.351960645e+01 -5.351960645e+01 -6.4051e-01 -8.3322e-01 +1.6086e+00 -2.9381e+00 +3.6558e+00 -3.1041e+00 +1.8550e+00 -3.1562e+00 -4.2809e+00 +2.0196e+00
22843 0 +3.612681775e+00 -5.359731822e+01 -5.359731822e+01 -6.4051e-01 -8.3322e-01 +1.6086e+00 -2.9376e+00 +3.6558e+00 -3.1041e+00 +1.8550e+00 -3.1562e+00 -4.2809e+00 +2.0163e+00
27613 0 +3.492291642e+00 -5.371770836e+01 -5.371770836e+01 -6.4257e-01 -8.3322e-01 +1.6086e+00 -2.9376e+00 +3.6613e+00 -3.1041e+00 +1.8550e+00 -3.1562e+00 -4.2797e+00 +2.0163e+00
34633 0 +3.438499171e+00 -5.377150083e+01 -5.377150083e+01 -6.4446e-01 -8.3322e-01 +1.6086e+00 -2.9376e+00 +3.6613e+00 -3.0994e+00 +1.8550e+00 -3.1562e+00 -4.2825e+00 +2.0163e+00
40050 0 +3.438499171e+00 -5.377150083e+01 -5.377150083e+01 -6.4446e-01 -8.3322e-01 +1.6086e+00 -2.9376e+00 +3.6613e+00 -3.0994e+00 +1.8550e+00 -3.1562e+00 -4.2825e+00 +2.0163e+00
% f evaluations | g evaluations | best noise-free fitness - Fopt (-2.778000000000e+01) + sum g_i+ | measured fitness | best measured fitness or single-digit g-values | x1 | x2...
1 0 +1.204040677e+02 +9.262406768e+01 +9.262406768e+01 +2.9654e+00 -3.1657e+00 +2.7969e+00 +9.6850e-01 -5.4167e-01 -4.0003e+00 -4.0751e-01 -1.6629e+00 -3.5713e+00 +1.5089e+00
2 0 +7.093687383e+01 +4.315687383e+01 +4.315687383e+01 -4.4359e+00 +2.2200e+00 +4.3855e+00 -4.9922e+00 +4.9221e+00 +1.1748e+00 +1.1165e+00 -4.9293e+00 -4.7694e+00 +2.4775e-01
6 0 +5.150451567e+01 +2.372451567e+01 +2.372451567e+01 +3.4228e+00 -5.0246e-01 -1.0485e+00 +4.2666e+00 +2.2727e+00 -1.7346e+00 +7.0444e-01 +2.0834e-01 +4.6117e+00 +3.4453e+00
9 0 +4.448886814e+01 +1.670886814e+01 +1.670886814e+01 +3.5004e+00 -5.0549e-01 -4.0459e+00 -1.2918e+00 +1.6884e+00 +1.6592e+00 +9.1298e-01 -2.2528e+00 +6.1243e-01 -1.1707e+00
24 0 +3.738785321e+01 +9.607853211e+00 +9.607853211e+00 -1.4992e+00 +1.4510e+00 +1.6892e+00 +3.6417e+00 -2.6981e+00 -8.0662e-03 +7.2004e-01 +2.6855e+00 -4.5640e+00 +4.9455e+00
36 0 +3.244905119e+01 +4.669051189e+00 +4.669051189e+00 +3.4228e+00 -1.0164e+00 -1.0150e+00 +4.2666e+00 +2.2727e+00 -1.7346e+00 +7.0444e-01 -4.0197e-01 +4.6117e+00 +3.4453e+00
78 0 +2.220322897e+01 -5.576771031e+00 -5.576771031e+00 -2.7976e+00 +1.4420e+00 +1.9942e+00 -1.5133e+00 -2.7744e+00 +4.4052e+00 -1.0243e+00 +1.7751e-01 +3.3771e+00 +1.7300e+00
542 0 +1.931535617e+01 -8.464643835e+00 -8.464643835e+00 -1.8963e+00 +2.2200e+00 +1.3357e+00 -4.9922e+00 +3.1997e+00 +2.0137e+00 +1.1165e+00 +1.3898e+00 -4.7694e+00 +5.4143e-01
667 0 +1.389959686e+01 -1.388040314e+01 -1.388040314e+01 +4.1996e+00 +2.8369e-01 -4.4661e+00 +4.6749e+00 +3.9448e+00 -3.5252e+00 -2.0373e+00 -3.3473e+00 -2.9823e+00 -8.9778e-01
1734 0 +1.291768509e+01 -1.486231491e+01 -1.486231491e+01 -1.6095e+00 -2.4988e+00 +3.2609e+00 -2.3732e+00 +1.0652e-01 +5.6857e-02 -1.2579e-01 +2.0955e+00 -3.5653e+00 +4.7778e+00
1884 0 +1.170426777e+01 -1.607573223e+01 -1.607573223e+01 -1.6456e+00 -2.4852e+00 +3.2213e+00 -2.3458e+00 +4.7686e-02 +8.9187e-02 -1.1015e-01 +2.0955e+00 -3.5686e+00 +4.7778e+00
2447 0 +1.134814775e+01 -1.643185225e+01 -1.643185225e+01 +2.5205e+00 -3.3233e-01 +1.8321e-01 +1.5418e+00 +3.0113e+00 -3.3264e+00 -3.8652e-01 -3.4909e+00 +1.9394e+00 +1.1502e-01
2552 0 +1.041595657e+01 -1.736404343e+01 -1.736404343e+01 -1.8237e+00 +2.1914e+00 +1.3765e+00 -4.9252e+00 +3.2127e+00 +1.7883e+00 +9.4628e-01 +1.2916e+00 -4.7812e+00 +6.3955e-01
2955 0 +9.232254503e+00 -1.854774550e+01 -1.854774550e+01 -3.4957e-01 -8.1501e-01 +1.3442e+00 +3.2865e-01 +3.4830e+00 +2.0789e-01 +4.1501e-01 -2.3490e-01 +5.1936e-01 +2.7845e+00
3137 0 +9.100878729e+00 -1.867912127e+01 -1.867912127e+01 +2.5909e+00 -3.2029e-01 +2.0264e-01 +1.5476e+00 +3.0754e+00 -3.2769e+00 -3.7713e-01 -3.4909e+00 +1.9787e+00 +1.1703e-01
3795 0 +8.901194230e+00 -1.887880577e+01 -1.887880577e+01 -4.1471e-01 -8.1501e-01 +1.4090e+00 +3.3406e-01 +3.4830e+00 +2.2020e-01 +4.2850e-01 -2.4080e-01 +5.1936e-01 +2.7845e+00
4155 0 +8.646785817e+00 -1.913321418e+01 -1.913321418e+01 -4.1471e-01 -6.5254e-01 +1.4090e+00 +3.3406e-01 +3.4830e+00 +2.2020e-01 +4.7231e-01 -2.4080e-01 +5.1936e-01 +2.7845e+00
4335 0 +6.946148376e+00 -2.083385162e+01 -2.083385162e+01 -3.3135e-01 -6.6844e-01 +1.5657e+00 +3.3406e-01 +3.4830e+00 +2.2020e-01 +4.7231e-01 -3.2937e-01 +5.1936e-01 +2.7845e+00
4365 0 +6.152499554e+00 -2.162750045e+01 -2.162750045e+01 -3.3135e-01 -6.6844e-01 +1.5657e+00 +3.3406e-01 +3.4830e+00 +2.2020e-01 +4.7231e-01 -3.2937e-01 +5.6478e-01 +2.7884e+00
4725 0 +5.895123423e+00 -2.188487658e+01 -2.188487658e+01 -3.3135e-01 -6.6844e-01 +1.5657e+00 +3.3406e-01 +3.4830e+00 +2.5326e-01 +4.5211e-01 -3.5916e-01 +5.6478e-01 +2.7884e+00
5265 0 +5.463522550e+00 -2.231647745e+01 -2.231647745e+01 -3.3135e-01 -6.6256e-01 +1.5576e+00 +3.3406e-01 +3.4878e+00 +2.5326e-01 +4.5016e-01 -3.5916e-01 +5.6478e-01 +2.7884e+00
5505 0 +5.243599672e+00 -2.253640033e+01 -2.253640033e+01 -3.1931e-01 -6.7129e-01 +1.5041e+00 +3.6941e-01 +3.5075e+00 +2.3175e-01 +4.2863e-01 -3.5916e-01 +5.6478e-01 +2.7884e+00
6375 0 +4.979421356e+00 -2.280057864e+01 -2.280057864e+01 -2.4372e-01 -6.7129e-01 +1.5041e+00 +3.6941e-01 +3.5873e+00 +2.2634e-01 +3.5227e-01 -4.2591e-01 +5.7283e-01 +2.8455e+00
6855 0 +4.846660868e+00 -2.293333913e+01 -2.293333913e+01 -2.8197e-01 -6.8585e-01 +1.5279e+00 +3.6941e-01 +3.5221e+00 +2.2634e-01 +3.5227e-01 -3.7065e-01 +5.7283e-01 +2.8837e+00
7215 0 +4.420344107e+00 -2.335965589e+01 -2.335965589e+01 -2.8197e-01 -6.8585e-01 +1.5279e+00 +3.7600e-01 +3.5221e+00 +2.6894e-01 +3.5227e-01 -3.8512e-01 +5.7283e-01 +2.8837e+00
7635 0 +4.361387066e+00 -2.341861293e+01 -2.341861293e+01 -2.8197e-01 -6.8585e-01 +1.5279e+00 +3.6725e-01 +3.5447e+00 +2.6894e-01 +3.5227e-01 -3.8512e-01 +5.8061e-01 +2.8626e+00
9405 0 +4.106996451e+00 -2.367300355e+01 -2.367300355e+01 -3.1384e-01 -7.0748e-01 +1.5279e+00 +3.6725e-01 +3.5447e+00 +3.0196e-01 +3.5227e-01 -3.8512e-01 +5.8061e-01 +2.8626e+00
9550 0 +3.924596190e+00 -2.385540381e+01 -2.385540381e+01 +1.8549e+00 -9.0764e-01 +7.8047e-01 -1.5823e+00 -2.2585e+00 -2.9215e+00 -1.5417e+00 -3.6920e+00 -4.1828e+00 -1.6275e+00
9640 0 +3.811739365e+00 -2.396826063e+01 -2.396826063e+01 +1.8818e+00 -9.0764e-01 +8.1057e-01 -1.7041e+00 -2.2585e+00 -2.9215e+00 -1.5417e+00 -3.6920e+00 -4.1828e+00 -1.4658e+00
9700 0 +3.675164976e+00 -2.410483502e+01 -2.410483502e+01 +1.8752e+00 -9.0381e-01 +8.1057e-01 -1.7041e+00 -2.2585e+00 -2.9215e+00 -1.5417e+00 -3.6920e+00 -4.1828e+00 -1.4658e+00
10390 0 +3.527336766e+00 -2.425266323e+01 -2.425266323e+01 +1.8752e+00 -9.0381e-01 +8.1057e-01 -1.7041e+00 -2.2585e+00 -2.9215e+00 -1.5228e+00 -3.6920e+00 -4.1828e+00 -1.4658e+00
10660 0 +3.431808624e+00 -2.434819138e+01 -2.434819138e+01 +1.7755e+00 -9.0381e-01 +8.1057e-01 -1.7329e+00 -2.3296e+00 -2.9215e+00 -1.5228e+00 -3.6920e+00 -4.1828e+00 -1.4658e+00
10960 0 +3.366765031e+00 -2.441323497e+01 -2.441323497e+01 +1.9873e+00 -9.0381e-01 +8.1057e-01 -1.7329e+00 -2.3296e+00 -2.9215e+00 -1.5228e+00 -3.6920e+00 -4.1828e+00 -1.4658e+00
11080 0 +3.253796573e+00 -2.452620343e+01 -2.452620343e+01 +1.9873e+00 -9.0381e-01 +8.1057e-01 -1.7329e+00 -2.3296e+00 -2.9215e+00 -1.5191e+00 -3.6920e+00 -4.1828e+00 -1.4658e+00
12640 0 +2.954373332e+00 -2.482562667e+01 -2.482562667e+01 +1.9873e+00 -9.0381e-01 +8.1057e-01 -1.7329e+00 -2.3296e+00 -2.9055e+00 -1.5191e+00 -3.6920e+00 -4.1964e+00 -1.4658e+00
15760 0 +2.877440760e+00 -2.490255924e+01 -2.490255924e+01 +1.9873e+00 -9.0381e-01 +8.1057e-01 -1.7329e+00 -2.3296e+00 -2.9055e+00 -1.5191e+00 -3.6382e+00 -4.1964e+00 -1.4658e+00
17230 0 +2.511741221e+00 -2.526825878e+01 -2.526825878e+01 +1.9873e+00 -9.0381e-01 +8.1057e-01 -1.7329e+00 -2.3296e+00 -2.9055e+00 -1.4741e+00 -3.6382e+00 -4.1964e+00 -1.4658e+00
17680 0 +2.198387498e+00 -2.558161250e+01 -2.558161250e+01 +1.9873e+00 -9.0381e-01 +8.1057e-01 -1.7178e+00 -2.3296e+00 -2.9055e+00 -1.4741e+00 -3.6382e+00 -4.1964e+00 -1.4658e+00
26200 0 +2.097976419e+00 -2.568202358e+01 -2.568202358e+01 +2.0115e+00 -9.0381e-01 +8.1057e-01 -1.7178e+00 -2.3296e+00 -2.9055e+00 -1.4741e+00 -3.6382e+00 -4.1964e+00 -1.4924e+00
26500 0 +2.051687261e+00 -2.572831274e+01 -2.572831274e+01 +2.0115e+00 -9.0122e-01 +8.1057e-01 -1.7178e+00 -2.3296e+00 -2.9055e+00 -1.4741e+00 -3.6382e+00 -4.1964e+00 -1.4924e+00
27070 0 +2.006777240e+00 -2.577322276e+01 -2.577322276e+01 +2.0184e+00 -9.0122e-01 +8.1057e-01 -1.7178e+00 -2.3296e+00 -2.9055e+00 -1.4741e+00 -3.6584e+00 -4.1964e+00 -1.4924e+00
27130 0 +1.974576540e+00 -2.580542346e+01 -2.580542346e+01 +2.0184e+00 -9.0122e-01 +8.1057e-01 -1.7178e+00 -2.3296e+00 -2.9088e+00 -1.4741e+00 -3.6584e+00 -4.1964e+00 -1.4924e+00
27220 0 +1.887352235e+00 -2.589264777e+01 -2.589264777e+01 +2.0184e+00 -9.0122e-01 +8.1057e-01 -1.7178e+00 -2.3296e+00 -2.9075e+00 -1.4741e+00 -3.6584e+00 -4.1964e+00 -1.4924e+00
39250 0 +1.861874121e+00 -2.591812588e+01 -2.591812588e+01 +2.0184e+00 -9.0122e-01 +8.1057e-01 -1.7178e+00 -2.3296e+00 -2.9075e+00 -1.4745e+00 -3.6587e+00 -4.1964e+00 -1.4924e+00
40050 0 +1.861874121e+00 -2.591812588e+01 -2.591812588e+01 +2.0184e+00 -9.0122e-01 +8.1057e-01 -1.7178e+00 -2.3296e+00 -2.9075e+00 -1.4745e+00 -3.6587e+00 -4.1964e+00 -1.4924e+00
% f evaluations | g evaluations | best noise-free fitness - Fopt (-4.871000000000e+01) + sum g_i+ | measured fitness | best measured fitness or single-digit g-values | x1 | x2...
1 0 +1.577174101e+02 +1.090074101e+02 +1.090074101e+02 +2.9654e+00 -3.1657e+00 +2.7969e+00 +9.6850e-01 -5.4167e-01 -4.0003e+00 -4.0751e-01 -1.6629e+00 -3.5713e+00 +1.5089e+00
2 0 +8.763886465e+01 +3.892886465e+01 +3.892886465e+01 -4.4359e+00 +2.2200e+00 +4.3855e+00 -4.9922e+00 +4.9221e+00 +1.1748e+00 +1.1165e+00 -4.9293e+00 -4.7694e+00 +2.4775e-01
5 0 +5.670925777e+01 +7.999257773e+00 +7.999257773e+00 +1.1000e+00 +3.3319e+00 -3.2664e+00 -1.0894e+00 -3.1776e+00 +2.5536e+00 -7.4844e-01 -2.9206e+00 +6.7700e-01 -4.6869e+00
7 0 +4.380031600e+01 -4.909683999e+00 -4.909683999e+00 +2.4732e+00 +3.9692e-01 +8.6751e-01 +4.6526e+00 +1.0703e+00 -2.2400e+00 -2.0373e+00 -3.3473e+00 -4.8436e+00 -7.6599e-01
12 0 +3.954849013e+01 -9.161509866e+00 -9.161509866e+00 +1.9478e+00 +3.8047e+00 +1.2435e+00 -2.0437e+00 -3.9451e+00 -4.3465e-01 -2.8156e+00 -8.3490e-01 +3.8328e+00 -1.7565e+00
34 0 +3.186768736e+01 -1.684231264e+01 -1.684231264e+01 +1.1588e+00 +1.5167e+00 -3.8082e+00 +4.4220e+00 +5.7486e-01 -1.1458e+00 -4.7098e+00 -3.3180e+00 -2.5897e+00 +1.8326e+00
328 0 +2.333983550e+01 -2.537016450e+01 -2.537016450e+01 -8.0219e-01 -4.2104e+00 -4.0993e+00 -4.1841e+00 +4.2599e-01 +1.3701e+00 -2.3626e+00 -3.0758e+00 +1.9777e-02 +4.7234e+00
458 0 +1.253283478e+01 -3.617716522e+01 -3.617716522e+01 -8.2285e-02 -5.5714e-01 -4.9972e+00 -4.2276e+00 +3.2823e+00 +1.0416e+00 -1.0204e+00 +1.8774e+00 +3.1305e+00 -1.7698e+00
668 0 +1.166984313e+01 -3.704015687e+01 -3.704015687e+01 -9.5654e-02 -5.8187e-01 -4.9992e+00 -4.2003e+00 +3.2823e+00 +1.0416e+00 -1.0430e+00 +1.8547e+00 +3.1305e+00 -1.7035e+00
1268 0 +7.555301957e+00 -4.115469804e+01 -4.115469804e+01 -9.5654e-02 -5.8187e-01 -4.9992e+00 -4.2016e+00 +3.2823e+00 +1.0416e+00 -1.5806e+00 +1.8547e+00 +3.1305e+00 -1.7035e+00
1418 0 +5.946461787e+00 -4.276353821e+01 -4.276353821e+01 -9.5654e-02 -5.8187e-01 -4.9992e+00 -4.2016e+00 +3.2823e+00 +1.0416e+00 -1.5207e+00 +1.8547e+00 +3.1305e+00 -1.7035e+00
1508 0 +5.245118418e+00 -4.346488158e+01 -4.346488158e+01 -1.1352e-01 -5.8187e-01 -4.9419e+00 -4.1184e+00 +3.2893e+00 +1.0041e+00 -1.4876e+00 +1.8604e+00 +3.1305e+00 -1.7058e+00
1868 0 +5.027843835e+00 -4.368215617e+01 -4.368215617e+01 -1.1352e-01 -5.8187e-01 -4.9831e+00 -4.1524e+00 +3.2545e+00 +1.0041e+00 -1.4876e+00 +1.8277e+00 +3.1193e+00 -1.7058e+00
2318 0 +4.798399816e+00 -4.391160018e+01 -4.391160018e+01 -1.1352e-01 -5.8187e-01 -4.9269e+00 -4.1110e+00 +3.2080e+00 +1.0041e+00 -1.4876e+00 +1.8277e+00 +3.0328e+00 -1.7194e+00
2408 0 +4.650037285e+00 -4.405996271e+01 -4.405996271e+01 -1.1352e-01 -5.8187e-01 -4.9660e+00 -4.1082e+00 +3.2080e+00 +1.0041e+00 -1.4876e+00 +1.8277e+00 +3.0328e+00 -1.7194e+00
3278 0 +4.543557765e+00 -4.416644224e+01 -4.416644224e+01 -1.1352e-01 -5.8187e-01 -4.9660e+00 -4.1082e+00 +3.2080e+00 +9.8695e-01 -1.4876e+00 +1.8277e+00 +3.0328e+00 -1.6885e+00
3968 0 +4.099396773e+00 -4.461060323e+01 -4.461060323e+01 -1.1352e-01 -5.8187e-01 -4.9693e+00 -4.1082e+00 +3.2080e+00 +1.0348e+00 -1.4876e+00 +1.8748e+00 +3.0328e+00 -1.6885e+00
7358 0 +4.021512133e+00 -4.468848787e+01 -4.468848787e+01 -1.1352e-01 -5.7705e-01 -4.9693e+00 -4.1082e+00 +3.2080e+00 +1.0348e+00 -1.4876e+00 +1.8748e+00 +3.0362e+00 -1.6885e+00
8168 0 +3.978397800e+00 -4.473160220e+01 -4.473160220e+01 -1.1352e-01 -5.7705e-01 -4.9693e+00 -4.1082e+00 +3.2080e+00 +1.0348e+00 -1.4876e+00 +1.8748e+00 +3.0362e+00 -1.6980e+00
9038 0 +3.667381827e+00 -4.504261817e+01 -4.504261817e+01 -1.1352e-01 -5.7705e-01 -4.9863e+00 -4.1082e+00 +3.2080e+00 +1.0348e+00 -1.4876e+00 +1.8748e+00 +3.0362e+00 -1.6980e+00
18398 0 +3.513182493e+00 -4.519681751e+01 -4.519681751e+01 -1.1352e-01 -5.7705e-01 -4.9843e+00 -4.0863e+00 +3.2080e+00 +1.0348e+00 -1.4876e+00 +1.8532e+00 +3.0362e+00 -1.6980e+00
18968 0 +3.406560753e+00 -4.530343925e+01 -4.530343925e+01 -1.1352e-01 -5.7705e-01 -4.9843e+00 -4.0863e+00 +3.2080e+00 +1.0348e+00 -1.4876e+00 +1.8620e+00 +3.0362e+00 -1.6980e+00
24158 0 +3.371881848e+00 -4.533811815e+01 -4.533811815e+01 -1.1048e-01 -5.7705e-01 -4.9843e+00 -4.0863e+00 +3.2080e+00 +1.0299e+00 -1.4876e+00 +1.8620e+00 +3.0443e+00 -1.6980e+00
25748 0 +3.306328716e+00 -4.540367128e+01 -4.540367128e+01 -1.1048e-01 -5.7705e-01 -4.9843e+00 -4.0863e+00 +3.2086e+00 +1.0299e+00 -1.4876e+00 +1.8620e+00 +3.0443e+00 -1.6980e+00
34148 0 +3.228176810e+00 -4.548182319e+01 -4.548182319e+01 -1.1157e-01 -5.7705e-01 -4.9821e+00 -4.0863e+00 +3.2086e+00 +1.0303e+00 -1.4876e+00 +1.8620e+00 +3.0443e+00 -1.6980e+00
40050 0 +3.192090846e+00 -4.551790915e+01 -4.551790915e+01 -1.1157e-01 -5.7705e-01 -4.9822e+00 -4.0863e+00 +3.2086e+00 +1.0303e+00 -1.4876e+00 +1.8632e+00 +3.0443e+00 -1.6980e+00
% f evaluations | g evaluations | best noise-free fitness - Fopt (-1.667900000000e+02) + sum g_i+ | measured fitness | best measured fitness or single-digit g-values | x1 | x2...
1 0 +3.591243733e+01 -1.308775627e+02 -1.308775627e+02 +2.9654e+00 -3.1657e+00 +2.7969e+00 +9.6850e-01 -5.4167e-01 -4.0003e+00 -4.0751e-01 -1.6629e+00 -3.5713e+00 +1.5089e+00
14 0 +3.398011578e+01 -1.328098842e+02 -1.328098842e+02 -1.5170e-01 +1.9244e+00 -2.3059e+00 -2.5587e+00 -3.3171e+00 -2.8124e+00 +5.8102e-01 -9.6164e-01 -4.3511e+00 -2.4608e+00
70 0 +2.926949421e+01 -1.375205058e+02 -1.375205058e+02 +4.7171e+00 +3.4891e+00 -2.1694e+00 +6.7086e-01 -4.0485e-01 -2.7504e+00 +2.0774e+00 -3.5215e+00 -6.0663e-01 -4.3650e+00
151 0 +2.865500174e+01 -1.381349983e+02 -1.381349983e+02 +2.9654e+00 -2.7922e+00 +2.7969e+00 +9.6850e-01 -5.4167e-01 -4.1701e+00 -4.0751e-01 -1.6629e+00 -3.9457e+00 +1.5018e+00
211 0 +2.533240502e+01 -1.414575950e+02 -1.414575950e+02 +2.9654e+00 -2.7922e+00 +2.6953e+00 +9.5996e-01 -6.4475e-01 -4.1701e+00 -4.0751e-01 -1.6629e+00 -3.9457e+00 +1.4067e+00
274 0 +2.472366086e+01 -1.420663391e+02 -1.420663391e+02 +1.6264e+00 -4.9501e-01 +2.5666e+00 +7.1055e-01 +2.9005e-01 -3.2194e+00 -4.2320e+00 -1.9316e+00 -4.1318e+00 +4.9794e+00
720 0 +2.227991412e+01 -1.445100859e+02 -1.445100859e+02 +3.3608e+00 -1.8131e+00 -1.8487e+00 +3.9857e+00 -4.8305e-01 -1.5563e+00 -1.3544e+00 +2.8114e+00 -1.0646e+00 +1.8699e+00
884 0 +1.435899225e+01 -1.524310077e+02 -1.524310077e+02 -1.5170e-01 +1.9244e+00 -2.3059e+00 -2.5587e+00 +2.7637e+00 -6.7798e-01 -2.5785e+00 -9.6164e-01 -4.3511e+00 +1.9283e+00
1737 0 +1.364350346e+01 -1.531464965e+02 -1.531464965e+02 +1.7078e+00 +2.2324e+00 -4.5063e+00 +4.9605e-01 -2.6304e+00 +1.7211e+00 -2.7805e+00 -1.8317e+00 -2.6241e-01 -3.1901e+00
2024 0 +1.294513785e+01 -1.538448622e+02 -1.538448622e+02 -1.5170e-01 +1.8956e+00 -2.3059e+00 -2.5883e+00 +2.6876e+00 -6.7428e-01 -2.5785e+00 -1.0012e+00 -4.2559e+00 +1.8860e+00
2107 0 +1.278337530e+01 -1.540066247e+02 -1.540066247e+02 +2.4736e+00 -1.3344e+00 +2.2463e+00 +4.1529e+00 -6.8249e-01 -4.6126e+00 -2.7868e-01 +1.1143e+00 -4.4325e+00 -1.9255e+00
2174 0 +1.250313779e+01 -1.542868622e+02 -1.542868622e+02 -1.5170e-01 +1.8653e+00 -2.3059e+00 -2.5883e+00 +2.6876e+00 -6.7428e-01 -2.5785e+00 -1.0012e+00 -4.2422e+00 +1.9260e+00
2225 0 +9.978579853e+00 -1.568114201e+02 -1.568114201e+02 +1.9840e+00 +1.6933e+00 -3.1113e+00 -8.8341e-01 -2.6971e+00 +1.4687e+00 -5.9246e-01 -2.2803e+00 -1.0323e-01 -3.9398e+00
2405 0 +8.689344671e+00 -1.581006553e+02 -1.581006553e+02 +1.9840e+00 +1.6684e+00 -3.0989e+00 -8.6180e-01 -2.6971e+00 +1.4507e+00 -6.0880e-01 -2.1871e+00 -5.0618e-02 -3.8614e+00
2564 0 +7.775481086e+00 -1.590145189e+02 -1.590145189e+02 -7.7819e-02 +1.8681e+00 -2.2104e+00 -2.6389e+00 +2.5818e+00 -6.6160e-01 -2.5215e+00 -1.1306e+00 -4.1736e+00 +1.7216e+00
3195 0 +7.183402616e+00 -1.596065974e+02 -1.596065974e+02 +6.1171e-01 +9.1335e-01 -3.7220e-01 +3.0826e-02 +1.9809e+00 -3.9223e-01 +4.5450e+00 -2.3003e+00 -3.3447e+00 -3.0510e+00
4094 0 +5.928663952e+00 -1.608613360e+02 -1.608613360e+02 -1.0666e-01 +1.8997e+00 -2.1727e+00 -2.6601e+00 +2.5584e+00 -6.1867e-01 -2.5215e+00 -1.1733e+00 -4.1501e+00 +1.7216e+00
4844 0 +5.492919230e+00 -1.612970808e+02 -1.612970808e+02 -1.0433e-01 +1.9516e+00 -2.1727e+00 -2.6790e+00 +2.5584e+00 -6.0206e-01 -2.5689e+00 -1.1560e+00 -4.1501e+00 +1.7281e+00
5324 0 +5.018681982e+00 -1.617713180e+02 -1.617713180e+02 -1.1819e-01 +1.9516e+00 -2.1727e+00 -2.6548e+00 +2.6013e+00 -5.9535e-01 -2.5689e+00 -1.1560e+00 -4.0873e+00 +1.6514e+00
5684 0 +4.453173674e+00 -1.623368263e+02 -1.623368263e+02 -1.1819e-01 +1.9516e+00 -2.2051e+00 -2.6982e+00 +2.6013e+00 -5.9535e-01 -2.5689e+00 -1.1560e+00 -4.0873e+00 +1.6514e+00
7694 0 +4.189545403e+00 -1.626004546e+02 -1.626004546e+02 -1.1819e-01 +1.9516e+00 -2.2051e+00 -2.6982e+00 +2.6013e+00 -5.9535e-01 -2.5387e+00 -1.1560e+00 -4.0873e+00 +1.6514e+00
8504 0 +3.597281619e+00 -1.631927184e+02 -1.631927184e+02 -1.1819e-01 +1.9193e+00 -2.2051e+00 -2.6482e+00 +2.6013e+00 -5.9535e-01 -2.5387e+00 -1.1560e+00 -4.0873e+00 +1.6514e+00
10544 0 +3.285939165e+00 -1.635040608e+02 -1.635040608e+02 -1.0495e-01 +1.9193e+00 -2.2051e+00 -2.6482e+00 +2.6013e+00 -5.9535e-01 -2.5387e+00 -1.1560e+00 -4.0873e+00 +1.7169e+00
11924 0 +3.198409661e+00 -1.635915903e+02 -1.635915903e+02 -1.0495e-01 +1.9193e+00 -2.2051e+00 -2.6494e+00 +2.6013e+00 -5.9535e-01 -2.5387e+00 -1.1560e+00 -4.0873e+00 +1.7266e+00
11954 0 +3.089066002e+00 -1.637009340e+02 -1.637009340e+02 -1.0495e-01 +1.9382e+00 -2.2051e+00 -2.6494e+00 +2.6013e+00 -5.9535e-01 -2.5387e+00 -1.1560e+00 -4.0873e+00 +1.7266e+00
13394 0 +2.839981226e+00 -1.639500188e+02 -1.639500188e+02 -1.0495e-01 +1.9382e+00 -2.2051e+00 -2.6494e+00 +2.6013e+00 -5.9535e-01 -2.5387e+00 -1.1447e+00 -4.0873e+00 +1.7416e+00
28490 0 +2.767684867e+00 -1.640223151e+02 -1.640223151e+02 +2.2130e+00 -2.8022e+00 -4.3356e+00 -1.0654e+00 -2.4791e+00 +1.9451e+00 -1.4164e+00 -1.7925e+00 -2.4549e+00 -4.4005e+00
30200 0 +2.655671095e+00 -1.641343289e+02 -1.641343289e+02 +2.2130e+00 -2.8022e+00 -4.3356e+00 -1.0670e+00 -2.4791e+00 +1.9451e+00 -1.4164e+00 -1.7925e+00 -2.4549e+00 -4.4005e+00
40050 0 +2.655671095e+00 -1.641343289e+02 -1.641343289e+02 +2.2130e+00 -2.8022e+00 -4.3356e+00 -1.0670e+00 -2.4791e+00 +1.9451e+00 -1.4164e+00 -1.7925e+00 -2.4549e+00 -4.4005e+00
% f evaluations | g evaluations | best noise-free fitness - Fopt (1.000000000000e+03) + sum g_i+ | measured fitness | best measured fitness or single-digit g-values | x1 | x2...
1 0 +7.958172300e+01 +1.079581723e+03 +1.079581723e+03 +2.9654e+00 -3.1657e+00 +2.7969e+00 +9.6850e-01 -5.4167e-01 -4.0003e+00 -4.0751e-01 -1.6629e+00 -3.5713e+00 +1.5089e+00
3 0 +2.511548903e+01 +1.025115489e+03 +1.025115489e+03 -1.0014e+00 -4.5333e+00 +4.7376e+00 -2.6723e+00 -4.0939e+00 +1.1839e+00 -1.1754e+00 +4.8323e+00 -3.3237e-01 +3.5994e+00
39 0 +2.257667309e+01 +1.022576673e+03 +1.022576673e+03 +3.5004e+00 -5.0549e-01 -9.3642e-01 -1.2918e+00 +1.6884e+00 +3.8602e+00 -4.8538e+00 -4.4493e+00 +4.6122e-01 -4.5095e+00
213 0 +2.187486878e+01 +1.021874869e+03 +1.021874869e+03 -4.9272e-01 -4.5333e+00 +2.4867e+00 -2.6723e+00 -2.7441e+00 +2.0170e+00 -1.8834e+00 -5.0075e-01 -3.3237e-01 +3.5994e+00
483 0 +1.832250624e+01 +1.018322506e+03 +1.018322506e+03 -5.0165e-01 -4.5333e+00 +2.4631e+00 -2.6723e+00 -2.7572e+00 +2.0170e+00 -1.9549e+00 -4.9585e-01 -3.3237e-01 +3.4737e+00
907 0 +1.760740924e+01 +1.017607409e+03 +1.017607409e+03 +1.9629e-01 -3.8353e+00 +8.9649e-01 +2.6058e+00 +1.0409e+00 +7.1964e-01 +2.1116e+00 -3.1960e+00 -4.7865e+00 -1.3483e+00
1053 0 +1.620496764e+01 +1.016204968e+03 +1.016204968e+03 -5.0165e-01 -4.6093e+00 +2.4631e+00 -2.6723e+00 -2.7572e+00 +2.0170e+00 -1.9549e+00 -4.9585e-01 -3.3237e-01 +3.4737e+00
1773 0 +1.417069957e+01 +1.014170700e+03 +1.014170700e+03 -5.0165e-01 -4.6093e+00 +2.3430e+00 -2.7593e+00 -2.7483e+00 +2.0170e+00 -1.9549e+00 -4.9585e-01 -4.2023e-01 +3.4737e+00
1781 0 +1.320040109e+01 +1.013200401e+03 +1.013200401e+03 -1.5153e+00 -4.3886e+00 -7.5666e-01 +1.2738e+00 -4.0893e+00 +5.2015e-01 -2.5531e-01 +1.3470e-01 +4.1828e+00 -1.5485e+00
1839 0 +1.265450695e+01 +1.012654507e+03 +1.012654507e+03 +2.5496e+00 -1.6670e+00 -9.3642e-01 -1.2805e+00 +1.6484e+00 +3.8210e+00 -4.8538e+00 -4.4493e+00 +4.3234e-01 -4.4690e+00
2349 0 +1.208650269e+01 +1.012086503e+03 +1.012086503e+03 +2.5496e+00 -1.7056e+00 -9.3642e-01 -1.2154e+00 +1.5985e+00 +3.8210e+00 -4.8538e+00 -4.3953e+00 +4.7554e-01 -4.4690e+00
2382 0 +8.666878836e+00 +1.008666879e+03 +1.008666879e+03 +1.3772e+00 +3.7045e+00 +4.5966e-01 -1.8097e+00 -3.2542e+00 +2.0542e+00 -2.8965e+00 +1.9633e+00 +3.5735e+00 +4.9250e+00
2531 0 +5.628672213e+00 +1.005628672e+03 +1.005628672e+03 -1.5153e+00 -4.3972e+00 -7.5666e-01 +1.2738e+00 -4.0893e+00 +5.2015e-01 -2.5531e-01 +1.0999e-01 +4.0024e+00 -1.3516e+00
2981 0 +5.062700682e+00 +1.005062701e+03 +1.005062701e+03 -1.5153e+00 -4.3972e+00 -7.5666e-01 +1.2738e+00 -4.1342e+00 +5.2015e-01 -2.5801e-01 +1.0976e-01 +4.0024e+00 -1.3516e+00
3041 0 +4.380608400e+00 +1.004380608e+03 +1.004380608e+03 -1.4977e+00 -4.3972e+00 -7.3041e-01 +1.2738e+00 -4.1342e+00 +5.2015e-01 -2.6482e-01 +1.9189e-01 +4.0024e+00 -1.3516e+00
3101 0 +4.030709412e+00 +1.004030709e+03 +1.004030709e+03 -1.4977e+00 -4.3972e+00 -7.3808e-01 +1.2738e+00 -4.1342e+00 +5.2015e-01 -2.6482e-01 +1.9189e-01 +4.0024e+00 -1.3516e+00
3851 0 +3.880840769e+00 +1.003880841e+03 +1.003880841e+03 -1.4977e+00 -4.3972e+00 -7.3808e-01 +1.2738e+00 -4.1342e+00 +5.2015e-01 -2.6482e-01 +1.6720e-01 +4.0024e+00 -1.3516e+00
4361 0 +3.577241515e+00 +1.003577242e+03 +1.003577242e+03 -1.4977e+00 -4.3972e+00 -7.3808e-01 +1.3063e+00 -4.1342e+00 +5.2015e-01 -2.4457e-01 +1.3868e-01 +4.0024e+00 -1.3516e+00
4391 0 +3.462251918e+00 +1.003462252e+03 +1.003462252e+03 -1.4977e+00 -4.3972e+00 -7.3808e-01 +1.3328e+00 -4.1342e+00 +5.2015e-01 -2.4457e-01 +1.3868e-01 +4.0024e+00 -1.3516e+00
4931 0 +3.159569708e+00 +1.003159570e+03 +1.003159570e+03 -1.4977e+00 -4.3972e+00 -7.3808e-01 +1.3328e+00 -4.1342e+00 +5.2015e-01 -2.4457e-01 +1.3868e-01 +4.0061e+00 -1.3516e+00
6011 0 +3.037624306e+00 +1.003037624e+03 +1.003037624e+03 -1.4977e+00 -4.3972e+00 -7.3808e-01 +1.3277e+00 -4.1342e+00 +5.2015e-01 -2.4457e-01 +1.3868e-01 +4.0061e+00 -1.3516e+00
18550 0 +2.863053028e+00 +1.002863053e+03 +1.002863053e+03 -5.6419e-01 -2.3583e+00 +8.7261e-01 +7.4516e-01 -2.3096e+00 +1.7368e-01 +4.1714e-01 +2.0919e+00 -1.8875e+00 -2.5658e-01
18760 0 +2.752091304e+00 +1.002752091e+03 +1.002752091e+03 -5.6419e-01 -2.3583e+00 +8.7261e-01 +7.4516e-01 -2.3096e+00 +1.7924e-01 +4.1714e-01 +2.0919e+00 -1.8875e+00 -2.5658e-01
19780 0 +2.676606582e+00 +1.002676607e+03 +1.002676607e+03 -5.6419e-01 -2.3583e+00 +8.7567e-01 +7.4516e-01 -2.3096e+00 +1.7924e-01 +4.1834e-01 +2.0919e+00 -1.8875e+00 -2.5658e-01
24066 0 +2.238052407e+00 +1.002238052e+03 +1.002238052e+03 +9.9035e-01 -2.6214e+00 -4.4571e+00 -1.2686e+00 -3.0723e+00 +4.3840e+00 -3.8102e+00 -2.6877e+00 -3.6396e-01 +1.1146e+00
24186 0 +2.143386157e+00 +1.002143386e+03 +1.002143386e+03 +9.9035e-01 -2.6214e+00 -4.4571e+00 -1.1849e+00 -3.0723e+00 +4.3840e+00 -3.8102e+00 -2.6877e+00 -3.6396e-01 +1.1146e+00
24216 0 +2.090194149e+00 +1.002090194e+03 +1.002090194e+03 +9.9035e-01 -2.6214e+00 -4.4571e+00 -1.1337e+00 -3.0723e+00 +4.3840e+00 -3.8102e+00 -2.6877e+00 -3.6396e-01 +1.1146e+00
24336 0 +2.057398845e+00 +1.002057399e+03 +1.002057399e+03 +9.9062e-01 -2.6214e+00 -4.4571e+00 -1.1337e+00 -3.0723e+00 +4.3840e+00 -3.8102e+00 -2.6877e+00 -3.6396e-01 +1.1146e+00
24396 0 +1.878424505e+00 +1.001878425e+03 +1.001878425e+03 +9.9062e-01 -2.6214e+00 -4.4592e+00 -1.1337e+00 -3.0723e+00 +4.3840e+00 -3.8102e+00 -2.6877e+00 -3.6396e-01 +1.1146e+00
25536 0 +1.828077063e+00 +1.001828077e+03 +1.001828077e+03 +9.7008e-01 -2.6214e+00 -4.4592e+00 -1.1337e+00 -3.0723e+00 +4.3840e+00 -3.8102e+00 -2.6106e+00 -3.6396e-01 +1.1211e+00
25686 0 +1.795311437e+00 +1.001795311e+03 +1.001795311e+03 +9.7008e-01 -2.6214e+00 -4.4592e+00 -1.1337e+00 -3.0723e+00 +4.3840e+00 -3.8102e+00 -2.6106e+00 -3.6396e-01 +1.1160e+00
31806 0 +1.723130502e+00 +1.001723131e+03 +1.001723131e+03 +9.7481e-01 -2.6214e+00 -4.4592e+00 -1.1337e+00 -3.0723e+00 +4.3840e+00 -3.8102e+00 -2.6106e+00 -3.6140e-01 +1.1160e+00
31866 0 +1.664087006e+00 +1.001664087e+03 +1.001664087e+03 +9.7481e-01 -2.6214e+00 -4.4592e+00 -1.1358e+00 -3.0723e+00 +4.3840e+00 -3.8102e+00 -2.6106e+00 -3.6140e-01 +1.1160e+00
35711 0 +1.503586681e+00 +1.001503587e+03 +1.001503587e+03 -1.4940e+00 -4.3697e+00 -7.1579e-01 +1.3278e+00 -4.1246e+00 +4.8088e-01 -1.1973e-02 +9.4566e-02 +4.0061e+00 -1.3516e+00
35771 0 +1.463907765e+00 +1.001463908e+03 +1.001463908e+03 -1.4940e+00 -4.3697e+00 -7.1579e-01 +1.3278e+00 -4.1246e+00 +4.8088e-01 -1.1973e-02 +9.5393e-02 +4.0061e+00 -1.3516e+00
35921 0 +1.433609529e+00 +1.001433610e+03 +1.001433610e+03 -1.4940e+00 -4.3697e+00 -7.1579e-01 +1.3278e+00 -4.1116e+00 +4.8088e-01 -6.4803e-03 +9.5393e-02 +4.0061e+00 -1.3516e+00
35951 0 +1.404128753e+00 +1.001404129e+03 +1.001404129e+03 -1.4940e+00 -4.3697e+00 -7.1579e-01 +1.3278e+00 -4.1116e+00 +4.8088e-01 -7.1160e-03 +9.5393e-02 +4.0061e+00 -1.3516e+00
36131 0 +1.324227982e+00 +1.001324228e+03 +1.001324228e+03 -1.4940e+00 -4.3697e+00 -7.1579e-01 +1.3095e+00 -4.1116e+00 +4.8088e-01 -7.1160e-03 +9.5393e-02 +4.0165e+00 -1.3516e+00
38561 0 +1.234262082e+00 +1.001234262e+03 +1.001234262e+03 -1.5112e+00 -4.3697e+00 -7.1579e-01 +1.3095e+00 -4.1116e+00 +4.8088e-01 -7.2142e-03 +9.5393e-02 +4.0165e+00 -1.3516e+00
39551 0 +1.207953778e+00 +1.001207954e+03 +1.001207954e+03 -1.5112e+00 -4.3697e+00 -7.1579e-01 +1.3095e+00 -4.1116e+00 +4.8088e-01 -7.2142e-03 +1.3107e-01 +4.0165e+00 -1.3516e+00
39851 0 +1.134188309e+00 +1.001134188e+03 +1.001134188e+03 -1.5112e+00 -4.4071e+00 -7.1579e-01 +1.3095e+00 -4.1116e+00 +4.8088e-01 -7.2142e-03 +1.3107e-01 +4.0165e+00 -1.3516e+00
39911 0 +1.097957294e+00 +1.001097957e+03 +1.001097957e+03 -1.5112e+00 -4.4071e+00 -7.1579e-01 +1.3095e+00 -4.1141e+00 +4.8088e-01 -7.2142e-03 +1.3107e-01 +4.0165e+00 -1.3516e+00
39941 0 +9.553634561e-01 +1.000955363e+03 +1.000955363e+03 -1.5112e+00 -4.4071e+00 -7.1579e-01 +1.2911e+00 -4.1141e+00 +4.8088e-01 -7.2142e-03 +1.3107e-01 +4.0165e+00 -1.3516e+00
40050 0 +9.553634561e-01 +1.000955363e+03 +1.000955363e+03 -1.5112e+00 -4.4071e+00 -7.1579e-01 +1.2911e+00 -4.1141e+00 +4.8088e-01 -7.2142e-03 +1.3107e-01 +4.0165e+00 -1.3516e+00
% f evaluations | g evaluations | best noise-free fitness - Fopt (-1.847000000000e+01) + sum g_i+ | measured fitness | best measured fitness or single-digit g-values | x1 | x2...
1 0 +8.291677805e+01 +6.444677805e+01 +6.444677805e+01 +2.9654e+00 -3.1657e+00 +2.7969e+00 +9.6850e-01 -5.4167e-01 -4.0003e+00 -4.0751e-01 -1.6629e+00 -3.5713e+00 +1.5089e+00
3 0 +7.757151591e+01 +5.910151591e+01 +5.910151591e+01 -1.0014e+00 -4.5333e+00 +4.7376e+00 -2.6723e+00 -4.0939e+00 +1.1839e+00 -1.1754e+00 +4.8323e+00 -3.3237e-01 +3.5994e+00
4 0 +2.880639670e+01 +1.033639670e+01 +1.033639670e+01 +1.8031e+00 -4.9501e-01 -4.8674e+00 +4.4220e+00 +6.3288e-01 -1.1458e+00 -4.8403e+00 -2.6911e+00 -2.5897e+00 +1.8326e+00
49 0 +2.752926108e+01 +9.059261079e+00 +9.059261079e+00 +4.2230e+00 -2.9008e+00 +2.5684e-01 +1.9578e+00 -2.7145e+00 -3.2505e+00 -1.2708e-01 +1.6636e-01 +2.0671e+00 +4.4738e+00
130 0 +2.135308336e+01 +2.883083360e+00 +2.883083360e+00 +4.7171e+00 +3.4891e+00 -2.7282e+00 +4.6206e+00 -1.3499e+00 -4.5434e+00 -4.7312e+00 -4.5249e+00 -4.8089e+00 -1.2570e+00
173 0 +1.744352664e+01 -1.026473356e+00 -1.026473356e+00 -1.0407e+00 -1.3890e+00 +7.9896e-02 +1.3025e+00 -4.9428e+00 +2.1054e+00 +4.6926e+00 -1.3258e-01 +3.5149e-01 +7.8232e-01
1036 0 +1.400104918e+01 -4.468950822e+00 -4.468950822e+00 +4.1468e+00 -1.7416e+00 -3.3617e+00 +1.3905e+00 -1.5979e-01 +4.3341e+00 +4.9155e+00 +1.1022e+00 +3.2029e+00 +1.1039e+00
1546 0 +1.021450959e+01 -8.255490411e+00 -8.255490411e+00 +4.1468e+00 -1.7416e+00 -3.3617e+00 +1.5213e+00 -1.5979e-01 +4.7459e+00 +4.9155e+00 +1.5478e+00 +3.2029e+00 +1.1039e+00
1559 0 +7.841705789e+00 -1.062829421e+01 -1.062829421e+01 +3.4776e+00 -1.2064e-01 -4.5610e+00 +5.2310e-01 +1.9291e+00 -2.0306e+00 -3.1727e+00 +3.4844e+00 +3.2563e+00 +3.1314e+00
2399 0 +7.451976750e+00 -1.101802325e+01 -1.101802325e+01 +3.4872e+00 -1.2064e-01 -4.5610e+00 +5.8582e-01 +1.9291e+00 -2.0306e+00 -3.1727e+00 +3.5139e+00 +3.2563e+00 +3.1314e+00
2446 0 +7.173306634e+00 -1.129669337e+01 -1.129669337e+01 +4.1583e+00 -1.7416e+00 -3.4651e+00 +1.5213e+00 -1.4010e-01 +4.7459e+00 +4.8251e+00 +1.5478e+00 +3.1836e+00 +1.1025e+00
3029 0 +6.560772200e+00 -1.190922780e+01 -1.190922780e+01 +3.8874e+00 -2.3676e-01 -4.9436e+00 +6.4041e-01 +1.9291e+00 -2.0306e+00 -2.7338e+00 +3.5139e+00 +3.2466e+00 +3.2355e+00
3539 0 +4.595504842e+00 -1.387449516e+01 -1.387449516e+01 +3.8874e+00 -2.3676e-01 -4.8763e+00 +6.4041e-01 +1.9291e+00 -2.0306e+00 -2.7338e+00 +3.5139e+00 +3.6110e+00 +3.2355e+00
3659 0 +4.141862945e+00 -1.432813706e+01 -1.432813706e+01 +3.8874e+00 -2.3676e-01 -4.8763e+00 +6.3781e-01 +1.9291e+00 -2.0570e+00 -2.7338e+00 +3.5139e+00 +3.5826e+00 +3.2355e+00
3689 0 +2.569982496e+00 -1.590001750e+01 -1.590001750e+01 +4.0198e+00 -2.3676e-01 -4.8272e+00 +4.1870e-01 +1.9291e+00 -1.9014e+00 -2.9707e+00 +3.5139e+00 +3.5826e+00 +3.2355e+00
3749 0 +1.738221630e+00 -1.673177837e+01 -1.673177837e+01 +4.0271e+00 -2.3676e-01 -4.8272e+00 +4.4866e-01 +1.9291e+00 -1.9366e+00 -2.9707e+00 +3.5139e+00 +3.5826e+00 +3.1932e+00
4979 0 +1.604204785e+00 -1.686579522e+01 -1.686579522e+01 +4.0401e+00 -2.3676e-01 -4.7825e+00 +4.4866e-01 +1.9291e+00 -1.9366e+00 -2.8852e+00 +3.5139e+00 +3.5826e+00 +3.1574e+00
5129 0 +1.438283804e+00 -1.703171620e+01 -1.703171620e+01 +4.0401e+00 -2.3676e-01 -4.7825e+00 +4.4866e-01 +1.9291e+00 -1.9366e+00 -2.8640e+00 +3.5139e+00 +3.5826e+00 +3.1574e+00
5789 0 +1.306557123e+00 -1.716344288e+01 -1.716344288e+01 +4.0401e+00 -2.3676e-01 -4.7825e+00 +3.9757e-01 +1.9291e+00 -1.9415e+00 -2.8640e+00 +3.5139e+00 +3.5826e+00 +3.1574e+00
6809 0 +1.211829312e+00 -1.725817069e+01 -1.725817069e+01 +4.0401e+00 -2.3676e-01 -4.7486e+00 +3.9757e-01 +1.9291e+00 -1.9415e+00 -2.8640e+00 +3.5139e+00 +3.5826e+00 +3.1574e+00
6929 0 +1.200377877e+00 -1.726962212e+01 -1.726962212e+01 +4.0401e+00 -2.3676e-01 -4.7486e+00 +3.9757e-01 +1.9291e+00 -1.9415e+00 -2.8567e+00 +3.5139e+00 +3.5826e+00 +3.1591e+00
9479 0 +1.173750386e+00 -1.729624961e+01 -1.729624961e+01 +4.0401e+00 -2.1504e-01 -4.7486e+00 +3.9970e-01 +1.9291e+00 -1.9248e+00 -2.8567e+00 +3.5213e+00 +3.5826e+00 +3.1591e+00
11399 0 +9.231109249e-01 -1.754688908e+01 -1.754688908e+01 +4.0394e+00 -2.1489e-01 -4.7486e+00 +3.9970e-01 +1.9291e+00 -1.9248e+00 -2.8567e+00 +3.5213e+00 +3.6073e+00 +3.1591e+00
18929 0 +9.115545340e-01 -1.755844547e+01 -1.755844547e+01 +4.0394e+00 -2.1489e-01 -4.7486e+00 +3.9970e-01 +1.9288e+00 -1.9248e+00 -2.8567e+00 +3.5198e+00 +3.6073e+00 +3.1591e+00
40050 0 +9.099623564e-01 -1.756003764e+01 -1.756003764e+01 +4.0401e+00 -2.1489e-01 -4.7486e+00 +3.9970e-01 +1.9288e+00 -1.9248e+00 -2.8567e+00 +3.5198e+00 +3.6073e+00 +3.1591e+00
% f evaluations | g evaluations | best noise-free fitness - Fopt (-5.971000000000e+01) + sum g_i+ | measured fitness | best measured fitness or single-digit g-values | x1 | x2...
1 0 +9.376166759e+01 +3.405166759e+01 +3.405166759e+01 +2.9654e+00 -3.1657e+00 +2.7969e+00 +9.6850e-01 -5.4167e-01 -4.0003e+00 -4.0751e-01 -1.6629e+00 -3.5713e+00 +1.5089e+00
3 0 +6.845176595e+01 +8.741765946e+00 +8.741765946e+00 -1.0014e+00 -4.5333e+00 +4.7376e+00 -2.6723e+00 -4.0939e+00 +1.1839e+00 -1.1754e+00 +4.8323e+00 -3.3237e-01 +3.5994e+00
4 0 +3.457168774e+01 -2.513831226e+01 -2.513831226e+01 +1.8031e+00 -4.9501e-01 -4.8674e+00 +4.4220e+00 +6.3288e-01 -1.1458e+00 -4.8403e+00 -2.6911e+00 -2.5897e+00 +1.8326e+00
24 0 +2.762948079e+01 -3.208051921e+01 -3.208051921e+01 -1.4992e+00 +1.4510e+00 +1.6892e+00 +3.6417e+00 -2.6981e+00 -8.0662e-03 +7.2004e-01 +2.6855e+00 -4.5640e+00 +4.9455e+00
25 0 +2.558811695e+01 -3.412188305e+01 -3.412188305e+01 -3.0055e-01 -2.2044e+00 +3.8349e+00 +2.4772e+00 +4.5307e+00 -1.6925e+00 +5.2765e-01 +7.2292e-01 +4.8033e+00 -4.2465e+00
99 0 +1.853235482e+01 -4.117764518e+01 -4.117764518e+01 +2.5498e+00 -1.5495e+00 +1.1867e+00 -1.2918e+00 +1.6884e+00 +3.1775e+00 -7.5280e-02 +1.8378e-01 +1.6855e+00 -2.9418e+00
363 0 +1.751587672e+01 -4.219412328e+01 -4.219412328e+01 -1.8945e+00 -4.2913e+00 +2.7847e+00 +2.5187e-01 -7.3827e-01 +4.1307e+00 -2.2631e+00 +4.6731e+00 +4.6420e+00 +6.2373e-01
949 0 +1.655143913e+01 -4.315856087e+01 -4.315856087e+01 +1.2130e+00 -1.0970e+00 +8.4901e-01 -2.5997e+00 -2.7145e+00 -4.5717e+00 +4.2506e+00 -2.6983e-01 +3.4146e-01 +9.2765e-01
1171 0 +7.913594798e+00 -5.179640520e+01 -5.179640520e+01 +9.4111e-01 -4.3052e+00 +1.5925e+00 +2.2722e+00 -4.8432e+00 -2.5830e+00 +2.2873e+00 +1.6135e+00 -5.5427e-01 +1.3974e+00
2011 0 +6.471572806e+00 -5.323842719e+01 -5.323842719e+01 +9.8153e-01 -4.3052e+00 +1.5925e+00 +2.2722e+00 -4.7782e+00 -2.4700e+00 +2.2873e+00 +1.6574e+00 -5.2463e-01 +1.3974e+00
2341 0 +6.441090683e+00 -5.326890932e+01 -5.326890932e+01 +9.8153e-01 -4.3052e+00 +1.5925e+00 +2.2239e+00 -4.7548e+00 -2.4700e+00 +2.2873e+00 +1.6574e+00 -5.2463e-01 +1.3974e+00
2791 0 +5.372800614e+00 -5.433719939e+01 -5.433719939e+01 +9.4777e-01 -4.3052e+00 +1.5925e+00 +2.2239e+00 -4.7518e+00 -2.4700e+00 +2.2873e+00 +1.7047e+00 -5.2463e-01 +1.4274e+00
3091 0 +5.028962482e+00 -5.468103752e+01 -5.468103752e+01 +9.4777e-01 -4.2771e+00 +1.5925e+00 +2.2239e+00 -4.7518e+00 -2.4732e+00 +2.2873e+00 +1.7047e+00 -5.6465e-01 +1.4274e+00
3481 0 +4.931008109e+00 -5.477899189e+01 -5.477899189e+01 +9.4734e-01 -4.2834e+00 +1.5925e+00 +2.2581e+00 -4.7518e+00 -2.4732e+00 +2.2840e+00 +1.7047e+00 -5.6465e-01 +1.4407e+00
3814 0 +4.682596074e+00 -5.502740393e+01 -5.502740393e+01 +1.5559e+00 -6.0613e-01 -4.2604e+00 +4.0027e+00 +4.9678e-01 -1.4560e+00 -3.9356e+00 -2.5368e+00 -2.4352e+00 +1.6983e+00
3964 0 +3.672339958e+00 -5.603766004e+01 -5.603766004e+01 +1.5213e+00 -6.0613e-01 -4.2604e+00 +3.9229e+00 +4.1876e-01 -1.4560e+00 -3.8536e+00 -2.4943e+00 -2.4203e+00 +1.7328e+00
4414 0 +3.379002380e+00 -5.633099762e+01 -5.633099762e+01 +1.5213e+00 -6.0613e-01 -4.1868e+00 +3.9229e+00 +4.1876e-01 -1.4560e+00 -3.8536e+00 -2.5329e+00 -2.4203e+00 +1.7107e+00
6424 0 +3.191923822e+00 -5.651807618e+01 -5.651807618e+01 +1.5213e+00 -6.0613e-01 -4.1863e+00 +3.9229e+00 +4.1876e-01 -1.4560e+00 -3.8536e+00 -2.5329e+00 -2.4203e+00 +1.7156e+00
11764 0 +3.116481944e+00 -5.659351806e+01 -5.659351806e+01 +1.5213e+00 -6.0835e-01 -4.1863e+00 +3.9229e+00 +4.1876e-01 -1.4560e+00 -3.8536e+00 -2.5329e+00 -2.4203e+00 +1.7156e+00
14739 0 +3.087404459e+00 -5.662259554e+01 -5.662259554e+01 +2.0327e+00 -1.5257e+00 +1.0189e+00 -1.5708e+00 +1.6182e+00 +3.0594e+00 -1.7769e-01 +3.5236e-01 +1.7205e+00 -2.6642e+00
15094 0 +2.955027178e+00 -5.675497282e+01 -5.675497282e+01 +1.5213e+00 -6.0835e-01 -4.1863e+00 +3.9229e+00 +4.1876e-01 -1.4560e+00 -3.8536e+00 -2.5109e+00 -2.4203e+00 +1.7156e+00
15364 0 +2.873389748e+00 -5.683661025e+01 -5.683661025e+01 +1.5133e+00 -6.0835e-01 -4.1863e+00 +3.9229e+00 +4.1876e-01 -1.4560e+00 -3.8536e+00 -2.5109e+00 -2.4203e+00 +1.7156e+00
15784 0 +2.791260932e+00 -5.691873907e+01 -5.691873907e+01 +1.5133e+00 -6.0835e-01 -4.1863e+00 +3.9229e+00 +4.1876e-01 -1.4560e+00 -3.8536e+00 -2.5109e+00 -2.4296e+00 +1.7156e+00
20914 0 +2.742585973e+00 -5.696741403e+01 -5.696741403e+01 +1.5133e+00 -6.1249e-01 -4.1775e+00 +3.9229e+00 +4.1876e-01 -1.4560e+00 -3.8536e+00 -2.5109e+00 -2.4296e+00 +1.7156e+00
40050 0 +2.693756903e+00 -5.701624310e+01 -5.701624310e+01 +1.5133e+00 -6.1362e-01 -4.1775e+00 +3.9229e+00 +4.1717e-01 -1.4560e+00 -3.8525e+00 -2.5112e+00 -2.4296e+00 +1.7156e+00
% f evaluations | g evaluations | best noise-free fitness - Fopt (-9.684000000000e+01) + sum g_i+ | measured fitness | best measured fitness or single-digit g-values | x1 | x2...
1 0 +7.280166170e+01 -2.403833830e+01 -2.403833830e+01 +2.9654e+00 -3.1657e+00 +2.7969e+00 +9.6850e-01 -5.4167e-01 -4.0003e+00 -4.0751e-01 -1.6629e+00 -3.5713e+00 +1.5089e+00
2 0 +5.853650086e+01 -3.830349914e+01 -3.830349914e+01 -4.4359e+00 +2.2200e+00 +4.3855e+00 -4.9922e+00 +4.9221e+00 +1.1748e+00 +1.1165e+00 -4.9293e+00 -4.7694e+00 +2.4775e-01
6 0 +5.471228244e+01 -4.212771756e+01 -4.212771756e+01 +3.4228e+00 -5.0246e-01 -1.0485e+00 +4.2666e+00 +2.2727e+00 -1.7346e+00 +7.0444e-01 +2.0834e-01 +4.6117e+00 +3.4453e+00
10 0 +4.896293143e+01 -4.787706857e+01 -4.787706857e+01 +4.7171e+00 +3.4891e+00 +2.2173e+00 -2.6402e+00 -2.4393e+00 -4.5957e+00 +2.1066e+00 -3.8911e+00 -6.0663e-01 -2.9828e+00
32 0 +3.221239756e+01 -6.462760244e+01 -6.462760244e+01 +4.6965e+00 +3.7333e+00 +1.7519e-01 -1.7475e+00 +4.9221e+00 +1.1748e+00 +1.1165e+00 -4.9293e+00 -4.7694e+00 +2.4775e-01
198 0 +2.373127911e+01 -7.310872089e+01 -7.310872089e+01 +2.3193e+00 +2.0356e+00 -3.1970e+00 +8.6742e-01 -1.2232e+00 -4.0825e+00 +3.7018e+00 +2.5084e+00 +1.2221e+00 -1.0648e+00
203 0 +1.490351903e+01 -8.193648097e+01 -8.193648097e+01 +1.8606e+00 +8.2434e-01 +7.9896e-02 +1.1207e+00 -2.4954e+00 -4.7533e+00 +4.8647e+00 +7.0081e-01 -1.6864e+00 +4.9236e+00
461 0 +1.256143381e+01 -8.427856619e+01 -8.427856619e+01 -3.2796e-01 +8.8343e-02 -1.2409e+00 -1.2468e+00 +3.1422e-01 -1.1250e+00 +3.8148e+00 -1.0337e+00 +3.4260e-01 +1.1712e+00
1643 0 +1.227059877e+01 -8.456940123e+01 -8.456940123e+01 +1.8952e+00 +6.3499e-01 +7.9896e-02 +1.1207e+00 -2.4954e+00 -4.6576e+00 +4.7531e+00 +7.0081e-01 -1.7161e+00 +4.9236e+00
1853 0 +1.168621375e+01 -8.515378625e+01 -8.515378625e+01 +1.7929e+00 +6.3499e-01 +7.9896e-02 +1.1207e+00 -2.4686e+00 -4.6576e+00 +4.7531e+00 +7.0081e-01 -1.7161e+00 +4.9236e+00
1931 0 +1.143501133e+01 -8.540498867e+01 -8.540498867e+01 -3.2796e-01 +8.8404e-02 -1.2409e+00 -1.2468e+00 +1.9667e-01 -1.1250e+00 +3.8148e+00 -1.0338e+00 +3.4260e-01 +1.2300e+00
2303 0 +9.793533595e+00 -8.704646641e+01 -8.704646641e+01 +1.7929e+00 +4.7135e-01 +7.9896e-02 +1.1207e+00 -2.2933e+00 -4.6504e+00 +4.6671e+00 +6.5298e-01 -1.7161e+00 +4.8553e+00
2513 0 +9.169799589e+00 -8.767020041e+01 -8.767020041e+01 +1.7929e+00 +4.8761e-01 +7.9896e-02 +1.1207e+00 -2.2869e+00 -4.6504e+00 +4.6671e+00 +6.2382e-01 -1.7161e+00 +4.8463e+00
2723 0 +8.080793577e+00 -8.875920642e+01 -8.875920642e+01 +1.7536e+00 +4.8374e-01 +7.9896e-02 +1.0648e+00 -2.2834e+00 -4.6504e+00 +4.6671e+00 +6.2788e-01 -1.7161e+00 +4.8195e+00
2783 0 +7.443336346e+00 -8.939666365e+01 -8.939666365e+01 +1.7229e+00 +4.8374e-01 +7.9896e-02 +1.0126e+00 -2.2834e+00 -4.6496e+00 +4.6671e+00 +6.2788e-01 -1.7161e+00 +4.7523e+00
3551 0 +6.797913327e+00 -9.004208667e+01 -9.004208667e+01 -3.3548e-01 +1.1598e-01 -1.2030e+00 -1.2666e+00 +1.6627e-01 -2.1120e+00 +3.2496e+00 -1.0338e+00 +3.7445e-01 +1.7095e+00
4121 0 +6.692603189e+00 -9.014739681e+01 -9.014739681e+01 -3.3548e-01 +1.1598e-01 -1.1601e+00 -1.2666e+00 +9.2003e-02 -2.1431e+00 +3.2496e+00 -9.9179e-01 +4.2094e-01 +1.6963e+00
4241 0 +6.318618713e+00 -9.052138129e+01 -9.052138129e+01 -3.1567e-01 +1.1598e-01 -1.1601e+00 -1.2658e+00 +9.2003e-02 -2.1112e+00 +3.2496e+00 -9.3653e-01 +3.7314e-01 +1.7337e+00
4511 0 +5.074319855e+00 -9.176568014e+01 -9.176568014e+01 -3.1567e-01 +9.2994e-02 -1.1601e+00 -1.2658e+00 +9.2003e-02 -2.0658e+00 +3.2496e+00 -9.2959e-01 +3.7314e-01 +1.7337e+00
5471 0 +4.981714311e+00 -9.185828569e+01 -9.185828569e+01 -3.1567e-01 +9.2994e-02 -1.1601e+00 -1.2658e+00 +9.2003e-02 -2.0658e+00 +3.2496e+00 -9.2959e-01 +3.7314e-01 +1.7244e+00
6491 0 +4.863551839e+00 -9.197644816e+01 -9.197644816e+01 -3.1567e-01 +9.2994e-02 -1.1601e+00 -1.2658e+00 +9.2003e-02 -2.0658e+00 +3.2496e+00 -9.8777e-01 +3.9466e-01 +1.7244e+00
6731 0 +4.109878364e+00 -9.273012164e+01 -9.273012164e+01 -3.2855e-01 +9.2994e-02 -1.1601e+00 -1.2658e+00 +9.2003e-02 -2.0658e+00 +3.2649e+00 -9.8777e-01 +3.9466e-01 +1.7033e+00
6761 0 +4.017661955e+00 -9.282233804e+01 -9.282233804e+01 -3.2855e-01 +9.2994e-02 -1.1601e+00 -1.2658e+00 +1.0890e-01 -2.0658e+00 +3.2649e+00 -9.8777e-01 +3.9466e-01 +1.7033e+00
6911 0 +3.931473553e+00 -9.290852645e+01 -9.290852645e+01 -3.2855e-01 +1.0625e-01 -1.1601e+00 -1.2658e+00 +1.0890e-01 -2.0658e+00 +3.2649e+00 -9.8777e-01 +3.9466e-01 +1.7033e+00
7271 0 +3.877821766e+00 -9.296217823e+01 -9.296217823e+01 -3.2890e-01 +1.0625e-01 -1.1601e+00 -1.2658e+00 +1.0890e-01 -2.0646e+00 +3.2649e+00 -9.8777e-01 +3.9466e-01 +1.7033e+00
8831 0 +3.737117062e+00 -9.310288294e+01 -9.310288294e+01 -3.2890e-01 +1.0625e-01 -1.1525e+00 -1.2658e+00 +1.0890e-01 -2.0646e+00 +3.2649e+00 -9.8777e-01 +3.9466e-01 +1.7033e+00
9971 0 +3.708454832e+00 -9.313154517e+01 -9.313154517e+01 -3.2890e-01 +1.0625e-01 -1.1525e+00 -1.2658e+00 +1.0890e-01 -2.0646e+00 +3.2649e+00 -9.8777e-01 +3.8379e-01 +1.7033e+00
10271 0 +3.439353454e+00 -9.340064655e+01 -9.340064655e+01 -3.2890e-01 +1.0625e-01 -1.1477e+00 -1.2658e+00 +1.0890e-01 -2.0646e+00 +3.2649e+00 -9.8777e-01 +3.8379e-01 +1.7033e+00
11404 0 +3.269249968e+00 -9.357075003e+01 -9.357075003e+01 +3.1671e+00 -6.2894e-01 -3.2398e+00 +2.1975e+00 +1.9531e-01 -3.4023e-01 -6.9120e-01 -3.0604e+00 -3.3097e+00 +2.3762e+00
11434 0 +3.232176669e+00 -9.360782333e+01 -9.360782333e+01 +3.1671e+00 -6.2894e-01 -3.2398e+00 +2.1975e+00 +1.9531e-01 -3.7415e-01 -6.9120e-01 -3.0604e+00 -3.3097e+00 +2.3762e+00
12784 0 +3.111639640e+00 -9.372836036e+01 -9.372836036e+01 +3.1671e+00 -6.2894e-01 -3.2398e+00 +2.1975e+00 +1.8824e-01 -3.7415e-01 -6.9120e-01 -3.0604e+00 -3.3097e+00 +2.3495e+00
12844 0 +2.971563197e+00 -9.386843680e+01 -9.386843680e+01 +3.1671e+00 -6.2894e-01 -3.2307e+00 +2.1975e+00 +1.8824e-01 -3.7415e-01 -6.9120e-01 -3.0604e+00 -3.3097e+00 +2.3495e+00
13684 0 +2.837754793e+00 -9.400224521e+01 -9.400224521e+01 +3.1671e+00 -6.2894e-01 -3.2307e+00 +2.1975e+00 +1.8824e-01 -3.7415e-01 -6.9120e-01 -3.0604e+00 -3.3170e+00 +2.3495e+00
15364 0 +2.794243525e+00 -9.404575647e+01 -9.404575647e+01 +3.1597e+00 -6.2894e-01 -3.2307e+00 +2.1975e+00 +1.8824e-01 -3.7415e-01 -6.9120e-01 -3.0604e+00 -3.3170e+00 +2.3495e+00
16054 0 +2.705173008e+00 -9.413482699e+01 -9.413482699e+01 +3.1597e+00 -6.2894e-01 -3.2307e+00 +2.1975e+00 +1.8824e-01 -3.7415e-01 -6.9120e-01 -3.0550e+00 -3.3170e+00 +2.3495e+00
16294 0 +2.688089992e+00 -9.415191001e+01 -9.415191001e+01 +3.1590e+00 -6.2894e-01 -3.2307e+00 +2.1975e+00 +1.8824e-01 -3.7415e-01 -6.9120e-01 -3.0550e+00 -3.3170e+00 +2.3495e+00
19834 0 +2.609619576e+00 -9.423038042e+01 -9.423038042e+01 +3.1590e+00 -6.2894e-01 -3.2307e+00 +2.1975e+00 +1.9273e-01 -3.7415e-01 -6.9120e-01 -3.0550e+00 -3.3170e+00 +2.3495e+00
20113 0 +1.875688881e+00 -9.496431112e+01 -9.496431112e+01 +4.2666e+00 +7.0569e-01 -9.1278e-01 +4.2360e-01 -1.9465e+00 -1.5736e+00 -1.6712e+00 -4.3895e+00 -1.0150e+00 +2.4480e+00
20233 0 +1.743007261e+00 -9.509699274e+01 -9.509699274e+01 +4.2666e+00 +7.0569e-01 -9.1278e-01 +4.2360e-01 -1.9465e+00 -1.5736e+00 -1.6556e+00 -4.3895e+00 -1.0150e+00 +2.4480e+00
20533 0 +1.694389950e+00 -9.514561005e+01 -9.514561005e+01 +4.2666e+00 +7.0569e-01 -9.1278e-01 +4.2360e-01 -1.9184e+00 -1.5736e+00 -1.6556e+00 -4.3895e+00 -1.0150e+00 +2.4480e+00
20833 0 +1.530235055e+00 -9.530976495e+01 -9.530976495e+01 +4.2866e+00 +7.0832e-01 -9.1278e-01 +4.2360e-01 -1.9184e+00 -1.5736e+00 -1.6556e+00 -4.3895e+00 -1.0150e+00 +2.4480e+00
20983 0 +1.484836223e+00 -9.535516378e+01 -9.535516378e+01 +4.2866e+00 +7.0832e-01 -9.1278e-01 +4.2360e-01 -1.9184e+00 -1.5736e+00 -1.6628e+00 -4.3895e+00 -1.0150e+00 +2.4480e+00
21163 0 +1.444894409e+00 -9.539510559e+01 -9.539510559e+01 +4.2912e+00 +7.0832e-01 -9.1278e-01 +4.2360e-01 -1.9184e+00 -1.5736e+00 -1.6628e+00 -4.3895e+00 -1.0150e+00 +2.4480e+00
25183 0 +1.346865925e+00 -9.549313407e+01 -9.549313407e+01 +4.2912e+00 +7.0832e-01 -9.2647e-01 +4.2360e-01 -1.9098e+00 -1.5736e+00 -1.6628e+00 -4.3895e+00 -1.0015e+00 +2.4480e+00
26743 0 +1.311986819e+00 -9.552801318e+01 -9.552801318e+01 +4.2912e+00 +7.0832e-01 -9.2647e-01 +4.2436e-01 -1.9098e+00 -1.5736e+00 -1.6628e+00 -4.3895e+00 -1.0015e+00 +2.4480e+00
33793 0 +1.253804544e+00 -9.558619546e+01 -9.558619546e+01 +4.2912e+00 +7.0832e-01 -9.2647e-01 +4.2417e-01 -1.9098e+00 -1.5736e+00 -1.6628e+00 -4.3920e+00 -1.0015e+00 +2.4480e+00
40050 0 +1.237731393e+00 -9.560226861e+01 -9.560226861e+01 +4.2912e+00 +7.0832e-01 -9.2647e-01 +4.2417e-01 -1.9098e+00 -1.5736e+00 -1.6628e+00 -4.3920e+00 -1.0015e+00 +2.4489e+00
% f evaluations | g evaluations | best noise-free fitness - Fopt (3.207000000000e+01) + sum g_i+ | measured fitness | best measured fitness or single-digit g-values | x1 | x2...
1 0 +7.103664101e+01 +1.031066410e+02 +1.031066410e+02 +2.9654e+00 -3.1657e+00 +2.7969e+00 +9.6850e-01 -5.4167e-01 -4.0003e+00 -4.0751e-01 -1.6629e+00 -3.5713e+00 +1.5089e+00
2 0 +5.599248792e+01 +8.806248792e+01 +8.806248792e+01 -4.4359e+00 +2.2200e+00 +4.3855e+00 -4.9922e+00 +4.9221e+00 +1.1748e+00 +1.1165e+00 -4.9293e+00 -4.7694e+00 +2.4775e-01
10 0 +5.172694223e+01 +8.379694223e+01 +8.379694223e+01 +4.7171e+00 +3.4891e+00 +2.2173e+00 -2.6402e+00 -2.4393e+00 -4.5957e+00 +2.1066e+00 -3.8911e+00 -6.0663e-01 -2.9828e+00
18 0 +4.680900066e+01 +7.887900066e+01 +7.887900066e+01 -2.7976e+00 +2.1115e+00 +3.0950e+00 -1.5133e+00 -4.0382e+00 +4.4052e+00 -1.0243e+00 +1.7751e-01 +3.3771e+00 +1.7569e+00
23 0 +3.862887763e+01 +7.069887763e+01 +7.069887763e+01 -1.9194e+00 +4.2540e-01 +8.8141e-02 +1.3633e+00 -2.4954e+00 +8.9871e-01 +4.7889e+00 -1.3258e-01 +4.0610e+00 -6.5606e-01
25 0 +3.434808407e+01 +6.641808407e+01 +6.641808407e+01 -3.0055e-01 -2.2044e+00 +3.8349e+00 +2.4772e+00 +4.5307e+00 -1.6925e+00 +5.2765e-01 +7.2292e-01 +4.8033e+00 -4.2465e+00
117 0 +3.275149147e+01 +6.482149147e+01 +6.482149147e+01 +1.7114e+00 -1.4135e+00 -4.3207e+00 -7.1948e-01 -1.7745e+00 +3.4867e+00 -3.6338e+00 +3.0127e+00 +5.7592e-01 -2.0349e+00
118 0 +2.271119080e+01 +5.478119080e+01 +5.478119080e+01 -3.1318e+00 -1.5365e+00 -7.2701e-01 -2.7941e+00 +8.2548e-01 +1.7627e+00 +2.3919e-01 -4.2660e+00 +4.8962e+00 -2.9842e-01
233 0 +1.452708259e+01 +4.659708259e+01 +4.659708259e+01 -1.9194e+00 +4.2540e-01 +8.8141e-02 +1.3633e+00 -2.4954e+00 +8.9871e-01 +4.7889e+00 -3.3596e+00 +4.9330e+00 -6.5606e-01
683 0 +1.207970346e+01 +4.414970346e+01 +4.414970346e+01 -1.9023e+00 +4.2540e-01 +8.8141e-02 +1.2948e+00 -2.4954e+00 +8.7763e-01 +4.7891e+00 -3.3596e+00 +4.9330e+00 -6.5606e-01
1073 0 +1.105257703e+01 +4.312257703e+01 +4.312257703e+01 -1.9023e+00 +4.2257e-01 +9.5431e-02 +1.3040e+00 -2.4954e+00 +8.7763e-01 +4.7158e+00 -3.3596e+00 +4.9330e+00 -7.0078e-01
1357 0 +9.988136118e+00 +4.205813612e+01 +4.205813612e+01 +2.4147e+00 +9.3878e-01 +2.7094e+00 -8.2794e-01 -1.5630e+00 -3.0768e-01 -1.7338e+00 -6.5079e-02 +4.9450e+00 -1.5565e+00
1747 0 +9.405484498e+00 +4.147548450e+01 +4.147548450e+01 +2.3997e+00 +1.4803e+00 +2.7094e+00 -8.2794e-01 -1.5630e+00 -4.0471e-01 -1.4195e+00 -6.5079e-02 +4.9482e+00 -1.5565e+00
1927 0 +8.737423777e+00 +4.080742378e+01 +4.080742378e+01 +2.3997e+00 +1.4803e+00 +2.7094e+00 -8.8064e-01 -1.6107e+00 -3.7880e-01 -1.4379e+00 -6.5079e-02 +4.9482e+00 -1.5565e+00
2503 0 +8.204947856e+00 +4.027494786e+01 +4.027494786e+01 +1.6170e-01 -1.0303e+00 +1.3108e+00 -2.2798e+00 -2.2773e-01 -1.6195e+00 +1.1554e+00 -1.3466e+00 +1.5667e-01 -1.4722e+00
2773 0 +7.964421410e+00 +4.003442141e+01 +4.003442141e+01 +1.7037e-01 -1.0273e+00 +1.2828e+00 -2.2798e+00 -2.1079e-01 -1.6195e+00 +1.1544e+00 -1.2865e+00 +1.5389e-01 -1.4722e+00
2863 0 +7.246150868e+00 +3.931615087e+01 +3.931615087e+01 +1.7037e-01 -1.0273e+00 +1.2766e+00 -2.2677e+00 -2.1079e-01 -1.6195e+00 +1.1544e+00 -1.2865e+00 +1.6986e-01 -1.4794e+00
3823 0 +7.069892393e+00 +3.913989239e+01 +3.913989239e+01 +1.7037e-01 -1.0273e+00 +1.2766e+00 -2.2483e+00 -2.3482e-01 -1.6405e+00 +1.1544e+00 -1.2445e+00 +1.7031e-01 -1.4921e+00
3883 0 +6.508446887e+00 +3.857844689e+01 +3.857844689e+01 +1.7037e-01 -1.0273e+00 +1.2766e+00 -2.2630e+00 -2.0194e-01 -1.6405e+00 +1.1544e+00 -1.2445e+00 +1.7031e-01 -1.4921e+00
4273 0 +6.412022935e+00 +3.848202294e+01 +3.848202294e+01 +1.7037e-01 -9.7646e-01 +1.2766e+00 -2.2712e+00 -2.0194e-01 -1.6483e+00 +1.1544e+00 -1.2445e+00 +1.6110e-01 -1.4921e+00
5623 0 +6.295870481e+00 +3.836587048e+01 +3.836587048e+01 +1.7037e-01 -9.7646e-01 +1.2766e+00 -2.2712e+00 -2.0194e-01 -1.6483e+00 +1.1536e+00 -1.2469e+00 +1.6397e-01 -1.4944e+00
5903 0 +5.766332705e+00 +3.783633271e+01 +3.783633271e+01 -1.3468e+00 +3.3024e-01 +5.2771e-02 +1.2507e+00 -2.4697e+00 +7.2436e-01 +4.7196e+00 -3.4253e+00 +4.9899e+00 -7.4456e-01
6623 0 +5.628359647e+00 +3.769835965e+01 +3.769835965e+01 -1.3468e+00 +3.3024e-01 +1.1418e-02 +1.2507e+00 -2.4697e+00 +7.2942e-01 +4.7196e+00 -3.4253e+00 +4.9899e+00 -7.4456e-01
6983 0 +5.567605083e+00 +3.763760508e+01 +3.763760508e+01 -1.3468e+00 +3.3024e-01 +2.0059e-02 +1.2507e+00 -2.4697e+00 +7.2942e-01 +4.7196e+00 -3.4253e+00 +4.9899e+00 -7.4456e-01
7283 0 +5.441815260e+00 +3.751181526e+01 +3.751181526e+01 -1.3468e+00 +3.3024e-01 +4.5237e-01 +1.0144e+00 -2.4697e+00 +9.2166e-01 +4.7196e+00 -3.4253e+00 +4.9899e+00 -7.4456e-01
8513 0 +5.239207800e+00 +3.730920780e+01 +3.730920780e+01 -1.3468e+00 +3.6104e-01 +4.5237e-01 +9.9979e-01 -2.4697e+00 +9.2166e-01 +4.7196e+00 -3.4253e+00 +4.9951e+00 -7.4456e-01
8543 0 +5.104542251e+00 +3.717454225e+01 +3.717454225e+01 -1.3468e+00 +3.6104e-01 +4.0480e-01 +9.9979e-01 -2.4470e+00 +9.2166e-01 +4.7196e+00 -3.4355e+00 +4.9951e+00 -7.3365e-01
8723 0 +4.991867025e+00 +3.706186702e+01 +3.706186702e+01 -1.3468e+00 +3.6104e-01 +4.2077e-01 +9.9979e-01 -2.4470e+00 +9.2166e-01 +4.7196e+00 -3.4355e+00 +4.9951e+00 -7.3365e-01
8963 0 +4.857686204e+00 +3.692768620e+01 +3.692768620e+01 -1.3468e+00 +3.6104e-01 +4.2077e-01 +9.9979e-01 -2.4470e+00 +9.2166e-01 +4.7196e+00 -3.4548e+00 +4.9951e+00 -7.3365e-01
9083 0 +4.493906831e+00 +3.656390683e+01 +3.656390683e+01 -1.3468e+00 +3.6104e-01 +4.2077e-01 +9.6004e-01 -2.4470e+00 +9.2166e-01 +4.7196e+00 -3.4548e+00 +4.9951e+00 -7.3365e-01
9353 0 +4.364662490e+00 +3.643466249e+01 +3.643466249e+01 -1.3468e+00 +3.6104e-01 +4.2077e-01 +9.6004e-01 -2.4536e+00 +9.2166e-01 +4.7196e+00 -3.4548e+00 +4.9951e+00 -7.3365e-01
10403 0 +4.045313817e+00 +3.611531382e+01 +3.611531382e+01 -1.3468e+00 +3.7962e-01 +4.2077e-01 +9.6004e-01 -2.4536e+00 +9.2166e-01 +4.7111e+00 -3.4548e+00 +4.9951e+00 -7.3365e-01
11063 0 +3.974474386e+00 +3.604447439e+01 +3.604447439e+01 -1.3468e+00 +3.8862e-01 +4.2077e-01 +9.6004e-01 -2.4536e+00 +9.2166e-01 +4.7111e+00 -3.4548e+00 +4.9951e+00 -7.6435e-01
11273 0 +3.859596378e+00 +3.592959638e+01 +3.592959638e+01 -1.3468e+00 +3.8862e-01 +4.2077e-01 +9.6004e-01 -2.4536e+00 +9.2394e-01 +4.7111e+00 -3.4548e+00 +4.9951e+00 -7.6435e-01
12383 0 +3.790963651e+00 +3.586096365e+01 +3.586096365e+01 -1.3468e+00 +3.8795e-01 +4.2077e-01 +9.6004e-01 -2.4536e+00 +9.2394e-01 +4.7111e+00 -3.4598e+00 +4.9951e+00 -7.6435e-01
13043 0 +3.559637786e+00 +3.562963779e+01 +3.562963779e+01 -1.3385e+00 +3.8795e-01 +4.2077e-01 +9.6004e-01 -2.4536e+00 +9.2394e-01 +4.7111e+00 -3.4598e+00 +4.9951e+00 -7.6435e-01
13973 0 +3.500677002e+00 +3.557067700e+01 +3.557067700e+01 -1.3385e+00 +3.8795e-01 +4.2077e-01 +9.6004e-01 -2.4486e+00 +9.2394e-01 +4.7111e+00 -3.4598e+00 +4.9951e+00 -7.6435e-01
14453 0 +3.409588965e+00 +3.547958897e+01 +3.547958897e+01 -1.3385e+00 +3.8795e-01 +4.2833e-01 +9.6004e-01 -2.4486e+00 +9.2394e-01 +4.7111e+00 -3.4598e+00 +4.9994e+00 -7.6435e-01
14693 0 +3.201303058e+00 +3.527130306e+01 +3.527130306e+01 -1.3385e+00 +3.8795e-01 +4.2833e-01 +9.6004e-01 -2.4594e+00 +9.2394e-01 +4.7111e+00 -3.4598e+00 +4.9994e+00 -7.6435e-01
16283 0 +3.129262855e+00 +3.519926286e+01 +3.519926286e+01 -1.3385e+00 +3.8795e-01 +4.2833e-01 +9.5157e-01 -2.4469e+00 +9.2394e-01 +4.7111e+00 -3.4598e+00 +4.9994e+00 -7.6435e-01
18953 0 +3.063754184e+00 +3.513375418e+01 +3.513375418e+01 -1.3385e+00 +3.9108e-01 +4.2833e-01 +9.5157e-01 -2.4469e+00 +9.2394e-01 +4.7111e+00 -3.4598e+00 +4.9994e+00 -7.6383e-01
21533 0 +3.016927121e+00 +3.508692712e+01 +3.508692712e+01 -1.3360e+00 +3.9108e-01 +4.2833e-01 +9.5157e-01 -2.4469e+00 +9.2394e-01 +4.7111e+00 -3.4598e+00 +4.9994e+00 -7.5936e-01
22583 0 +2.933339766e+00 +3.500333977e+01 +3.500333977e+01 -1.3360e+00 +3.9108e-01 +4.2833e-01 +9.5157e-01 -2.4404e+00 +9.2394e-01 +4.7111e+00 -3.4598e+00 +4.9994e+00 -7.5936e-01
40050 0 +2.903867633e+00 +3.497386763e+01 +3.497386763e+01 -1.3360e+00 +3.9108e-01 +4.2833e-01 +9.5157e-01 -2.4353e+00 +9.2394e-01 +4.7111e+00 -3.4598e+00 +4.9994e+00 -7.5936e-01
% f evaluations | g evaluations | best noise-free fitness - Fopt (2.624000000000e+01) + sum g_i+ | measured fitness | best measured fitness or single-digit g-values | x1 | x2...
1 0 +7.470844187e+01 +1.009484419e+02 +1.009484419e+02 +2.9654e+00 -3.1657e+00 +2.7969e+00 +9.6850e-01 -5.4167e-01 -4.0003e+00 -4.0751e-01 -1.6629e+00 -3.5713e+00 +1.5089e+00
2 0 +3.086039709e+01 +5.710039709e+01 +5.710039709e+01 -4.4359e+00 +2.2200e+00 +4.3855e+00 -4.9922e+00 +4.9221e+00 +1.1748e+00 +1.1165e+00 -4.9293e+00 -4.7694e+00 +2.4775e-01
37 0 +2.237219685e+01 +4.861219685e+01 +4.861219685e+01 +2.4732e+00 +2.2729e+00 +4.7112e+00 +2.2429e+00 +1.0796e-01 -1.4379e+00 -7.5331e-01 -2.5740e+00 -3.3024e+00 -1.8720e+00
528 0 +1.973273539e+01 +4.597273539e+01 +4.597273539e+01 +4.1372e+00 -1.5737e+00 +3.1795e+00 +1.9971e+00 -2.2985e-01 -2.0223e+00 +4.7721e-01 -1.5462e+00 -2.1047e+00 +1.9642e-01
818 0 +1.794598015e+01 +4.418598015e+01 +4.418598015e+01 -1.0231e+00 +2.8450e+00 -1.1249e+00 -2.9988e+00 +1.9546e+00 +2.8707e+00 -1.0637e+00 -2.4314e+00 -1.0986e+00 -4.9605e+00
1235 0 +1.420577602e+01 +4.044577602e+01 +4.044577602e+01 +1.1000e+00 +1.6334e+00 -5.1300e-01 -4.9545e+00 -3.1776e+00 +2.9663e-01 -4.8051e-01 -1.3920e+00 +7.9208e-01 -3.1837e+00
1716 0 +1.361398322e+01 +3.985398322e+01 +3.985398322e+01 +3.3314e+00 +1.9884e+00 +8.5312e-01 -2.4161e+00 +2.2584e+00 +7.7508e-02 +7.0444e-01 +3.3470e-01 -1.4847e+00 +3.3826e+00
1748 0 +1.253553504e+01 +3.877553504e+01 +3.877553504e+01 -1.0231e+00 +2.8972e+00 -1.4039e+00 -2.7250e+00 +1.4665e+00 +2.6823e+00 -1.1504e+00 -2.3940e+00 -1.1021e+00 -4.9605e+00
1808 0 +1.092294064e+01 +3.716294064e+01 +3.716294064e+01 -1.0361e+00 +2.8972e+00 -1.3898e+00 -2.7250e+00 +1.4665e+00 +2.6825e+00 -1.1504e+00 -2.3777e+00 -1.0706e+00 -4.9008e+00
1838 0 +9.534088749e+00 +3.577408875e+01 +3.577408875e+01 -1.0641e+00 +2.8972e+00 -1.3898e+00 -2.6990e+00 +1.4665e+00 +2.6825e+00 -1.1727e+00 -2.3777e+00 -1.0706e+00 -4.9008e+00
2486 0 +8.487929487e+00 +3.472792949e+01 +3.472792949e+01 +3.2305e+00 +7.1818e-01 -1.5314e+00 -5.0863e-01 +1.6340e+00 +1.2517e+00 +3.4642e+00 +6.3244e-01 -4.6401e+00 -2.9274e+00
2906 0 +7.739491036e+00 +3.397949104e+01 +3.397949104e+01 +3.2423e+00 +7.2456e-01 -1.5314e+00 -5.0863e-01 +1.6340e+00 +1.2538e+00 +3.4642e+00 +6.7630e-01 -4.6480e+00 -2.9274e+00
4075 0 +6.732792833e+00 +3.297279283e+01 +3.297279283e+01 +4.9590e+00 -1.1630e+00 +2.4502e+00 +2.3176e+00 -9.1217e-01 -2.2551e+00 +1.4020e+00 -1.1108e-01 -3.6002e+00 -4.3010e+00
5516 0 +5.606498998e+00 +3.184649900e+01 +3.184649900e+01 +3.3700e+00 +6.9908e-01 -1.6854e+00 -4.8311e-01 +1.6425e+00 +1.2339e+00 +3.4605e+00 +6.7630e-01 -4.7462e+00 -2.8670e+00
7676 0 +5.168694840e+00 +3.140869484e+01 +3.140869484e+01 +3.3334e+00 +6.9908e-01 -1.7048e+00 -4.5126e-01 +1.6308e+00 +1.2339e+00 +3.4384e+00 +6.3454e-01 -4.7355e+00 -2.9001e+00
11765 0 +4.931190252e+00 +3.117119025e+01 +3.117119025e+01 +2.1577e+00 +2.0202e+00 -4.0911e-01 -4.4615e+00 -2.8884e+00 +3.2807e-01 -2.0763e-01 -1.4023e+00 -2.8142e-02 -3.4289e+00
14225 0 +4.274608351e+00 +3.051460835e+01 +3.051460835e+01 +2.1577e+00 +2.0149e+00 -4.0911e-01 -4.4615e+00 -2.8907e+00 +3.0490e-01 -1.5705e-01 -1.4074e+00 -6.5714e-02 -3.4890e+00
17015 0 +4.205516550e+00 +3.044551655e+01 +3.044551655e+01 +2.1577e+00 +2.0149e+00 -4.0911e-01 -4.4615e+00 -2.8907e+00 +3.0490e-01 -1.5591e-01 -1.4074e+00 -6.5714e-02 -3.4890e+00
18695 0 +4.152617792e+00 +3.039261779e+01 +3.039261779e+01 +2.1577e+00 +2.0149e+00 -4.0911e-01 -4.4615e+00 -2.8900e+00 +3.0490e-01 -1.5591e-01 -1.4074e+00 -6.5714e-02 -3.4892e+00
25385 0 +4.056502383e+00 +3.029650238e+01 +3.029650238e+01 +2.1577e+00 +2.0123e+00 -4.0911e-01 -4.4615e+00 -2.8900e+00 +3.0490e-01 -1.5591e-01 -1.4104e+00 -6.5714e-02 -3.4892e+00
33485 0 +3.860589918e+00 +3.010058992e+01 +3.010058992e+01 +2.1547e+00 +2.0141e+00 -4.0911e-01 -4.4615e+00 -2.8872e+00 +3.0490e-01 -1.5273e-01 -1.4104e+00 -6.5714e-02 -3.4892e+00
40050 0 +3.853486098e+00 +3.009348610e+01 +3.009348610e+01 +2.1547e+00 +2.0141e+00 -4.0911e-01 -4.4615e+00 -2.8872e+00 +3.0552e-01 -1.5273e-01 -1.4104e+00 -6.5714e-02 -3.4892e+00
% f evaluations | g evaluations | best noise-free fitness - Fopt (-1.610000000000e+01) + sum g_i+ | measured fitness | best measured fitness or single-digit g-values | x1 | x2...
1 0 +7.378234519e+01 +5.768234519e+01 +5.768234519e+01 +2.9654e+00 -3.1657e+00 +2.7969e+00 +9.6850e-01 -5.4167e-01 -4.0003e+00 -4.0751e-01 -1.6629e+00 -3.5713e+00 +1.5089e+00
2 0 +6.920263062e+01 +5.310263062e+01 +5.310263062e+01 -4.4359e+00 +2.2200e+00 +4.3855e+00 -4.9922e+00 +4.9221e+00 +1.1748e+00 +1.1165e+00 -4.9293e+00 -4.7694e+00 +2.4775e-01
11 0 +4.685753867e+01 +3.075753867e+01 +3.075753867e+01 +3.9576e+00 -2.4630e-01 +6.3276e-01 +1.9552e+00 -3.6067e+00 +1.0442e+00 +3.9841e-01 -2.9694e+00 +4.4285e+00 +9.8865e-01
28 0 +3.734964186e+01 +2.124964186e+01 +2.124964186e+01 -8.0219e-01 -2.4379e+00 +1.1151e+00 -4.1841e+00 -4.9482e+00 +1.2789e+00 -3.0573e+00 -4.2906e+00 -1.0322e+00 -4.4923e+00
58 0 +2.837493045e+01 +1.227493045e+01 +1.227493045e+01 -8.0219e-01 -2.4471e+00 +1.0656e+00 -4.1841e+00 -4.9169e+00 +1.2789e+00 -3.1536e+00 -4.3162e+00 -1.0987e+00 -4.4923e+00
152 0 +2.787212798e+01 +1.177212798e+01 +1.177212798e+01 -3.4568e+00 +3.6469e+00 +3.2477e+00 +2.4510e+00 +5.8392e-03 +1.9667e+00 +1.6065e+00 -3.0499e+00 -3.8352e+00 +4.1301e+00
507 0 +2.367507371e+01 +7.575073709e+00 +7.575073709e+00 -2.4614e+00 -1.4135e+00 -1.1331e+00 -3.9586e+00 +4.0862e+00 +4.2972e+00 -2.5378e+00 -8.2664e-01 +5.2820e-01 +3.9002e+00
593 0 +2.285420126e+01 +6.754201263e+00 +6.754201263e+00 -3.1228e+00 +2.0746e-01 +6.0185e-01 -1.6850e+00 +2.8092e+00 +4.2820e+00 +4.2664e-01 -5.1383e-01 +4.4958e+00 +4.1431e+00
674 0 +2.208571547e+01 +5.985715471e+00 +5.985715471e+00 +7.0263e-01 +1.8794e+00 +2.2444e+00 -5.0031e-01 -1.2889e+00 +1.5246e+00 +5.8102e-01 +9.5230e-01 +1.6909e-01 +1.3435e+00
1089 0 +1.855861666e+01 +2.458616662e+00 +2.458616662e+00 -7.7697e-01 +1.8218e+00 +1.6857e+00 -2.2461e+00 +8.8221e-01 +1.4618e+00 +3.9733e-01 +2.2503e+00 +1.3951e+00 +2.8098e+00
1437 0 +1.698083438e+01 +8.808343814e-01 +8.808343814e-01 -2.4311e+00 -1.3461e+00 -1.0458e+00 -3.9028e+00 +4.0438e+00 +4.2500e+00 -2.5378e+00 -8.2664e-01 +5.9253e-01 +3.9107e+00
1984 0 +1.072724581e+01 -5.372754185e+00 -5.372754185e+00 +1.5786e+00 +5.6667e-03 -1.3412e+00 -4.2039e+00 +2.7858e+00 +4.0192e+00 -4.5661e+00 +2.0174e-01 -8.6311e-01 +2.0193e+00
2734 0 +1.070874310e+01 -5.391256903e+00 -5.391256903e+00 +1.5970e+00 +5.6667e-03 -1.3412e+00 -4.2039e+00 +2.7858e+00 +4.0382e+00 -4.5815e+00 +2.3793e-01 -8.6311e-01 +2.0688e+00
3064 0 +8.859355961e+00 -7.240644039e+00 -7.240644039e+00 +1.5961e+00 -3.7024e-03 -1.3313e+00 -4.2039e+00 +2.8086e+00 +4.0382e+00 -4.5815e+00 +2.2075e-01 -8.6311e-01 +2.0688e+00
3994 0 +8.641888510e+00 -7.458111490e+00 -7.458111490e+00 +1.6651e+00 -2.3948e-01 -1.3313e+00 -4.2039e+00 +2.6011e+00 +4.0382e+00 -4.4333e+00 +3.6063e-01 -8.6311e-01 +2.0014e+00
4054 0 +8.007597594e+00 -8.092402406e+00 -8.092402406e+00 +1.6651e+00 -2.3948e-01 -1.3469e+00 -4.2039e+00 +2.6011e+00 +4.0382e+00 -4.4333e+00 +3.6063e-01 -8.6230e-01 +2.0014e+00
4767 0 +6.840564508e+00 -9.259435492e+00 -9.259435492e+00 -2.3603e+00 -1.3023e+00 -1.1358e+00 -3.9427e+00 +3.9474e+00 +4.2429e+00 -2.5414e+00 -9.9946e-01 +3.8231e-01 +3.8295e+00
5284 0 +5.776033618e+00 -1.032396638e+01 -1.032396638e+01 +1.6651e+00 -2.2838e-01 -1.3387e+00 -4.2039e+00 +2.6689e+00 +4.0424e+00 -4.4639e+00 +3.6063e-01 -8.4961e-01 +2.0180e+00
9424 0 +5.642829378e+00 -1.045717062e+01 -1.045717062e+01 +1.6651e+00 -2.2838e-01 -1.3387e+00 -4.2039e+00 +2.6689e+00 +4.0424e+00 -4.4639e+00 +3.7934e-01 -8.4961e-01 +2.0180e+00
9904 0 +5.592459092e+00 -1.050754091e+01 -1.050754091e+01 +1.6651e+00 -2.2838e-01 -1.3387e+00 -4.2039e+00 +2.6689e+00 +4.0424e+00 -4.4639e+00 +3.7934e-01 -8.4961e-01 +2.0193e+00
13594 0 +5.406273892e+00 -1.069372611e+01 -1.069372611e+01 +1.6651e+00 -2.2838e-01 -1.3387e+00 -4.2039e+00 +2.6689e+00 +4.0401e+00 -4.4639e+00 +3.8059e-01 -8.4961e-01 +2.0193e+00
40050 0 +5.384025751e+00 -1.071597425e+01 -1.071597425e+01 +1.6651e+00 -2.2838e-01 -1.3387e+00 -4.2039e+00 +2.6689e+00 +4.0401e+00 -4.4639e+00 +3.8059e-01 -8.4959e-01 +2.0193e+00
