% f evaluations | g evaluations | best noise-free fitness - Fopt (1.000000000000e+03) + sum g_i+ | measured fitness | best measured fitness or single-digit g-values | x1 | x2...
1 0 +1.185811402e+03 +2.185811402e+03 +2.185811402e+03 -4.5350e+00 +4.3901e+00 -9.8392e-01 -3.2346e+00 -4.2171e+00
2 0 +1.103297288e+03 +2.103297288e+03 +2.103297288e+03 -2.0304e+00 -3.4290e+00 +4.8508e+00 -1.9458e+00 +3.4946e+00
3 0 +3.156856147e+02 +1.315685615e+03 +1.315685615e+03 +2.0869e+00 +2.5330e+00 -8.6605e-01 +4.7530e+00 -2.4841e+00
11 0 +2.210307938e+02 +1.221030794e+03 +1.221030794e+03 +1.9364e+00 +4.5620e+00 -2.6018e+00 +2.8010e+00 +3.5006e+00
35 0 +1.442023711e+02 +1.144202371e+03 +1.144202371e+03 -4.1528e+00 +2.6925e-01 +8.8413e-01 +2.5374e+00 +4.6286e+00
52 0 +1.396484065e+02 +1.139648406e+03 +1.139648406e+03 -2.0304e+00 -1.4972e+00 +1.2500e+00 +2.8808e+00 +3.4946e+00
61 0 +8.728187104e+01 +1.087281871e+03 +1.087281871e+03 +1.9364e+00 +5.0000e+00 -3.9923e-01 +5.0000e+00 +3.5006e+00
153 0 +8.158352218e+01 +1.081583522e+03 +1.081583522e+03 +2.0869e+00 +3.9357e+00 +2.3317e+00 +4.7530e+00 +1.8678e+00
269 0 +5.733388506e+01 +1.057333885e+03 +1.057333885e+03 -2.1502e+00 +1.9927e+00 +5.0000e+00 +4.8486e+00 +2.6364e+00
296 0 +2.350867574e+01 +1.023508676e+03 +1.023508676e+03 -2.4836e+00 +4.2734e+00 +2.8019e+00 +3.6586e+00 +2.5474e+00
709 0 +7.562240206e+00 +1.007562240e+03 +1.007562240e+03 -3.5566e+00 +1.7605e+00 +3.2138e+00 +3.1466e+00 +3.6210e+00
6447 0 +7.346648518e+00 +1.007346649e+03 +1.007346649e+03 -3.0524e+00 +2.9875e+00 +3.6629e+00 +3.6549e+00 +2.8172e+00
6591 0 +4.816400605e+00 +1.004816401e+03 +1.004816401e+03 -3.1910e+00 +3.8528e+00 +3.2985e+00 +3.4136e+00 +2.3669e+00
8047 0 +4.784577020e+00 +1.004784577e+03 +1.004784577e+03 -3.0265e+00 +2.9923e+00 +3.6631e+00 +3.6601e+00 +2.8755e+00
8647 0 +8.921598643e-01 +1.000892160e+03 +1.000892160e+03 -3.0265e+00 +2.9865e+00 +3.6631e+00 +3.6107e+00 +2.8755e+00
14247 0 +8.415443474e-01 +1.000841544e+03 +1.000841544e+03 -3.0156e+00 +3.0162e+00 +3.6384e+00 +3.6172e+00 +2.8755e+00
14597 0 +6.934284516e-01 +1.000693428e+03 +1.000693428e+03 -3.0156e+00 +3.0162e+00 +3.6384e+00 +3.6092e+00 +2.8755e+00
15797 0 +6.802361437e-01 +1.000680236e+03 +1.000680236e+03 -3.0156e+00 +3.0098e+00 +3.6384e+00 +3.6069e+00 +2.8796e+00
16647 0 +6.230327171e-01 +1.000623033e+03 +1.000623033e+03 -3.0156e+00 +3.0098e+00 +3.6331e+00 +3.6069e+00 +2.8796e+00
18797 0 +5.330033776e-01 +1.000533003e+03 +1.000533003e+03 -3.0676e+00 +2.9949e+00 +3.6331e+00 +3.6069e+00 +2.8793e+00
19497 0 +3.507668469e-01 +1.000350767e+03 +1.000350767e+03 -3.0676e+00 +2.9949e+00 +3.6351e+00 +3.6035e+00 +2.8793e+00
20051 0 +3.507668469e-01 +1.000350767e+03 +1.000350767e+03 -3.0676e+00 +2.9949e+00 +3.6351e+00 +3.6035e+00 +2.8793e+00
% f evaluations | g evaluations | best noise-free fitness - Fopt (7.003000000000e+01) + sum g_i+ | measured fitness | best measured fitness or single-digit g-values | x1 | x2...
1 0 +3.343920987e+02 +4.044220987e+02 +4.044220987e+02 -1.6574e+00 +3.4148e+00 +5.4867e-01 +1.9578e+00 -4.8526e+00
2 0 +2.016687573e+02 +2.716987573e+02 +2.716987573e+02 -1.1351e-01 -2.2450e-01 +1.3576e+00 -3.2302e+00 +2.4063e+00
12 0 +1.413653755e+02 +2.113953755e+02 +2.113953755e+02 +3.2552e+00 -1.4571e+00 -3.4665e+00 -3.7879e+00 +3.8795e+00
21 0 +1.035922443e+02 +1.736222443e+02 +1.736222443e+02 -2.3042e+00 -1.7514e-02 -3.9906e+00 -1.2912e+00 +3.2596e+00
89 0 +9.663299447e+01 +1.666629945e+02 +1.666629945e+02 -3.7309e+00 -2.4839e+00 -3.5295e+00 +2.4302e+00 -2.3614e-01
97 0 +6.980362331e+01 +1.398336233e+02 +1.398336233e+02 -2.3048e+00 -3.1591e+00 -5.0000e+00 -1.3744e+00 -2.8487e+00
114 0 +5.885379294e+01 +1.288837929e+02 +1.288837929e+02 -1.0584e+00 -1.9216e+00 -4.0300e+00 -6.5837e-01 +6.7632e-02
244 0 +4.140543712e+01 +1.114354371e+02 +1.114354371e+02 -1.5476e+00 -2.1852e+00 -4.8234e+00 -2.1867e+00 -1.7901e-01
354 0 +3.804849112e+01 +1.080784911e+02 +1.080784911e+02 -1.9483e+00 -1.4831e+00 -5.0000e+00 -1.3709e+00 +1.9791e+00
560 0 +2.966308747e+01 +9.969308747e+01 +9.969308747e+01 -1.3784e+00 -1.9953e+00 -4.1713e+00 -1.8102e+00 -2.3118e-01
656 0 +2.531142414e+01 +9.534142414e+01 +9.534142414e+01 -1.4777e+00 -1.6678e+00 -2.8573e+00 -2.0406e+00 -5.4872e-02
821 0 +1.649170281e+01 +8.652170281e+01 +8.652170281e+01 -1.6765e+00 -3.0428e+00 -4.1195e+00 -9.6130e-01 +6.3412e-01
1862 0 +1.396009096e+01 +8.399009096e+01 +8.399009096e+01 -1.6107e+00 -1.9647e+00 -3.1624e+00 -2.1837e+00 -7.3867e-01
1883 0 +8.456928388e+00 +7.848692839e+01 +7.848692839e+01 -1.1575e+00 -2.2589e+00 -5.0000e+00 -1.2576e+00 -5.9694e-01
2075 0 +6.748567939e+00 +7.677856794e+01 +7.677856794e+01 -1.2220e+00 -2.4790e+00 -4.1964e+00 -1.9647e+00 +3.5828e-01
5175 0 +5.364511401e+00 +7.539451140e+01 +7.539451140e+01 -1.2220e+00 -2.4790e+00 -4.1964e+00 -1.9647e+00 +2.6364e-01
5625 0 +4.222698622e+00 +7.425269862e+01 +7.425269862e+01 -1.1802e+00 -2.4790e+00 -4.2525e+00 -1.9647e+00 +2.7097e-01
7475 0 +4.131242513e+00 +7.416124251e+01 +7.416124251e+01 -1.1802e+00 -2.4275e+00 -4.2525e+00 -1.9647e+00 +2.7097e-01
8570 0 +3.773206632e+00 +7.380320663e+01 +7.380320663e+01 -7.0945e-01 -2.4140e+00 -4.3724e+00 -2.1247e+00 -1.9891e-01
9540 0 +2.486067813e+00 +7.251606781e+01 +7.251606781e+01 -1.1679e+00 -2.4142e+00 -4.2814e+00 -1.9653e+00 +4.3246e-01
9640 0 +1.909066996e+00 +7.193906700e+01 +7.193906700e+01 -1.1679e+00 -2.4142e+00 -4.2814e+00 -1.9653e+00 +4.0153e-01
10340 0 +1.781288858e+00 +7.181128886e+01 +7.181128886e+01 -1.1679e+00 -2.4142e+00 -4.2814e+00 -1.9834e+00 +4.0153e-01
10990 0 +1.602274369e+00 +7.163227437e+01 +7.163227437e+01 -1.1694e+00 -2.4171e+00 -4.2814e+00 -1.9818e+00 +3.9038e-01
13353 0 +1.299255990e+00 +7.132925599e+01 +7.132925599e+01 -1.1629e+00 -2.4384e+00 -4.2745e+00 -1.9768e+00 +3.8184e-01
14253 0 +1.283135877e+00 +7.131313588e+01 +7.131313588e+01 -1.1637e+00 -2.4384e+00 -4.2716e+00 -1.9768e+00 +3.8184e-01
15753 0 +1.207503891e+00 +7.123750389e+01 +7.123750389e+01 -1.1695e+00 -2.4450e+00 -4.2716e+00 -1.9753e+00 +3.8184e-01
16103 0 +1.194737471e+00 +7.122473747e+01 +7.122473747e+01 -1.1701e+00 -2.4450e+00 -4.2714e+00 -1.9753e+00 +3.8072e-01
16638 0 +1.155433163e+00 +7.118543316e+01 +7.118543316e+01 -1.1847e+00 -2.4537e+00 -4.2768e+00 -1.9585e+00 +3.5722e-01
18488 0 +1.142643509e+00 +7.117264351e+01 +7.117264351e+01 -1.1808e+00 -2.4537e+00 -4.2768e+00 -1.9640e+00 +3.5722e-01
19188 0 +1.109545278e+00 +7.113954528e+01 +7.113954528e+01 -1.1796e+00 -2.4518e+00 -4.2774e+00 -1.9645e+00 +3.5904e-01
19388 0 +1.078998825e+00 +7.110899882e+01 +7.110899882e+01 -1.1789e+00 -2.4486e+00 -4.2781e+00 -1.9645e+00 +3.5904e-01
19938 0 +1.030161218e+00 +7.106016122e+01 +7.106016122e+01 -1.1789e+00 -2.4482e+00 -4.2730e+00 -1.9666e+00 +3.5904e-01
20051 0 +1.030161218e+00 +7.106016122e+01 +7.106016122e+01 -1.1789e+00 -2.4482e+00 -4.2730e+00 -1.9666e+00 +3.5904e-01
% f evaluations | g evaluations | best noise-free fitness - Fopt (-4.822000000000e+01) + sum g_i+ | measured fitness | best measured fitness or single-digit g-values | x1 | x2...
1 0 +1.627007544e+02 +1.144807544e+02 +1.144807544e+02 +2.4134e+00 -1.2169e+00 -9.8812e-01 +2.0428e+00 -4.2749e+00
2 0 +1.623316907e+02 +1.141116907e+02 +1.141116907e+02 -4.4836e+00 -4.0628e+00 -5.8807e-01 +9.8058e-01 -1.2308e+00
8 0 +1.352926471e+02 +8.707264714e+01 +8.707264714e+01 -7.8266e-01 +1.7638e+00 -3.5048e+00 -8.2170e-01 -8.9108e-01
30 0 +9.005050647e+01 +4.183050647e+01 +4.183050647e+01 -4.0617e+00 -8.2231e-02 -5.4336e-01 +4.2871e-01 -4.0157e+00
112 0 +4.990901193e+01 +1.689011934e+00 +1.689011934e+00 -3.0611e-01 -1.2631e+00 -4.7067e+00 +2.1575e+00 -2.9747e+00
235 0 +4.869752809e+01 +4.775280856e-01 +4.775280856e-01 +4.0461e-01 -5.3081e-01 -3.4539e+00 -8.5066e-02 -5.0000e+00
288 0 +3.770198256e+01 -1.051801744e+01 -1.051801744e+01 -3.3668e+00 -2.3873e+00 -2.2297e+00 -9.7465e-01 -4.0251e+00
598 0 +3.549871384e+01 -1.272128616e+01 -1.272128616e+01 -2.0618e+00 +4.3988e-01 -2.0344e+00 +2.0875e-01 -2.6596e+00
632 0 +2.922326901e+01 -1.899673099e+01 -1.899673099e+01 -3.0716e+00 -1.4100e+00 -2.7383e+00 +1.3059e+00 -2.4759e+00
662 0 +2.826261317e+01 -1.995738683e+01 -1.995738683e+01 -3.0611e-01 -3.0547e-01 -3.0804e+00 +2.6293e-01 -2.5001e+00
812 0 +2.213557942e+01 -2.608442058e+01 -2.608442058e+01 -3.0611e-01 -3.0547e-01 -3.0804e+00 +2.6293e-01 -2.5624e+00
1565 0 +1.518068888e+01 -3.303931112e+01 -3.303931112e+01 -1.2192e+00 -1.3048e+00 -3.2209e+00 -6.0499e-02 -2.5334e+00
1615 0 +1.260048234e+01 -3.561951766e+01 -3.561951766e+01 -1.1570e+00 -1.3048e+00 -3.2209e+00 -6.0499e-02 -2.5084e+00
1725 0 +8.940052350e+00 -3.927994765e+01 -3.927994765e+01 -1.4351e+00 -1.5567e+00 -3.2309e+00 -1.2465e-01 -3.1247e+00
2459 0 +8.476488393e+00 -3.974351161e+01 -3.974351161e+01 -1.9498e+00 -1.4127e+00 -2.6151e+00 -8.0690e-02 -2.6104e+00
3369 0 +4.851227959e+00 -4.336877204e+01 -4.336877204e+01 -1.2839e+00 -8.1293e-01 -2.4980e+00 -2.6761e-01 -3.7791e+00
4319 0 +3.749207332e+00 -4.447079267e+01 -4.447079267e+01 -1.2692e+00 -8.6043e-01 -2.4245e+00 -2.6761e-01 -3.7791e+00
5919 0 +3.108147111e+00 -4.511185289e+01 -4.511185289e+01 -1.3072e+00 -8.6043e-01 -2.4245e+00 -2.6761e-01 -3.7791e+00
8519 0 +3.073523469e+00 -4.514647653e+01 -4.514647653e+01 -1.3152e+00 -8.5728e-01 -2.4369e+00 -2.7035e-01 -3.7779e+00
9769 0 +2.878111578e+00 -4.534188842e+01 -4.534188842e+01 -1.3071e+00 -8.5572e-01 -2.4360e+00 -2.7035e-01 -3.7779e+00
11022 0 +2.500966314e+00 -4.571903369e+01 -4.571903369e+01 -1.6105e+00 -1.2008e+00 -3.2004e+00 +5.4631e-02 -3.4996e+00
11072 0 +2.405181879e+00 -4.581481812e+01 -4.581481812e+01 -1.6139e+00 -1.2008e+00 -3.2004e+00 +5.4631e-02 -3.4996e+00
12272 0 +2.247620935e+00 -4.597237906e+01 -4.597237906e+01 -1.6212e+00 -1.2008e+00 -3.2004e+00 +5.4631e-02 -3.4996e+00
13222 0 +2.153607100e+00 -4.606639290e+01 -4.606639290e+01 -1.6212e+00 -1.2008e+00 -3.2135e+00 +5.4693e-02 -3.4996e+00
14272 0 +2.125974822e+00 -4.609402518e+01 -4.609402518e+01 -1.6212e+00 -1.2008e+00 -3.2135e+00 +5.4693e-02 -3.4964e+00
14672 0 +2.081768606e+00 -4.613823139e+01 -4.613823139e+01 -1.6237e+00 -1.2111e+00 -3.2135e+00 +5.4175e-02 -3.4932e+00
18672 0 +2.031998861e+00 -4.618800114e+01 -4.618800114e+01 -1.6336e+00 -1.2104e+00 -3.2061e+00 +5.4175e-02 -3.4932e+00
20051 0 +2.031998861e+00 -4.618800114e+01 -4.618800114e+01 -1.6336e+00 -1.2104e+00 -3.2061e+00 +5.4175e-02 -3.4932e+00
% f evaluations | g evaluations | best noise-free fitness - Fopt (2.547000000000e+01) + sum g_i+ | measured fitness | best measured fitness or single-digit g-values | x1 | x2...
1 0 +5.706226291e+02 +5.960926291e+02 +5.960926291e+02 -2.8293e+00 -3.5327e+00 +3.4746e+00 +3.9794e+00 +7.7472e-01
4 0 +1.138076598e+02 +1.392776598e+02 +1.392776598e+02 -7.5296e-01 +8.8632e-02 -2.0144e+00 -4.4049e-01 +1.3018e+00
24 0 +8.334448992e+01 +1.088144899e+02 +1.088144899e+02 -1.8854e+00 +3.5736e-01 -2.2218e+00 -2.1775e+00 +1.4269e+00
63 0 +8.297585784e+01 +1.084458578e+02 +1.084458578e+02 -3.0586e+00 -1.0919e+00 -1.4455e+00 -1.2841e+00 +2.5995e+00
107 0 +6.887810554e+01 +9.434810554e+01 +9.434810554e+01 -2.8122e+00 -1.4755e+00 -3.0987e+00 -1.6478e+00 -3.4864e+00
157 0 +6.487055721e+01 +9.034055721e+01 +9.034055721e+01 -2.8122e+00 -1.4755e+00 -3.0987e+00 -1.2254e+00 -2.6060e+00
207 0 +4.413858594e+01 +6.960858594e+01 +6.960858594e+01 -2.7016e+00 -5.7261e-01 -3.0096e+00 -2.0078e+00 -1.7007e+00
216 0 +4.149250208e+01 +6.696250208e+01 +6.696250208e+01 -1.6029e+00 -4.5488e-01 -3.2105e+00 -2.7349e+00 -2.0449e+00
352 0 +3.910643125e+01 +6.457643125e+01 +6.457643125e+01 -1.4021e+00 -1.5652e+00 -2.9618e+00 -2.6378e+00 +5.7757e-01
382 0 +3.341111557e+01 +5.888111557e+01 +5.888111557e+01 -1.0625e+00 -5.4257e-01 -2.0367e+00 -1.6660e+00 -1.5238e+00
425 0 +2.754341272e+01 +5.301341272e+01 +5.301341272e+01 -3.0025e+00 -6.0455e-01 -9.5668e-01 -2.4085e+00 -1.3679e+00
545 0 +2.388780101e+01 +4.935780101e+01 +4.935780101e+01 -2.9172e+00 -1.4869e+00 -1.0378e+00 -3.3671e+00 +3.1557e-01
584 0 +2.031215627e+01 +4.578215627e+01 +4.578215627e+01 -2.9539e+00 -8.2694e-01 -1.6567e+00 -2.6509e+00 -4.6596e-01
1151 0 +1.744222960e+01 +4.291222960e+01 +4.291222960e+01 -3.8732e+00 -2.7658e+00 -9.6891e-01 -2.7631e+00 -1.5272e+00
1401 0 +1.463388426e+01 +4.010388426e+01 +4.010388426e+01 -3.7148e+00 -2.7658e+00 -9.6891e-01 -2.7631e+00 -1.4331e+00
1565 0 +1.138938537e+01 +3.685938537e+01 +3.685938537e+01 -2.3539e+00 -1.2457e+00 -2.2264e+00 -2.6930e+00 -1.0840e+00
1839 0 +1.051481644e+01 +3.598481644e+01 +3.598481644e+01 -4.5137e+00 -2.1671e+00 -1.1769e+00 -2.0994e+00 -1.5794e+00
1939 0 +7.878700382e+00 +3.334870038e+01 +3.334870038e+01 -4.5137e+00 -2.1671e+00 -1.2048e+00 -2.0994e+00 -1.5794e+00
3403 0 +5.549184925e+00 +3.101918492e+01 +3.101918492e+01 -3.7850e+00 -1.5735e+00 -1.4166e+00 -1.8891e+00 -1.5460e+00
4403 0 +5.467743078e+00 +3.093774308e+01 +3.093774308e+01 -3.6941e+00 -1.5735e+00 -1.4166e+00 -1.8874e+00 -1.5726e+00
5567 0 +4.487860468e+00 +2.995786047e+01 +2.995786047e+01 -3.7994e+00 -1.7217e+00 -1.0059e+00 -1.8229e+00 -1.2103e+00
6121 0 +3.950117994e+00 +2.942011799e+01 +2.942011799e+01 -2.9749e+00 -1.8532e+00 -6.5419e-01 -2.2967e+00 -1.4698e+00
7269 0 +3.079070414e+00 +2.854907041e+01 +2.854907041e+01 -3.4347e+00 -1.6579e+00 -7.5917e-01 -2.2744e+00 -1.0946e+00
8019 0 +2.590131916e+00 +2.806013192e+01 +2.806013192e+01 -3.4347e+00 -1.6579e+00 -7.5724e-01 -2.2647e+00 -1.1436e+00
11929 0 +2.319453777e+00 +2.778945378e+01 +2.778945378e+01 -2.8411e+00 -1.7598e+00 -1.6274e+00 -2.0757e+00 -1.5081e+00
12619 0 +2.131704566e+00 +2.760170457e+01 +2.760170457e+01 -3.4347e+00 -1.6726e+00 -7.7525e-01 -2.2748e+00 -1.1436e+00
13205 0 +1.822210447e+00 +2.729221045e+01 +2.729221045e+01 -3.7642e+00 -1.8622e+00 -1.1873e+00 -2.2784e+00 -1.6588e+00
14705 0 +1.771279661e+00 +2.724127966e+01 +2.724127966e+01 -3.7642e+00 -1.8622e+00 -1.1873e+00 -2.2891e+00 -1.6588e+00
15855 0 +1.613502539e+00 +2.708350254e+01 +2.708350254e+01 -3.7434e+00 -1.8622e+00 -1.1837e+00 -2.2891e+00 -1.6536e+00
17055 0 +1.579478195e+00 +2.704947820e+01 +2.704947820e+01 -3.7434e+00 -1.8622e+00 -1.1875e+00 -2.2891e+00 -1.6508e+00
17505 0 +8.184922758e-01 +2.628849228e+01 +2.628849228e+01 -3.7434e+00 -1.8802e+00 -1.1875e+00 -2.2891e+00 -1.6508e+00
17655 0 +8.008001379e-01 +2.627080014e+01 +2.627080014e+01 -3.7456e+00 -1.8802e+00 -1.1857e+00 -2.2887e+00 -1.6542e+00
18255 0 +6.603232304e-01 +2.613032323e+01 +2.613032323e+01 -3.7709e+00 -1.8802e+00 -1.1857e+00 -2.2887e+00 -1.6542e+00
18455 0 +6.399830672e-01 +2.610998307e+01 +2.610998307e+01 -3.7709e+00 -1.8802e+00 -1.1834e+00 -2.2887e+00 -1.6589e+00
19205 0 +2.427613173e-01 +2.571276132e+01 +2.571276132e+01 -3.7709e+00 -1.9055e+00 -1.1834e+00 -2.2887e+00 -1.6589e+00
19905 0 +1.875906158e-01 +2.565759062e+01 +2.565759062e+01 -3.7709e+00 -1.9055e+00 -1.1813e+00 -2.2887e+00 -1.6589e+00
20051 0 +1.875906158e-01 +2.565759062e+01 +2.565759062e+01 -3.7709e+00 -1.9055e+00 -1.1813e+00 -2.2887e+00 -1.6589e+00
% f evaluations | g evaluations | best noise-free fitness - Fopt (-1.008100000000e+02) + sum g_i+ | measured fitness | best measured fitness or single-digit g-values | x1 | x2...
1 0 +3.359934621e+02 +2.351834621e+02 +2.351834621e+02 +4.0781e+00 +3.4744e+00 +7.6544e-01 -2.7805e+00 +3.3565e+00
5 0 +2.583523705e+02 +1.575423705e+02 +1.575423705e+02 +2.4200e+00 -2.2088e+00 +4.7547e-01 -3.2910e+00 +4.3845e+00
7 0 +1.990104593e+02 +9.820045925e+01 +9.820045925e+01 -3.5527e+00 -4.6768e+00 +8.7655e-02 +2.1508e-02 -1.8492e+00
13 0 +1.284798426e+02 +2.766984262e+01 +2.766984262e+01 +3.6588e+00 +4.7519e+00 +2.3265e+00 -1.0410e-02 +1.8425e+00
15 0 +1.050917268e+02 +4.281726821e+00 +4.281726821e+00 +4.8428e+00 -4.6782e-01 +1.1693e+00 +7.6331e-01 -3.7072e-01
35 0 +9.692674199e+01 -3.883258012e+00 -3.883258012e+00 +3.0007e+00 +3.4772e+00 +4.5935e-01 +3.0721e-01 +4.1450e+00
85 0 +8.368323236e+01 -1.712676764e+01 -1.712676764e+01 +3.4514e+00 +2.1106e+00 +4.5935e-01 +3.0721e-01 +4.1450e+00
89 0 +7.306256095e+01 -2.774743905e+01 -2.774743905e+01 +4.3675e+00 +1.5597e+00 -2.5584e-01 +2.0051e+00 +1.5313e+00
104 0 +7.139325403e+01 -2.941674597e+01 -2.941674597e+01 +4.2544e-01 +2.7213e+00 +1.8815e+00 -8.9040e-01 +5.0000e+00
128 0 +5.497209189e+01 -4.583790811e+01 -4.583790811e+01 +1.0053e+00 +1.5516e+00 -1.3124e-01 +2.0547e+00 -4.9454e-01
268 0 +5.088238833e+01 -4.992761167e+01 -4.992761167e+01 +2.0713e+00 -5.0986e-01 +7.4032e-01 +1.2004e+00 -1.0842e+00
327 0 +3.544430533e+01 -6.536569467e+01 -6.536569467e+01 +1.0610e+00 -1.8669e+00 +1.2374e+00 +1.6240e+00 +2.2826e+00
512 0 +2.896735554e+01 -7.184264446e+01 -7.184264446e+01 +1.2664e+00 -1.4875e+00 +2.5660e-01 +1.0217e+00 +9.6868e-01
754 0 +2.865407593e+01 -7.215592407e+01 -7.215592407e+01 +1.4915e+00 -1.6183e-01 +1.9837e+00 -2.9231e-01 +1.8674e+00
1013 0 +1.936032967e+01 -8.144967033e+01 -8.144967033e+01 +2.1057e+00 +9.3672e-02 +1.2064e+00 +3.2191e-01 +3.8971e+00
1187 0 +1.470725977e+01 -8.610274023e+01 -8.610274023e+01 +1.2536e-01 +1.5144e+00 +1.4555e+00 +5.5515e-01 +2.5023e+00
2263 0 +1.183044110e+01 -8.897955890e+01 -8.897955890e+01 +8.9177e-01 -5.0212e-02 +1.2438e+00 -7.2042e-02 +3.8971e+00
2943 0 +9.909966706e+00 -9.090003329e+01 -9.090003329e+01 +1.5758e-01 +4.9096e-01 +1.6524e+00 -4.8071e-01 +2.7815e+00
3386 0 +7.413324567e+00 -9.339667543e+01 -9.339667543e+01 +1.3597e+00 +7.8527e-01 +1.5832e+00 -8.2555e-02 +2.2958e+00
3955 0 +5.266614836e+00 -9.554338516e+01 -9.554338516e+01 +1.1931e+00 +7.9769e-01 +1.3700e+00 +2.3908e-03 +3.2941e+00
5743 0 +4.958272401e+00 -9.585172760e+01 -9.585172760e+01 +1.7645e-01 +4.5557e-01 +1.6524e+00 -4.5314e-01 +2.8702e+00
6155 0 +3.409662566e+00 -9.740033743e+01 -9.740033743e+01 +1.1929e+00 +7.9695e-01 +1.3916e+00 -2.1009e-02 +3.3459e+00
6255 0 +2.402791062e+00 -9.840720894e+01 -9.840720894e+01 +1.1704e+00 +7.9695e-01 +1.3916e+00 -2.7098e-02 +3.3459e+00
8455 0 +2.000490861e+00 -9.880950914e+01 -9.880950914e+01 +1.1704e+00 +7.9695e-01 +1.3916e+00 -2.7098e-02 +3.3695e+00
8755 0 +1.898791327e+00 -9.891120867e+01 -9.891120867e+01 +1.1704e+00 +8.0268e-01 +1.3916e+00 -2.7098e-02 +3.3619e+00
12305 0 +1.849033387e+00 -9.896096661e+01 -9.896096661e+01 +1.1694e+00 +8.0268e-01 +1.3903e+00 -2.7098e-02 +3.3619e+00
13627 0 +1.658735562e+00 -9.915126444e+01 -9.915126444e+01 +1.2055e+00 +8.4317e-01 +1.4037e+00 -8.8326e-02 +3.4331e+00
14677 0 +1.287953411e+00 -9.952204659e+01 -9.952204659e+01 +1.1939e+00 +8.4317e-01 +1.4191e+00 -1.1024e-01 +3.4338e+00
15127 0 +1.255645462e+00 -9.955435454e+01 -9.955435454e+01 +1.1939e+00 +8.4317e-01 +1.4163e+00 -1.1024e-01 +3.4338e+00
18527 0 +1.191437828e+00 -9.961856217e+01 -9.961856217e+01 +1.1900e+00 +8.4317e-01 +1.4163e+00 -1.0917e-01 +3.4338e+00
18977 0 +1.128584216e+00 -9.968141578e+01 -9.968141578e+01 +1.1900e+00 +8.4417e-01 +1.4163e+00 -1.0167e-01 +3.4338e+00
19127 0 +1.089652899e+00 -9.972034710e+01 -9.972034710e+01 +1.1900e+00 +8.4646e-01 +1.4163e+00 -1.0167e-01 +3.4437e+00
20051 0 +1.089652899e+00 -9.972034710e+01 -9.972034710e+01 +1.1900e+00 +8.4646e-01 +1.4163e+00 -1.0167e-01 +3.4437e+00
% f evaluations | g evaluations | best noise-free fitness - Fopt (1.000000000000e+03) + sum g_i+ | measured fitness | best measured fitness or single-digit g-values | x1 | x2...
1 0 +5.135258303e+02 +1.513525830e+03 +1.513525830e+03 -1.6671e+00 +2.3364e+00 -3.0958e+00 +4.5314e+00 -3.7005e+00
2 0 +3.445588381e+02 +1.344558838e+03 +1.344558838e+03 +2.5433e+00 +2.5842e+00 -1.9871e+00 +1.1651e+00 -3.5078e-01
16 0 +3.084439602e+02 +1.308443960e+03 +1.308443960e+03 -2.3522e+00 -1.2359e+00 +4.9285e+00 +3.6501e+00 -2.9178e+00
22 0 +1.006365281e+02 +1.100636528e+03 +1.100636528e+03 -2.8834e+00 +4.3179e+00 +2.9393e+00 +4.1207e+00 +1.1413e-01
99 0 +7.312479772e+01 +1.073124798e+03 +1.073124798e+03 -3.1505e+00 -6.7471e-01 +4.2740e+00 +3.2300e+00 +2.0203e+00
132 0 +4.521272739e+01 +1.045212727e+03 +1.045212727e+03 -2.3608e+00 +2.0701e+00 +4.6665e+00 +4.7795e+00 +3.0466e+00
266 0 +4.374750441e+01 +1.043747504e+03 +1.043747504e+03 -2.5319e+00 +9.7136e-01 +4.8728e+00 +5.0000e+00 +2.9395e+00
382 0 +4.030279824e+01 +1.040302798e+03 +1.040302798e+03 -1.3282e+00 +2.0701e+00 +3.4588e+00 +4.1816e+00 +3.0466e+00
448 0 +3.520762543e+01 +1.035207625e+03 +1.035207625e+03 -3.9651e+00 +8.2170e-01 +4.5475e+00 +3.7446e+00 +2.8458e+00
453 0 +3.359341357e+01 +1.033593414e+03 +1.033593414e+03 -4.3304e+00 +3.9547e+00 +5.0000e+00 +3.2158e+00 +1.9657e+00
547 0 +3.244875517e+01 +1.032448755e+03 +1.032448755e+03 -2.3737e+00 +4.1246e+00 +2.8130e+00 +3.0345e+00 +2.5917e+00
567 0 +2.486297989e+01 +1.024862980e+03 +1.024862980e+03 -3.1848e+00 +2.6314e+00 +2.9336e+00 +3.6447e+00 +2.3865e+00
1082 0 +2.026208766e+01 +1.020262088e+03 +1.020262088e+03 -3.4647e+00 +2.5965e+00 +2.8951e+00 +3.7454e+00 +3.0631e+00
1114 0 +1.845073283e+01 +1.018450733e+03 +1.018450733e+03 -2.8614e+00 +2.6571e+00 +3.0819e+00 +3.2843e+00 +3.5333e+00
1726 0 +1.316898610e+01 +1.013168986e+03 +1.013168986e+03 -3.3474e+00 +2.9672e+00 +3.8046e+00 +3.9956e+00 +3.4462e+00
1870 0 +1.009872051e+01 +1.010098721e+03 +1.010098721e+03 -2.8567e+00 +4.0345e+00 +2.5144e+00 +3.8357e+00 +2.8161e+00
2721 0 +9.498946579e+00 +1.009498947e+03 +1.009498947e+03 -2.9560e+00 +3.0406e+00 +3.6376e+00 +4.2748e+00 +2.8174e+00
3171 0 +5.543320762e+00 +1.005543321e+03 +1.005543321e+03 -2.8781e+00 +3.0991e+00 +3.6376e+00 +4.3605e+00 +2.7910e+00
5371 0 +5.437591627e+00 +1.005437592e+03 +1.005437592e+03 -2.9053e+00 +3.0866e+00 +3.6376e+00 +4.3391e+00 +2.7910e+00
5421 0 +5.124379894e+00 +1.005124380e+03 +1.005124380e+03 -2.9435e+00 +3.0796e+00 +3.6592e+00 +4.3341e+00 +2.7910e+00
6321 0 +4.889394283e+00 +1.004889394e+03 +1.004889394e+03 -2.9478e+00 +3.0796e+00 +3.6651e+00 +4.3341e+00 +2.7942e+00
7186 0 +3.955926510e+00 +1.003955927e+03 +1.003955927e+03 -2.9050e+00 +3.0762e+00 +3.6546e+00 +3.9922e+00 +2.8427e+00
8142 0 +3.654111941e+00 +1.003654112e+03 +1.003654112e+03 -2.2348e+00 +3.3348e+00 +3.1261e+00 +3.7561e+00 +3.0064e+00
8286 0 +3.210812309e+00 +1.003210812e+03 +1.003210812e+03 -2.9824e+00 +3.0110e+00 +3.6546e+00 +3.9707e+00 +2.8347e+00
8836 0 +2.974361365e+00 +1.002974361e+03 +1.002974361e+03 -2.9836e+00 +3.0117e+00 +3.6552e+00 +3.9687e+00 +2.8351e+00
9086 0 +2.265794582e+00 +1.002265795e+03 +1.002265795e+03 -2.9836e+00 +3.0424e+00 +3.6401e+00 +3.9666e+00 +2.8490e+00
9315 0 +1.577659638e+00 +1.001577660e+03 +1.001577660e+03 -2.9740e+00 +2.5668e+00 +3.3965e+00 +3.5525e+00 +2.7381e+00
9765 0 +1.079303439e+00 +1.001079303e+03 +1.001079303e+03 -2.9736e+00 +2.5668e+00 +3.4060e+00 +3.5706e+00 +2.7431e+00
15892 0 +1.062460214e+00 +1.001062460e+03 +1.001062460e+03 -2.2853e+00 +3.2652e+00 +3.1491e+00 +3.7452e+00 +3.0015e+00
16892 0 +1.026889346e+00 +1.001026889e+03 +1.001026889e+03 -2.2853e+00 +3.2704e+00 +3.1536e+00 +3.7452e+00 +3.0048e+00
19269 0 +1.008713703e+00 +1.001008714e+03 +1.001008714e+03 -3.1196e+00 +2.9457e+00 +3.6206e+00 +3.2010e+00 +2.9117e+00
20051 0 +1.008713703e+00 +1.001008714e+03 +1.001008714e+03 -3.1196e+00 +2.9457e+00 +3.6206e+00 +3.2010e+00 +2.9117e+00
% f evaluations | g evaluations | best noise-free fitness - Fopt (7.003000000000e+01) + sum g_i+ | measured fitness | best measured fitness or single-digit g-values | x1 | x2...
1 0 +1.688063002e+02 +2.388363002e+02 +2.388363002e+02 -3.5309e+00 -1.4327e-01 -3.3059e-02 -4.1673e+00 -7.1334e-01
3 0 +1.065776600e+02 +1.766076600e+02 +1.766076600e+02 +1.2049e+00 -7.7993e-01 -4.6733e+00 -3.1854e+00 +3.2129e+00
27 0 +1.039469769e+02 +1.739769769e+02 +1.739769769e+02 -4.1800e+00 -2.7961e-01 -4.1147e+00 +7.8986e-01 -9.2329e-02
83 0 +7.448806819e+01 +1.445180682e+02 +1.445180682e+02 -1.7856e+00 -3.5419e-01 -4.3772e+00 -1.7319e+00 +3.6070e-01
205 0 +6.634567569e+01 +1.363756757e+02 +1.363756757e+02 -2.3508e-01 -2.3774e+00 -4.3332e+00 -3.4192e+00 +1.9203e+00
250 0 +5.041856208e+01 +1.204485621e+02 +1.204485621e+02 -5.5511e-01 -2.0899e+00 -2.3888e+00 -2.5719e+00 -2.6889e+00
303 0 +4.694794086e+01 +1.169779409e+02 +1.169779409e+02 -6.8590e-01 -3.4228e+00 -4.3234e+00 -3.1854e+00 +1.5601e+00
450 0 +4.405639124e+01 +1.140863912e+02 +1.140863912e+02 -4.6357e-01 -2.3302e+00 -2.5977e+00 -2.5719e+00 -2.1689e+00
475 0 +4.132303361e+01 +1.113530336e+02 +1.113530336e+02 -2.2139e+00 -5.8287e-01 -3.0115e+00 -9.5999e-01 -7.5982e-01
480 0 +3.915412294e+01 +1.091841229e+02 +1.091841229e+02 -1.7167e+00 -2.4343e+00 -4.4586e+00 -1.9085e+00 +8.3724e-01
579 0 +3.152769026e+01 +1.015576903e+02 +1.015576903e+02 -7.7820e-01 -2.4240e+00 -1.9246e+00 -3.9689e+00 -1.2677e+00
581 0 +2.297588344e+01 +9.300588344e+01 +9.300588344e+01 -1.0408e+00 -1.4911e+00 -4.9366e+00 -1.6921e+00 +2.5581e-01
1081 0 +1.627057223e+01 +8.630057223e+01 +8.630057223e+01 -1.0408e+00 -1.6509e+00 -4.5226e+00 -1.6921e+00 +2.5581e-01
1305 0 +1.310033405e+01 +8.313033405e+01 +8.313033405e+01 -2.4167e-01 -2.4299e+00 -4.6577e+00 -1.4089e+00 +5.6188e-01
2603 0 +5.696417409e+00 +7.572641741e+01 +7.572641741e+01 -8.4032e-01 -2.8200e+00 -3.6444e+00 -2.5543e+00 -5.4124e-01
3856 0 +5.323991414e+00 +7.535399141e+01 +7.535399141e+01 -4.6583e-01 -2.1535e+00 -4.2860e+00 -1.9293e+00 +6.0172e-01
4006 0 +4.773429452e+00 +7.480342945e+01 +7.480342945e+01 -5.0826e-01 -2.1572e+00 -4.2564e+00 -1.9006e+00 +5.9220e-01
4203 0 +3.495546311e+00 +7.352554631e+01 +7.352554631e+01 -8.1803e-01 -2.8230e+00 -3.6444e+00 -2.5543e+00 -5.7978e-01
9606 0 +3.100643296e+00 +7.313064330e+01 +7.313064330e+01 -5.3523e-01 -2.1615e+00 -4.2656e+00 -1.9503e+00 +5.1963e-01
9656 0 +2.838447944e+00 +7.286844794e+01 +7.286844794e+01 -5.3523e-01 -2.2186e+00 -4.2656e+00 -1.9503e+00 +5.0008e-01
10106 0 +2.811601410e+00 +7.284160141e+01 +7.284160141e+01 -5.3917e-01 -2.2186e+00 -4.2559e+00 -1.9596e+00 +4.8288e-01
10406 0 +2.701614723e+00 +7.273161472e+01 +7.273161472e+01 -5.3917e-01 -2.2088e+00 -4.2511e+00 -1.9682e+00 +4.8288e-01
10464 0 +2.535178252e+00 +7.256517825e+01 +7.256517825e+01 -1.2897e+00 -2.0556e+00 -3.6478e+00 -1.5992e+00 -6.4735e-01
11206 0 +2.481030381e+00 +7.251103038e+01 +7.251103038e+01 -5.3191e-01 -2.2088e+00 -4.2342e+00 -1.9682e+00 +4.4846e-01
11406 0 +2.049701519e+00 +7.207970152e+01 +7.207970152e+01 -5.1603e-01 -2.2088e+00 -4.2342e+00 -1.9682e+00 +4.9274e-01
12606 0 +1.808582595e+00 +7.183858260e+01 +7.183858260e+01 -5.1690e-01 -2.2021e+00 -4.2342e+00 -1.9674e+00 +4.8019e-01
13156 0 +1.483931189e+00 +7.151393119e+01 +7.151393119e+01 -5.6248e-01 -2.2021e+00 -4.1920e+00 -1.9674e+00 +4.8019e-01
13306 0 +1.377307011e+00 +7.140730701e+01 +7.140730701e+01 -5.8196e-01 -2.2021e+00 -4.1943e+00 -1.9674e+00 +4.5724e-01
14706 0 +1.335766250e+00 +7.136576625e+01 +7.136576625e+01 -5.8196e-01 -2.2021e+00 -4.1943e+00 -1.9559e+00 +4.5724e-01
16856 0 +1.315720807e+00 +7.134572081e+01 +7.134572081e+01 -5.8196e-01 -2.2021e+00 -4.1925e+00 -1.9576e+00 +4.5724e-01
19906 0 +1.213241085e+00 +7.124324109e+01 +7.124324109e+01 -5.7491e-01 -2.2021e+00 -4.1925e+00 -1.9595e+00 +4.5724e-01
20051 0 +1.213241085e+00 +7.124324109e+01 +7.124324109e+01 -5.7491e-01 -2.2021e+00 -4.1925e+00 -1.9595e+00 +4.5724e-01
% f evaluations | g evaluations | best noise-free fitness - Fopt (-4.822000000000e+01) + sum g_i+ | measured fitness | best measured fitness or single-digit g-values | x1 | x2...
1 0 +2.232293221e+02 +1.750093221e+02 +1.750093221e+02 +3.7696e+00 -2.1811e+00 +4.2555e-01 -1.6976e+00 -3.2680e+00
2 0 +1.009182803e+02 +5.269828030e+01 +5.269828030e+01 -3.0439e-01 -2.2916e+00 -2.9844e+00 +1.8759e+00 -2.4131e+00
21 0 +6.177081650e+01 +1.355081650e+01 +1.355081650e+01 -8.2416e-01 -5.1870e-01 -1.4277e+00 +8.0084e-01 -3.1194e+00
50 0 +5.794368198e+01 +9.723681978e+00 +9.723681978e+00 -2.5188e+00 -1.2763e+00 -4.2769e+00 +2.0896e+00 -4.6759e+00
164 0 +5.677555640e+01 +8.555556400e+00 +8.555556400e+00 -3.1579e+00 -6.3862e-01 -1.9703e+00 +1.2345e+00 -3.9944e+00
192 0 +4.747976188e+01 -7.402381198e-01 -7.402381198e-01 -2.5835e+00 -2.9469e+00 -2.7203e+00 -6.8687e-01 -3.0268e+00
213 0 +4.101168090e+01 -7.208319102e+00 -7.208319102e+00 -9.2933e-01 -1.2046e+00 -2.8002e+00 +2.3295e-01 -3.0316e+00
214 0 +3.903201906e+01 -9.187980943e+00 -9.187980943e+00 -3.1579e+00 -4.4902e-01 -2.8143e+00 +1.2345e+00 -3.9944e+00
314 0 +3.855741079e+01 -9.662589210e+00 -9.662589210e+00 -3.1579e+00 -4.4902e-01 -4.0118e-01 +2.0068e-01 -3.9944e+00
523 0 +2.494586179e+01 -2.327413821e+01 -2.327413821e+01 -2.8846e+00 -5.0909e-01 -1.5027e+00 +1.6738e+00 -3.4818e+00
613 0 +2.118657743e+01 -2.703342257e+01 -2.703342257e+01 -1.2397e+00 -1.4589e+00 -3.1619e+00 +2.3295e-01 -3.0290e+00
894 0 +1.772615812e+01 -3.049384188e+01 -3.049384188e+01 -3.0389e+00 -8.5207e-01 -1.6800e+00 +2.2652e-01 -3.9766e+00
929 0 +1.415189275e+01 -3.406810725e+01 -3.406810725e+01 -5.9042e-01 +1.1077e-01 -1.7645e+00 +5.3328e-01 -4.1105e+00
2556 0 +9.200004790e+00 -3.901999521e+01 -3.901999521e+01 -1.0480e+00 -9.5832e-01 -2.6614e+00 +4.5312e-01 -3.9798e+00
4056 0 +8.091334809e+00 -4.012866519e+01 -4.012866519e+01 -1.0480e+00 -9.5832e-01 -2.5403e+00 +4.5312e-01 -3.9798e+00
4454 0 +4.966335409e+00 -4.325366459e+01 -4.325366459e+01 -2.8153e+00 -1.0299e+00 -2.1981e+00 +5.2389e-01 -3.8766e+00
5093 0 +3.204949819e+00 -4.501505018e+01 -4.501505018e+01 -2.3936e+00 -9.4002e-01 -1.8349e+00 +5.9618e-01 -4.4857e+00
5613 0 +3.062147216e+00 -4.515785278e+01 -4.515785278e+01 -1.2397e+00 -8.6667e-01 -3.0888e+00 +2.3295e-01 -2.9927e+00
6513 0 +2.925586642e+00 -4.529441336e+01 -4.529441336e+01 -1.2397e+00 -8.6667e-01 -3.0888e+00 +2.5907e-01 -2.9927e+00
6913 0 +2.580419694e+00 -4.563958031e+01 -4.563958031e+01 -1.3144e+00 -8.6667e-01 -3.0888e+00 +2.6577e-01 -3.0005e+00
8604 0 +2.542169789e+00 -4.567783021e+01 -4.567783021e+01 -2.7639e+00 -9.9768e-01 -2.2097e+00 +5.2226e-01 -3.9064e+00
8954 0 +2.368632077e+00 -4.585136792e+01 -4.585136792e+01 -2.7639e+00 -9.9768e-01 -2.2097e+00 +5.2226e-01 -3.9151e+00
9496 0 +2.295821798e+00 -4.592417820e+01 -4.592417820e+01 -1.7944e+00 -8.4532e-01 -1.8911e+00 +5.6742e-01 -3.5711e+00
11596 0 +2.077597054e+00 -4.614240295e+01 -4.614240295e+01 -1.8046e+00 -8.4532e-01 -1.9048e+00 +5.6762e-01 -3.5715e+00
13496 0 +1.971006038e+00 -4.624899396e+01 -4.624899396e+01 -1.8046e+00 -8.4532e-01 -1.9048e+00 +5.6789e-01 -3.5604e+00
14046 0 +1.904015299e+00 -4.631598470e+01 -4.631598470e+01 -1.8046e+00 -8.4489e-01 -1.9089e+00 +5.6789e-01 -3.5604e+00
14546 0 +1.814010858e+00 -4.640598914e+01 -4.640598914e+01 -1.8001e+00 -8.4489e-01 -1.9089e+00 +5.6789e-01 -3.5604e+00
15196 0 +1.710315642e+00 -4.650968436e+01 -4.650968436e+01 -1.8001e+00 -8.4489e-01 -1.9300e+00 +5.6789e-01 -3.5604e+00
15896 0 +1.400707077e+00 -4.681929292e+01 -4.681929292e+01 -1.8001e+00 -8.4489e-01 -1.9300e+00 +5.8189e-01 -3.5604e+00
16496 0 +1.336751545e+00 -4.688324846e+01 -4.688324846e+01 -1.8001e+00 -8.5556e-01 -1.9300e+00 +5.8189e-01 -3.5604e+00
20051 0 +1.336751545e+00 -4.688324846e+01 -4.688324846e+01 -1.8001e+00 -8.5556e-01 -1.9300e+00 +5.8189e-01 -3.5604e+00
% f evaluations | g evaluations | best noise-free fitness - Fopt (2.547000000000e+01) + sum g_i+ | measured fitness | best measured fitness or single-digit g-values | x1 | x2...
1 0 +1.963418257e+02 +2.218118257e+02 +2.218118257e+02 +4.6743e+00 -1.7907e-01 -4.0985e+00 -4.6209e+00 +4.5352e+00
3 0 +1.779640027e+02 +2.034340027e+02 +2.034340027e+02 +1.8894e+00 -1.3998e+00 -5.5259e-02 -2.6788e+00 +3.4496e+00
6 0 +1.231557611e+02 +1.486257611e+02 +1.486257611e+02 +3.1153e+00 +2.9069e+00 -3.5462e+00 -1.4037e+00 -1.9775e+00
19 0 +9.462467923e+01 +1.200946792e+02 +1.200946792e+02 +1.3912e+00 +1.9832e+00 -2.9224e+00 -1.0540e+00 -2.0918e-01
38 0 +5.966964768e+01 +8.513964768e+01 +8.513964768e+01 -5.2701e-01 +1.4370e+00 -3.2534e+00 -2.5319e+00 -3.5189e+00
318 0 +4.157153543e+01 +6.704153543e+01 +6.704153543e+01 -1.6688e+00 -2.2225e-01 -1.1919e+00 -3.0173e+00 -8.1211e-01
430 0 +3.171987008e+01 +5.718987008e+01 +5.718987008e+01 -1.4902e+00 -6.7901e-01 -1.4151e+00 -2.2440e+00 -5.4047e-01
662 0 +2.796349968e+01 +5.343349968e+01 +5.343349968e+01 -1.6701e+00 -1.7553e+00 -1.0234e+00 -2.1663e+00 -5.3692e-01
759 0 +2.746858669e+01 +5.293858669e+01 +5.293858669e+01 -1.7961e+00 -1.2910e+00 -1.6326e+00 -3.0859e+00 -1.6200e+00
1095 0 +2.580984410e+01 +5.127984410e+01 +5.127984410e+01 -3.3453e+00 -1.7855e+00 -1.3990e+00 -2.4404e+00 -1.0721e+00
1134 0 +1.520859954e+01 +4.067859954e+01 +4.067859954e+01 -5.0000e+00 -2.8166e+00 -1.3209e+00 -2.4107e+00 -2.1062e+00
1530 0 +1.390284944e+01 +3.937284944e+01 +3.937284944e+01 -1.6976e+00 -6.1084e-01 -1.3762e+00 -2.2639e+00 -5.4047e-01
2638 0 +1.308691838e+01 +3.855691838e+01 +3.855691838e+01 -2.7637e+00 -9.5534e-01 -2.2205e+00 -2.2199e+00 -1.3928e+00
2643 0 +1.271523187e+01 +3.818523187e+01 +3.818523187e+01 -5.0000e+00 -2.2757e+00 +3.0743e-02 -2.2995e+00 -7.8456e-01
3435 0 +9.462974468e+00 +3.493297447e+01 +3.493297447e+01 -3.2149e+00 -2.0274e+00 -2.0840e+00 -2.1376e+00 -1.9175e+00
3913 0 +3.539561595e+00 +2.900956159e+01 +2.900956159e+01 -2.8472e+00 -1.7478e+00 -1.5819e+00 -2.0795e+00 -1.4231e+00
6463 0 +3.332818555e+00 +2.880281855e+01 +2.880281855e+01 -2.8472e+00 -1.7478e+00 -1.5778e+00 -2.0620e+00 -1.4231e+00
8413 0 +3.034885990e+00 +2.850488599e+01 +2.850488599e+01 -2.8472e+00 -1.7492e+00 -1.5873e+00 -2.0620e+00 -1.4231e+00
9167 0 +2.874010457e+00 +2.834401046e+01 +2.834401046e+01 -2.8678e+00 -1.7573e+00 -1.6362e+00 -2.0678e+00 -1.5310e+00
10817 0 +2.639127182e+00 +2.810912718e+01 +2.810912718e+01 -2.8678e+00 -1.7620e+00 -1.6362e+00 -2.0809e+00 -1.5386e+00
12913 0 +2.474519108e+00 +2.794451911e+01 +2.794451911e+01 -2.8243e+00 -1.7441e+00 -1.6087e+00 -2.0620e+00 -1.4313e+00
13063 0 +2.282519823e+00 +2.775251982e+01 +2.775251982e+01 -2.7973e+00 -1.7441e+00 -1.6087e+00 -2.0620e+00 -1.4434e+00
14910 0 +2.223094092e+00 +2.769309409e+01 +2.769309409e+01 -3.7354e+00 -1.8921e+00 -1.2195e+00 -2.2924e+00 -1.6428e+00
15460 0 +7.537800412e-01 +2.622378004e+01 +2.622378004e+01 -3.7354e+00 -1.8921e+00 -1.1804e+00 -2.2924e+00 -1.6428e+00
17310 0 +7.227913802e-01 +2.619279138e+01 +2.619279138e+01 -3.7354e+00 -1.8921e+00 -1.1804e+00 -2.2906e+00 -1.6428e+00
20051 0 +7.129663490e-01 +2.618296635e+01 +2.618296635e+01 -3.7354e+00 -1.8921e+00 -1.1804e+00 -2.2906e+00 -1.6448e+00
% f evaluations | g evaluations | best noise-free fitness - Fopt (-1.008100000000e+02) + sum g_i+ | measured fitness | best measured fitness or single-digit g-values | x1 | x2...
1 0 +4.542793373e+02 +3.534693373e+02 +3.534693373e+02 -2.6795e+00 +1.5322e+00 -3.9840e+00 +8.9994e-02 +1.5329e+00
3 0 +1.709157329e+02 +7.010573289e+01 +7.010573289e+01 -2.7244e+00 -4.7991e+00 -3.3116e-01 +3.1846e+00 +1.8097e-01
10 0 +1.229811144e+02 +2.217111443e+01 +2.217111443e+01 +4.5935e+00 +2.8732e+00 +1.2317e+00 +2.3117e+00 +2.1737e-01
18 0 +1.158529906e+02 +1.504299057e+01 +1.504299057e+01 +1.5287e+00 +4.1757e+00 +9.2283e-01 -8.9015e-01 +5.8955e-01
35 0 +1.145974623e+02 +1.378746233e+01 +1.378746233e+01 +1.1548e+00 +4.8284e+00 +2.3545e+00 -1.0338e+00 +4.8854e+00
46 0 +7.146634788e+01 -2.934365212e+01 -2.934365212e+01 +4.8505e-01 +6.4249e-01 +2.8739e+00 +1.7568e-01 +1.5977e+00
65 0 +6.589111665e+01 -3.491888335e+01 -3.491888335e+01 +1.4332e+00 +1.1824e+00 +9.1541e-01 -1.4879e+00 +3.4274e+00
104 0 +5.203595788e+01 -4.877404212e+01 -4.877404212e+01 +2.3460e+00 -1.2909e-01 -4.3315e-01 +7.9371e-02 +4.1263e-01
115 0 +3.928801224e+01 -6.152198776e+01 -6.152198776e+01 -6.1165e-01 +1.1824e+00 +2.6246e+00 -7.6545e-02 +5.0000e+00
308 0 +3.396575780e+01 -6.684424220e+01 -6.684424220e+01 +2.4904e+00 +5.6187e-01 +9.5112e-01 -3.4518e-01 +4.2561e+00
369 0 +3.158498740e+01 -6.922501260e+01 -6.922501260e+01 +6.2171e-01 +6.5408e-01 +1.4475e+00 +1.3845e+00 +2.8196e+00
516 0 +2.818088345e+01 -7.262911655e+01 -7.262911655e+01 +1.5078e+00 +9.7389e-01 +1.3853e+00 +2.3691e-01 +2.2826e+00
566 0 +1.666169473e+01 -8.414830527e+01 -8.414830527e+01 +1.5078e+00 +9.7389e-01 +1.2739e+00 +2.3691e-01 +2.0166e+00
787 0 +1.126721669e+01 -8.954278331e+01 -8.954278331e+01 +1.3556e+00 -2.0804e-02 +1.1616e+00 +1.2557e-01 +3.6114e+00
1528 0 +1.075572095e+01 -9.005427905e+01 -9.005427905e+01 +1.7973e+00 +1.7034e+00 +1.2573e+00 +4.6925e-01 +3.2280e+00
2987 0 +1.002349333e+01 -9.078650667e+01 -9.078650667e+01 +1.3589e+00 -5.0292e-03 +1.1616e+00 +1.3262e-01 +3.6114e+00
3339 0 +7.667237138e+00 -9.314276286e+01 -9.314276286e+01 +2.6495e-01 +7.5643e-01 +1.7051e+00 +5.1240e-02 +3.5574e+00
3772 0 +6.455855589e+00 -9.435414441e+01 -9.435414441e+01 +1.3414e+00 +1.3891e+00 +1.5417e+00 +1.5534e-01 +2.4642e+00
3816 0 +5.867000877e+00 -9.494299912e+01 -9.494299912e+01 +1.5078e+00 +9.7309e-01 +1.2854e+00 +1.8540e-01 +2.1436e+00
3837 0 +5.586288175e+00 -9.522371183e+01 -9.522371183e+01 +1.4391e+00 +4.7358e-02 +1.1616e+00 +1.4320e-01 +3.6114e+00
4516 0 +5.104119598e+00 -9.570588040e+01 -9.570588040e+01 +1.5078e+00 +9.6768e-01 +1.2767e+00 +1.8540e-01 +2.1436e+00
5313 0 +3.077195107e+00 -9.773280489e+01 -9.773280489e+01 +1.2601e+00 +3.4296e-01 +1.0226e+00 +8.3617e-01 +3.1556e+00
5413 0 +2.742692485e+00 -9.806730751e+01 -9.806730751e+01 +1.2147e+00 +3.8966e-01 +1.0226e+00 +8.3617e-01 +3.1681e+00
5913 0 +2.468472260e+00 -9.834152774e+01 -9.834152774e+01 +1.2222e+00 +3.8966e-01 +1.0226e+00 +8.3617e-01 +3.1370e+00
7013 0 +2.152934009e+00 -9.865706599e+01 -9.865706599e+01 +1.2332e+00 +3.7209e-01 +1.0226e+00 +8.4784e-01 +3.1291e+00
9063 0 +2.086806173e+00 -9.872319383e+01 -9.872319383e+01 +1.2155e+00 +3.7209e-01 +1.0226e+00 +8.3531e-01 +3.1291e+00
10613 0 +2.037386463e+00 -9.877261354e+01 -9.877261354e+01 +1.2152e+00 +3.6674e-01 +1.0237e+00 +8.3232e-01 +3.1279e+00
15986 0 +1.990130763e+00 -9.881986924e+01 -9.881986924e+01 +8.7006e-01 +9.5061e-01 +1.6171e+00 +2.6235e-01 +3.1369e+00
16086 0 +1.869987033e+00 -9.894001297e+01 -9.894001297e+01 +8.7006e-01 +9.5061e-01 +1.6225e+00 +2.6235e-01 +3.1369e+00
16536 0 +1.841857702e+00 -9.896814230e+01 -9.896814230e+01 +8.7006e-01 +9.5061e-01 +1.6368e+00 +2.5046e-01 +3.1369e+00
17186 0 +1.781883158e+00 -9.902811684e+01 -9.902811684e+01 +8.6804e-01 +9.5061e-01 +1.6368e+00 +2.4840e-01 +3.1369e+00
17386 0 +1.712390242e+00 -9.909760976e+01 -9.909760976e+01 +8.6522e-01 +9.5061e-01 +1.6368e+00 +2.4840e-01 +3.1369e+00
17886 0 +1.456251321e+00 -9.935374868e+01 -9.935374868e+01 +8.6522e-01 +9.5061e-01 +1.6368e+00 +2.4840e-01 +3.1458e+00
19886 0 +1.377582298e+00 -9.943241770e+01 -9.943241770e+01 +8.6522e-01 +9.5061e-01 +1.6368e+00 +2.4813e-01 +3.1499e+00
20051 0 +1.377582298e+00 -9.943241770e+01 -9.943241770e+01 +8.6522e-01 +9.5061e-01 +1.6368e+00 +2.4813e-01 +3.1499e+00
% f evaluations | g evaluations | best noise-free fitness - Fopt (1.000000000000e+03) + sum g_i+ | measured fitness | best measured fitness or single-digit g-values | x1 | x2...
1 0 +3.253720837e+02 +1.325372084e+03 +1.325372084e+03 -3.6981e+00 -1.6045e+00 -3.6741e-01 +1.7442e+00 -7.6643e-02
3 0 +3.101492581e+02 +1.310149258e+03 +1.310149258e+03 -2.4574e+00 +2.4488e+00 +1.6984e+00 +4.0194e+00 -3.6565e+00
7 0 +2.563243127e+02 +1.256324313e+03 +1.256324313e+03 +3.7751e+00 +1.4674e+00 -2.6891e+00 +3.9885e+00 +1.5134e-01
12 0 +1.731690094e+02 +1.173169009e+03 +1.173169009e+03 +1.1534e+00 +4.7225e+00 -1.1237e+00 +2.2658e+00 +4.7394e-01
53 0 +1.350523668e+02 +1.135052367e+03 +1.135052367e+03 -2.4574e+00 -1.5317e-01 +3.7374e+00 +4.0194e+00 +5.3781e-01
85 0 +1.170115277e+02 +1.117011528e+03 +1.117011528e+03 -4.1656e+00 +4.8040e+00 +6.6506e-01 +5.0000e+00 +4.0557e+00
87 0 +1.010188443e+02 +1.101018844e+03 +1.101018844e+03 -3.3257e+00 +4.6430e+00 +9.9092e-01 +2.8288e+00 +2.7951e+00
162 0 +9.515694685e+01 +1.095156947e+03 +1.095156947e+03 -1.2395e+00 +4.7225e+00 +5.1371e-01 +2.2658e+00 +4.7394e-01
191 0 +8.251633513e+01 +1.082516335e+03 +1.082516335e+03 -4.2462e-01 +4.7413e-02 +2.8080e+00 +5.0000e+00 +3.6859e+00
200 0 +6.160090494e+01 +1.061600905e+03 +1.061600905e+03 -1.1577e+00 +3.7513e+00 +3.3897e+00 +3.4432e+00 +2.2094e+00
237 0 +3.722483009e+01 +1.037224830e+03 +1.037224830e+03 -2.1194e+00 +3.7083e+00 +1.7067e+00 +3.4964e+00 +2.7951e+00
443 0 +3.469934745e+01 +1.034699347e+03 +1.034699347e+03 -4.7300e+00 +2.3946e+00 +5.0000e+00 +2.7286e+00 +1.6385e+00
524 0 +2.286166002e+01 +1.022861660e+03 +1.022861660e+03 -2.7104e+00 +3.9966e+00 +3.3848e+00 +5.0000e+00 +2.1558e+00
624 0 +1.001276394e+01 +1.010012764e+03 +1.010012764e+03 -4.0943e+00 +2.8398e+00 +4.7247e+00 +3.6785e+00 +2.1558e+00
2140 0 +8.108350517e+00 +1.008108351e+03 +1.008108351e+03 -2.9272e+00 +3.7882e+00 +3.9071e+00 +3.5855e+00 +2.6410e+00
3190 0 +6.696528019e+00 +1.006696528e+03 +1.006696528e+03 -2.9272e+00 +3.7882e+00 +3.9071e+00 +3.2704e+00 +2.6410e+00
5537 0 +6.533308802e+00 +1.006533309e+03 +1.006533309e+03 -3.5870e+00 +2.7669e+00 +2.9824e+00 +3.8153e+00 +2.9806e+00
5590 0 +6.449621147e+00 +1.006449621e+03 +1.006449621e+03 -2.9922e+00 +3.7878e+00 +3.9162e+00 +3.2001e+00 +2.6401e+00
5648 0 +4.908663030e+00 +1.004908663e+03 +1.004908663e+03 -3.5126e+00 +2.3109e+00 +4.5360e+00 +3.4638e+00 +2.8146e+00
5998 0 +4.846224774e+00 +1.004846225e+03 +1.004846225e+03 -3.5126e+00 +2.3009e+00 +4.5360e+00 +3.4638e+00 +2.8146e+00
6721 0 +4.211669671e+00 +1.004211670e+03 +1.004211670e+03 -3.0043e+00 +3.1023e+00 +3.5785e+00 +3.5973e+00 +2.8800e+00
6898 0 +3.474045492e+00 +1.003474045e+03 +1.003474045e+03 -3.4799e+00 +2.3188e+00 +4.5360e+00 +3.4875e+00 +2.8140e+00
7098 0 +2.843829308e+00 +1.002843829e+03 +1.002843829e+03 -3.3758e+00 +2.3311e+00 +4.5143e+00 +3.5125e+00 +2.8193e+00
7621 0 +2.569703766e+00 +1.002569704e+03 +1.002569704e+03 -3.0386e+00 +3.0788e+00 +3.6324e+00 +3.5882e+00 +2.8748e+00
8221 0 +2.351376701e+00 +1.002351377e+03 +1.002351377e+03 -3.0483e+00 +3.0538e+00 +3.6525e+00 +3.5943e+00 +2.8840e+00
8521 0 +4.007099869e-01 +1.000400710e+03 +1.000400710e+03 -3.0483e+00 +3.0079e+00 +3.6525e+00 +3.5976e+00 +2.8802e+00
11271 0 +2.270115842e-01 +1.000227012e+03 +1.000227012e+03 -3.0752e+00 +2.9946e+00 +3.6476e+00 +3.5895e+00 +2.8808e+00
18191 0 +1.151487956e-01 +1.000115149e+03 +1.000115149e+03 -3.0480e+00 +3.0065e+00 +3.6453e+00 +3.6029e+00 +2.8691e+00
18241 0 +8.009602101e-02 +1.000080096e+03 +1.000080096e+03 -3.0479e+00 +3.0065e+00 +3.6448e+00 +3.5989e+00 +2.8706e+00
18739 0 +2.490149313e-02 +1.000024901e+03 +1.000024901e+03 -3.0605e+00 +3.0025e+00 +3.6394e+00 +3.5930e+00 +2.8735e+00
19231 0 +2.376102535e-02 +1.000023761e+03 +1.000023761e+03 -3.0615e+00 +3.0051e+00 +3.6397e+00 +3.5922e+00 +2.8712e+00
19286 0 +2.164281716e-02 +1.000021643e+03 +1.000021643e+03 -3.0530e+00 +2.9951e+00 +3.6382e+00 +3.5958e+00 +2.8702e+00
19352 0 +1.428538729e-02 +1.000014285e+03 +1.000014285e+03 -3.0557e+00 +3.0017e+00 +3.6372e+00 +3.5932e+00 +2.8719e+00
19502 0 +1.296736809e-02 +1.000012967e+03 +1.000012967e+03 -3.0558e+00 +3.0054e+00 +3.6350e+00 +3.5932e+00 +2.8688e+00
19613 0 +1.095760658e-02 +1.000010958e+03 +1.000010958e+03 -3.0633e+00 +3.0018e+00 +3.6394e+00 +3.5927e+00 +2.8687e+00
19682 0 +5.098350559e-03 +1.000005098e+03 +1.000005098e+03 -3.0574e+00 +3.0036e+00 +3.6406e+00 +3.5936e+00 +2.8688e+00
19965 0 +3.784106133e-03 +1.000003784e+03 +1.000003784e+03 -3.0588e+00 +3.0002e+00 +3.6387e+00 +3.5937e+00 +2.8681e+00
20011 0 +1.447702545e-03 +1.000001448e+03 +1.000001448e+03 -3.0574e+00 +3.0007e+00 +3.6397e+00 +3.5937e+00 +2.8681e+00
20051 0 +1.447702545e-03 +1.000001448e+03 +1.000001448e+03 -3.0574e+00 +3.0007e+00 +3.6397e+00 +3.5937e+00 +2.8681e+00
% f evaluations | g evaluations | best noise-free fitness - Fopt (7.003000000000e+01) + sum g_i+ | measured fitness | best measured fitness or single-digit g-values | x1 | x2...
1 0 +3.653136836e+02 +4.353436836e+02 +4.353436836e+02 -1.0925e+00 +3.5262e+00 -3.3114e+00 +3.2876e+00 -1.9603e+00
2 0 +7.464536656e+01 +1.446753666e+02 +1.446753666e+02 -1.0263e+00 -2.9072e+00 -4.8380e+00 -3.3558e-01 -5.0607e-01
43 0 +5.058807072e+01 +1.206180707e+02 +1.206180707e+02 -9.6346e-01 -7.5584e-01 -3.8254e+00 -1.8144e+00 +1.7484e+00
193 0 +4.270042680e+01 +1.127304268e+02 +1.127304268e+02 -9.6346e-01 -3.1797e+00 -5.0000e+00 -2.8843e+00 +1.3090e-01
220 0 +4.021251299e+01 +1.102425130e+02 +1.102425130e+02 -3.3699e-01 -2.6934e+00 -4.3572e+00 -2.2825e+00 +7.1467e-01
291 0 +2.799204290e+01 +9.802204290e+01 +9.802204290e+01 -2.8894e-01 -1.5771e+00 -2.7719e+00 -2.4127e+00 -1.3901e+00
490 0 +2.518773324e+01 +9.521773324e+01 +9.521773324e+01 -1.1496e+00 -2.4615e+00 -3.6670e+00 -2.1804e+00 -1.3094e+00
554 0 +9.700368606e+00 +7.973036861e+01 +7.973036861e+01 -7.2919e-01 -2.2104e+00 -3.7331e+00 -1.8859e+00 +5.5805e-01
704 0 +9.154623830e+00 +7.918462383e+01 +7.918462383e+01 -7.2919e-01 -2.2113e+00 -3.7331e+00 -1.8768e+00 +5.5805e-01
1454 0 +8.738246219e+00 +7.876824622e+01 +7.876824622e+01 -7.2919e-01 -2.2113e+00 -3.7757e+00 -1.8768e+00 +5.5805e-01
3045 0 +5.523863181e+00 +7.555386318e+01 +7.555386318e+01 -5.7627e-01 -3.1851e+00 -4.4156e+00 -2.0153e+00 -1.0825e+00
3454 0 +3.477074386e+00 +7.350707439e+01 +7.350707439e+01 -6.8617e-01 -2.2865e+00 -3.7757e+00 -1.8768e+00 +5.5805e-01
5315 0 +3.390955977e+00 +7.342095598e+01 +7.342095598e+01 -8.1680e-01 -2.4764e+00 -3.9227e+00 -2.0225e+00 -2.1892e-01
5965 0 +2.612638244e+00 +7.264263824e+01 +7.264263824e+01 -8.0919e-01 -2.4764e+00 -3.9511e+00 -2.0225e+00 -1.8619e-01
7265 0 +2.124931480e+00 +7.215493148e+01 +7.215493148e+01 -8.0508e-01 -2.4796e+00 -3.9498e+00 -2.0223e+00 -1.6329e-01
8937 0 +1.780847070e+00 +7.181084707e+01 +7.181084707e+01 -8.3666e-01 -2.5106e+00 -3.9737e+00 -1.9664e+00 -2.0314e-01
9287 0 +1.117014214e+00 +7.114701421e+01 +7.114701421e+01 -8.4677e-01 -2.5106e+00 -3.9737e+00 -1.9994e+00 -1.6923e-01
9437 0 +4.934810469e-01 +7.052348105e+01 +7.052348105e+01 -8.3838e-01 -2.4966e+00 -3.9800e+00 -1.9984e+00 -1.4614e-01
9637 0 +4.295025610e-01 +7.045950256e+01 +7.045950256e+01 -8.3838e-01 -2.4966e+00 -3.9805e+00 -1.9984e+00 -1.4063e-01
9787 0 +4.084199645e-01 +7.043841996e+01 +7.043841996e+01 -8.3838e-01 -2.4966e+00 -3.9805e+00 -1.9633e+00 -1.4063e-01
11437 0 +3.916379679e-01 +7.042163797e+01 +7.042163797e+01 -8.3838e-01 -2.4966e+00 -3.9948e+00 -1.9633e+00 -1.4063e-01
11987 0 +3.468521374e-01 +7.037685214e+01 +7.037685214e+01 -8.3838e-01 -2.4973e+00 -3.9879e+00 -1.9633e+00 -1.4063e-01
13887 0 +1.397105944e-01 +7.016971059e+01 +7.016971059e+01 -8.4780e-01 -2.4973e+00 -3.9879e+00 -1.9633e+00 -1.4063e-01
15237 0 +1.140180969e-01 +7.014401810e+01 +7.014401810e+01 -8.4780e-01 -2.4973e+00 -3.9879e+00 -1.9795e+00 -1.4063e-01
15437 0 +9.568518757e-02 +7.012568519e+01 +7.012568519e+01 -8.4780e-01 -2.4973e+00 -3.9879e+00 -1.9784e+00 -1.4063e-01
16737 0 +5.064368726e-02 +7.008064369e+01 +7.008064369e+01 -8.4780e-01 -2.4973e+00 -3.9879e+00 -1.9784e+00 -1.3227e-01
17687 0 +4.163453907e-02 +7.007163454e+01 +7.007163454e+01 -8.4533e-01 -2.4973e+00 -3.9879e+00 -1.9784e+00 -1.3227e-01
20051 0 +4.163453907e-02 +7.007163454e+01 +7.007163454e+01 -8.4533e-01 -2.4973e+00 -3.9879e+00 -1.9784e+00 -1.3227e-01
% f evaluations | g evaluations | best noise-free fitness - Fopt (-4.822000000000e+01) + sum g_i+ | measured fitness | best measured fitness or single-digit g-values | x1 | x2...
1 0 +2.552844983e+02 +2.070644983e+02 +2.070644983e+02 +6.3284e-01 -4.9622e+00 -3.7097e+00 -4.8570e+00 +2.3335e+00
3 0 +1.945808191e+02 +1.463608191e+02 +1.463608191e+02 -1.7974e+00 +1.9874e+00 -2.9185e+00 -2.7308e+00 -2.1203e+00
4 0 +1.625049558e+02 +1.142849558e+02 +1.142849558e+02 -7.0939e-01 -1.2599e+00 +1.0820e+00 +3.3973e+00 -2.5226e+00
28 0 +1.341976687e+02 +8.597766865e+01 +8.597766865e+01 +2.2396e+00 +1.3379e+00 -2.0060e+00 -1.2341e+00 -2.9913e+00
39 0 +1.096982024e+02 +6.147820240e+01 +6.147820240e+01 +3.2365e+00 +1.3039e+00 -1.7298e+00 +1.8204e+00 -2.5903e+00
57 0 +8.873915015e+01 +4.051915015e+01 +4.051915015e+01 -3.0100e+00 +9.7415e-02 -1.4282e+00 -5.5272e-01 -1.8263e+00
105 0 +8.154996198e+01 +3.332996198e+01 +3.332996198e+01 +2.1038e+00 -1.0585e+00 -2.3797e+00 -1.9308e+00 -4.6888e-01
106 0 +8.054068350e+01 +3.232068350e+01 +3.232068350e+01 -1.8674e-01 +1.4696e+00 -2.3106e+00 +1.6898e+00 -2.9483e+00
127 0 +5.961640821e+01 +1.139640821e+01 +1.139640821e+01 -8.8649e-01 -3.9442e-02 -2.9928e+00 +1.0432e+00 -3.9736e+00
145 0 +4.860664078e+01 +3.866407798e-01 +3.866407798e-01 -2.7704e-01 -1.2754e+00 -9.0438e-01 -2.4066e-01 -3.7602e+00
243 0 +3.726208838e+01 -1.095791162e+01 -1.095791162e+01 +5.2410e-02 +6.6197e-01 -4.6513e-01 -1.6396e-01 -4.9576e+00
332 0 +3.643882553e+01 -1.178117447e+01 -1.178117447e+01 +2.0058e+00 +4.3721e-01 -2.8991e+00 -3.5548e-01 -3.4964e+00
422 0 +3.310519305e+01 -1.511480695e+01 -1.511480695e+01 -7.9704e-01 -4.9059e-01 -3.2372e+00 +1.0269e+00 -3.7756e+00
574 0 +2.843766536e+01 -1.978233464e+01 -1.978233464e+01 -7.7779e-01 -1.4858e+00 -1.8955e+00 +1.1728e+00 -3.5790e+00
617 0 +1.399232419e+01 -3.422767581e+01 -3.422767581e+01 -1.9338e+00 -9.4200e-01 -2.6071e+00 +7.9651e-01 -4.2248e+00
1698 0 +9.852053833e+00 -3.836794617e+01 -3.836794617e+01 -1.9614e+00 -1.4322e+00 -3.5035e+00 +7.2803e-01 -3.2155e+00
1869 0 +6.768216716e+00 -4.145178328e+01 -4.145178328e+01 -1.8790e+00 -9.9614e-01 -2.2902e+00 +2.5379e-01 -3.5362e+00
1871 0 +5.855531298e+00 -4.236446870e+01 -4.236446870e+01 -1.5730e+00 -9.1903e-01 -2.8395e+00 -3.2920e-01 -3.2211e+00
4109 0 +4.688714706e+00 -4.353128529e+01 -4.353128529e+01 -2.5711e+00 -1.6054e+00 -2.6686e+00 +7.6830e-01 -3.7577e+00
6571 0 +4.276567694e+00 -4.394343231e+01 -4.394343231e+01 -1.6378e+00 -9.1903e-01 -2.7868e+00 -3.8115e-01 -3.2619e+00
6821 0 +4.259055069e+00 -4.396094493e+01 -4.396094493e+01 -1.6378e+00 -9.1903e-01 -2.7868e+00 -3.8027e-01 -3.2619e+00
6991 0 +3.506601185e+00 -4.471339882e+01 -4.471339882e+01 -1.2249e+00 -7.1011e-01 -2.1868e+00 +1.0099e-01 -3.7080e+00
7874 0 +3.223593441e+00 -4.499640656e+01 -4.499640656e+01 -1.8085e+00 -8.3833e-01 -1.8955e+00 +5.5694e-01 -3.5487e+00
8141 0 +2.147498915e+00 -4.607250109e+01 -4.607250109e+01 -1.2250e+00 -7.2879e-01 -2.1868e+00 +1.0099e-01 -3.7080e+00
8191 0 +1.354918201e+00 -4.686508180e+01 -4.686508180e+01 -1.1933e+00 -7.2879e-01 -2.1868e+00 +1.0099e-01 -3.7080e+00
9369 0 +1.126142624e+00 -4.709385738e+01 -4.709385738e+01 -1.8270e+00 -1.0204e+00 -2.2763e+00 +2.0033e-01 -3.5885e+00
9669 0 +3.498905971e-01 -4.787010940e+01 -4.787010940e+01 -1.8569e+00 -1.0204e+00 -2.2341e+00 +1.9479e-01 -3.5885e+00
10219 0 +3.253158448e-01 -4.789468416e+01 -4.789468416e+01 -1.8569e+00 -1.0142e+00 -2.2341e+00 +1.9479e-01 -3.5866e+00
12769 0 +2.942248057e-01 -4.792577519e+01 -4.792577519e+01 -1.8363e+00 -1.0142e+00 -2.2437e+00 +1.9479e-01 -3.5866e+00
13469 0 +2.570691280e-01 -4.796293087e+01 -4.796293087e+01 -1.8363e+00 -1.0142e+00 -2.2486e+00 +2.2355e-01 -3.5866e+00
13519 0 +2.434453981e-01 -4.797655460e+01 -4.797655460e+01 -1.8627e+00 -1.0142e+00 -2.2302e+00 +2.2355e-01 -3.5866e+00
15119 0 +1.692130954e-01 -4.805078690e+01 -4.805078690e+01 -1.8555e+00 -1.0142e+00 -2.2302e+00 +2.2245e-01 -3.5866e+00
17469 0 +1.243405869e-01 -4.809565941e+01 -4.809565941e+01 -1.8555e+00 -1.0142e+00 -2.2302e+00 +2.2245e-01 -3.5960e+00
19469 0 +1.205097277e-01 -4.809949027e+01 -4.809949027e+01 -1.8555e+00 -1.0128e+00 -2.2302e+00 +2.2245e-01 -3.5985e+00
20051 0 +1.205097277e-01 -4.809949027e+01 -4.809949027e+01 -1.8555e+00 -1.0128e+00 -2.2302e+00 +2.2245e-01 -3.5985e+00
% f evaluations | g evaluations | best noise-free fitness - Fopt (2.547000000000e+01) + sum g_i+ | measured fitness | best measured fitness or single-digit g-values | x1 | x2...
1 0 +3.175009909e+02 +3.429709909e+02 +3.429709909e+02 -1.6078e+00 +1.0519e+00 +1.9590e+00 +8.2255e-01 +4.4564e+00
3 0 +2.218372813e+02 +2.473072813e+02 +2.473072813e+02 -2.3950e+00 -4.1624e+00 +4.1554e-01 +9.7366e-01 +1.4060e+00
7 0 +1.106377972e+02 +1.361077972e+02 +1.361077972e+02 +2.1826e+00 -6.6598e-01 -1.0703e+00 -2.2128e+00 -2.3289e-02
39 0 +1.053611924e+02 +1.308311924e+02 +1.308311924e+02 +7.4869e-01 -4.7800e-01 -4.0517e-01 -2.5262e+00 -2.2566e+00
69 0 +9.954352445e+01 +1.250135245e+02 +1.250135245e+02 -2.2937e+00 +9.1462e-01 -1.0285e+00 -2.8075e+00 -2.2318e+00
110 0 +7.747815950e+01 +1.029481595e+02 +1.029481595e+02 -2.8999e-01 -2.1186e+00 -5.5161e-01 -2.4002e+00 -1.5600e+00
119 0 +7.127781654e+01 +9.674781654e+01 +9.674781654e+01 -7.9733e-01 +3.7512e-01 -2.3389e+00 -2.8075e+00 -2.2318e+00
163 0 +5.804200776e+01 +8.351200776e+01 +8.351200776e+01 -2.0099e+00 -7.4426e-01 -4.3068e+00 -3.2707e+00 -2.4674e+00
180 0 +3.821471796e+01 +6.368471796e+01 +6.368471796e+01 -2.4864e+00 -3.5442e-02 -1.8268e+00 -2.3418e+00 -2.5384e+00
228 0 +3.541673991e+01 +6.088673991e+01 +6.088673991e+01 -3.4788e+00 -2.6697e+00 -2.6899e+00 -2.2858e+00 -3.2559e+00
230 0 +3.051758586e+01 +5.598758586e+01 +5.598758586e+01 -1.9332e+00 -6.3261e-01 -1.8268e+00 -2.3418e+00 +5.3916e-02
679 0 +2.812982169e+01 +5.359982169e+01 +5.359982169e+01 -2.9814e+00 -2.1033e+00 -2.2193e+00 -2.4326e+00 -2.6645e+00
725 0 +2.658411353e+01 +5.205411353e+01 +5.205411353e+01 -4.8810e+00 -3.0069e+00 -1.0082e+00 -3.0635e+00 -9.4595e-01
904 0 +2.549313767e+01 +5.096313767e+01 +5.096313767e+01 -4.7037e+00 -1.9396e+00 -1.9300e-01 -1.8688e+00 -9.1697e-01
919 0 +1.170479094e+01 +3.717479094e+01 +3.717479094e+01 -4.5441e+00 -2.0049e+00 -1.7406e+00 -2.1985e+00 -1.9515e+00
1088 0 +7.836961146e+00 +3.330696115e+01 +3.330696115e+01 -5.0000e+00 -1.9100e+00 -8.7258e-01 -2.3714e+00 -5.3543e-01
4538 0 +6.227166686e+00 +3.169716669e+01 +3.169716669e+01 -5.0000e+00 -1.8937e+00 -8.7599e-01 -2.3533e+00 -5.0556e-01
6579 0 +5.790439649e+00 +3.126043965e+01 +3.126043965e+01 -3.2019e+00 -2.0594e+00 -2.0759e+00 -2.1307e+00 -2.0017e+00
6807 0 +5.230693608e+00 +3.070069361e+01 +3.070069361e+01 -3.7550e+00 -2.4837e+00 -9.7760e-01 -2.2241e+00 -9.8703e-01
6849 0 +5.099548917e+00 +3.056954892e+01 +3.056954892e+01 -3.7503e+00 -1.7912e+00 -1.1284e+00 -2.2273e+00 -4.6493e-01
7099 0 +4.810167051e+00 +3.028016705e+01 +3.028016705e+01 -3.7503e+00 -1.7912e+00 -1.1359e+00 -2.2273e+00 -4.6493e-01
7535 0 +4.615554333e+00 +3.008555433e+01 +3.008555433e+01 -4.1593e+00 -2.4024e+00 -1.1070e+00 -2.2210e+00 -1.7748e+00
7544 0 +2.736065797e+00 +2.820606580e+01 +2.820606580e+01 -4.1704e+00 -1.6644e+00 -1.3083e+00 -2.2125e+00 -1.3459e+00
7994 0 +2.580368660e+00 +2.805036866e+01 +2.805036866e+01 -4.1704e+00 -1.6657e+00 -1.3083e+00 -2.2204e+00 -1.3459e+00
9294 0 +1.674630556e+00 +2.714463056e+01 +2.714463056e+01 -4.1704e+00 -1.7367e+00 -1.3036e+00 -2.2143e+00 -1.3610e+00
9644 0 +1.513820161e+00 +2.698382016e+01 +2.698382016e+01 -4.1844e+00 -1.7367e+00 -1.2902e+00 -2.2208e+00 -1.3648e+00
13043 0 +8.236185338e-01 +2.629361853e+01 +2.629361853e+01 -3.7638e+00 -1.9250e+00 -1.1587e+00 -2.2836e+00 -1.6286e+00
14043 0 +7.119069793e-01 +2.618190698e+01 +2.618190698e+01 -3.7638e+00 -1.9034e+00 -1.1587e+00 -2.3004e+00 -1.6286e+00
14493 0 +5.066516959e-01 +2.597665170e+01 +2.597665170e+01 -3.7666e+00 -1.9034e+00 -1.1587e+00 -2.2894e+00 -1.6286e+00
14993 0 +3.235376758e-01 +2.579353768e+01 +2.579353768e+01 -3.7666e+00 -1.9070e+00 -1.1587e+00 -2.2952e+00 -1.6476e+00
16293 0 +2.153586459e-01 +2.568535865e+01 +2.568535865e+01 -3.7878e+00 -1.9070e+00 -1.1587e+00 -2.2952e+00 -1.6476e+00
17593 0 +1.432583370e-01 +2.561325834e+01 +2.561325834e+01 -3.7878e+00 -1.9070e+00 -1.1587e+00 -2.2912e+00 -1.6476e+00
17793 0 +6.538489156e-02 +2.553538489e+01 +2.553538489e+01 -3.7754e+00 -1.9070e+00 -1.1702e+00 -2.2912e+00 -1.6511e+00
18043 0 +6.212760071e-02 +2.553212760e+01 +2.553212760e+01 -3.7754e+00 -1.9070e+00 -1.1688e+00 -2.2912e+00 -1.6511e+00
19743 0 +5.383716826e-02 +2.552383717e+01 +2.552383717e+01 -3.7754e+00 -1.9070e+00 -1.1688e+00 -2.2895e+00 -1.6511e+00
20051 0 +5.383716826e-02 +2.552383717e+01 +2.552383717e+01 -3.7754e+00 -1.9070e+00 -1.1688e+00 -2.2895e+00 -1.6511e+00
% f evaluations | g evaluations | best noise-free fitness - Fopt (-1.008100000000e+02) + sum g_i+ | measured fitness | best measured fitness or single-digit g-values | x1 | x2...
1 0 +8.754830200e+02 +7.746730200e+02 +7.746730200e+02 +3.3103e-01 -4.4518e+00 -4.4235e+00 -4.4900e+00 +1.2674e+00
2 0 +1.558498925e+02 +5.503989254e+01 +5.503989254e+01 -4.7084e-01 -4.3451e+00 +9.7605e-01 +2.2654e+00 -2.0813e+00
4 0 +9.610328867e+01 -4.706711325e+00 -4.706711325e+00 +2.4623e+00 +1.0139e+00 +9.9715e-01 +2.9288e+00 +1.2623e+00
31 0 +9.095568244e+01 -9.854317557e+00 -9.854317557e+00 +4.0080e+00 +1.4343e+00 +6.4180e-01 +3.1364e+00 +3.7565e+00
34 0 +8.075610696e+01 -2.005389304e+01 -2.005389304e+01 +6.4642e-01 +2.2046e-01 -9.8708e-01 -2.6583e-01 +3.3369e+00
69 0 +6.409476655e+01 -3.671523345e+01 -3.671523345e+01 +1.2444e-01 +1.3227e+00 +2.5113e+00 -2.1410e+00 +2.4463e+00
107 0 +6.095793538e+01 -3.985206462e+01 -3.985206462e+01 +2.2577e+00 -1.3949e+00 +1.1959e+00 +1.9515e+00 +5.0000e+00
136 0 +5.011147215e+01 -5.069852785e+01 -5.069852785e+01 +1.6532e+00 +9.3519e-01 +1.7022e+00 -1.0817e-02 +2.0877e-01
158 0 +2.626837027e+01 -7.454162973e+01 -7.454162973e+01 +1.4479e+00 +2.5337e-01 +8.9418e-01 +9.3144e-01 +3.0755e+00
680 0 +1.924271712e+01 -8.156728288e+01 -8.156728288e+01 +7.6259e-01 +3.1251e-01 +1.5661e-01 +8.1481e-01 +1.4804e+00
853 0 +4.409131568e+00 -9.640086843e+01 -9.640086843e+01 +9.9079e-01 +6.2142e-01 +1.7877e+00 -4.3329e-01 +3.6775e+00
4353 0 +4.038018858e+00 -9.677198114e+01 -9.677198114e+01 +9.9079e-01 +5.9419e-01 +1.8110e+00 -4.4298e-01 +3.6741e+00
5303 0 +3.768814147e+00 -9.704118585e+01 -9.704118585e+01 +9.9079e-01 +6.1805e-01 +1.8110e+00 -4.4298e-01 +3.6741e+00
5528 0 +2.601901619e+00 -9.820809838e+01 -9.820809838e+01 +7.7396e-01 +1.7937e-01 +1.2870e+00 +6.1671e-01 +2.3531e+00
6978 0 +2.317554783e+00 -9.849244522e+01 -9.849244522e+01 +8.2401e-01 +1.8530e-01 +1.2870e+00 +6.1671e-01 +2.3531e+00
7128 0 +2.262042147e+00 -9.854795785e+01 -9.854795785e+01 +8.2401e-01 +1.8530e-01 +1.2862e+00 +6.1671e-01 +2.3432e+00
7978 0 +2.130773523e+00 -9.867922648e+01 -9.867922648e+01 +8.2045e-01 +1.8275e-01 +1.2862e+00 +6.0481e-01 +2.3432e+00
8628 0 +1.744743072e+00 -9.906525693e+01 -9.906525693e+01 +8.1952e-01 +1.5472e-01 +1.2756e+00 +6.0399e-01 +2.3502e+00
8928 0 +1.613631507e+00 -9.919636849e+01 -9.919636849e+01 +8.1952e-01 +1.6424e-01 +1.2756e+00 +6.1458e-01 +2.3502e+00
10978 0 +1.575083774e+00 -9.923491623e+01 -9.923491623e+01 +8.1952e-01 +1.6424e-01 +1.2736e+00 +6.1458e-01 +2.3502e+00
11678 0 +1.545044328e+00 -9.926495567e+01 -9.926495567e+01 +8.0871e-01 +1.6877e-01 +1.2736e+00 +6.1513e-01 +2.3502e+00
13178 0 +1.377699523e+00 -9.943230048e+01 -9.943230048e+01 +8.0871e-01 +1.4973e-01 +1.2632e+00 +6.1088e-01 +2.3499e+00
13728 0 +1.179429496e+00 -9.963057050e+01 -9.963057050e+01 +8.0871e-01 +1.4973e-01 +1.2632e+00 +6.2878e-01 +2.3128e+00
14878 0 +1.100613275e+00 -9.970938673e+01 -9.970938673e+01 +8.0871e-01 +1.4973e-01 +1.2528e+00 +6.4410e-01 +2.3128e+00
15678 0 +1.089611863e+00 -9.972038814e+01 -9.972038814e+01 +8.2087e-01 +1.4869e-01 +1.2528e+00 +6.4346e-01 +2.3128e+00
19028 0 +1.060141700e+00 -9.974985830e+01 -9.974985830e+01 +8.1778e-01 +1.4932e-01 +1.2527e+00 +6.4246e-01 +2.3118e+00
20051 0 +1.060141700e+00 -9.974985830e+01 -9.974985830e+01 +8.1778e-01 +1.4932e-01 +1.2527e+00 +6.4246e-01 +2.3118e+00
