% f evaluations | g evaluations | best noise-free fitness - Fopt (2.997000000000e+01) + sum g_i+ | measured fitness | best measured fitness or single-digit g-values | x1 | x2...
1 0 +1.236157955e+03 +1.266127955e+03 +1.266127955e+03 -1.0500e+00 +3.8650e+00 +1.0141e+00
3 0 +1.081360421e+03 +1.111330421e+03 +1.111330421e+03 -7.3423e-01 -2.0840e+00 +2.4748e+00
5 0 +9.614284493e+02 +9.913984493e+02 +9.913984493e+02 -3.5707e+00 -3.3795e+00 -9.8033e-01
8 0 +6.111307917e+02 +6.411007917e+02 +6.411007917e+02 +4.6691e+00 -4.3288e+00 -4.0707e+00
10 0 +5.876587040e+02 +6.176287040e+02 +6.176287040e+02 -1.8812e+00 -1.6868e+00 -1.8314e+00
13 0 +2.182168821e+02 +2.481868821e+02 +2.481868821e+02 +2.2273e+00 -3.0477e+00 -3.7723e+00
64 0 +1.941742818e+02 +2.241442818e+02 +2.241442818e+02 +1.6932e+00 -3.6848e+00 -1.2290e+00
78 0 +6.594622096e+01 +9.591622096e+01 +9.591622096e+01 +5.2353e-01 -1.0791e+00 -3.6831e+00
320 0 +5.970301781e+01 +8.967301781e+01 +8.967301781e+01 -1.8468e-01 -3.1249e-01 -4.6525e+00
324 0 +1.181844642e+01 +4.178844642e+01 +4.178844642e+01 +1.0085e+00 -2.0164e+00 -3.3992e+00
351 0 +1.167749824e+01 +4.164749824e+01 +4.164749824e+01 +7.4637e-01 -1.6167e+00 -3.8246e+00
534 0 +6.706469082e+00 +3.667646908e+01 +3.667646908e+01 +3.9189e-01 -9.7328e-01 -4.3078e+00
740 0 +6.021270255e+00 +3.599127025e+01 +3.599127025e+01 +5.4985e-01 -1.1915e+00 -4.1182e+00
753 0 +3.203783062e+00 +3.317378306e+01 +3.317378306e+01 +5.7319e-01 -1.2716e+00 -4.0464e+00
903 0 +2.966811171e+00 +3.293681117e+01 +3.293681117e+01 +5.7513e-01 -1.2528e+00 -4.0510e+00
939 0 +2.556300949e+00 +3.252630095e+01 +3.252630095e+01 +9.5854e-01 -1.8402e+00 -3.5611e+00
949 0 +2.169356632e+00 +3.213935663e+01 +3.213935663e+01 +1.0433e+00 -1.9566e+00 -3.4501e+00
979 0 +1.820981234e+00 +3.179098123e+01 +3.179098123e+01 +8.4613e-01 -1.6809e+00 -3.6846e+00
1004 0 +9.539629612e-01 +3.092396296e+01 +3.092396296e+01 +1.0005e+00 -1.8917e+00 -3.4904e+00
1114 0 +8.840806263e-01 +3.085408063e+01 +3.085408063e+01 +9.9865e-01 -1.8899e+00 -3.4930e+00
1357 0 +5.830071541e-01 +3.055300715e+01 +3.055300715e+01 +8.8661e-01 -1.7181e+00 -3.6502e+00
1453 0 +1.904597206e-01 +3.016045972e+01 +3.016045972e+01 +8.9510e-01 -1.7356e+00 -3.6320e+00
1550 0 +1.555281901e-01 +3.012552819e+01 +3.012552819e+01 +7.9484e-01 -1.5860e+00 -3.7651e+00
1770 0 +8.563269289e-02 +3.005563269e+01 +3.005563269e+01 +8.9328e-01 -1.7321e+00 -3.6354e+00
1935 0 +8.563269289e-02 +3.005563269e+01 +3.005563269e+01 +8.9328e-01 -1.7321e+00 -3.6354e+00
% f evaluations | g evaluations | best noise-free fitness - Fopt (-5.171000000000e+01) + sum g_i+ | measured fitness | best measured fitness or single-digit g-values | x1 | x2...
1 0 +9.511924911e+02 +8.994824911e+02 +8.994824911e+02 -1.0500e+00 +3.8650e+00 +1.0141e+00
4 0 +7.876008283e+02 +7.358908283e+02 +7.358908283e+02 -2.8857e+00 +4.8528e+00 -2.1273e-01
9 0 +4.603824010e+02 +4.086724010e+02 +4.086724010e+02 +3.2580e+00 +4.5246e+00 -2.9897e+00
20 0 +3.525821345e+02 +3.008721345e+02 +3.008721345e+02 +2.8332e+00 +2.3403e+00 -4.4220e+00
61 0 +3.368239989e+02 +2.851139989e+02 +2.851139989e+02 +5.9350e-01 +2.4861e+00 -2.3759e+00
72 0 +2.667994661e+02 +2.150894661e+02 +2.150894661e+02 +4.8977e+00 +3.3087e+00 -4.0682e+00
78 0 +1.475973937e+02 +9.588739373e+01 +9.588739373e+01 +1.1294e+00 +4.3090e+00 -4.3328e+00
83 0 +1.401366192e+02 +8.842661921e+01 +8.842661921e+01 -7.4999e-01 +4.0837e+00 -3.4989e+00
91 0 +8.662852162e+01 +3.491852162e+01 +3.491852162e+01 -9.7787e-01 +4.4559e+00 -3.4989e+00
95 0 +2.979067153e+01 -2.191932847e+01 -2.191932847e+01 +2.5567e+00 +3.2059e+00 -3.2666e+00
322 0 +2.617159772e+01 -2.553840228e+01 -2.553840228e+01 +2.9721e+00 +3.0883e+00 -3.3906e+00
341 0 +1.437253240e+01 -3.733746760e+01 -3.733746760e+01 +3.2455e+00 +2.8396e+00 -3.2213e+00
417 0 +1.204251741e+01 -3.966748259e+01 -3.966748259e+01 +1.9222e+00 +3.3994e+00 -3.3783e+00
546 0 +1.187989791e+01 -3.983010209e+01 -3.983010209e+01 +2.1448e+00 +3.3605e+00 -3.3740e+00
586 0 +9.327066733e+00 -4.238293327e+01 -4.238293327e+01 +9.5587e-01 +3.9038e+00 -3.5647e+00
597 0 +4.369623713e+00 -4.734037629e+01 -4.734037629e+01 +3.7702e+00 +2.6125e+00 -3.2398e+00
606 0 +3.422475135e+00 -4.828752487e+01 -4.828752487e+01 +3.0117e+00 +2.9626e+00 -3.3258e+00
896 0 +2.693198110e+00 -4.901680189e+01 -4.901680189e+01 +3.4705e+00 +2.7342e+00 -3.2651e+00
1047 0 +7.037948056e-01 -5.100620519e+01 -5.100620519e+01 +2.1051e+00 +3.3601e+00 -3.4196e+00
1264 0 +4.678663006e-01 -5.124213370e+01 -5.124213370e+01 +2.6311e+00 +3.1198e+00 -3.3560e+00
1394 0 +2.222286688e-01 -5.148777133e+01 -5.148777133e+01 +2.3703e+00 +3.2386e+00 -3.3872e+00
1621 0 +1.196984544e-01 -5.159030155e+01 -5.159030155e+01 +2.5104e+00 +3.1757e+00 -3.3728e+00
1665 0 +1.196984544e-01 -5.159030155e+01 -5.159030155e+01 +2.5104e+00 +3.1757e+00 -3.3728e+00
% f evaluations | g evaluations | best noise-free fitness - Fopt (-2.799500000000e+02) + sum g_i+ | measured fitness | best measured fitness or single-digit g-values | x1 | x2...
1 0 +2.508799384e+03 +2.228849384e+03 +2.228849384e+03 -1.0500e+00 +3.8650e+00 +1.0141e+00
2 0 +9.489125666e+02 +6.689625666e+02 +6.689625666e+02 -2.2656e+00 -2.7090e-01 +3.6230e+00
3 0 +7.376920808e+02 +4.577420808e+02 +4.577420808e+02 -7.3423e-01 -2.0840e+00 +2.4748e+00
7 0 +5.516291283e+02 +2.716791283e+02 +2.716791283e+02 -3.4134e+00 -3.8213e+00 +5.7201e-01
12 0 +2.570094350e+02 -2.294056503e+01 -2.294056503e+01 -3.1209e+00 -2.3116e+00 +4.6049e+00
92 0 +2.054147390e+02 -7.453526105e+01 -7.453526105e+01 -2.6655e+00 -2.8803e+00 +4.8547e+00
105 0 +1.593780580e+02 -1.205719420e+02 -1.205719420e+02 -3.5069e+00 -3.3812e+00 +4.7128e+00
115 0 +1.248359379e+02 -1.551140621e+02 -1.551140621e+02 -3.3525e+00 -3.1487e+00 +3.9327e+00
186 0 +8.772122557e+01 -1.922287744e+02 -1.922287744e+02 -3.2164e+00 -3.4630e+00 +3.9514e+00
197 0 +8.538956129e+01 -1.945604387e+02 -1.945604387e+02 -3.4964e+00 -4.1751e+00 +2.5755e+00
199 0 +6.554810179e+01 -2.144018982e+02 -2.144018982e+02 -4.2181e+00 -3.2200e+00 +3.8599e+00
271 0 +4.981056537e+01 -2.301394346e+02 -2.301394346e+02 -3.9315e+00 -4.0880e+00 +3.2685e+00
353 0 +4.462089953e+01 -2.353291005e+02 -2.353291005e+02 -4.2686e+00 -3.8014e+00 +3.5267e+00
379 0 +4.060105862e+01 -2.393489414e+02 -2.393489414e+02 -2.7044e+00 -4.5577e+00 +2.7206e+00
390 0 +1.263869477e+01 -2.673113052e+02 -2.673113052e+02 -3.7116e+00 -3.9990e+00 +3.2438e+00
569 0 +9.071278429e+00 -2.708787216e+02 -2.708787216e+02 -2.8029e+00 -4.7048e+00 +2.3945e+00
723 0 +4.796217693e+00 -2.751537823e+02 -2.751537823e+02 -3.4412e+00 -4.1445e+00 +3.0366e+00
794 0 +4.177871801e+00 -2.757721282e+02 -2.757721282e+02 -3.5018e+00 -4.1012e+00 +3.1117e+00
812 0 +4.026060659e+00 -2.759239393e+02 -2.759239393e+02 -3.5884e+00 -3.9761e+00 +3.2775e+00
1006 0 +3.952370760e+00 -2.759976292e+02 -2.759976292e+02 -3.6896e+00 -3.9011e+00 +3.3670e+00
1014 0 +3.601145498e+00 -2.763488545e+02 -2.763488545e+02 -3.8332e+00 -3.8015e+00 +3.4651e+00
1060 0 +3.321964594e+00 -2.766280354e+02 -2.766280354e+02 -3.8772e+00 -3.7270e+00 +3.5407e+00
1087 0 +2.909693500e+00 -2.770403065e+02 -2.770403065e+02 -4.0080e+00 -3.6031e+00 +3.6978e+00
1093 0 +2.123230393e+00 -2.778267696e+02 -2.778267696e+02 -3.6979e+00 -3.9084e+00 +3.3338e+00
1169 0 +1.480133965e+00 -2.784698660e+02 -2.784698660e+02 -3.3942e+00 -4.1556e+00 +3.0471e+00
1199 0 +1.324615269e+00 -2.786253847e+02 -2.786253847e+02 -3.2946e+00 -4.2500e+00 +2.9275e+00
1237 0 +8.278588873e-01 -2.791221411e+02 -2.791221411e+02 -3.4360e+00 -4.1175e+00 +3.0852e+00
1284 0 +6.890024360e-01 -2.792609976e+02 -2.792609976e+02 -3.4884e+00 -4.0712e+00 +3.1407e+00
1350 0 +6.890024360e-01 -2.792609976e+02 -2.792609976e+02 -3.4884e+00 -4.0712e+00 +3.1407e+00
% f evaluations | g evaluations | best noise-free fitness - Fopt (9.319900000000e+02) + sum g_i+ | measured fitness | best measured fitness or single-digit g-values | x1 | x2...
1 0 +9.136704828e+02 +1.845660483e+03 +1.845660483e+03 -1.0500e+00 +3.8650e+00 +1.0141e+00
2 0 +6.743986067e+02 +1.606388607e+03 +1.606388607e+03 -2.2656e+00 -2.7090e-01 +3.6230e+00
3 0 +2.707260719e+02 +1.202716072e+03 +1.202716072e+03 -7.3423e-01 -2.0840e+00 +2.4748e+00
76 0 +2.365605893e+02 +1.168550589e+03 +1.168550589e+03 +7.5018e-01 -5.3808e-01 +9.3751e-01
88 0 +2.199382302e+02 +1.151928230e+03 +1.151928230e+03 -9.3336e-01 -4.2534e+00 +4.6131e+00
98 0 +2.080772404e+02 +1.140067240e+03 +1.140067240e+03 -6.9577e-01 -3.7818e+00 +4.7025e+00
121 0 +1.659318975e+02 +1.097921897e+03 +1.097921897e+03 +7.5018e-01 -5.3808e-01 +1.6927e+00
137 0 +9.198865752e+01 +1.023978658e+03 +1.023978658e+03 +1.5641e+00 +1.6693e+00 +3.6230e+00
224 0 +8.223328423e+01 +1.014223284e+03 +1.014223284e+03 +2.5951e+00 +3.6885e+00 +1.9109e+00
225 0 +7.948809776e+01 +1.011478098e+03 +1.011478098e+03 +1.0097e+00 +9.7709e-01 +2.9457e+00
349 0 +7.801555847e+01 +1.010005558e+03 +1.010005558e+03 +1.8630e+00 +1.2821e+00 +2.6218e+00
360 0 +5.823196504e+01 +9.902219650e+02 +9.902219650e+02 +1.0791e+00 -1.4631e-01 +3.4897e+00
370 0 +5.644317056e+01 +9.884331706e+02 +9.884331706e+02 +8.4737e-01 -3.0438e-01 +3.7173e+00
377 0 +4.985191386e+01 +9.818419139e+02 +9.818419139e+02 +8.8627e-01 -3.3804e-01 +3.6136e+00
416 0 +2.502117059e+01 +9.570111706e+02 +9.570111706e+02 +6.5105e-01 -6.7144e-01 +3.4357e+00
512 0 +2.064471663e+01 +9.526347166e+02 +9.526347166e+02 +1.2257e+00 +8.0868e-01 +2.8555e+00
677 0 +8.871088514e+00 +9.408610885e+02 +9.408610885e+02 +1.6025e+00 +1.4281e+00 +2.7707e+00
872 0 +6.395319749e+00 +9.383853197e+02 +9.383853197e+02 +1.1481e+00 +4.3687e-01 +3.1079e+00
911 0 +1.546740076e+00 +9.335367401e+02 +9.335367401e+02 +1.3534e+00 +9.0937e-01 +2.9347e+00
990 0 +1.546740076e+00 +9.335367401e+02 +9.335367401e+02 +1.3534e+00 +9.0937e-01 +2.9347e+00
% f evaluations | g evaluations | best noise-free fitness - Fopt (1.133100000000e+02) + sum g_i+ | measured fitness | best measured fitness or single-digit g-values | x1 | x2...
1 0 +5.417653252e+02 +6.550753252e+02 +6.550753252e+02 -1.0500e+00 +3.8650e+00 +1.0141e+00
6 0 +4.959100326e+02 +6.092200326e+02 +6.092200326e+02 +4.5151e+00 -4.9526e-01 +1.8357e+00
9 0 +2.441996928e+02 +3.575096928e+02 +3.575096928e+02 +3.2580e+00 +4.5246e+00 -2.9897e+00
28 0 +1.739164573e+02 +2.872264573e+02 +2.872264573e+02 +1.2913e+00 +4.1618e+00 +1.5494e+00
64 0 +1.481460590e+02 +2.614560590e+02 +2.614560590e+02 +1.6932e+00 +4.7997e+00 -1.2290e+00
92 0 +1.452452599e+02 +2.585552599e+02 +2.585552599e+02 +1.3810e+00 +4.8103e+00 -1.2129e-01
134 0 +1.118551090e+02 +2.251651090e+02 +2.251651090e+02 +2.2295e+00 +1.9732e+00 +7.1316e-01
191 0 +8.683349744e+01 +2.001434974e+02 +2.001434974e+02 +1.5742e+00 +2.1925e+00 +2.0118e+00
195 0 +5.710064240e+01 +1.704106424e+02 +1.704106424e+02 +1.8827e+00 +3.3241e+00 +1.0745e+00
275 0 +4.379418180e+01 +1.571041818e+02 +1.571041818e+02 +2.1963e+00 +2.0933e+00 +1.3191e+00
303 0 +4.013024616e+01 +1.534402462e+02 +1.534402462e+02 +2.3444e+00 +4.3822e+00 -8.5114e-01
534 0 +3.844203799e+01 +1.517520380e+02 +1.517520380e+02 +1.9748e+00 +3.8722e+00 +2.0840e-01
545 0 +1.921241112e+01 +1.325224111e+02 +1.325224111e+02 +2.1517e+00 +3.9891e+00 -1.7767e-01
573 0 +1.604629599e+01 +1.293562960e+02 +1.293562960e+02 +2.0269e+00 +2.5088e+00 +1.3328e+00
718 0 +3.758485691e+00 +1.170684857e+02 +1.170684857e+02 +2.1534e+00 +3.0639e+00 +6.3786e-01
902 0 +3.646737762e+00 +1.169567378e+02 +1.169567378e+02 +2.1418e+00 +3.4235e+00 +2.7925e-01
1084 0 +3.297456759e+00 +1.166074568e+02 +1.166074568e+02 +2.1249e+00 +2.8053e+00 +9.4814e-01
1106 0 +1.034794165e+00 +1.143447942e+02 +1.143447942e+02 +2.1223e+00 +2.9780e+00 +7.6613e-01
1147 0 +8.035366333e-01 +1.141135366e+02 +1.141135366e+02 +2.1219e+00 +2.9289e+00 +8.1942e-01
1267 0 +7.585256736e-01 +1.140685257e+02 +1.140685257e+02 +2.1313e+00 +3.1366e+00 +5.9528e-01
1361 0 +6.057884237e-01 +1.139157884e+02 +1.139157884e+02 +2.1382e+00 +3.2376e+00 +4.8783e-01
1488 0 +5.350424443e-01 +1.138450424e+02 +1.138450424e+02 +2.1329e+00 +3.1332e+00 +5.9830e-01
1530 0 +5.350424443e-01 +1.138450424e+02 +1.138450424e+02 +2.1329e+00 +3.1332e+00 +5.9830e-01
% f evaluations | g evaluations | best noise-free fitness - Fopt (2.997000000000e+01) + sum g_i+ | measured fitness | best measured fitness or single-digit g-values | x1 | x2...
1 0 +1.236157955e+03 +1.266127955e+03 +1.266127955e+03 -1.0500e+00 +3.8650e+00 +1.0141e+00
3 0 +1.081360421e+03 +1.111330421e+03 +1.111330421e+03 -7.3423e-01 -2.0840e+00 +2.4748e+00
5 0 +9.614284493e+02 +9.913984493e+02 +9.913984493e+02 -3.5707e+00 -3.3795e+00 -9.8033e-01
8 0 +6.111307917e+02 +6.411007917e+02 +6.411007917e+02 +4.6691e+00 -4.3288e+00 -4.0707e+00
10 0 +5.876587040e+02 +6.176287040e+02 +6.176287040e+02 -1.8812e+00 -1.6868e+00 -1.8314e+00
13 0 +2.182168821e+02 +2.481868821e+02 +2.481868821e+02 +2.2273e+00 -3.0477e+00 -3.7723e+00
64 0 +1.941742818e+02 +2.241442818e+02 +2.241442818e+02 +1.6932e+00 -3.6848e+00 -1.2290e+00
78 0 +6.594622096e+01 +9.591622096e+01 +9.591622096e+01 +5.2353e-01 -1.0791e+00 -3.6831e+00
320 0 +5.970301781e+01 +8.967301781e+01 +8.967301781e+01 -1.8468e-01 -3.1249e-01 -4.6525e+00
324 0 +1.181844642e+01 +4.178844642e+01 +4.178844642e+01 +1.0085e+00 -2.0164e+00 -3.3992e+00
351 0 +1.167749824e+01 +4.164749824e+01 +4.164749824e+01 +7.4637e-01 -1.6167e+00 -3.8246e+00
534 0 +6.706469082e+00 +3.667646908e+01 +3.667646908e+01 +3.9189e-01 -9.7328e-01 -4.3078e+00
740 0 +6.021270255e+00 +3.599127025e+01 +3.599127025e+01 +5.4985e-01 -1.1915e+00 -4.1182e+00
753 0 +3.203783062e+00 +3.317378306e+01 +3.317378306e+01 +5.7319e-01 -1.2716e+00 -4.0464e+00
903 0 +2.966811171e+00 +3.293681117e+01 +3.293681117e+01 +5.7513e-01 -1.2528e+00 -4.0510e+00
939 0 +2.556300949e+00 +3.252630095e+01 +3.252630095e+01 +9.5854e-01 -1.8402e+00 -3.5611e+00
949 0 +2.169356632e+00 +3.213935663e+01 +3.213935663e+01 +1.0433e+00 -1.9566e+00 -3.4501e+00
979 0 +1.820981234e+00 +3.179098123e+01 +3.179098123e+01 +8.4613e-01 -1.6809e+00 -3.6846e+00
1004 0 +9.539629612e-01 +3.092396296e+01 +3.092396296e+01 +1.0005e+00 -1.8917e+00 -3.4904e+00
1114 0 +8.840806263e-01 +3.085408063e+01 +3.085408063e+01 +9.9865e-01 -1.8899e+00 -3.4930e+00
1357 0 +5.830071541e-01 +3.055300715e+01 +3.055300715e+01 +8.8661e-01 -1.7181e+00 -3.6502e+00
1453 0 +1.904597206e-01 +3.016045972e+01 +3.016045972e+01 +8.9510e-01 -1.7356e+00 -3.6320e+00
1550 0 +1.555281901e-01 +3.012552819e+01 +3.012552819e+01 +7.9484e-01 -1.5860e+00 -3.7651e+00
1770 0 +8.563269289e-02 +3.005563269e+01 +3.005563269e+01 +8.9328e-01 -1.7321e+00 -3.6354e+00
1935 0 +8.563269289e-02 +3.005563269e+01 +3.005563269e+01 +8.9328e-01 -1.7321e+00 -3.6354e+00
% f evaluations | g evaluations | best noise-free fitness - Fopt (-5.171000000000e+01) + sum g_i+ | measured fitness | best measured fitness or single-digit g-values | x1 | x2...
1 0 +9.511924911e+02 +8.994824911e+02 +8.994824911e+02 -1.0500e+00 +3.8650e+00 +1.0141e+00
4 0 +7.876008283e+02 +7.358908283e+02 +7.358908283e+02 -2.8857e+00 +4.8528e+00 -2.1273e-01
9 0 +4.603824010e+02 +4.086724010e+02 +4.086724010e+02 +3.2580e+00 +4.5246e+00 -2.9897e+00
20 0 +3.525821345e+02 +3.008721345e+02 +3.008721345e+02 +2.8332e+00 +2.3403e+00 -4.4220e+00
61 0 +3.368239989e+02 +2.851139989e+02 +2.851139989e+02 +5.9350e-01 +2.4861e+00 -2.3759e+00
72 0 +2.667994661e+02 +2.150894661e+02 +2.150894661e+02 +4.8977e+00 +3.3087e+00 -4.0682e+00
78 0 +1.475973937e+02 +9.588739373e+01 +9.588739373e+01 +1.1294e+00 +4.3090e+00 -4.3328e+00
83 0 +1.401366192e+02 +8.842661921e+01 +8.842661921e+01 -7.4999e-01 +4.0837e+00 -3.4989e+00
91 0 +8.662852162e+01 +3.491852162e+01 +3.491852162e+01 -9.7787e-01 +4.4559e+00 -3.4989e+00
95 0 +2.979067153e+01 -2.191932847e+01 -2.191932847e+01 +2.5567e+00 +3.2059e+00 -3.2666e+00
322 0 +2.617159772e+01 -2.553840228e+01 -2.553840228e+01 +2.9721e+00 +3.0883e+00 -3.3906e+00
341 0 +1.437253240e+01 -3.733746760e+01 -3.733746760e+01 +3.2455e+00 +2.8396e+00 -3.2213e+00
417 0 +1.204251741e+01 -3.966748259e+01 -3.966748259e+01 +1.9222e+00 +3.3994e+00 -3.3783e+00
546 0 +1.187989791e+01 -3.983010209e+01 -3.983010209e+01 +2.1448e+00 +3.3605e+00 -3.3740e+00
586 0 +9.327066733e+00 -4.238293327e+01 -4.238293327e+01 +9.5587e-01 +3.9038e+00 -3.5647e+00
597 0 +4.369623713e+00 -4.734037629e+01 -4.734037629e+01 +3.7702e+00 +2.6125e+00 -3.2398e+00
606 0 +3.422475135e+00 -4.828752487e+01 -4.828752487e+01 +3.0117e+00 +2.9626e+00 -3.3258e+00
896 0 +2.693198110e+00 -4.901680189e+01 -4.901680189e+01 +3.4705e+00 +2.7342e+00 -3.2651e+00
1047 0 +7.037948056e-01 -5.100620519e+01 -5.100620519e+01 +2.1051e+00 +3.3601e+00 -3.4196e+00
1264 0 +4.678663006e-01 -5.124213370e+01 -5.124213370e+01 +2.6311e+00 +3.1198e+00 -3.3560e+00
1394 0 +2.222286688e-01 -5.148777133e+01 -5.148777133e+01 +2.3703e+00 +3.2386e+00 -3.3872e+00
1621 0 +1.196984544e-01 -5.159030155e+01 -5.159030155e+01 +2.5104e+00 +3.1757e+00 -3.3728e+00
1665 0 +1.196984544e-01 -5.159030155e+01 -5.159030155e+01 +2.5104e+00 +3.1757e+00 -3.3728e+00
% f evaluations | g evaluations | best noise-free fitness - Fopt (-2.799500000000e+02) + sum g_i+ | measured fitness | best measured fitness or single-digit g-values | x1 | x2...
1 0 +2.508799384e+03 +2.228849384e+03 +2.228849384e+03 -1.0500e+00 +3.8650e+00 +1.0141e+00
2 0 +9.489125666e+02 +6.689625666e+02 +6.689625666e+02 -2.2656e+00 -2.7090e-01 +3.6230e+00
3 0 +7.376920808e+02 +4.577420808e+02 +4.577420808e+02 -7.3423e-01 -2.0840e+00 +2.4748e+00
7 0 +5.516291283e+02 +2.716791283e+02 +2.716791283e+02 -3.4134e+00 -3.8213e+00 +5.7201e-01
12 0 +2.570094350e+02 -2.294056503e+01 -2.294056503e+01 -3.1209e+00 -2.3116e+00 +4.6049e+00
92 0 +2.054147390e+02 -7.453526105e+01 -7.453526105e+01 -2.6655e+00 -2.8803e+00 +4.8547e+00
105 0 +1.593780580e+02 -1.205719420e+02 -1.205719420e+02 -3.5069e+00 -3.3812e+00 +4.7128e+00
115 0 +1.248359379e+02 -1.551140621e+02 -1.551140621e+02 -3.3525e+00 -3.1487e+00 +3.9327e+00
186 0 +8.772122557e+01 -1.922287744e+02 -1.922287744e+02 -3.2164e+00 -3.4630e+00 +3.9514e+00
197 0 +8.538956129e+01 -1.945604387e+02 -1.945604387e+02 -3.4964e+00 -4.1751e+00 +2.5755e+00
199 0 +6.554810179e+01 -2.144018982e+02 -2.144018982e+02 -4.2181e+00 -3.2200e+00 +3.8599e+00
271 0 +4.981056537e+01 -2.301394346e+02 -2.301394346e+02 -3.9315e+00 -4.0880e+00 +3.2685e+00
353 0 +4.462089953e+01 -2.353291005e+02 -2.353291005e+02 -4.2686e+00 -3.8014e+00 +3.5267e+00
379 0 +4.060105862e+01 -2.393489414e+02 -2.393489414e+02 -2.7044e+00 -4.5577e+00 +2.7206e+00
390 0 +1.263869477e+01 -2.673113052e+02 -2.673113052e+02 -3.7116e+00 -3.9990e+00 +3.2438e+00
569 0 +9.071278429e+00 -2.708787216e+02 -2.708787216e+02 -2.8029e+00 -4.7048e+00 +2.3945e+00
723 0 +4.796217693e+00 -2.751537823e+02 -2.751537823e+02 -3.4412e+00 -4.1445e+00 +3.0366e+00
794 0 +4.177871801e+00 -2.757721282e+02 -2.757721282e+02 -3.5018e+00 -4.1012e+00 +3.1117e+00
812 0 +4.026060659e+00 -2.759239393e+02 -2.759239393e+02 -3.5884e+00 -3.9761e+00 +3.2775e+00
1006 0 +3.952370760e+00 -2.759976292e+02 -2.759976292e+02 -3.6896e+00 -3.9011e+00 +3.3670e+00
1014 0 +3.601145498e+00 -2.763488545e+02 -2.763488545e+02 -3.8332e+00 -3.8015e+00 +3.4651e+00
1060 0 +3.321964594e+00 -2.766280354e+02 -2.766280354e+02 -3.8772e+00 -3.7270e+00 +3.5407e+00
1087 0 +2.909693500e+00 -2.770403065e+02 -2.770403065e+02 -4.0080e+00 -3.6031e+00 +3.6978e+00
1093 0 +2.123230393e+00 -2.778267696e+02 -2.778267696e+02 -3.6979e+00 -3.9084e+00 +3.3338e+00
1169 0 +1.480133965e+00 -2.784698660e+02 -2.784698660e+02 -3.3942e+00 -4.1556e+00 +3.0471e+00
1199 0 +1.324615269e+00 -2.786253847e+02 -2.786253847e+02 -3.2946e+00 -4.2500e+00 +2.9275e+00
1237 0 +8.278588873e-01 -2.791221411e+02 -2.791221411e+02 -3.4360e+00 -4.1175e+00 +3.0852e+00
1284 0 +6.890024360e-01 -2.792609976e+02 -2.792609976e+02 -3.4884e+00 -4.0712e+00 +3.1407e+00
1350 0 +6.890024360e-01 -2.792609976e+02 -2.792609976e+02 -3.4884e+00 -4.0712e+00 +3.1407e+00
% f evaluations | g evaluations | best noise-free fitness - Fopt (9.319900000000e+02) + sum g_i+ | measured fitness | best measured fitness or single-digit g-values | x1 | x2...
1 0 +9.136704828e+02 +1.845660483e+03 +1.845660483e+03 -1.0500e+00 +3.8650e+00 +1.0141e+00
2 0 +6.743986067e+02 +1.606388607e+03 +1.606388607e+03 -2.2656e+00 -2.7090e-01 +3.6230e+00
3 0 +2.707260719e+02 +1.202716072e+03 +1.202716072e+03 -7.3423e-01 -2.0840e+00 +2.4748e+00
76 0 +2.365605893e+02 +1.168550589e+03 +1.168550589e+03 +7.5018e-01 -5.3808e-01 +9.3751e-01
88 0 +2.199382302e+02 +1.151928230e+03 +1.151928230e+03 -9.3336e-01 -4.2534e+00 +4.6131e+00
98 0 +2.080772404e+02 +1.140067240e+03 +1.140067240e+03 -6.9577e-01 -3.7818e+00 +4.7025e+00
121 0 +1.659318975e+02 +1.097921897e+03 +1.097921897e+03 +7.5018e-01 -5.3808e-01 +1.6927e+00
137 0 +9.198865752e+01 +1.023978658e+03 +1.023978658e+03 +1.5641e+00 +1.6693e+00 +3.6230e+00
224 0 +8.223328423e+01 +1.014223284e+03 +1.014223284e+03 +2.5951e+00 +3.6885e+00 +1.9109e+00
225 0 +7.948809776e+01 +1.011478098e+03 +1.011478098e+03 +1.0097e+00 +9.7709e-01 +2.9457e+00
349 0 +7.801555847e+01 +1.010005558e+03 +1.010005558e+03 +1.8630e+00 +1.2821e+00 +2.6218e+00
360 0 +5.823196504e+01 +9.902219650e+02 +9.902219650e+02 +1.0791e+00 -1.4631e-01 +3.4897e+00
370 0 +5.644317056e+01 +9.884331706e+02 +9.884331706e+02 +8.4737e-01 -3.0438e-01 +3.7173e+00
377 0 +4.985191386e+01 +9.818419139e+02 +9.818419139e+02 +8.8627e-01 -3.3804e-01 +3.6136e+00
416 0 +2.502117059e+01 +9.570111706e+02 +9.570111706e+02 +6.5105e-01 -6.7144e-01 +3.4357e+00
512 0 +2.064471663e+01 +9.526347166e+02 +9.526347166e+02 +1.2257e+00 +8.0868e-01 +2.8555e+00
677 0 +8.871088514e+00 +9.408610885e+02 +9.408610885e+02 +1.6025e+00 +1.4281e+00 +2.7707e+00
872 0 +6.395319749e+00 +9.383853197e+02 +9.383853197e+02 +1.1481e+00 +4.3687e-01 +3.1079e+00
911 0 +1.546740076e+00 +9.335367401e+02 +9.335367401e+02 +1.3534e+00 +9.0937e-01 +2.9347e+00
990 0 +1.546740076e+00 +9.335367401e+02 +9.335367401e+02 +1.3534e+00 +9.0937e-01 +2.9347e+00
% f evaluations | g evaluations | best noise-free fitness - Fopt (1.133100000000e+02) + sum g_i+ | measured fitness | best measured fitness or single-digit g-values | x1 | x2...
1 0 +5.417653252e+02 +6.550753252e+02 +6.550753252e+02 -1.0500e+00 +3.8650e+00 +1.0141e+00
6 0 +4.959100326e+02 +6.092200326e+02 +6.092200326e+02 +4.5151e+00 -4.9526e-01 +1.8357e+00
9 0 +2.441996928e+02 +3.575096928e+02 +3.575096928e+02 +3.2580e+00 +4.5246e+00 -2.9897e+00
28 0 +1.739164573e+02 +2.872264573e+02 +2.872264573e+02 +1.2913e+00 +4.1618e+00 +1.5494e+00
64 0 +1.481460590e+02 +2.614560590e+02 +2.614560590e+02 +1.6932e+00 +4.7997e+00 -1.2290e+00
92 0 +1.452452599e+02 +2.585552599e+02 +2.585552599e+02 +1.3810e+00 +4.8103e+00 -1.2129e-01
134 0 +1.118551090e+02 +2.251651090e+02 +2.251651090e+02 +2.2295e+00 +1.9732e+00 +7.1316e-01
191 0 +8.683349744e+01 +2.001434974e+02 +2.001434974e+02 +1.5742e+00 +2.1925e+00 +2.0118e+00
195 0 +5.710064240e+01 +1.704106424e+02 +1.704106424e+02 +1.8827e+00 +3.3241e+00 +1.0745e+00
275 0 +4.379418180e+01 +1.571041818e+02 +1.571041818e+02 +2.1963e+00 +2.0933e+00 +1.3191e+00
303 0 +4.013024616e+01 +1.534402462e+02 +1.534402462e+02 +2.3444e+00 +4.3822e+00 -8.5114e-01
534 0 +3.844203799e+01 +1.517520380e+02 +1.517520380e+02 +1.9748e+00 +3.8722e+00 +2.0840e-01
545 0 +1.921241112e+01 +1.325224111e+02 +1.325224111e+02 +2.1517e+00 +3.9891e+00 -1.7767e-01
573 0 +1.604629599e+01 +1.293562960e+02 +1.293562960e+02 +2.0269e+00 +2.5088e+00 +1.3328e+00
718 0 +3.758485691e+00 +1.170684857e+02 +1.170684857e+02 +2.1534e+00 +3.0639e+00 +6.3786e-01
902 0 +3.646737762e+00 +1.169567378e+02 +1.169567378e+02 +2.1418e+00 +3.4235e+00 +2.7925e-01
1084 0 +3.297456759e+00 +1.166074568e+02 +1.166074568e+02 +2.1249e+00 +2.8053e+00 +9.4814e-01
1106 0 +1.034794165e+00 +1.143447942e+02 +1.143447942e+02 +2.1223e+00 +2.9780e+00 +7.6613e-01
1147 0 +8.035366333e-01 +1.141135366e+02 +1.141135366e+02 +2.1219e+00 +2.9289e+00 +8.1942e-01
1267 0 +7.585256736e-01 +1.140685257e+02 +1.140685257e+02 +2.1313e+00 +3.1366e+00 +5.9528e-01
1361 0 +6.057884237e-01 +1.139157884e+02 +1.139157884e+02 +2.1382e+00 +3.2376e+00 +4.8783e-01
1488 0 +5.350424443e-01 +1.138450424e+02 +1.138450424e+02 +2.1329e+00 +3.1332e+00 +5.9830e-01
1530 0 +5.350424443e-01 +1.138450424e+02 +1.138450424e+02 +2.1329e+00 +3.1332e+00 +5.9830e-01
% f evaluations | g evaluations | best noise-free fitness - Fopt (2.997000000000e+01) + sum g_i+ | measured fitness | best measured fitness or single-digit g-values | x1 | x2...
1 0 +1.236157955e+03 +1.266127955e+03 +1.266127955e+03 -1.0500e+00 +3.8650e+00 +1.0141e+00
3 0 +1.081360421e+03 +1.111330421e+03 +1.111330421e+03 -7.3423e-01 -2.0840e+00 +2.4748e+00
5 0 +9.614284493e+02 +9.913984493e+02 +9.913984493e+02 -3.5707e+00 -3.3795e+00 -9.8033e-01
8 0 +6.111307917e+02 +6.411007917e+02 +6.411007917e+02 +4.6691e+00 -4.3288e+00 -4.0707e+00
10 0 +5.876587040e+02 +6.176287040e+02 +6.176287040e+02 -1.8812e+00 -1.6868e+00 -1.8314e+00
13 0 +2.182168821e+02 +2.481868821e+02 +2.481868821e+02 +2.2273e+00 -3.0477e+00 -3.7723e+00
64 0 +1.941742818e+02 +2.241442818e+02 +2.241442818e+02 +1.6932e+00 -3.6848e+00 -1.2290e+00
78 0 +6.594622096e+01 +9.591622096e+01 +9.591622096e+01 +5.2353e-01 -1.0791e+00 -3.6831e+00
320 0 +5.970301781e+01 +8.967301781e+01 +8.967301781e+01 -1.8468e-01 -3.1249e-01 -4.6525e+00
324 0 +1.181844642e+01 +4.178844642e+01 +4.178844642e+01 +1.0085e+00 -2.0164e+00 -3.3992e+00
351 0 +1.167749824e+01 +4.164749824e+01 +4.164749824e+01 +7.4637e-01 -1.6167e+00 -3.8246e+00
534 0 +6.706469082e+00 +3.667646908e+01 +3.667646908e+01 +3.9189e-01 -9.7328e-01 -4.3078e+00
740 0 +6.021270255e+00 +3.599127025e+01 +3.599127025e+01 +5.4985e-01 -1.1915e+00 -4.1182e+00
753 0 +3.203783062e+00 +3.317378306e+01 +3.317378306e+01 +5.7319e-01 -1.2716e+00 -4.0464e+00
903 0 +2.966811171e+00 +3.293681117e+01 +3.293681117e+01 +5.7513e-01 -1.2528e+00 -4.0510e+00
939 0 +2.556300949e+00 +3.252630095e+01 +3.252630095e+01 +9.5854e-01 -1.8402e+00 -3.5611e+00
949 0 +2.169356632e+00 +3.213935663e+01 +3.213935663e+01 +1.0433e+00 -1.9566e+00 -3.4501e+00
979 0 +1.820981234e+00 +3.179098123e+01 +3.179098123e+01 +8.4613e-01 -1.6809e+00 -3.6846e+00
1004 0 +9.539629612e-01 +3.092396296e+01 +3.092396296e+01 +1.0005e+00 -1.8917e+00 -3.4904e+00
1114 0 +8.840806263e-01 +3.085408063e+01 +3.085408063e+01 +9.9865e-01 -1.8899e+00 -3.4930e+00
1357 0 +5.830071541e-01 +3.055300715e+01 +3.055300715e+01 +8.8661e-01 -1.7181e+00 -3.6502e+00
1453 0 +1.904597206e-01 +3.016045972e+01 +3.016045972e+01 +8.9510e-01 -1.7356e+00 -3.6320e+00
1550 0 +1.555281901e-01 +3.012552819e+01 +3.012552819e+01 +7.9484e-01 -1.5860e+00 -3.7651e+00
1770 0 +8.563269289e-02 +3.005563269e+01 +3.005563269e+01 +8.9328e-01 -1.7321e+00 -3.6354e+00
1935 0 +8.563269289e-02 +3.005563269e+01 +3.005563269e+01 +8.9328e-01 -1.7321e+00 -3.6354e+00
% f evaluations | g evaluations | best noise-free fitness - Fopt (-5.171000000000e+01) + sum g_i+ | measured fitness | best measured fitness or single-digit g-values | x1 | x2...
1 0 +9.511924911e+02 +8.994824911e+02 +8.994824911e+02 -1.0500e+00 +3.8650e+00 +1.0141e+00
4 0 +7.876008283e+02 +7.358908283e+02 +7.358908283e+02 -2.8857e+00 +4.8528e+00 -2.1273e-01
9 0 +4.603824010e+02 +4.086724010e+02 +4.086724010e+02 +3.2580e+00 +4.5246e+00 -2.9897e+00
20 0 +3.525821345e+02 +3.008721345e+02 +3.008721345e+02 +2.8332e+00 +2.3403e+00 -4.4220e+00
61 0 +3.368239989e+02 +2.851139989e+02 +2.851139989e+02 +5.9350e-01 +2.4861e+00 -2.3759e+00
72 0 +2.667994661e+02 +2.150894661e+02 +2.150894661e+02 +4.8977e+00 +3.3087e+00 -4.0682e+00
78 0 +1.475973937e+02 +9.588739373e+01 +9.588739373e+01 +1.1294e+00 +4.3090e+00 -4.3328e+00
83 0 +1.401366192e+02 +8.842661921e+01 +8.842661921e+01 -7.4999e-01 +4.0837e+00 -3.4989e+00
91 0 +8.662852162e+01 +3.491852162e+01 +3.491852162e+01 -9.7787e-01 +4.4559e+00 -3.4989e+00
95 0 +2.979067153e+01 -2.191932847e+01 -2.191932847e+01 +2.5567e+00 +3.2059e+00 -3.2666e+00
322 0 +2.617159772e+01 -2.553840228e+01 -2.553840228e+01 +2.9721e+00 +3.0883e+00 -3.3906e+00
341 0 +1.437253240e+01 -3.733746760e+01 -3.733746760e+01 +3.2455e+00 +2.8396e+00 -3.2213e+00
417 0 +1.204251741e+01 -3.966748259e+01 -3.966748259e+01 +1.9222e+00 +3.3994e+00 -3.3783e+00
546 0 +1.187989791e+01 -3.983010209e+01 -3.983010209e+01 +2.1448e+00 +3.3605e+00 -3.3740e+00
586 0 +9.327066733e+00 -4.238293327e+01 -4.238293327e+01 +9.5587e-01 +3.9038e+00 -3.5647e+00
597 0 +4.369623713e+00 -4.734037629e+01 -4.734037629e+01 +3.7702e+00 +2.6125e+00 -3.2398e+00
606 0 +3.422475135e+00 -4.828752487e+01 -4.828752487e+01 +3.0117e+00 +2.9626e+00 -3.3258e+00
896 0 +2.693198110e+00 -4.901680189e+01 -4.901680189e+01 +3.4705e+00 +2.7342e+00 -3.2651e+00
1047 0 +7.037948056e-01 -5.100620519e+01 -5.100620519e+01 +2.1051e+00 +3.3601e+00 -3.4196e+00
1264 0 +4.678663006e-01 -5.124213370e+01 -5.124213370e+01 +2.6311e+00 +3.1198e+00 -3.3560e+00
1394 0 +2.222286688e-01 -5.148777133e+01 -5.148777133e+01 +2.3703e+00 +3.2386e+00 -3.3872e+00
1621 0 +1.196984544e-01 -5.159030155e+01 -5.159030155e+01 +2.5104e+00 +3.1757e+00 -3.3728e+00
1665 0 +1.196984544e-01 -5.159030155e+01 -5.159030155e+01 +2.5104e+00 +3.1757e+00 -3.3728e+00
% f evaluations | g evaluations | best noise-free fitness - Fopt (-2.799500000000e+02) + sum g_i+ | measured fitness | best measured fitness or single-digit g-values | x1 | x2...
1 0 +2.508799384e+03 +2.228849384e+03 +2.228849384e+03 -1.0500e+00 +3.8650e+00 +1.0141e+00
2 0 +9.489125666e+02 +6.689625666e+02 +6.689625666e+02 -2.2656e+00 -2.7090e-01 +3.6230e+00
3 0 +7.376920808e+02 +4.577420808e+02 +4.577420808e+02 -7.3423e-01 -2.0840e+00 +2.4748e+00
7 0 +5.516291283e+02 +2.716791283e+02 +2.716791283e+02 -3.4134e+00 -3.8213e+00 +5.7201e-01
12 0 +2.570094350e+02 -2.294056503e+01 -2.294056503e+01 -3.1209e+00 -2.3116e+00 +4.6049e+00
92 0 +2.054147390e+02 -7.453526105e+01 -7.453526105e+01 -2.6655e+00 -2.8803e+00 +4.8547e+00
105 0 +1.593780580e+02 -1.205719420e+02 -1.205719420e+02 -3.5069e+00 -3.3812e+00 +4.7128e+00
115 0 +1.248359379e+02 -1.551140621e+02 -1.551140621e+02 -3.3525e+00 -3.1487e+00 +3.9327e+00
186 0 +8.772122557e+01 -1.922287744e+02 -1.922287744e+02 -3.2164e+00 -3.4630e+00 +3.9514e+00
197 0 +8.538956129e+01 -1.945604387e+02 -1.945604387e+02 -3.4964e+00 -4.1751e+00 +2.5755e+00
199 0 +6.554810179e+01 -2.144018982e+02 -2.144018982e+02 -4.2181e+00 -3.2200e+00 +3.8599e+00
271 0 +4.981056537e+01 -2.301394346e+02 -2.301394346e+02 -3.9315e+00 -4.0880e+00 +3.2685e+00
353 0 +4.462089953e+01 -2.353291005e+02 -2.353291005e+02 -4.2686e+00 -3.8014e+00 +3.5267e+00
379 0 +4.060105862e+01 -2.393489414e+02 -2.393489414e+02 -2.7044e+00 -4.5577e+00 +2.7206e+00
390 0 +1.263869477e+01 -2.673113052e+02 -2.673113052e+02 -3.7116e+00 -3.9990e+00 +3.2438e+00
569 0 +9.071278429e+00 -2.708787216e+02 -2.708787216e+02 -2.8029e+00 -4.7048e+00 +2.3945e+00
723 0 +4.796217693e+00 -2.751537823e+02 -2.751537823e+02 -3.4412e+00 -4.1445e+00 +3.0366e+00
794 0 +4.177871801e+00 -2.757721282e+02 -2.757721282e+02 -3.5018e+00 -4.1012e+00 +3.1117e+00
812 0 +4.026060659e+00 -2.759239393e+02 -2.759239393e+02 -3.5884e+00 -3.9761e+00 +3.2775e+00
1006 0 +3.952370760e+00 -2.759976292e+02 -2.759976292e+02 -3.6896e+00 -3.9011e+00 +3.3670e+00
1014 0 +3.601145498e+00 -2.763488545e+02 -2.763488545e+02 -3.8332e+00 -3.8015e+00 +3.4651e+00
1060 0 +3.321964594e+00 -2.766280354e+02 -2.766280354e+02 -3.8772e+00 -3.7270e+00 +3.5407e+00
1087 0 +2.909693500e+00 -2.770403065e+02 -2.770403065e+02 -4.0080e+00 -3.6031e+00 +3.6978e+00
1093 0 +2.123230393e+00 -2.778267696e+02 -2.778267696e+02 -3.6979e+00 -3.9084e+00 +3.3338e+00
1169 0 +1.480133965e+00 -2.784698660e+02 -2.784698660e+02 -3.3942e+00 -4.1556e+00 +3.0471e+00
1199 0 +1.324615269e+00 -2.786253847e+02 -2.786253847e+02 -3.2946e+00 -4.2500e+00 +2.9275e+00
1237 0 +8.278588873e-01 -2.791221411e+02 -2.791221411e+02 -3.4360e+00 -4.1175e+00 +3.0852e+00
1284 0 +6.890024360e-01 -2.792609976e+02 -2.792609976e+02 -3.4884e+00 -4.0712e+00 +3.1407e+00
1350 0 +6.890024360e-01 -2.792609976e+02 -2.792609976e+02 -3.4884e+00 -4.0712e+00 +3.1407e+00
% f evaluations | g evaluations | best noise-free fitness - Fopt (9.319900000000e+02) + sum g_i+ | measured fitness | best measured fitness or single-digit g-values | x1 | x2...
1 0 +9.136704828e+02 +1.845660483e+03 +1.845660483e+03 -1.0500e+00 +3.8650e+00 +1.0141e+00
2 0 +6.743986067e+02 +1.606388607e+03 +1.606388607e+03 -2.2656e+00 -2.7090e-01 +3.6230e+00
3 0 +2.707260719e+02 +1.202716072e+03 +1.202716072e+03 -7.3423e-01 -2.0840e+00 +2.4748e+00
76 0 +2.365605893e+02 +1.168550589e+03 +1.168550589e+03 +7.5018e-01 -5.3808e-01 +9.3751e-01
88 0 +2.199382302e+02 +1.151928230e+03 +1.151928230e+03 -9.3336e-01 -4.2534e+00 +4.6131e+00
98 0 +2.080772404e+02 +1.140067240e+03 +1.140067240e+03 -6.9577e-01 -3.7818e+00 +4.7025e+00
121 0 +1.659318975e+02 +1.097921897e+03 +1.097921897e+03 +7.5018e-01 -5.3808e-01 +1.6927e+00
137 0 +9.198865752e+01 +1.023978658e+03 +1.023978658e+03 +1.5641e+00 +1.6693e+00 +3.6230e+00
224 0 +8.223328423e+01 +1.014223284e+03 +1.014223284e+03 +2.5951e+00 +3.6885e+00 +1.9109e+00
225 0 +7.948809776e+01 +1.011478098e+03 +1.011478098e+03 +1.0097e+00 +9.7709e-01 +2.9457e+00
349 0 +7.801555847e+01 +1.010005558e+03 +1.010005558e+03 +1.8630e+00 +1.2821e+00 +2.6218e+00
360 0 +5.823196504e+01 +9.902219650e+02 +9.902219650e+02 +1.0791e+00 -1.4631e-01 +3.4897e+00
370 0 +5.644317056e+01 +9.884331706e+02 +9.884331706e+02 +8.4737e-01 -3.0438e-01 +3.7173e+00
377 0 +4.985191386e+01 +9.818419139e+02 +9.818419139e+02 +8.8627e-01 -3.3804e-01 +3.6136e+00
416 0 +2.502117059e+01 +9.570111706e+02 +9.570111706e+02 +6.5105e-01 -6.7144e-01 +3.4357e+00
512 0 +2.064471663e+01 +9.526347166e+02 +9.526347166e+02 +1.2257e+00 +8.0868e-01 +2.8555e+00
677 0 +8.871088514e+00 +9.408610885e+02 +9.408610885e+02 +1.6025e+00 +1.4281e+00 +2.7707e+00
872 0 +6.395319749e+00 +9.383853197e+02 +9.383853197e+02 +1.1481e+00 +4.3687e-01 +3.1079e+00
911 0 +1.546740076e+00 +9.335367401e+02 +9.335367401e+02 +1.3534e+00 +9.0937e-01 +2.9347e+00
990 0 +1.546740076e+00 +9.335367401e+02 +9.335367401e+02 +1.3534e+00 +9.0937e-01 +2.9347e+00
% f evaluations | g evaluations | best noise-free fitness - Fopt (1.133100000000e+02) + sum g_i+ | measured fitness | best measured fitness or single-digit g-values | x1 | x2...
1 0 +5.417653252e+02 +6.550753252e+02 +6.550753252e+02 -1.0500e+00 +3.8650e+00 +1.0141e+00
6 0 +4.959100326e+02 +6.092200326e+02 +6.092200326e+02 +4.5151e+00 -4.9526e-01 +1.8357e+00
9 0 +2.441996928e+02 +3.575096928e+02 +3.575096928e+02 +3.2580e+00 +4.5246e+00 -2.9897e+00
28 0 +1.739164573e+02 +2.872264573e+02 +2.872264573e+02 +1.2913e+00 +4.1618e+00 +1.5494e+00
64 0 +1.481460590e+02 +2.614560590e+02 +2.614560590e+02 +1.6932e+00 +4.7997e+00 -1.2290e+00
92 0 +1.452452599e+02 +2.585552599e+02 +2.585552599e+02 +1.3810e+00 +4.8103e+00 -1.2129e-01
134 0 +1.118551090e+02 +2.251651090e+02 +2.251651090e+02 +2.2295e+00 +1.9732e+00 +7.1316e-01
191 0 +8.683349744e+01 +2.001434974e+02 +2.001434974e+02 +1.5742e+00 +2.1925e+00 +2.0118e+00
195 0 +5.710064240e+01 +1.704106424e+02 +1.704106424e+02 +1.8827e+00 +3.3241e+00 +1.0745e+00
275 0 +4.379418180e+01 +1.571041818e+02 +1.571041818e+02 +2.1963e+00 +2.0933e+00 +1.3191e+00
303 0 +4.013024616e+01 +1.534402462e+02 +1.534402462e+02 +2.3444e+00 +4.3822e+00 -8.5114e-01
534 0 +3.844203799e+01 +1.517520380e+02 +1.517520380e+02 +1.9748e+00 +3.8722e+00 +2.0840e-01
545 0 +1.921241112e+01 +1.325224111e+02 +1.325224111e+02 +2.1517e+00 +3.9891e+00 -1.7767e-01
573 0 +1.604629599e+01 +1.293562960e+02 +1.293562960e+02 +2.0269e+00 +2.5088e+00 +1.3328e+00
718 0 +3.758485691e+00 +1.170684857e+02 +1.170684857e+02 +2.1534e+00 +3.0639e+00 +6.3786e-01
902 0 +3.646737762e+00 +1.169567378e+02 +1.169567378e+02 +2.1418e+00 +3.4235e+00 +2.7925e-01
1084 0 +3.297456759e+00 +1.166074568e+02 +1.166074568e+02 +2.1249e+00 +2.8053e+00 +9.4814e-01
1106 0 +1.034794165e+00 +1.143447942e+02 +1.143447942e+02 +2.1223e+00 +2.9780e+00 +7.6613e-01
1147 0 +8.035366333e-01 +1.141135366e+02 +1.141135366e+02 +2.1219e+00 +2.9289e+00 +8.1942e-01
1267 0 +7.585256736e-01 +1.140685257e+02 +1.140685257e+02 +2.1313e+00 +3.1366e+00 +5.9528e-01
1361 0 +6.057884237e-01 +1.139157884e+02 +1.139157884e+02 +2.1382e+00 +3.2376e+00 +4.8783e-01
1488 0 +5.350424443e-01 +1.138450424e+02 +1.138450424e+02 +2.1329e+00 +3.1332e+00 +5.9830e-01
1530 0 +5.350424443e-01 +1.138450424e+02 +1.138450424e+02 +2.1329e+00 +3.1332e+00 +5.9830e-01
