% f evaluations | g evaluations | best noise-free fitness - Fopt (-2.098800000000e+02) + sum g_i+ | measured fitness | best measured fitness or single-digit g-values | x1 | x2...
1 0 +1.300728164e+07 +1.300707176e+07 +1.300707176e+07 +2.9654e+00 -3.1657e+00
2 0 +2.889761486e+05 +2.887662686e+05 +2.887662686e+05 +2.7969e+00 +9.6850e-01
10 0 +4.179851602e+04 +4.158863602e+04 +4.158863602e+04 -4.7694e+00 +2.4775e-01
26 0 +1.245615758e+03 +1.035735758e+03 +1.035735758e+03 +4.6399e-01 +4.8612e-01
52 0 +7.438270394e+02 +5.339470394e+02 +5.339470394e+02 +2.6294e-02 +4.7331e-01
119 0 +4.422349708e+02 +2.323549708e+02 +2.323549708e+02 +6.4851e-01 +4.6903e-01
143 0 +1.108235079e+02 -9.905649209e+01 -9.905649209e+01 -9.8499e-01 +4.3728e-01
149 0 +2.685664866e+00 -2.071943351e+02 -2.071943351e+02 +1.6140e+00 +4.4968e-01
313 0 +9.077866776e-01 -2.089722133e+02 -2.089722133e+02 +5.0795e-01 +4.4872e-01
336 0 +6.826596975e-01 -2.091973403e+02 -2.091973403e+02 +7.9017e-01 +4.4872e-01
399 0 +3.512960664e-01 -2.095287039e+02 -2.095287039e+02 +1.7335e+00 +4.4824e-01
507 0 +2.801847846e-01 -2.095998152e+02 -2.095998152e+02 +1.3929e+00 +4.4850e-01
508 0 +1.125184058e-01 -2.097674816e+02 -2.097674816e+02 +1.2143e+00 +4.4833e-01
528 0 +7.843798474e-02 -2.098015620e+02 -2.098015620e+02 +1.2800e+00 +4.4771e-01
562 0 +3.284152445e-02 -2.098471585e+02 -2.098471585e+02 +1.0363e+00 +4.4797e-01
618 0 +2.624137133e-02 -2.098537586e+02 -2.098537586e+02 +1.3597e+00 +4.4793e-01
666 0 +1.295067703e-02 -2.098670493e+02 -2.098670493e+02 +1.1553e+00 +4.4790e-01
708 0 +1.026944791e-02 -2.098697306e+02 -2.098697306e+02 +1.1317e+00 +4.4793e-01
711 0 +1.615313630e-03 -2.098783847e+02 -2.098783847e+02 +1.2471e+00 +4.4799e-01
740 0 +1.298825845e-03 -2.098787012e+02 -2.098787012e+02 +1.2449e+00 +4.4801e-01
750 0 +1.112010526e-03 -2.098788880e+02 -2.098788880e+02 +1.2202e+00 +4.4803e-01
846 0 +4.661203064e-04 -2.098795339e+02 -2.098795339e+02 +1.2201e+00 +4.4802e-01
864 0 +2.443867320e-04 -2.098797556e+02 -2.098797556e+02 +1.2227e+00 +4.4800e-01
879 0 +4.104141971e-05 -2.098799590e+02 -2.098799590e+02 +1.2013e+00 +4.4800e-01
897 0 +2.919447044e-05 -2.098799708e+02 -2.098799708e+02 +1.2028e+00 +4.4800e-01
1030 0 +1.947926592e-06 -2.098799981e+02 -2.098799981e+02 +1.2066e+00 +4.4800e-01
1196 0 +9.229674447e-08 -2.098799999e+02 -2.098799999e+02 +1.2070e+00 +4.4800e-01
1332 0 +3.599325282e-09 -2.098800000e+02 -2.098800000e+02 +1.2072e+00 +4.4800e-01
1882 0 +2.842170943e-13 -2.098800000e+02 -2.098800000e+02 +1.2072e+00 +4.4800e-01
2044 0 +0.000000000e+00 -2.098800000e+02 -2.098800000e+02 +1.2072e+00 +4.4800e-01
2230 0 +0.000000000e+00 -2.098800000e+02 -2.098800000e+02 +1.2072e+00 +4.4800e-01
% f evaluations | g evaluations | best noise-free fitness - Fopt (-9.209000000000e+01) + sum g_i+ | measured fitness | best measured fitness or single-digit g-values | x1 | x2...
1 0 +3.044216092e+07 +3.044206883e+07 +3.044206883e+07 +2.9654e+00 -3.1657e+00
2 0 +3.124812538e+06 +3.124720448e+06 +3.124720448e+06 +2.7969e+00 +9.6850e-01
5 0 +1.349575745e+06 +1.349483655e+06 +1.349483655e+06 -3.5713e+00 +1.5089e+00
6 0 +1.718483792e+05 +1.717562892e+05 +1.717562892e+05 -4.4359e+00 +2.2200e+00
23 0 +3.934464180e+03 +3.842374180e+03 +3.842374180e+03 -3.1776e+00 +2.5536e+00
71 0 +3.117403292e+03 +3.025313292e+03 +3.025313292e+03 -2.1417e+00 +2.6722e+00
107 0 +5.156534469e+02 +4.235634469e+02 +4.235634469e+02 -4.4132e+00 +2.5993e+00
118 0 +3.705464607e+01 -5.503535393e+01 -5.503535393e+01 -2.0873e+00 +2.6273e+00
279 0 +3.104022518e+01 -6.104977482e+01 -6.104977482e+01 -4.1046e-01 +2.6273e+00
280 0 +2.775313099e+01 -6.433686901e+01 -6.433686901e+01 -9.6104e-01 +2.6262e+00
336 0 +1.065910483e+01 -8.143089517e+01 -8.143089517e+01 -9.9677e-01 +2.6188e+00
344 0 +6.093666456e+00 -8.599633354e+01 -8.599633354e+01 -1.6848e+00 +2.6208e+00
349 0 +4.446724911e+00 -8.764327509e+01 -8.764327509e+01 -1.2395e+00 +2.6209e+00
374 0 +2.940661670e+00 -8.914933833e+01 -8.914933833e+01 -6.0961e-01 +2.6207e+00
439 0 +1.305692945e+00 -9.078430706e+01 -9.078430706e+01 -3.5216e-02 +2.6207e+00
483 0 +1.364513576e-01 -9.195354864e+01 -9.195354864e+01 +4.5634e-01 +2.6219e+00
499 0 +1.114559449e-01 -9.197854406e+01 -9.197854406e+01 +9.7471e-01 +2.6218e+00
538 0 +7.783338567e-02 -9.201216661e+01 -9.201216661e+01 +8.5203e-01 +2.6219e+00
559 0 +6.191223239e-02 -9.202808777e+01 -9.202808777e+01 +7.1747e-01 +2.6219e+00
579 0 +4.746139763e-02 -9.204253860e+01 -9.204253860e+01 +7.0926e-01 +2.6218e+00
582 0 +2.260561694e-02 -9.206739438e+01 -9.206739438e+01 +8.5203e-01 +2.6215e+00
630 0 +1.408573507e-02 -9.207591426e+01 -9.207591426e+01 +6.4395e-01 +2.6215e+00
678 0 +1.176797006e-02 -9.207823203e+01 -9.207823203e+01 +7.8446e-01 +2.6217e+00
734 0 +8.495675668e-03 -9.208150432e+01 -9.208150432e+01 +7.6460e-01 +2.6217e+00
772 0 +6.105718510e-03 -9.208389428e+01 -9.208389428e+01 +7.8458e-01 +2.6216e+00
786 0 +1.419017158e-03 -9.208858098e+01 -9.208858098e+01 +7.1223e-01 +2.6216e+00
843 0 +9.034321015e-04 -9.208909657e+01 -9.208909657e+01 +7.3827e-01 +2.6216e+00
860 0 +1.110359363e-04 -9.208988896e+01 -9.208988896e+01 +7.1910e-01 +2.6216e+00
936 0 +1.071010445e-04 -9.208989290e+01 -9.208989290e+01 +7.2837e-01 +2.6216e+00
999 0 +5.821511536e-06 -9.208999418e+01 -9.208999418e+01 +7.2778e-01 +2.6216e+00
1181 0 +2.771743056e-06 -9.208999723e+01 -9.208999723e+01 +7.2391e-01 +2.6216e+00
1194 0 +5.638167977e-08 -9.208999994e+01 -9.208999994e+01 +7.2535e-01 +2.6216e+00
1354 0 +3.988390063e-08 -9.208999996e+01 -9.208999996e+01 +7.2552e-01 +2.6216e+00
1384 0 +2.345086614e-08 -9.208999998e+01 -9.208999998e+01 +7.2561e-01 +2.6216e+00
1457 0 +4.089528716e-09 -9.209000000e+01 -9.209000000e+01 +7.2560e-01 +2.6216e+00
1849 0 +4.973799150e-13 -9.209000000e+01 -9.209000000e+01 +7.2560e-01 +2.6216e+00
1997 0 +0.000000000e+00 -9.209000000e+01 -9.209000000e+01 +7.2560e-01 +2.6216e+00
2302 0 +0.000000000e+00 -9.209000000e+01 -9.209000000e+01 +7.2560e-01 +2.6216e+00
% f evaluations | g evaluations | best noise-free fitness - Fopt (-8.789000000000e+01) + sum g_i+ | measured fitness | best measured fitness or single-digit g-values | x1 | x2...
1 0 +4.111422970e+07 +4.111414181e+07 +4.111414181e+07 +2.9654e+00 -3.1657e+00
2 0 +6.708978919e+06 +6.708891029e+06 +6.708891029e+06 +2.7969e+00 +9.6850e-01
5 0 +4.498631700e+06 +4.498543810e+06 +4.498543810e+06 -3.5713e+00 +1.5089e+00
6 0 +2.429156559e+06 +2.429068669e+06 +2.429068669e+06 -4.4359e+00 +2.2200e+00
14 0 +1.707562643e+06 +1.707474753e+06 +1.707474753e+06 -1.1754e+00 +4.8323e+00
15 0 +2.363451037e+03 +2.275561037e+03 +2.275561037e+03 -3.3237e-01 +3.5994e+00
61 0 +8.858252389e+02 +7.979352389e+02 +7.979352389e+02 -4.2301e+00 +3.6740e+00
94 0 +2.181638679e+02 +1.302738679e+02 +1.302738679e+02 -3.4655e+00 +3.6316e+00
98 0 +2.857736240e+01 -5.931263760e+01 -5.931263760e+01 -6.3410e-02 +3.6406e+00
115 0 +2.798857745e+01 -5.990142255e+01 -5.990142255e+01 -1.0394e+00 +3.6409e+00
205 0 +1.956666448e+01 -6.832333552e+01 -6.832333552e+01 -7.1597e-01 +3.6496e+00
276 0 +2.128992527e+00 -8.576100747e+01 -8.576100747e+01 -1.0394e+00 +3.6452e+00
371 0 +1.541413909e+00 -8.634858609e+01 -8.634858609e+01 -4.1450e-01 +3.6466e+00
483 0 +5.214219925e-01 -8.736857801e+01 -8.736857801e+01 -5.1955e-01 +3.6458e+00
484 0 +3.414910207e-01 -8.754850898e+01 -8.754850898e+01 -7.3273e-02 +3.6452e+00
551 0 +9.131187727e-02 -8.779868812e+01 -8.779868812e+01 +4.3695e-01 +3.6454e+00
673 0 +6.537200208e-02 -8.782462800e+01 -8.782462800e+01 +3.7305e-01 +3.6458e+00
734 0 +3.289387728e-02 -8.785710612e+01 -8.785710612e+01 +4.0638e-01 +3.6457e+00
754 0 +1.024290303e-02 -8.787975710e+01 -8.787975710e+01 +1.4763e-01 +3.6455e+00
812 0 +3.962379116e-03 -8.788603762e+01 -8.788603762e+01 +1.7456e-01 +3.6456e+00
855 0 +2.664818968e-03 -8.788733518e+01 -8.788733518e+01 +1.8922e-01 +3.6456e+00
871 0 +1.331563253e-03 -8.788866844e+01 -8.788866844e+01 +2.6166e-01 +3.6456e+00
897 0 +6.887140727e-04 -8.788931129e+01 -8.788931129e+01 +2.3581e-01 +3.6456e+00
914 0 +3.742604219e-04 -8.788962574e+01 -8.788962574e+01 +2.4587e-01 +3.6456e+00
954 0 +2.939174421e-04 -8.788970608e+01 -8.788970608e+01 +2.2612e-01 +3.6456e+00
975 0 +1.118944178e-05 -8.788998881e+01 -8.788998881e+01 +2.3800e-01 +3.6456e+00
1182 0 +8.910607349e-06 -8.788999109e+01 -8.788999109e+01 +2.3831e-01 +3.6456e+00
1191 0 +5.183823930e-06 -8.788999482e+01 -8.788999482e+01 +2.4093e-01 +3.6456e+00
1219 0 +2.373354036e-06 -8.788999763e+01 -8.788999763e+01 +2.3797e-01 +3.6456e+00
1269 0 +6.040221052e-07 -8.788999940e+01 -8.788999940e+01 +2.3899e-01 +3.6456e+00
1289 0 +5.823615652e-07 -8.788999942e+01 -8.788999942e+01 +2.3907e-01 +3.6456e+00
1363 0 +3.457358844e-10 -8.789000000e+01 -8.789000000e+01 +2.3922e-01 +3.6456e+00
1845 0 +9.947598301e-14 -8.789000000e+01 -8.789000000e+01 +2.3920e-01 +3.6456e+00
2194 0 +0.000000000e+00 -8.789000000e+01 -8.789000000e+01 +2.3920e-01 +3.6456e+00
2428 0 +0.000000000e+00 -8.789000000e+01 -8.789000000e+01 +2.3920e-01 +3.6456e+00
% f evaluations | g evaluations | best noise-free fitness - Fopt (3.201900000000e+02) + sum g_i+ | measured fitness | best measured fitness or single-digit g-values | x1 | x2...
1 0 +5.563337730e+05 +5.566539630e+05 +5.566539630e+05 +2.9654e+00 -3.1657e+00
4 0 +4.939830507e+05 +4.943032407e+05 +4.943032407e+05 -4.0751e-01 -1.6629e+00
12 0 +1.001903056e+05 +1.005104956e+05 +1.005104956e+05 +4.7376e+00 -2.6723e+00
59 0 +1.322740080e+04 +1.354759080e+04 +1.354759080e+04 -1.6106e+00 -2.4749e+00
97 0 +2.063064045e+03 +2.383254045e+03 +2.383254045e+03 +1.1806e+00 -2.3168e+00
140 0 +4.152494463e+02 +7.354394463e+02 +7.354394463e+02 +3.2438e+00 -2.3809e+00
250 0 +1.476874412e+02 +4.678774412e+02 +4.678774412e+02 -1.4026e+00 -2.3488e+00
259 0 +4.720882858e+01 +3.673988286e+02 +3.673988286e+02 +7.6486e-01 -2.3539e+00
283 0 +2.545810061e+01 +3.456481006e+02 +3.456481006e+02 +9.8717e-01 -2.3652e+00
330 0 +9.866854402e+00 +3.300568544e+02 +3.300568544e+02 -3.4151e+00 -2.3620e+00
334 0 +2.955069577e+00 +3.231450696e+02 +3.231450696e+02 +1.3942e+00 -2.3608e+00
365 0 +2.093796934e+00 +3.222837969e+02 +3.222837969e+02 -6.1751e-01 -2.3622e+00
392 0 +1.844702853e-01 +3.203744703e+02 +3.203744703e+02 -1.4268e-01 -2.3611e+00
505 0 +1.674746359e-01 +3.203574746e+02 +3.203574746e+02 -1.5203e-01 -2.3611e+00
580 0 +7.028561131e-02 +3.202602856e+02 +3.202602856e+02 -3.2717e-01 -2.3605e+00
594 0 +1.697231984e-02 +3.202069723e+02 +3.202069723e+02 -5.1270e-01 -2.3607e+00
711 0 +1.495986527e-02 +3.202049599e+02 +3.202049599e+02 -4.9233e-01 -2.3607e+00
732 0 +1.443534764e-03 +3.201914435e+02 +3.201914435e+02 -4.4111e-01 -2.3608e+00
883 0 +1.228298129e-03 +3.201912283e+02 +3.201912283e+02 -4.2289e-01 -2.3608e+00
886 0 +1.489999105e-04 +3.201901490e+02 +3.201901490e+02 -4.3926e-01 -2.3608e+00
970 0 +8.030612946e-06 +3.201900080e+02 +3.201900080e+02 -4.2993e-01 -2.3608e+00
1152 0 +4.100870797e-06 +3.201900041e+02 +3.201900041e+02 -4.3382e-01 -2.3608e+00
1194 0 +1.324816139e-06 +3.201900013e+02 +3.201900013e+02 -4.3377e-01 -2.3608e+00
1281 0 +2.754645720e-07 +3.201900003e+02 +3.201900003e+02 -4.3286e-01 -2.3608e+00
1325 0 +6.085383575e-08 +3.201900001e+02 +3.201900001e+02 -4.3282e-01 -2.3608e+00
1389 0 +5.850449725e-08 +3.201900001e+02 +3.201900001e+02 -4.3260e-01 -2.3608e+00
1409 0 +3.608221277e-08 +3.201900000e+02 +3.201900000e+02 -4.3271e-01 -2.3608e+00
1434 0 +1.428475116e-10 +3.201900000e+02 +3.201900000e+02 -4.3281e-01 -2.3608e+00
1782 0 +9.663381206e-13 +3.201900000e+02 +3.201900000e+02 -4.3280e-01 -2.3608e+00
2051 0 +0.000000000e+00 +3.201900000e+02 +3.201900000e+02 -4.3280e-01 -2.3608e+00
2284 0 +0.000000000e+00 +3.201900000e+02 +3.201900000e+02 -4.3280e-01 -2.3608e+00
% f evaluations | g evaluations | best noise-free fitness - Fopt (-1.042400000000e+02) + sum g_i+ | measured fitness | best measured fitness or single-digit g-values | x1 | x2...
1 0 +5.104300790e+05 +5.103258390e+05 +5.103258390e+05 +2.9654e+00 -3.1657e+00
3 0 +5.312896586e+03 +5.208656586e+03 +5.208656586e+03 -5.4167e-01 -4.0003e+00
32 0 +3.901493913e+03 +3.797253913e+03 +3.797253913e+03 +4.2488e+00 -3.8526e+00
33 0 +1.738360193e+03 +1.634120193e+03 +1.634120193e+03 -4.8567e+00 -3.9586e+00
56 0 +1.720764361e+03 +1.616524361e+03 +1.616524361e+03 -2.5750e+00 -3.9586e+00
98 0 +8.305466588e+02 +7.263066588e+02 +7.263066588e+02 +1.1165e+00 -3.8929e+00
165 0 +1.172486873e+01 -9.251513127e+01 -9.251513127e+01 -9.5780e-01 -3.9230e+00
191 0 +3.995934213e+00 -1.002440658e+02 -1.002440658e+02 +2.1551e+00 -3.9189e+00
268 0 +9.034551917e-01 -1.033365448e+02 -1.033365448e+02 +1.3336e+00 -3.9203e+00
439 0 +5.966278463e-01 -1.036433722e+02 -1.036433722e+02 -3.6654e-01 -3.9203e+00
563 0 +4.348386122e-01 -1.038051614e+02 -1.038051614e+02 +5.5610e-01 -3.9206e+00
582 0 +6.748064266e-02 -1.041725194e+02 -1.041725194e+02 +6.2916e-01 -3.9201e+00
690 0 +5.608353332e-02 -1.041839165e+02 -1.041839165e+02 +2.9523e-01 -3.9198e+00
711 0 +4.697605701e-02 -1.041930239e+02 -1.041930239e+02 +4.4258e-01 -3.9202e+00
725 0 +2.372730008e-02 -1.042162727e+02 -1.042162727e+02 +5.4951e-01 -3.9200e+00
747 0 +7.915782476e-04 -1.042392084e+02 -1.042392084e+02 +3.7354e-01 -3.9200e+00
889 0 +2.134789430e-04 -1.042397865e+02 -1.042397865e+02 +4.0894e-01 -3.9200e+00
930 0 +1.702125821e-04 -1.042398298e+02 -1.042398298e+02 +4.0543e-01 -3.9200e+00
1015 0 +6.268368514e-05 -1.042399373e+02 -1.042399373e+02 +3.9445e-01 -3.9200e+00
1184 0 +6.112223298e-05 -1.042399389e+02 -1.042399389e+02 +3.9182e-01 -3.9200e+00
1209 0 +2.865056982e-05 -1.042399713e+02 -1.042399713e+02 +3.9395e-01 -3.9200e+00
1215 0 +2.089755385e-05 -1.042399791e+02 -1.042399791e+02 +3.9059e-01 -3.9200e+00
1219 0 +1.328129294e-05 -1.042399867e+02 -1.042399867e+02 +3.9396e-01 -3.9200e+00
1281 0 +1.215131950e-05 -1.042399878e+02 -1.042399878e+02 +3.9198e-01 -3.9200e+00
1315 0 +4.108050689e-06 -1.042399959e+02 -1.042399959e+02 +3.9380e-01 -3.9200e+00
1332 0 +2.065288299e-06 -1.042399979e+02 -1.042399979e+02 +3.9362e-01 -3.9200e+00
1335 0 +2.027747939e-06 -1.042399980e+02 -1.042399980e+02 +3.9594e-01 -3.9200e+00
1357 0 +9.607104516e-07 -1.042399990e+02 -1.042399990e+02 +3.9427e-01 -3.9200e+00
1365 0 +3.086202582e-07 -1.042399997e+02 -1.042399997e+02 +3.9460e-01 -3.9200e+00
1388 0 +1.777170553e-07 -1.042399998e+02 -1.042399998e+02 +3.9443e-01 -3.9200e+00
1395 0 +1.832827934e-08 -1.042400000e+02 -1.042400000e+02 +3.9454e-01 -3.9200e+00
1470 0 +1.192185550e-08 -1.042400000e+02 -1.042400000e+02 +3.9450e-01 -3.9200e+00
1499 0 +3.971109663e-09 -1.042400000e+02 -1.042400000e+02 +3.9437e-01 -3.9200e+00
1873 0 +8.242295735e-13 -1.042400000e+02 -1.042400000e+02 +3.9440e-01 -3.9200e+00
2164 0 +0.000000000e+00 -1.042400000e+02 -1.042400000e+02 +3.9440e-01 -3.9200e+00
2445 0 +0.000000000e+00 -1.042400000e+02 -1.042400000e+02 +3.9440e-01 -3.9200e+00
% f evaluations | g evaluations | best noise-free fitness - Fopt (-3.570000000000e+01) + sum g_i+ | measured fitness | best measured fitness or single-digit g-values | x1 | x2...
1 0 +2.244425954e+07 +2.244422384e+07 +2.244422384e+07 +2.9654e+00 -3.1657e+00
2 0 +3.755588266e+05 +3.755231266e+05 +3.755231266e+05 +2.7969e+00 +9.6850e-01
5 0 +1.752783050e+04 +1.749213050e+04 +1.749213050e+04 -3.5713e+00 +1.5089e+00
48 0 +1.220403460e+04 +1.216833460e+04 +1.216833460e+04 -3.5229e+00 +1.5252e+00
73 0 +9.902519807e+02 +9.545519807e+02 +9.545519807e+02 -3.7315e+00 +1.6702e+00
123 0 +4.823842732e+02 +4.466842732e+02 +4.466842732e+02 -4.0078e+00 +1.6139e+00
156 0 +2.648006909e+02 +2.291006909e+02 +2.291006909e+02 +2.3693e-01 +1.6203e+00
225 0 +2.581980558e+02 +2.224980558e+02 +2.224980558e+02 -1.9618e+00 +1.6203e+00
255 0 +2.549975829e+02 +2.192975829e+02 +2.192975829e+02 -1.6540e+00 +1.6525e+00
297 0 +2.625115561e+01 -9.448844390e+00 -9.448844390e+00 -1.7348e+00 +1.6410e+00
381 0 +5.818241422e+00 -2.988175858e+01 -2.988175858e+01 -1.3072e+00 +1.6336e+00
446 0 +6.842816493e-01 -3.501571835e+01 -3.501571835e+01 -2.7373e+00 +1.6354e+00
448 0 +7.289276582e-02 -3.562710723e+01 -3.562710723e+01 -2.2333e+00 +1.6363e+00
617 0 +4.719636329e-02 -3.565280364e+01 -3.565280364e+01 -2.3202e+00 +1.6358e+00
629 0 +4.487755811e-02 -3.565512244e+01 -3.565512244e+01 -2.2572e+00 +1.6362e+00
668 0 +4.781844099e-03 -3.569521816e+01 -3.569521816e+01 -2.1423e+00 +1.6360e+00
824 0 +3.599084898e-03 -3.569640092e+01 -3.569640092e+01 -2.1961e+00 +1.6361e+00
908 0 +3.714493043e-04 -3.569962855e+01 -3.569962855e+01 -2.1786e+00 +1.6360e+00
1003 0 +2.060781411e-04 -3.569979392e+01 -3.569979392e+01 -2.1931e+00 +1.6360e+00
1009 0 +1.829631598e-04 -3.569981704e+01 -3.569981704e+01 -2.2009e+00 +1.6360e+00
1030 0 +8.553790634e-05 -3.569991446e+01 -3.569991446e+01 -2.1983e+00 +1.6360e+00
1075 0 +5.702774516e-06 -3.569999430e+01 -3.569999430e+01 -2.1989e+00 +1.6360e+00
1230 0 +4.810416279e-06 -3.569999519e+01 -3.569999519e+01 -2.1990e+00 +1.6360e+00
1232 0 +2.962966882e-06 -3.569999704e+01 -3.569999704e+01 -2.2001e+00 +1.6360e+00
1266 0 +1.339326133e-06 -3.569999866e+01 -3.569999866e+01 -2.1996e+00 +1.6360e+00
1276 0 +1.115558049e-06 -3.569999888e+01 -3.569999888e+01 -2.1981e+00 +1.6360e+00
1302 0 +6.979700160e-07 -3.569999930e+01 -3.569999930e+01 -2.1982e+00 +1.6360e+00
1320 0 +4.741009008e-08 -3.569999995e+01 -3.569999995e+01 -2.1985e+00 +1.6360e+00
1422 0 +1.433578234e-08 -3.569999999e+01 -3.569999999e+01 -2.1985e+00 +1.6360e+00
1462 0 +8.721954714e-09 -3.569999999e+01 -3.569999999e+01 -2.1985e+00 +1.6360e+00
1990 0 +1.634248292e-13 -3.570000000e+01 -3.570000000e+01 -2.1984e+00 +1.6360e+00
2219 0 +0.000000000e+00 -3.570000000e+01 -3.570000000e+01 -2.1984e+00 +1.6360e+00
2428 0 +0.000000000e+00 -3.570000000e+01 -3.570000000e+01 -2.1984e+00 +1.6360e+00
% f evaluations | g evaluations | best noise-free fitness - Fopt (2.070000000000e+01) + sum g_i+ | measured fitness | best measured fitness or single-digit g-values | x1 | x2...
1 0 +1.441376147e+06 +1.441396847e+06 +1.441396847e+06 +2.9654e+00 -3.1657e+00
4 0 +1.273633344e+05 +1.273840344e+05 +1.273840344e+05 -4.0751e-01 -1.6629e+00
52 0 +1.395294713e+03 +1.415994713e+03 +1.415994713e+03 +1.4430e+00 -2.0605e+00
111 0 +2.183606171e+02 +2.390606171e+02 +2.390606171e+02 +7.9457e-01 -2.0395e+00
204 0 +1.915745380e+02 +2.122745380e+02 +2.122745380e+02 -1.3983e+00 -2.0121e+00
288 0 +1.287812482e+02 +1.494812482e+02 +1.494812482e+02 -2.2517e+00 -2.0371e+00
302 0 +4.562545123e+01 +6.632545123e+01 +6.632545123e+01 -4.1507e+00 -2.0187e+00
357 0 +2.722310066e+01 +4.792310066e+01 +4.792310066e+01 -1.6804e+00 -2.0210e+00
390 0 +1.482417132e+00 +2.218241713e+01 +2.218241713e+01 -3.5952e+00 -2.0245e+00
418 0 +9.042498262e-02 +2.079042498e+01 +2.079042498e+01 -3.2122e+00 -2.0258e+00
624 0 +6.698677213e-02 +2.076698677e+01 +2.076698677e+01 -3.2250e+00 -2.0255e+00
703 0 +6.270119737e-02 +2.076270120e+01 +2.076270120e+01 -3.7029e+00 -2.0256e+00
725 0 +2.393061061e-03 +2.070239306e+01 +2.070239306e+01 -3.4392e+00 -2.0256e+00
872 0 +1.056117925e-03 +2.070105612e+01 +2.070105612e+01 -3.4590e+00 -2.0256e+00
914 0 +4.261954833e-04 +2.070042620e+01 +2.070042620e+01 -3.4338e+00 -2.0256e+00
1017 0 +1.508660636e-04 +2.070015087e+01 +2.070015087e+01 -3.4581e+00 -2.0256e+00
1046 0 +3.093260613e-05 +2.070003093e+01 +2.070003093e+01 -3.4511e+00 -2.0256e+00
1088 0 +2.286728159e-05 +2.070002287e+01 +2.070002287e+01 -3.4530e+00 -2.0256e+00
1130 0 +1.752530909e-05 +2.070001753e+01 +2.070001753e+01 -3.4576e+00 -2.0256e+00
1174 0 +5.647359369e-06 +2.070000565e+01 +2.070000565e+01 -3.4535e+00 -2.0256e+00
1223 0 +2.890436971e-06 +2.070000289e+01 +2.070000289e+01 -3.4535e+00 -2.0256e+00
1289 0 +6.169626765e-07 +2.070000062e+01 +2.070000062e+01 -3.4539e+00 -2.0256e+00
1345 0 +2.134474606e-07 +2.070000021e+01 +2.070000021e+01 -3.4548e+00 -2.0256e+00
1387 0 +1.817952082e-07 +2.070000018e+01 +2.070000018e+01 -3.4546e+00 -2.0256e+00
1464 0 +1.571701027e-07 +2.070000016e+01 +2.070000016e+01 -3.4540e+00 -2.0256e+00
1466 0 +1.437457584e-07 +2.070000014e+01 +2.070000014e+01 -3.4541e+00 -2.0256e+00
1481 0 +1.046810105e-07 +2.070000010e+01 +2.070000010e+01 -3.4545e+00 -2.0256e+00
1486 0 +6.098796135e-08 +2.070000006e+01 +2.070000006e+01 -3.4545e+00 -2.0256e+00
1503 0 +1.796296090e-08 +2.070000002e+01 +2.070000002e+01 -3.4545e+00 -2.0256e+00
1515 0 +1.178876374e-08 +2.070000001e+01 +2.070000001e+01 -3.4545e+00 -2.0256e+00
1533 0 +3.972431273e-09 +2.070000000e+01 +2.070000000e+01 -3.4543e+00 -2.0256e+00
1970 0 +6.465938895e-13 +2.070000000e+01 +2.070000000e+01 -3.4544e+00 -2.0256e+00
2182 0 +0.000000000e+00 +2.070000000e+01 +2.070000000e+01 -3.4544e+00 -2.0256e+00
2445 0 +0.000000000e+00 +2.070000000e+01 +2.070000000e+01 -3.4544e+00 -2.0256e+00
% f evaluations | g evaluations | best noise-free fitness - Fopt (3.807000000000e+01) + sum g_i+ | measured fitness | best measured fitness or single-digit g-values | x1 | x2...
1 0 +1.613126291e+07 +1.613130098e+07 +1.613130098e+07 +2.9654e+00 -3.1657e+00
2 0 +1.582254890e+04 +1.586061890e+04 +1.586061890e+04 +2.7969e+00 +9.6850e-01
72 0 +8.941937330e+03 +8.980007330e+03 +8.980007330e+03 +4.3160e+00 +7.4024e-01
81 0 +5.304262252e+02 +5.684962252e+02 +5.684962252e+02 -1.8287e-02 +8.1612e-01
137 0 +2.149055601e+02 +2.529755601e+02 +2.529755601e+02 +1.9605e+00 +8.5379e-01
173 0 +1.778091237e+02 +2.158791237e+02 +2.158791237e+02 +1.9663e-01 +8.5214e-01
219 0 +7.671763141e+00 +4.574176314e+01 +4.574176314e+01 +1.8303e-01 +8.4059e-01
265 0 +5.209563521e+00 +4.327956352e+01 +4.327956352e+01 +9.1758e-01 +8.4059e-01
334 0 +9.420076996e-01 +3.901200770e+01 +3.901200770e+01 +1.9359e+00 +8.3854e-01
587 0 +7.090642187e-01 +3.877906422e+01 +3.877906422e+01 +2.8359e+00 +8.3833e-01
606 0 +6.459155115e-01 +3.871591551e+01 +3.871591551e+01 +2.5218e+00 +8.3838e-01
613 0 +4.935069389e-01 +3.856350694e+01 +3.856350694e+01 +1.9566e+00 +8.3904e-01
629 0 +4.456621784e-01 +3.851566218e+01 +3.851566218e+01 +2.9329e+00 +8.3860e-01
651 0 +3.979070384e-01 +3.846790704e+01 +3.846790704e+01 +2.9057e+00 +8.3864e-01
668 0 +9.412698088e-02 +3.816412698e+01 +3.816412698e+01 +2.7626e+00 +8.3950e-01
672 0 +4.024971801e-02 +3.811024972e+01 +3.811024972e+01 +2.5218e+00 +8.3913e-01
710 0 +1.680519493e-02 +3.808680519e+01 +3.808680519e+01 +2.6409e+00 +8.3933e-01
819 0 +1.575465880e-02 +3.808575466e+01 +3.808575466e+01 +2.5862e+00 +8.3916e-01
820 0 +1.337390097e-02 +3.808337390e+01 +3.808337390e+01 +2.6975e+00 +8.3933e-01
850 0 +4.443091521e-03 +3.807444309e+01 +3.807444309e+01 +2.6926e+00 +8.3927e-01
888 0 +1.377359598e-03 +3.807137736e+01 +3.807137736e+01 +2.7419e+00 +8.3919e-01
931 0 +6.962913355e-04 +3.807069629e+01 +3.807069629e+01 +2.6770e+00 +8.3920e-01
952 0 +6.838716045e-04 +3.807068387e+01 +3.807068387e+01 +2.6981e+00 +8.3917e-01
964 0 +5.424875929e-04 +3.807054249e+01 +3.807054249e+01 +2.6805e+00 +8.3919e-01
966 0 +2.136383198e-04 +3.807021364e+01 +3.807021364e+01 +2.6964e+00 +8.3919e-01
1013 0 +7.480647376e-06 +3.807000748e+01 +3.807000748e+01 +2.7055e+00 +8.3920e-01
1120 0 +2.955900264e-06 +3.807000296e+01 +3.807000296e+01 +2.7030e+00 +8.3920e-01
1223 0 +7.085912230e-07 +3.807000071e+01 +3.807000071e+01 +2.7029e+00 +8.3920e-01
1247 0 +4.854506557e-07 +3.807000049e+01 +3.807000049e+01 +2.7025e+00 +8.3920e-01
1316 0 +2.671032959e-07 +3.807000027e+01 +3.807000027e+01 +2.7034e+00 +8.3920e-01
1378 0 +6.711638179e-08 +3.807000007e+01 +3.807000007e+01 +2.7031e+00 +8.3920e-01
1428 0 +1.692756513e-08 +3.807000002e+01 +3.807000002e+01 +2.7033e+00 +8.3920e-01
1460 0 +3.426471551e-09 +3.807000000e+01 +3.807000000e+01 +2.7032e+00 +8.3920e-01
1896 0 +1.421085472e-14 +3.807000000e+01 +3.807000000e+01 +2.7032e+00 +8.3920e-01
2152 0 +0.000000000e+00 +3.807000000e+01 +3.807000000e+01 +2.7032e+00 +8.3920e-01
2392 0 +0.000000000e+00 +3.807000000e+01 +3.807000000e+01 +2.7032e+00 +8.3920e-01
% f evaluations | g evaluations | best noise-free fitness - Fopt (-4.542000000000e+01) + sum g_i+ | measured fitness | best measured fitness or single-digit g-values | x1 | x2...
1 0 +1.036521330e+07 +1.036516788e+07 +1.036516788e+07 +2.9654e+00 -3.1657e+00
2 0 +6.300076640e+05 +6.299622440e+05 +6.299622440e+05 +2.7969e+00 +9.6850e-01
10 0 +2.068533869e+04 +2.063991869e+04 +2.063991869e+04 -4.7694e+00 +2.4775e-01
26 0 +1.558978027e+04 +1.554436027e+04 +1.554436027e+04 +1.0501e+00 -2.2987e-02
65 0 +6.657488900e+03 +6.612068900e+03 +6.612068900e+03 +4.9213e+00 +9.9782e-03
73 0 +3.084973015e+03 +3.039553015e+03 +3.039553015e+03 +1.5393e+00 +4.1721e-02
120 0 +6.004435093e+02 +5.550235093e+02 +5.550235093e+02 +4.0430e+00 +1.2164e-01
173 0 +4.821795078e+01 +2.797950784e+00 +2.797950784e+00 -1.2902e+00 +9.3471e-02
188 0 +2.015124066e+00 -4.340487593e+01 -4.340487593e+01 +2.6647e+00 +9.9805e-02
534 0 +3.805015670e-01 -4.503949843e+01 -4.503949843e+01 +2.6140e+00 +9.8677e-02
573 0 +2.146361188e-02 -4.539853639e+01 -4.539853639e+01 +3.1787e+00 +9.8548e-02
701 0 +5.793299149e-03 -4.541420670e+01 -4.541420670e+01 +3.2357e+00 +9.8331e-02
820 0 +2.690383674e-03 -4.541730962e+01 -4.541730962e+01 +3.1708e+00 +9.8367e-02
830 0 +1.015647760e-03 -4.541898435e+01 -4.541898435e+01 +3.2028e+00 +9.8367e-02
838 0 +9.426000939e-04 -4.541905740e+01 -4.541905740e+01 +3.1984e+00 +9.8429e-02
854 0 +3.534114753e-04 -4.541964659e+01 -4.541964659e+01 +3.1973e+00 +9.8386e-02
877 0 +9.347640100e-05 -4.541990652e+01 -4.541990652e+01 +3.2182e+00 +9.8399e-02
949 0 +6.152760641e-05 -4.541993847e+01 -4.541993847e+01 +3.2007e+00 +9.8402e-02
1009 0 +5.688637885e-05 -4.541994311e+01 -4.541994311e+01 +3.2132e+00 +9.8394e-02
1049 0 +1.103861077e-05 -4.541998896e+01 -4.541998896e+01 +3.2061e+00 +9.8402e-02
1068 0 +9.767810496e-06 -4.541999023e+01 -4.541999023e+01 +3.2068e+00 +9.8397e-02
1075 0 +6.449149261e-06 -4.541999355e+01 -4.541999355e+01 +3.2068e+00 +9.8398e-02
1108 0 +4.797052057e-06 -4.541999520e+01 -4.541999520e+01 +3.2107e+00 +9.8401e-02
1128 0 +5.837287134e-07 -4.541999942e+01 -4.541999942e+01 +3.2095e+00 +9.8400e-02
1196 0 +4.577140302e-07 -4.541999954e+01 -4.541999954e+01 +3.2082e+00 +9.8400e-02
1234 0 +1.837242749e-07 -4.541999982e+01 -4.541999982e+01 +3.2085e+00 +9.8400e-02
1235 0 +8.623422332e-08 -4.541999991e+01 -4.541999991e+01 +3.2088e+00 +9.8400e-02
1294 0 +3.667781101e-08 -4.541999996e+01 -4.541999996e+01 +3.2086e+00 +9.8400e-02
1390 0 +7.082022080e-09 -4.541999999e+01 -4.541999999e+01 +3.2087e+00 +9.8400e-02
1944 0 +3.907985047e-13 -4.542000000e+01 -4.542000000e+01 +3.2088e+00 +9.8400e-02
2140 0 +0.000000000e+00 -4.542000000e+01 -4.542000000e+01 +3.2088e+00 +9.8400e-02
2320 0 +0.000000000e+00 -4.542000000e+01 -4.542000000e+01 +3.2088e+00 +9.8400e-02
% f evaluations | g evaluations | best noise-free fitness - Fopt (6.695000000000e+01) + sum g_i+ | measured fitness | best measured fitness or single-digit g-values | x1 | x2...
1 0 +2.047273698e+07 +2.047280393e+07 +2.047280393e+07 +2.9654e+00 -3.1657e+00
2 0 +1.828582830e+05 +1.829252330e+05 +1.829252330e+05 +2.7969e+00 +9.6850e-01
5 0 +1.520831093e+04 +1.527526093e+04 +1.527526093e+04 -3.5713e+00 +1.5089e+00
72 0 +3.289071332e+03 +3.356021332e+03 +3.356021332e+03 -4.3953e+00 +1.4360e+00
101 0 +8.945473532e+02 +9.614973532e+02 +9.614973532e+02 -2.1328e+00 +1.4138e+00
121 0 +8.031619797e+02 +8.701119797e+02 +8.701119797e+02 +1.1933e+00 +1.4104e+00
166 0 +6.326155387e+00 +7.327615539e+01 +7.327615539e+01 +8.1624e-01 +1.3818e+00
353 0 +5.334560262e+00 +7.228456026e+01 +7.228456026e+01 -6.3082e-01 +1.3816e+00
396 0 +4.343495385e+00 +7.129349539e+01 +7.129349539e+01 -5.2182e-01 +1.3818e+00
430 0 +5.600333825e-01 +6.751003338e+01 +6.751003338e+01 -2.9363e-01 +1.3847e+00
483 0 +5.269988230e-01 +6.747699882e+01 +6.747699882e+01 -6.9898e-01 +1.3847e+00
544 0 +4.809544814e-01 +6.743095448e+01 +6.743095448e+01 -5.4348e-01 +1.3847e+00
626 0 +2.653275990e-01 +6.721532760e+01 +6.721532760e+01 -8.4068e-01 +1.3844e+00
648 0 +2.304061482e-01 +6.718040615e+01 +6.718040615e+01 -8.2869e-01 +1.3844e+00
659 0 +5.482709595e-02 +6.700482710e+01 +6.700482710e+01 -7.6700e-01 +1.3841e+00
715 0 +3.394287173e-02 +6.698394287e+01 +6.698394287e+01 -3.8494e-01 +1.3841e+00
753 0 +6.081041837e-03 +6.695608104e+01 +6.695608104e+01 -4.6183e-01 +1.3840e+00
847 0 +3.029824452e-03 +6.695302982e+01 +6.695302982e+01 -5.2185e-01 +1.3841e+00
877 0 +1.128953420e-03 +6.695112895e+01 +6.695112895e+01 -5.6421e-01 +1.3840e+00
882 0 +7.835599882e-04 +6.695078356e+01 +6.695078356e+01 -5.1675e-01 +1.3840e+00
929 0 +5.352194182e-04 +6.695053522e+01 +6.695053522e+01 -5.4697e-01 +1.3840e+00
931 0 +4.501866910e-04 +6.695045019e+01 +6.695045019e+01 -5.4576e-01 +1.3840e+00
936 0 +4.134203370e-04 +6.695041342e+01 +6.695041342e+01 -5.2662e-01 +1.3840e+00
989 0 +2.717965422e-04 +6.695027180e+01 +6.695027180e+01 -5.5417e-01 +1.3840e+00
1036 0 +3.770218541e-05 +6.695003770e+01 +6.695003770e+01 -5.3712e-01 +1.3840e+00
1145 0 +2.842164584e-05 +6.695002842e+01 +6.695002842e+01 -5.4458e-01 +1.3840e+00
1146 0 +2.393816264e-05 +6.695002394e+01 +6.695002394e+01 -5.4227e-01 +1.3840e+00
1189 0 +1.140080509e-05 +6.695001140e+01 +6.695001140e+01 -5.4395e-01 +1.3840e+00
1221 0 +8.049417644e-06 +6.695000805e+01 +6.695000805e+01 -5.4355e-01 +1.3840e+00
1226 0 +6.660362843e-06 +6.695000666e+01 +6.695000666e+01 -5.3961e-01 +1.3840e+00
1239 0 +4.208791026e-06 +6.695000421e+01 +6.695000421e+01 -5.4140e-01 +1.3840e+00
1257 0 +2.949990289e-06 +6.695000295e+01 +6.695000295e+01 -5.4178e-01 +1.3840e+00
1266 0 +5.031094616e-07 +6.695000050e+01 +6.695000050e+01 -5.4152e-01 +1.3840e+00
1313 0 +2.052435946e-07 +6.695000021e+01 +6.695000021e+01 -5.4068e-01 +1.3840e+00
1366 0 +1.386764836e-07 +6.695000014e+01 +6.695000014e+01 -5.4100e-01 +1.3840e+00
1473 0 +1.140007271e-07 +6.695000011e+01 +6.695000011e+01 -5.4047e-01 +1.3840e+00
1498 0 +2.648586417e-08 +6.695000003e+01 +6.695000003e+01 -5.4078e-01 +1.3840e+00
1531 0 +2.569012736e-08 +6.695000003e+01 +6.695000003e+01 -5.4083e-01 +1.3840e+00
1546 0 +1.349006595e-08 +6.695000001e+01 +6.695000001e+01 -5.4078e-01 +1.3840e+00
1555 0 +1.334520050e-08 +6.695000001e+01 +6.695000001e+01 -5.4073e-01 +1.3840e+00
1598 0 +7.191971463e-09 +6.695000001e+01 +6.695000001e+01 -5.4072e-01 +1.3840e+00
2042 0 +7.247535905e-13 +6.695000000e+01 +6.695000000e+01 -5.4080e-01 +1.3840e+00
2194 0 +0.000000000e+00 +6.695000000e+01 +6.695000000e+01 -5.4080e-01 +1.3840e+00
2445 0 +0.000000000e+00 +6.695000000e+01 +6.695000000e+01 -5.4080e-01 +1.3840e+00
% f evaluations | g evaluations | best noise-free fitness - Fopt (5.832000000000e+01) + sum g_i+ | measured fitness | best measured fitness or single-digit g-values | x1 | x2...
1 0 +1.612203989e+04 +1.618035989e+04 +1.618035989e+04 +2.9654e+00 -3.1657e+00
73 0 +4.318047948e+01 +1.015004795e+02 +1.015004795e+02 -1.0372e+00 -3.2926e+00
158 0 +2.658573544e+01 +8.490573544e+01 +8.490573544e+01 -8.2879e-01 -3.2945e+00
347 0 +7.983222290e+00 +6.630322229e+01 +6.630322229e+01 +3.7428e+00 -3.2937e+00
401 0 +4.048810411e+00 +6.236881041e+01 +6.236881041e+01 +1.7832e+00 -3.2972e+00
408 0 +2.530138800e+00 +6.085013880e+01 +6.085013880e+01 +3.8356e+00 -3.2951e+00
449 0 +1.229425326e+00 +5.954942533e+01 +5.954942533e+01 +2.7320e+00 -3.2973e+00
466 0 +8.832191530e-01 +5.920321915e+01 +5.920321915e+01 +2.8141e+00 -3.2964e+00
532 0 +4.278899514e-01 +5.874788995e+01 +5.874788995e+01 +3.4771e+00 -3.2974e+00
571 0 +1.543501266e-01 +5.847435013e+01 +5.847435013e+01 +4.1023e+00 -3.2969e+00
607 0 +8.187953745e-02 +5.840187954e+01 +5.840187954e+01 +3.6206e+00 -3.2971e+00
615 0 +3.840319765e-02 +5.835840320e+01 +5.835840320e+01 +3.8262e+00 -3.2970e+00
622 0 +1.673033780e-02 +5.833673034e+01 +5.833673034e+01 +3.7758e+00 -3.2969e+00
644 0 +4.235472531e-03 +5.832423547e+01 +5.832423547e+01 +3.7758e+00 -3.2968e+00
736 0 +3.984424966e-03 +5.832398442e+01 +5.832398442e+01 +3.7732e+00 -3.2968e+00
814 0 +3.573005354e-03 +5.832357301e+01 +5.832357301e+01 +3.7624e+00 -3.2968e+00
844 0 +7.294562798e-04 +5.832072946e+01 +5.832072946e+01 +3.6856e+00 -3.2968e+00
865 0 +6.240315264e-04 +5.832062403e+01 +5.832062403e+01 +3.7210e+00 -3.2968e+00
942 0 +1.241741008e-04 +5.832012417e+01 +5.832012417e+01 +3.7157e+00 -3.2968e+00
963 0 +9.909617637e-05 +5.832009910e+01 +5.832009910e+01 +3.6994e+00 -3.2968e+00
1026 0 +6.424487786e-05 +5.832006424e+01 +5.832006424e+01 +3.7081e+00 -3.2968e+00
1035 0 +3.671124122e-05 +5.832003671e+01 +5.832003671e+01 +3.7023e+00 -3.2968e+00
1051 0 +8.596423932e-06 +5.832000860e+01 +5.832000860e+01 +3.7055e+00 -3.2968e+00
1238 0 +3.145274782e-06 +5.832000315e+01 +5.832000315e+01 +3.7044e+00 -3.2968e+00
1282 0 +1.896565870e-06 +5.832000190e+01 +5.832000190e+01 +3.7058e+00 -3.2968e+00
1354 0 +9.927292552e-07 +5.832000099e+01 +5.832000099e+01 +3.7053e+00 -3.2968e+00
1355 0 +8.449443740e-07 +5.832000084e+01 +5.832000084e+01 +3.7065e+00 -3.2968e+00
1415 0 +3.720497475e-07 +5.832000037e+01 +5.832000037e+01 +3.7062e+00 -3.2968e+00
1423 0 +6.945480635e-08 +5.832000007e+01 +5.832000007e+01 +3.7054e+00 -3.2968e+00
1502 0 +3.241645175e-08 +5.832000003e+01 +5.832000003e+01 +3.7058e+00 -3.2968e+00
1554 0 +6.425842969e-09 +5.832000001e+01 +5.832000001e+01 +3.7055e+00 -3.2968e+00
2047 0 +8.171241461e-13 +5.832000000e+01 +5.832000000e+01 +3.7056e+00 -3.2968e+00
2325 0 +0.000000000e+00 +5.832000000e+01 +5.832000000e+01 +3.7056e+00 -3.2968e+00
2547 0 +0.000000000e+00 +5.832000000e+01 +5.832000000e+01 +3.7056e+00 -3.2968e+00
% f evaluations | g evaluations | best noise-free fitness - Fopt (1.932700000000e+02) + sum g_i+ | measured fitness | best measured fitness or single-digit g-values | x1 | x2...
1 0 +3.017253263e+04 +3.036580263e+04 +3.036580263e+04 +2.9654e+00 -3.1657e+00
73 0 +4.023318879e+03 +4.216588879e+03 +4.216588879e+03 -7.3999e-01 -3.2701e+00
121 0 +3.783923237e+03 +3.977193237e+03 +3.977193237e+03 +2.2387e+00 -3.2736e+00
124 0 +2.588192450e+01 +2.191519245e+02 +2.191519245e+02 -1.3923e+00 -3.3355e+00
233 0 +1.359746491e+01 +2.068674649e+02 +2.068674649e+02 +3.5455e-01 -3.3423e+00
284 0 +5.844323393e+00 +1.991143234e+02 +1.991143234e+02 +1.9173e+00 -3.3370e+00
383 0 +4.300969112e+00 +1.975709691e+02 +1.975709691e+02 +3.8085e-01 -3.3382e+00
411 0 +6.852037217e-01 +1.939552037e+02 +1.939552037e+02 +1.1936e+00 -3.3395e+00
487 0 +5.378933751e-01 +1.938078934e+02 +1.938078934e+02 +1.4424e+00 -3.3396e+00
533 0 +2.608464250e-01 +1.935308464e+02 +1.935308464e+02 +1.8927e+00 -3.3387e+00
591 0 +1.741184444e-01 +1.934441184e+02 +1.934441184e+02 +1.6737e+00 -3.3394e+00
632 0 +1.657776925e-01 +1.934357777e+02 +1.934357777e+02 +2.1503e+00 -3.3396e+00
634 0 +9.088150048e-02 +1.933608815e+02 +1.933608815e+02 +1.8168e+00 -3.3394e+00
662 0 +3.150731950e-02 +1.933015073e+02 +1.933015073e+02 +1.8991e+00 -3.3393e+00
681 0 +3.061163727e-02 +1.933006116e+02 +1.933006116e+02 +2.1416e+00 -3.3393e+00
706 0 +3.084995546e-04 +1.932703085e+02 +1.932703085e+02 +2.0214e+00 -3.3392e+00
1003 0 +1.658471394e-04 +1.932701658e+02 +1.932701658e+02 +2.0275e+00 -3.3392e+00
1007 0 +2.092512216e-05 +1.932700209e+02 +1.932700209e+02 +2.0426e+00 -3.3392e+00
1059 0 +3.309790969e-06 +1.932700033e+02 +1.932700033e+02 +2.0397e+00 -3.3392e+00
1190 0 +1.086998310e-06 +1.932700011e+02 +1.932700011e+02 +2.0394e+00 -3.3392e+00
1239 0 +4.125962221e-07 +1.932700004e+02 +1.932700004e+02 +2.0381e+00 -3.3392e+00
1319 0 +1.244174257e-07 +1.932700001e+02 +1.932700001e+02 +2.0381e+00 -3.3392e+00
1341 0 +5.542744930e-08 +1.932700001e+02 +1.932700001e+02 +2.0386e+00 -3.3392e+00
1403 0 +4.434639322e-08 +1.932700000e+02 +1.932700000e+02 +2.0383e+00 -3.3392e+00
1415 0 +3.059381015e-08 +1.932700000e+02 +1.932700000e+02 +2.0382e+00 -3.3392e+00
1435 0 +1.456356813e-08 +1.932700000e+02 +1.932700000e+02 +2.0383e+00 -3.3392e+00
1535 0 +9.262379308e-09 +1.932700000e+02 +1.932700000e+02 +2.0383e+00 -3.3392e+00
1894 0 +8.242295735e-13 +1.932700000e+02 +1.932700000e+02 +2.0384e+00 -3.3392e+00
2083 0 +0.000000000e+00 +1.932700000e+02 +1.932700000e+02 +2.0384e+00 -3.3392e+00
2284 0 +0.000000000e+00 +1.932700000e+02 +1.932700000e+02 +2.0384e+00 -3.3392e+00
% f evaluations | g evaluations | best noise-free fitness - Fopt (-4.190100000000e+02) + sum g_i+ | measured fitness | best measured fitness or single-digit g-values | x1 | x2...
1 0 +3.404006182e+07 +3.403964281e+07 +3.403964281e+07 +2.9654e+00 -3.1657e+00
2 0 +4.198556477e+06 +4.198137467e+06 +4.198137467e+06 +2.7969e+00 +9.6850e-01
5 0 +2.663450809e+06 +2.663031799e+06 +2.663031799e+06 -3.5713e+00 +1.5089e+00
6 0 +5.275302691e+05 +5.271112591e+05 +5.271112591e+05 -4.4359e+00 +2.2200e+00
15 0 +4.144725855e+05 +4.140535755e+05 +4.140535755e+05 -3.3237e-01 +3.5994e+00
21 0 +1.102876959e+05 +1.098686859e+05 +1.098686859e+05 +1.1000e+00 +3.3319e+00
43 0 +1.350334097e+04 +1.308433097e+04 +1.308433097e+04 -1.5698e+00 +2.8922e+00
67 0 +8.066233172e+03 +7.647223172e+03 +7.647223172e+03 -6.5546e-01 +3.0952e+00
71 0 +2.942195122e+03 +2.523185122e+03 +2.523185122e+03 +1.1000e+00 +2.9530e+00
77 0 +4.348734273e+02 +1.586342729e+01 +1.586342729e+01 -2.1154e+00 +2.9863e+00
99 0 +1.348856249e-01 -4.188751144e+02 -4.188751144e+02 -3.2785e+00 +3.0068e+00
329 0 +2.894626312e-03 -4.190071054e+02 -4.190071054e+02 -3.2785e+00 +3.0072e+00
796 0 +1.528132970e-03 -4.190084719e+02 -4.190084719e+02 -3.3367e+00 +3.0072e+00
831 0 +5.466322298e-04 -4.190094534e+02 -4.190094534e+02 -3.3018e+00 +3.0072e+00
837 0 +1.162147100e-05 -4.190099884e+02 -4.190099884e+02 -3.3236e+00 +3.0072e+00
1092 0 +8.615595959e-06 -4.190099914e+02 -4.190099914e+02 -3.3218e+00 +3.0072e+00
1105 0 +7.384410992e-06 -4.190099926e+02 -4.190099926e+02 -3.3212e+00 +3.0072e+00
1126 0 +7.157315281e-06 -4.190099928e+02 -4.190099928e+02 -3.3213e+00 +3.0072e+00
1152 0 +6.681207310e-06 -4.190099933e+02 -4.190099933e+02 -3.3214e+00 +3.0072e+00
1182 0 +2.633348345e-06 -4.190099974e+02 -4.190099974e+02 -3.3255e+00 +3.0072e+00
1224 0 +2.400101550e-06 -4.190099976e+02 -4.190099976e+02 -3.3255e+00 +3.0072e+00
1225 0 +2.124395110e-06 -4.190099979e+02 -4.190099979e+02 -3.3229e+00 +3.0072e+00
1254 0 +3.388214509e-08 -4.190100000e+02 -4.190100000e+02 -3.3240e+00 +3.0072e+00
1296 0 +1.998614607e-08 -4.190100000e+02 -4.190100000e+02 -3.3239e+00 +3.0072e+00
1464 0 +1.228920610e-08 -4.190100000e+02 -4.190100000e+02 -3.3239e+00 +3.0072e+00
1474 0 +7.372364053e-09 -4.190100000e+02 -4.190100000e+02 -3.3241e+00 +3.0072e+00
1872 0 +7.958078641e-13 -4.190100000e+02 -4.190100000e+02 -3.3240e+00 +3.0072e+00
2028 0 +0.000000000e+00 -4.190100000e+02 -4.190100000e+02 -3.3240e+00 +3.0072e+00
2338 0 +0.000000000e+00 -4.190100000e+02 -4.190100000e+02 -3.3240e+00 +3.0072e+00
% f evaluations | g evaluations | best noise-free fitness - Fopt (4.076100000000e+02) + sum g_i+ | measured fitness | best measured fitness or single-digit g-values | x1 | x2...
1 0 +2.984075030e+04 +3.024836030e+04 +3.024836030e+04 +2.9654e+00 -3.1657e+00
75 0 +2.419361583e+03 +2.826971583e+03 +2.826971583e+03 +4.5402e+00 -3.3850e+00
119 0 +1.859105638e+03 +2.266715638e+03 +2.266715638e+03 -2.6262e+00 -3.2956e+00
167 0 +1.340186587e+03 +1.747796587e+03 +1.747796587e+03 +2.1659e+00 -3.2994e+00
211 0 +4.622744373e+02 +8.698844373e+02 +8.698844373e+02 -2.6299e+00 -3.3171e+00
218 0 +3.776778324e+01 +4.453777832e+02 +4.453777832e+02 +4.8270e+00 -3.3349e+00
243 0 +3.371653373e+01 +4.413265337e+02 +4.413265337e+02 -1.1305e+00 -3.3440e+00
287 0 +2.078031932e+00 +4.096880319e+02 +4.096880319e+02 +9.9921e-01 -3.3381e+00
345 0 +4.778120717e-02 +4.076577812e+02 +4.076577812e+02 -4.0392e-01 -3.3382e+00
524 0 +2.793913183e-02 +4.076379391e+02 +4.076379391e+02 -4.5768e-01 -3.3382e+00
627 0 +3.779770078e-03 +4.076137798e+02 +4.076137798e+02 -4.8140e-01 -3.3384e+00
808 0 +2.552363951e-03 +4.076125524e+02 +4.076125524e+02 -3.9931e-01 -3.3384e+00
820 0 +2.385909957e-03 +4.076123859e+02 +4.076123859e+02 -4.5524e-01 -3.3384e+00
857 0 +1.449940630e-03 +4.076114499e+02 +4.076114499e+02 -3.8002e-01 -3.3384e+00
860 0 +7.495442353e-04 +4.076107495e+02 +4.076107495e+02 -3.9813e-01 -3.3384e+00
934 0 +7.176563403e-04 +4.076107177e+02 +4.076107177e+02 -4.4030e-01 -3.3384e+00
935 0 +2.583922099e-04 +4.076102584e+02 +4.076102584e+02 -4.2940e-01 -3.3384e+00
976 0 +2.348774511e-04 +4.076102349e+02 +4.076102349e+02 -4.0316e-01 -3.3384e+00
1020 0 +9.284238564e-05 +4.076100928e+02 +4.076100928e+02 -4.1270e-01 -3.3384e+00
1021 0 +4.621795688e-05 +4.076100462e+02 +4.076100462e+02 -4.1176e-01 -3.3384e+00
1094 0 +2.583692242e-05 +4.076100258e+02 +4.076100258e+02 -4.1088e-01 -3.3384e+00
1155 0 +1.671382387e-05 +4.076100167e+02 +4.076100167e+02 -4.1132e-01 -3.3384e+00
1165 0 +7.713357491e-07 +4.076100008e+02 +4.076100008e+02 -4.1440e-01 -3.3384e+00
1248 0 +4.256536386e-07 +4.076100004e+02 +4.076100004e+02 -4.1532e-01 -3.3384e+00
1257 0 +4.065200869e-07 +4.076100004e+02 +4.076100004e+02 -4.1497e-01 -3.3384e+00
1348 0 +3.160525921e-07 +4.076100003e+02 +4.076100003e+02 -4.1532e-01 -3.3384e+00
1386 0 +1.088491786e-07 +4.076100001e+02 +4.076100001e+02 -4.1540e-01 -3.3384e+00
1389 0 +4.987430202e-08 +4.076100000e+02 +4.076100000e+02 -4.1497e-01 -3.3384e+00
1416 0 +1.230529278e-08 +4.076100000e+02 +4.076100000e+02 -4.1531e-01 -3.3384e+00
1512 0 +5.034166861e-09 +4.076100000e+02 +4.076100000e+02 -4.1516e-01 -3.3384e+00
1813 0 +0.000000000e+00 +4.076100000e+02 +4.076100000e+02 -4.1520e-01 -3.3384e+00
2302 0 +0.000000000e+00 +4.076100000e+02 +4.076100000e+02 -4.1520e-01 -3.3384e+00
% f evaluations | g evaluations | best noise-free fitness - Fopt (2.872000000000e+01) + sum g_i+ | measured fitness | best measured fitness or single-digit g-values | x1 | x2...
1 0 +5.400752102e+03 +5.429472102e+03 +5.429472102e+03 +2.9654e+00 -3.1657e+00
102 0 +3.551260030e+03 +3.579980030e+03 +3.579980030e+03 -2.7655e-01 -3.0285e+00
135 0 +2.177680305e+03 +2.206400305e+03 +2.206400305e+03 -1.0086e+00 -3.1286e+00
136 0 +2.142307288e+01 +5.014307288e+01 +5.014307288e+01 -3.0256e+00 -3.0833e+00
179 0 +2.360261849e+00 +3.108026185e+01 +3.108026185e+01 +1.3837e-01 -3.0855e+00
408 0 +9.460571606e-01 +2.966605716e+01 +2.966605716e+01 +1.9066e+00 -3.0840e+00
458 0 +1.942367575e-01 +2.891423676e+01 +2.891423676e+01 +1.1171e+00 -3.0845e+00
507 0 +1.863491076e-02 +2.873863491e+01 +2.873863491e+01 +1.4770e+00 -3.0847e+00
640 0 +1.364388813e-02 +2.873364389e+01 +2.873364389e+01 +1.4911e+00 -3.0847e+00
704 0 +1.448887036e-03 +2.872144889e+01 +2.872144889e+01 +1.3661e+00 -3.0848e+00
734 0 +1.316152209e-03 +2.872131615e+01 +2.872131615e+01 +1.3948e+00 -3.0848e+00
760 0 +3.230260767e-04 +2.872032303e+01 +2.872032303e+01 +1.4024e+00 -3.0848e+00
901 0 +2.138221213e-05 +2.872002138e+01 +2.872002138e+01 +1.3948e+00 -3.0848e+00
1051 0 +1.067122258e-05 +2.872001067e+01 +2.872001067e+01 +1.3921e+00 -3.0848e+00
1156 0 +1.001770807e-05 +2.872001002e+01 +2.872001002e+01 +1.3937e+00 -3.0848e+00
1172 0 +9.125889484e-06 +2.872000913e+01 +2.872000913e+01 +1.3964e+00 -3.0848e+00
1179 0 +5.979183005e-06 +2.872000598e+01 +2.872000598e+01 +1.3965e+00 -3.0848e+00
1193 0 +3.020815289e-06 +2.872000302e+01 +2.872000302e+01 +1.3958e+00 -3.0848e+00
1220 0 +2.481965257e-06 +2.872000248e+01 +2.872000248e+01 +1.3961e+00 -3.0848e+00
1236 0 +2.205845384e-06 +2.872000221e+01 +2.872000221e+01 +1.3958e+00 -3.0848e+00
1257 0 +1.595050399e-06 +2.872000160e+01 +2.872000160e+01 +1.3950e+00 -3.0848e+00
1262 0 +6.040060399e-07 +2.872000060e+01 +2.872000060e+01 +1.3947e+00 -3.0848e+00
1276 0 +3.223789875e-07 +2.872000032e+01 +2.872000032e+01 +1.3950e+00 -3.0848e+00
1289 0 +7.277385805e-08 +2.872000007e+01 +2.872000007e+01 +1.3945e+00 -3.0848e+00
1316 0 +4.525578134e-08 +2.872000005e+01 +2.872000005e+01 +1.3945e+00 -3.0848e+00
1386 0 +1.138462835e-08 +2.872000001e+01 +2.872000001e+01 +1.3945e+00 -3.0848e+00
1409 0 +5.086924659e-09 +2.872000001e+01 +2.872000001e+01 +1.3943e+00 -3.0848e+00
1791 0 +4.654054919e-13 +2.872000000e+01 +2.872000000e+01 +1.3944e+00 -3.0848e+00
2163 0 +0.000000000e+00 +2.872000000e+01 +2.872000000e+01 +1.3944e+00 -3.0848e+00
2356 0 +0.000000000e+00 +2.872000000e+01 +2.872000000e+01 +1.3944e+00 -3.0848e+00
