% f evaluations | g evaluations | best noise-free fitness - Fopt (-4.620900000000e+02) + sum g_i+ | measured fitness | best measured fitness or single-digit g-values | x1 | x2...
1 0 +1.477702393e+02 -3.143197607e+02 -3.143197607e+02 -4.0532e+00 -3.5812e+00 +8.7723e-01
4 0 +4.724340572e+01 -4.148465943e+02 -4.148465943e+02 -3.4342e+00 +2.6046e-01 +3.1644e+00
10 0 +3.013949837e+01 -4.319505016e+02 -4.319505016e+02 +1.6568e+00 +7.7057e-01 +1.9460e+00
84 0 +1.304826429e+01 -4.490417357e+02 -4.490417357e+02 -3.0318e-01 +1.8395e+00 +2.1801e+00
259 0 +7.486851525e+00 -4.546031485e+02 -4.546031485e+02 -3.3563e+00 +1.8154e+00 +2.6143e+00
454 0 +6.702231600e+00 -4.553877684e+02 -4.553877684e+02 -2.4339e+00 +1.7006e+00 +2.6381e+00
745 0 +6.539041152e+00 -4.555509588e+02 -4.555509588e+02 -2.2050e+00 +2.8783e+00 +2.5599e+00
755 0 +6.097848631e+00 -4.559921514e+02 -4.559921514e+02 -2.4383e+00 +1.2282e+00 +2.2012e+00
901 0 +3.940908936e+00 -4.581490911e+02 -4.581490911e+02 -2.4106e+00 +2.3485e+00 +2.6072e+00
1621 0 +3.412215013e+00 -4.586777850e+02 -4.586777850e+02 -3.3645e+00 +1.6740e+00 +2.1928e+00
2741 0 +1.893281569e+00 -4.601967184e+02 -4.601967184e+02 -2.4274e+00 +2.3091e+00 +2.2338e+00
5153 0 +1.304249307e+00 -4.607857507e+02 -4.607857507e+02 -2.3744e+00 +2.3103e+00 +2.5750e+00
6478 0 +9.089915323e-02 -4.619991008e+02 -4.619991008e+02 -2.3281e+00 +2.3098e+00 +2.2146e+00
10999 0 +7.336727077e-02 -4.620166327e+02 -4.620166327e+02 -2.3484e+00 +2.3100e+00 +2.2119e+00
11512 0 +6.643581434e-02 -4.620235642e+02 -4.620235642e+02 -2.3316e+00 +2.2973e+00 +2.2187e+00
11648 0 +5.837476268e-03 -4.620841625e+02 -4.620841625e+02 -2.3427e+00 +2.2987e+00 +2.2152e+00
11921 0 +3.936679178e-03 -4.620860633e+02 -4.620860633e+02 -2.3367e+00 +2.3004e+00 +2.2137e+00
11987 0 +1.207148565e-03 -4.620887929e+02 -4.620887929e+02 -2.3413e+00 +2.2993e+00 +2.2143e+00
11993 0 +4.786585873e-05 -4.620899521e+02 -4.620899521e+02 -2.3404e+00 +2.3000e+00 +2.2135e+00
12051 0 +4.786585873e-05 -4.620899521e+02 -4.620899521e+02 -2.3404e+00 +2.3000e+00 +2.2135e+00
% f evaluations | g evaluations | best noise-free fitness - Fopt (7.766000000000e+01) + sum g_i+ | measured fitness | best measured fitness or single-digit g-values | x1 | x2...
1 0 +3.909514881e+01 +1.167551488e+02 +1.167551488e+02 +3.9841e+00 -2.4978e+00 -8.4758e-01
22 0 +3.619533075e+01 +1.138553307e+02 +1.138553307e+02 +3.5675e+00 +1.7318e-01 -1.5080e-01
56 0 +3.504420786e+01 +1.127042079e+02 +1.127042079e+02 +1.2465e+00 +4.8383e-01 -1.2911e+00
58 0 +3.122933938e+01 +1.088893394e+02 +1.088893394e+02 +2.4774e+00 +8.1682e-01 -1.4033e+00
65 0 +1.965524784e+01 +9.731524784e+01 +9.731524784e+01 +5.7658e-01 -3.1898e-01 -2.1984e+00
75 0 +1.782997095e+01 +9.548997095e+01 +9.548997095e+01 +3.3715e+00 -1.2285e+00 -8.7163e-01
85 0 +1.466006498e+01 +9.232006498e+01 +9.232006498e+01 +2.4345e-01 -3.0279e-01 -5.8976e-01
186 0 +1.415583261e+01 +9.181583261e+01 +9.181583261e+01 +3.2183e+00 -3.3060e-01 -1.5676e+00
197 0 +2.278678252e+00 +7.993867825e+01 +7.993867825e+01 +2.4044e+00 -1.4206e+00 -1.5820e+00
3243 0 +1.604692118e+00 +7.926469212e+01 +7.926469212e+01 +2.3614e+00 -8.1941e-01 -1.2905e+00
3478 0 +1.561224657e+00 +7.922122466e+01 +7.922122466e+01 +2.3098e+00 -8.6791e-01 -1.2820e+00
4999 0 +1.276843529e+00 +7.893684353e+01 +7.893684353e+01 +2.4118e+00 -8.4993e-01 -1.5725e+00
5195 0 +2.307735112e-01 +7.789077351e+01 +7.789077351e+01 +2.3851e+00 -8.4774e-01 -1.2625e+00
8511 0 +2.007654202e-01 +7.786076542e+01 +7.786076542e+01 +2.3822e+00 -8.6178e-01 -1.2636e+00
9877 0 +8.242097076e-02 +7.774242097e+01 +7.774242097e+01 +2.3905e+00 -8.4566e-01 -1.2697e+00
11166 0 +3.867309341e-02 +7.769867309e+01 +7.769867309e+01 +2.3985e+00 -8.5272e-01 -1.2758e+00
11500 0 +1.994860822e-02 +7.767994861e+01 +7.767994861e+01 +2.4048e+00 -8.5526e-01 -1.2691e+00
11616 0 +6.996733390e-03 +7.766699673e+01 +7.766699673e+01 +2.3925e+00 -8.5627e-01 -1.2720e+00
11738 0 +6.422647537e-03 +7.766642265e+01 +7.766642265e+01 +2.4017e+00 -8.5875e-01 -1.2721e+00
11775 0 +3.986157311e-03 +7.766398616e+01 +7.766398616e+01 +2.3971e+00 -8.5378e-01 -1.2717e+00
11872 0 +2.002562350e-03 +7.766200256e+01 +7.766200256e+01 +2.3960e+00 -8.5483e-01 -1.2722e+00
11970 0 +1.578307576e-03 +7.766157831e+01 +7.766157831e+01 +2.3981e+00 -8.5596e-01 -1.2729e+00
11973 0 +1.281689969e-03 +7.766128169e+01 +7.766128169e+01 +2.3991e+00 -8.5453e-01 -1.2722e+00
11974 0 +1.045142758e-03 +7.766104514e+01 +7.766104514e+01 +2.3980e+00 -8.5623e-01 -1.2727e+00
12002 0 +9.242308706e-04 +7.766092423e+01 +7.766092423e+01 +2.3984e+00 -8.5557e-01 -1.2726e+00
12051 0 +9.242308706e-04 +7.766092423e+01 +7.766092423e+01 +2.3984e+00 -8.5557e-01 -1.2726e+00
% f evaluations | g evaluations | best noise-free fitness - Fopt (1.156800000000e+02) + sum g_i+ | measured fitness | best measured fitness or single-digit g-values | x1 | x2...
1 0 +2.860335186e+02 +4.017135186e+02 +4.017135186e+02 -1.6037e+00 +2.5328e+00 -4.1617e+00
3 0 +3.765400966e+01 +1.533340097e+02 +1.533340097e+02 -4.1124e+00 -3.0432e-01 +1.7414e+00
53 0 +3.600907433e+01 +1.516890743e+02 +1.516890743e+02 -3.1164e+00 -2.6433e-01 +1.1142e+00
76 0 +2.790007631e+01 +1.435800763e+02 +1.435800763e+02 -5.0000e+00 -4.1475e-01 +6.9019e-01
106 0 +1.406496713e+01 +1.297449671e+02 +1.297449671e+02 -1.1658e+00 -5.2961e-01 +5.9992e-01
342 0 +1.236442923e+01 +1.280444292e+02 +1.280444292e+02 -3.1422e+00 -3.0006e-01 +2.8464e-01
371 0 +4.591386472e+00 +1.202713865e+02 +1.202713865e+02 -1.2351e+00 -4.1994e-01 +2.6284e-01
484 0 +3.566539628e+00 +1.192465396e+02 +1.192465396e+02 -3.2144e+00 -1.5302e+00 +2.3291e-01
813 0 +2.912374795e+00 +1.185923748e+02 +1.185923748e+02 -3.1169e+00 -9.4940e-01 +2.5305e-01
1014 0 +2.822405860e+00 +1.185024059e+02 +1.185024059e+02 -2.2512e+00 -9.2208e-01 +2.4891e-01
1246 0 +2.278067754e+00 +1.179580678e+02 +1.179580678e+02 -1.1817e+00 -9.3778e-01 +2.4972e-01
3050 0 +1.677620992e+00 +1.173576210e+02 +1.173576210e+02 -1.1905e+00 -9.4664e-01 +2.4252e-01
3085 0 +1.511770591e+00 +1.171917706e+02 +1.171917706e+02 -2.2641e+00 -1.0056e+00 +2.4654e-01
3583 0 +7.031388330e-01 +1.163831388e+02 +1.163831388e+02 -2.1603e+00 -9.8906e-01 +2.6506e-01
4803 0 +5.725269731e-01 +1.162525270e+02 +1.162525270e+02 -2.1717e+00 -9.5831e-01 +2.5487e-01
5073 0 +4.818823690e-01 +1.161618824e+02 +1.161618824e+02 -2.1525e+00 -9.6708e-01 +2.5555e-01
6005 0 +2.745543422e-01 +1.159545543e+02 +1.159545543e+02 -2.2092e+00 -9.8616e-01 +2.3901e-01
6039 0 +1.815609625e-01 +1.158615610e+02 +1.158615610e+02 -2.1604e+00 -9.6930e-01 +2.4234e-01
6943 0 +6.026121363e-02 +1.157402612e+02 +1.157402612e+02 -2.1864e+00 -9.8965e-01 +2.4144e-01
8647 0 +5.169905556e-02 +1.157316991e+02 +1.157316991e+02 -2.1646e+00 -9.8276e-01 +2.4219e-01
9769 0 +4.032589684e-02 +1.157203259e+02 +1.157203259e+02 -2.1793e+00 -9.8946e-01 +2.4810e-01
10827 0 +2.993029043e-02 +1.157099303e+02 +1.157099303e+02 -2.1907e+00 -9.8381e-01 +2.4450e-01
10916 0 +1.875969756e-02 +1.156987597e+02 +1.156987597e+02 -2.1749e+00 -9.8396e-01 +2.4194e-01
11347 0 +1.561485333e-02 +1.156956149e+02 +1.156956149e+02 -2.1740e+00 -9.7957e-01 +2.4631e-01
11348 0 +4.098474602e-03 +1.156840985e+02 +1.156840985e+02 -2.1816e+00 -9.8207e-01 +2.4401e-01
11486 0 +1.568029700e-03 +1.156815680e+02 +1.156815680e+02 -2.1810e+00 -9.8313e-01 +2.4515e-01
11729 0 +6.694076142e-04 +1.156806694e+02 +1.156806694e+02 -2.1772e+00 -9.8375e-01 +2.4452e-01
11959 0 +2.119622298e-04 +1.156802120e+02 +1.156802120e+02 -2.1791e+00 -9.8292e-01 +2.4498e-01
12002 0 +1.310860988e-04 +1.156801311e+02 +1.156801311e+02 -2.1791e+00 -9.8313e-01 +2.4493e-01
12051 0 +1.310860988e-04 +1.156801311e+02 +1.156801311e+02 -2.1791e+00 -9.8313e-01 +2.4493e-01
% f evaluations | g evaluations | best noise-free fitness - Fopt (-3.710000000000e+00) + sum g_i+ | measured fitness | best measured fitness or single-digit g-values | x1 | x2...
1 0 +4.419098216e+02 +4.381998216e+02 +4.381998216e+02 +3.4734e+00 +1.3418e+00 -4.5481e+00
2 0 +4.033296362e+01 +3.662296362e+01 +3.662296362e+01 -6.4222e-01 -2.7586e+00 +2.5806e+00
25 0 +3.702613589e+01 +3.331613589e+01 +3.331613589e+01 +3.1671e+00 -2.7305e+00 +5.3686e-01
30 0 +3.383358414e+01 +3.012358414e+01 +3.012358414e+01 +1.4349e+00 -1.8763e+00 +1.0479e+00
61 0 +3.147784540e+01 +2.776784540e+01 +2.776784540e+01 +3.5769e-01 -3.3147e+00 +1.4819e+00
75 0 +2.812932712e+01 +2.441932712e+01 +2.441932712e+01 +8.7031e-01 -3.8726e+00 +1.7179e+00
80 0 +1.314079318e+01 +9.430793177e+00 +9.430793177e+00 +1.3153e+00 -2.8317e+00 +1.8443e+00
146 0 +1.065410109e+01 +6.944101093e+00 +6.944101093e+00 +2.9065e+00 -2.9450e+00 +1.7629e+00
320 0 +6.547770029e+00 +2.837770029e+00 +2.837770029e+00 +2.2090e+00 -2.9163e+00 +2.1793e+00
708 0 +6.153614196e+00 +2.443614196e+00 +2.443614196e+00 +3.1536e+00 -2.9107e+00 +1.1216e+00
721 0 +1.085139518e+00 -2.624860482e+00 -2.624860482e+00 +3.1123e+00 -2.2956e+00 +2.1563e+00
10070 0 +2.879445568e-01 -3.422055443e+00 -3.422055443e+00 +3.1529e+00 -2.3047e+00 +1.7890e+00
10512 0 +1.959225267e-01 -3.514077473e+00 -3.514077473e+00 +3.1058e+00 -2.3105e+00 +1.7829e+00
10755 0 +1.265127363e-02 -3.697348726e+00 -3.697348726e+00 +3.1122e+00 -2.2935e+00 +1.7825e+00
11917 0 +7.278977322e-03 -3.702721023e+00 -3.702721023e+00 +3.1248e+00 -2.2966e+00 +1.7840e+00
11974 0 +2.171757794e-03 -3.707828242e+00 -3.707828242e+00 +3.1175e+00 -2.2944e+00 +1.7838e+00
11992 0 +7.562790638e-04 -3.709243721e+00 -3.709243721e+00 +3.1187e+00 -2.2944e+00 +1.7830e+00
12051 0 +7.562790638e-04 -3.709243721e+00 -3.709243721e+00 +3.1187e+00 -2.2944e+00 +1.7830e+00
% f evaluations | g evaluations | best noise-free fitness - Fopt (1.321800000000e+02) + sum g_i+ | measured fitness | best measured fitness or single-digit g-values | x1 | x2...
1 0 +4.459897258e+02 +5.781697258e+02 +5.781697258e+02 -5.7337e-01 +3.5981e+00 -3.1747e+00
2 0 +1.077306077e+02 +2.399106077e+02 +2.399106077e+02 +4.0664e+00 -1.4420e+00 +3.0499e+00
3 0 +1.017002242e+02 +2.338802242e+02 +2.338802242e+02 -4.0041e+00 +2.1194e+00 +5.0373e-01
5 0 +4.434963540e+01 +1.765296354e+02 +1.765296354e+02 +6.6650e-03 +1.9794e+00 +3.9298e+00
61 0 +3.833911724e+01 +1.705191172e+02 +1.705191172e+02 +1.0482e+00 +8.0982e-01 +3.5108e+00
81 0 +3.082609364e+01 +1.630060936e+02 +1.630060936e+02 -8.7756e-01 +1.0274e+00 +3.2402e+00
86 0 +2.592554429e+01 +1.581055443e+02 +1.581055443e+02 -2.9694e+00 +1.0286e+00 +2.7257e+00
124 0 +2.561272556e+01 +1.577927256e+02 +1.577927256e+02 -2.7442e+00 +1.3424e+00 +3.7162e+00
126 0 +1.910894027e+01 +1.512889403e+02 +1.512889403e+02 -1.7577e+00 +1.5724e+00 +2.8566e+00
168 0 +6.651594010e+00 +1.388315940e+02 +1.388315940e+02 -3.6821e+00 +9.1617e-01 +2.7864e+00
1251 0 +4.052517456e+00 +1.362325175e+02 +1.362325175e+02 -3.7640e+00 +9.6411e-01 +3.1644e+00
4167 0 +3.639751716e+00 +1.358197517e+02 +1.358197517e+02 -3.8224e+00 +8.5056e-01 +3.1672e+00
5269 0 +2.632874818e+00 +1.348128748e+02 +1.348128748e+02 -3.8348e+00 +9.2184e-01 +3.4794e+00
6000 0 +1.865242292e+00 +1.340452423e+02 +1.340452423e+02 -3.7199e+00 +8.4869e-01 +3.4635e+00
7788 0 +1.513433748e+00 +1.336934337e+02 +1.336934337e+02 -3.7466e+00 +8.5022e-01 +3.4667e+00
9838 0 +1.472049356e+00 +1.336520494e+02 +1.336520494e+02 -3.7916e+00 +9.1787e-01 +3.4575e+00
10482 0 +1.088286968e+00 +1.332682870e+02 +1.332682870e+02 -3.7745e+00 +8.8797e-01 +3.4555e+00
11024 0 +1.004800020e+00 +1.331848000e+02 +1.331848000e+02 -3.7591e+00 +8.8764e-01 +3.4632e+00
11873 0 +9.985082226e-01 +1.331785082e+02 +1.331785082e+02 -3.7660e+00 +8.8339e-01 +3.4613e+00
12051 0 +9.971272055e-01 +1.331771272e+02 +1.331771272e+02 -3.7645e+00 +8.8393e-01 +3.4620e+00
% f evaluations | g evaluations | best noise-free fitness - Fopt (-4.620900000000e+02) + sum g_i+ | measured fitness | best measured fitness or single-digit g-values | x1 | x2...
1 0 +1.008974714e+02 -3.611925286e+02 -3.611925286e+02 -3.5592e+00 -2.3459e+00 +3.0154e+00
2 0 +8.374162815e+01 -3.783483719e+02 -3.783483719e+02 +3.6609e+00 +3.3765e+00 +3.9633e+00
6 0 +8.175026737e+01 -3.803397326e+02 -3.803397326e+02 -3.9934e+00 -2.1334e+00 +2.8581e+00
11 0 +6.048070490e+01 -4.016092951e+02 -4.016092951e+02 -3.6581e+00 -6.3669e-01 +2.1191e+00
22 0 +4.762630567e+01 -4.144636943e+02 -4.144636943e+02 +1.4960e+00 +2.4690e+00 +2.3318e+00
55 0 +4.568851923e+01 -4.164014808e+02 -4.164014808e+02 +5.3516e-03 +2.3279e+00 +1.0620e+00
77 0 +3.386262890e+01 -4.282273711e+02 -4.282273711e+02 +2.6139e-01 +2.3144e+00 +3.0284e+00
82 0 +2.290436599e+01 -4.391856340e+02 -4.391856340e+02 +6.4446e-01 +1.8203e+00 +1.2533e+00
102 0 +1.664920011e+01 -4.454407999e+02 -4.454407999e+02 -1.2841e+00 +2.4703e+00 +2.5534e+00
315 0 +9.822142544e+00 -4.522678575e+02 -4.522678575e+02 -1.3999e+00 +2.3462e+00 +2.5068e+00
435 0 +6.311778045e+00 -4.557782220e+02 -4.557782220e+02 -2.4538e+00 +2.3191e+00 +2.5198e+00
807 0 +4.860093982e+00 -4.572299060e+02 -4.572299060e+02 -1.3705e+00 +1.6493e+00 +1.8913e+00
2860 0 +3.675228955e+00 -4.584147710e+02 -4.584147710e+02 -2.2854e+00 +2.3517e+00 +2.2407e+00
2907 0 +2.202015826e+00 -4.598879842e+02 -4.598879842e+02 -2.3860e+00 +2.2790e+00 +1.8901e+00
4683 0 +1.326078094e+00 -4.607639219e+02 -4.607639219e+02 -2.3038e+00 +1.6862e+00 +2.2155e+00
9256 0 +1.312576256e+00 -4.607774237e+02 -4.607774237e+02 -2.3337e+00 +1.6940e+00 +2.2265e+00
9420 0 +1.146230437e+00 -4.609437696e+02 -4.609437696e+02 -2.3381e+00 +1.6885e+00 +2.2072e+00
9492 0 +1.120200507e+00 -4.609697995e+02 -4.609697995e+02 -2.3533e+00 +1.7092e+00 +2.2066e+00
11422 0 +1.057738597e+00 -4.610322614e+02 -4.610322614e+02 -2.3429e+00 +1.7185e+00 +2.2133e+00
11582 0 +1.034136713e+00 -4.610558633e+02 -4.610558633e+02 -2.3489e+00 +1.7003e+00 +2.2173e+00
11668 0 +1.007922133e+00 -4.610820779e+02 -4.610820779e+02 -2.3444e+00 +1.7017e+00 +2.2156e+00
11687 0 +9.973876945e-01 -4.610926123e+02 -4.610926123e+02 -2.3413e+00 +1.7064e+00 +2.2142e+00
12051 0 +9.961874830e-01 -4.610938125e+02 -4.610938125e+02 -2.3427e+00 +1.7052e+00 +2.2134e+00
% f evaluations | g evaluations | best noise-free fitness - Fopt (7.766000000000e+01) + sum g_i+ | measured fitness | best measured fitness or single-digit g-values | x1 | x2...
1 0 +1.759743092e+03 +1.837403092e+03 +1.837403092e+03 +3.4959e+00 -1.2225e-01 +4.4507e+00
2 0 +5.297163724e+01 +1.306316372e+02 +1.306316372e+02 +3.2763e+00 -3.0316e+00 -1.9471e-01
36 0 +4.458129994e+01 +1.222412999e+02 +1.222412999e+02 -7.3768e-01 +4.7371e-01 -5.0125e-01
55 0 +3.626792947e+01 +1.139279295e+02 +1.139279295e+02 +2.2444e+00 -6.3370e-01 -4.5312e-01
62 0 +3.355087377e+01 +1.112108738e+02 +1.112108738e+02 -1.7280e+00 -1.4335e+00 -4.7063e-01
67 0 +1.635251041e+01 +9.401251041e+01 +9.401251041e+01 +1.4713e+00 -2.3700e+00 -6.5564e-01
135 0 +1.286977800e+01 +9.052977800e+01 +9.052977800e+01 +2.2488e+00 -1.5042e+00 -8.3446e-01
210 0 +7.828984020e+00 +8.548898402e+01 +8.548898402e+01 +4.9732e-01 -8.4567e-01 -1.2258e+00
272 0 +4.305808626e+00 +8.196580863e+01 +8.196580863e+01 +1.4565e+00 -1.4265e+00 -9.1471e-01
1286 0 +1.495946609e+00 +7.915594661e+01 +7.915594661e+01 +2.4833e+00 -8.6933e-01 -1.2712e+00
5136 0 +1.418319674e+00 +7.907831967e+01 +7.907831967e+01 +1.3911e+00 -8.5299e-01 -1.2566e+00
5600 0 +1.071379260e+00 +7.873137926e+01 +7.873137926e+01 +2.3717e+00 -8.1708e-01 -1.2608e+00
7847 0 +1.922346896e-01 +7.785223469e+01 +7.785223469e+01 +2.4281e+00 -8.5105e-01 -1.2713e+00
10092 0 +3.786230705e-02 +7.769786231e+01 +7.769786231e+01 +2.3864e+00 -8.5788e-01 -1.2700e+00
11142 0 +3.245190822e-02 +7.769245191e+01 +7.769245191e+01 +2.4086e+00 -8.5633e-01 -1.2694e+00
11348 0 +2.138051486e-02 +7.768138051e+01 +7.768138051e+01 +2.3924e+00 -8.5399e-01 -1.2695e+00
11616 0 +1.505473888e-02 +7.767505474e+01 +7.767505474e+01 +2.4062e+00 -8.5763e-01 -1.2713e+00
11688 0 +1.685773260e-03 +7.766168577e+01 +7.766168577e+01 +2.3996e+00 -8.5747e-01 -1.2721e+00
11831 0 +2.673418170e-04 +7.766026734e+01 +7.766026734e+01 +2.3995e+00 -8.5591e-01 -1.2721e+00
12002 0 +7.403214818e-05 +7.766007403e+01 +7.766007403e+01 +2.3987e+00 -8.5571e-01 -1.2721e+00
12051 0 +7.403214818e-05 +7.766007403e+01 +7.766007403e+01 +2.3987e+00 -8.5571e-01 -1.2721e+00
% f evaluations | g evaluations | best noise-free fitness - Fopt (1.156800000000e+02) + sum g_i+ | measured fitness | best measured fitness or single-digit g-values | x1 | x2...
1 0 +7.997831705e+01 +1.956583170e+02 +1.956583170e+02 +1.9662e+00 -3.5448e+00 +7.4093e-01
5 0 +5.641563948e+01 +1.720956395e+02 +1.720956395e+02 -3.0655e+00 -3.4241e+00 +1.1301e+00
9 0 +4.186732993e+01 +1.575473299e+02 +1.575473299e+02 -1.3586e+00 -3.2141e+00 -7.5218e-01
24 0 +1.831821226e+01 +1.339982123e+02 +1.339982123e+02 -1.9747e+00 -1.5876e+00 -7.3187e-01
186 0 +1.543309124e+01 +1.311130912e+02 +1.311130912e+02 -2.4511e+00 -1.5436e+00 -8.9844e-02
198 0 +1.093007601e+01 +1.266100760e+02 +1.266100760e+02 -3.0501e+00 -1.0234e+00 +2.0311e-01
241 0 +7.946383196e+00 +1.236263832e+02 +1.236263832e+02 -3.1667e+00 -9.0399e-01 +2.0092e-01
322 0 +6.204331677e+00 +1.218843317e+02 +1.218843317e+02 -4.1351e+00 -1.5128e+00 +2.4206e-01
357 0 +5.338795282e+00 +1.210187953e+02 +1.210187953e+02 -4.0969e+00 -9.9565e-01 +6.2114e-01
901 0 +3.328959555e+00 +1.190089596e+02 +1.190089596e+02 -3.1090e+00 -1.0132e+00 +2.5371e-01
1881 0 +2.287734246e+00 +1.179677342e+02 +1.179677342e+02 -3.1584e+00 -9.6409e-01 +6.0748e-01
1983 0 +2.172120524e+00 +1.178521205e+02 +1.178521205e+02 -2.1027e+00 -9.9985e-01 +5.9701e-01
2257 0 +1.868570626e+00 +1.175485706e+02 +1.175485706e+02 -2.2045e+00 -9.6558e-01 +2.8018e-01
3783 0 +5.708918528e-01 +1.162508919e+02 +1.162508919e+02 -2.1612e+00 -9.5121e-01 +2.4667e-01
4365 0 +5.015092975e-01 +1.161815093e+02 +1.161815093e+02 -2.1606e+00 -1.0077e+00 +2.3870e-01
4494 0 +8.380973956e-02 +1.157638097e+02 +1.157638097e+02 -2.1836e+00 -9.9354e-01 +2.4814e-01
7031 0 +5.006890565e-02 +1.157300689e+02 +1.157300689e+02 -2.1648e+00 -9.8429e-01 +2.4746e-01
10172 0 +3.649343140e-02 +1.157164934e+02 +1.157164934e+02 -2.1765e+00 -9.9010e-01 +2.4685e-01
10789 0 +3.467564857e-02 +1.157146756e+02 +1.157146756e+02 -2.1670e+00 -9.8371e-01 +2.4683e-01
10936 0 +3.048177260e-02 +1.157104818e+02 +1.157104818e+02 -2.1676e+00 -9.8228e-01 +2.4290e-01
10975 0 +2.199131977e-02 +1.157019913e+02 +1.157019913e+02 -2.1891e+00 -9.8448e-01 +2.4489e-01
11016 0 +1.210930574e-02 +1.156921093e+02 +1.156921093e+02 -2.1852e+00 -9.8435e-01 +2.4611e-01
11217 0 +7.943005676e-03 +1.156879430e+02 +1.156879430e+02 -2.1843e+00 -9.8243e-01 +2.4539e-01
11261 0 +5.741766622e-03 +1.156857418e+02 +1.156857418e+02 -2.1733e+00 -9.8236e-01 +2.4460e-01
11625 0 +4.384814747e-03 +1.156843848e+02 +1.156843848e+02 -2.1817e+00 -9.8444e-01 +2.4408e-01
11775 0 +4.320722132e-03 +1.156843207e+02 +1.156843207e+02 -2.1791e+00 -9.8315e-01 +2.4334e-01
11860 0 +2.916311730e-03 +1.156829163e+02 +1.156829163e+02 -2.1787e+00 -9.8542e-01 +2.4499e-01
11901 0 +1.335877377e-03 +1.156813359e+02 +1.156813359e+02 -2.1810e+00 -9.8298e-01 +2.4482e-01
11906 0 +5.918045607e-04 +1.156805918e+02 +1.156805918e+02 -2.1791e+00 -9.8252e-01 +2.4514e-01
11952 0 +1.315300600e-04 +1.156801315e+02 +1.156801315e+02 -2.1778e+00 -9.8296e-01 +2.4489e-01
11993 0 +1.048297108e-04 +1.156801048e+02 +1.156801048e+02 -2.1781e+00 -9.8296e-01 +2.4462e-01
12051 0 +1.048297108e-04 +1.156801048e+02 +1.156801048e+02 -2.1781e+00 -9.8296e-01 +2.4462e-01
% f evaluations | g evaluations | best noise-free fitness - Fopt (-3.710000000000e+00) + sum g_i+ | measured fitness | best measured fitness or single-digit g-values | x1 | x2...
1 0 +3.206526336e+02 +3.169426336e+02 +3.169426336e+02 -3.1160e-01 +3.5762e+00 +3.3600e+00
2 0 +8.659324066e+01 +8.288324066e+01 +8.288324066e+01 +2.1424e+00 -4.4475e+00 -8.1392e-01
5 0 +7.217510189e+01 +6.846510189e+01 +6.846510189e+01 +4.8945e+00 -4.7830e+00 +2.8000e+00
6 0 +6.402641420e+01 +6.031641420e+01 +6.031641420e+01 -1.0659e+00 -1.1146e-01 +1.7678e+00
8 0 +5.335556053e+01 +4.964556053e+01 +4.964556053e+01 +8.6428e-01 -1.3627e+00 +1.3608e+00
19 0 +5.114615269e+01 +4.743615269e+01 +4.743615269e+01 -1.8592e+00 -3.1436e+00 +1.0963e+00
25 0 +4.064565447e+01 +3.693565447e+01 +3.693565447e+01 +7.0920e-01 -3.8462e+00 +2.3499e+00
52 0 +3.294897449e+01 +2.923897449e+01 +2.923897449e+01 +1.8432e+00 -2.3807e+00 +1.4085e+00
94 0 +2.307851322e+01 +1.936851322e+01 +1.936851322e+01 +1.4366e+00 -2.9008e+00 +1.6911e+00
105 0 +1.866970542e+01 +1.495970542e+01 +1.495970542e+01 +1.2565e+00 -2.2232e+00 +1.1847e+00
155 0 +1.742853272e+01 +1.371853272e+01 +1.371853272e+01 +3.0448e+00 -1.5976e+00 +1.7117e+00
191 0 +1.563941714e+01 +1.192941714e+01 +1.192941714e+01 +5.0000e+00 -2.8770e+00 +2.4201e+00
200 0 +1.539387647e+01 +1.168387647e+01 +1.168387647e+01 +2.2568e+00 -2.7746e+00 +2.0865e+00
212 0 +1.037922111e+01 +6.669221109e+00 +6.669221109e+00 +1.0778e+00 -2.2142e+00 +2.1917e+00
286 0 +6.812956611e+00 +3.102956611e+00 +3.102956611e+00 +3.1252e+00 -2.8557e+00 +2.3768e+00
422 0 +6.236222372e+00 +2.526222372e+00 +2.526222372e+00 +2.2001e+00 -2.9236e+00 +1.4559e+00
1107 0 +5.981935635e+00 +2.271935635e+00 +2.271935635e+00 +3.2254e+00 -2.3466e+00 +2.1822e+00
1183 0 +5.074334597e+00 +1.364334597e+00 +1.364334597e+00 +4.1461e+00 -2.8460e+00 +2.1084e+00
2786 0 +4.977969946e+00 +1.267969946e+00 +1.267969946e+00 +4.1677e+00 -2.8561e+00 +1.7618e+00
3699 0 +1.677658739e+00 -2.032341261e+00 -2.032341261e+00 +3.1122e+00 -2.3061e+00 +2.1144e+00
5232 0 +1.643407101e+00 -2.066592899e+00 -2.066592899e+00 +3.0606e+00 -2.2918e+00 +2.1460e+00
6496 0 +1.472457739e+00 -2.237542261e+00 -2.237542261e+00 +3.1111e+00 -2.3115e+00 +2.1226e+00
8414 0 +1.309739493e+00 -2.400260507e+00 -2.400260507e+00 +3.1155e+00 -2.3147e+00 +2.1331e+00
8897 0 +9.787327937e-01 -2.731267206e+00 -2.731267206e+00 +3.1237e+00 -2.2593e+00 +1.7991e+00
12051 0 +9.787327937e-01 -2.731267206e+00 -2.731267206e+00 +3.1237e+00 -2.2593e+00 +1.7991e+00
% f evaluations | g evaluations | best noise-free fitness - Fopt (1.321800000000e+02) + sum g_i+ | measured fitness | best measured fitness or single-digit g-values | x1 | x2...
1 0 +1.274300985e+02 +2.596100985e+02 +2.596100985e+02 -4.5517e+00 -2.6102e+00 +1.8026e+00
2 0 +4.291262627e+01 +1.750926263e+02 +1.750926263e+02 -4.5834e+00 +3.3986e+00 +3.8542e+00
59 0 +3.273088866e+01 +1.649108887e+02 +1.649108887e+02 -5.0000e+00 +2.5615e+00 +3.0830e+00
60 0 +2.253203018e+01 +1.547120302e+02 +1.547120302e+02 -2.9992e+00 +1.6293e+00 +3.8157e+00
71 0 +1.807612018e+01 +1.502561202e+02 +1.502561202e+02 -3.6999e+00 +3.1414e+00 +2.8097e+00
133 0 +1.703362309e+01 +1.492136231e+02 +1.492136231e+02 -2.7835e+00 +2.2113e+00 +3.5346e+00
204 0 +9.133180631e+00 +1.413131806e+02 +1.413131806e+02 -3.7800e+00 +9.1407e-01 +4.2149e+00
229 0 +7.098539586e+00 +1.392785396e+02 +1.392785396e+02 -3.5990e+00 +1.4421e+00 +3.8079e+00
484 0 +6.329069127e+00 +1.385090691e+02 +1.385090691e+02 -4.8427e+00 +8.7466e-01 +3.7919e+00
632 0 +5.520850471e+00 +1.377008505e+02 +1.377008505e+02 -3.8606e+00 +1.4470e+00 +3.8757e+00
802 0 +4.517302531e+00 +1.366973025e+02 +1.366973025e+02 -4.6913e+00 +1.4719e+00 +3.8566e+00
3102 0 +3.057234706e+00 +1.352372347e+02 +1.352372347e+02 -4.7656e+00 +9.0192e-01 +3.4854e+00
3576 0 +2.923681121e+00 +1.351036811e+02 +1.351036811e+02 -3.8027e+00 +9.6080e-01 +3.4556e+00
4554 0 +2.726069696e+00 +1.349060697e+02 +1.349060697e+02 -3.7334e+00 +8.4423e-01 +3.4853e+00
5081 0 +1.773359930e+00 +1.339533599e+02 +1.339533599e+02 -3.8254e+00 +8.6835e-01 +3.4638e+00
9476 0 +1.591726304e+00 +1.337717263e+02 +1.337717263e+02 -3.8133e+00 +8.9114e-01 +3.4686e+00
10459 0 +1.488114841e+00 +1.336681148e+02 +1.336681148e+02 -3.7357e+00 +9.1280e-01 +3.4699e+00
10594 0 +1.098295652e+00 +1.332782957e+02 +1.332782957e+02 -3.7780e+00 +9.0065e-01 +3.4631e+00
10820 0 +1.048177009e+00 +1.332281770e+02 +1.332281770e+02 -3.7674e+00 +8.8292e-01 +3.4572e+00
11747 0 +1.030536290e+00 +1.332105363e+02 +1.332105363e+02 -3.7634e+00 +8.8065e-01 +3.4654e+00
11905 0 +1.017415908e+00 +1.331974159e+02 +1.331974159e+02 -3.7544e+00 +8.8280e-01 +3.4616e+00
12051 0 +1.000654988e+00 +1.331806550e+02 +1.331806550e+02 -3.7623e+00 +8.8267e-01 +3.4609e+00
% f evaluations | g evaluations | best noise-free fitness - Fopt (-4.620900000000e+02) + sum g_i+ | measured fitness | best measured fitness or single-digit g-values | x1 | x2...
1 0 +2.261262637e+02 -2.359637363e+02 -2.359637363e+02 +2.0686e+00 -2.6964e+00 +4.4854e+00
2 0 +1.396394049e+02 -3.224505951e+02 -3.224505951e+02 +2.4276e+00 +1.7544e+00 -9.3075e-01
8 0 +8.449712409e+01 -3.775928759e+02 -3.775928759e+02 -4.2458e+00 -1.1829e+00 +3.5742e-01
13 0 +5.196130052e+01 -4.101286995e+02 -4.101286995e+02 +2.9544e+00 +1.8775e+00 +2.1471e+00
19 0 +4.397663419e+01 -4.181133658e+02 -4.181133658e+02 +2.9571e-01 +2.6775e+00 +1.9584e+00
20 0 +3.000381041e+01 -4.320861896e+02 -4.320861896e+02 -2.5709e+00 -3.8806e-02 +2.8473e+00
53 0 +2.158138739e+01 -4.405086126e+02 -4.405086126e+02 -2.5677e+00 +2.9725e+00 +2.8583e+00
93 0 +1.767622595e+01 -4.444137740e+02 -4.444137740e+02 -1.3249e+00 +1.5108e+00 +2.5385e+00
167 0 +1.543322967e+01 -4.466567703e+02 -4.466567703e+02 -4.3021e+00 +1.1891e+00 +2.9254e+00
200 0 +1.266636281e+01 -4.494236372e+02 -4.494236372e+02 -1.3254e+00 +2.2239e+00 +2.4911e+00
374 0 +1.042623532e+01 -4.516637647e+02 -4.516637647e+02 -2.3687e+00 +1.8255e+00 +2.8828e+00
427 0 +5.491283946e+00 -4.565987161e+02 -4.565987161e+02 -1.3279e+00 +2.3824e+00 +2.5658e+00
730 0 +4.580411222e+00 -4.575095888e+02 -4.575095888e+02 -2.3443e+00 +2.2332e+00 +2.1807e+00
952 0 +3.136748019e+00 -4.589532520e+02 -4.589532520e+02 -1.3859e+00 +2.2980e+00 +2.5729e+00
1019 0 +2.825653731e+00 -4.592643463e+02 -4.592643463e+02 -3.3166e+00 +2.2606e+00 +2.2331e+00
1638 0 +2.581757140e+00 -4.595082429e+02 -4.595082429e+02 -2.2662e+00 +2.3370e+00 +2.5664e+00
2219 0 +2.088707194e-01 -4.618811293e+02 -4.618811293e+02 -2.3579e+00 +2.2901e+00 +2.2211e+00
10528 0 +1.827932234e-01 -4.619072068e+02 -4.619072068e+02 -2.3467e+00 +2.3160e+00 +2.2096e+00
11069 0 +4.753592762e-02 -4.620424641e+02 -4.620424641e+02 -2.3253e+00 +2.2995e+00 +2.2129e+00
11444 0 +3.628509861e-02 -4.620537149e+02 -4.620537149e+02 -2.3281e+00 +2.3008e+00 +2.2123e+00
11602 0 +1.348110607e-02 -4.620765189e+02 -4.620765189e+02 -2.3496e+00 +2.3008e+00 +2.2133e+00
11769 0 +1.179780380e-02 -4.620782022e+02 -4.620782022e+02 -2.3483e+00 +2.2999e+00 +2.2125e+00
11903 0 +9.298132832e-03 -4.620807019e+02 -4.620807019e+02 -2.3360e+00 +2.2975e+00 +2.2142e+00
11918 0 +7.805108302e-03 -4.620821949e+02 -4.620821949e+02 -2.3447e+00 +2.3025e+00 +2.2140e+00
11967 0 +5.557190195e-03 -4.620844428e+02 -4.620844428e+02 -2.3427e+00 +2.3001e+00 +2.2120e+00
11978 0 +1.625876251e-03 -4.620883741e+02 -4.620883741e+02 -2.3426e+00 +2.2997e+00 +2.2129e+00
11983 0 +1.217738657e-03 -4.620887823e+02 -4.620887823e+02 -2.3399e+00 +2.3011e+00 +2.2139e+00
12002 0 +6.073024464e-04 -4.620893927e+02 -4.620893927e+02 -2.3406e+00 +2.3009e+00 +2.2134e+00
12051 0 +6.073024464e-04 -4.620893927e+02 -4.620893927e+02 -2.3406e+00 +2.3009e+00 +2.2134e+00
% f evaluations | g evaluations | best noise-free fitness - Fopt (7.766000000000e+01) + sum g_i+ | measured fitness | best measured fitness or single-digit g-values | x1 | x2...
1 0 +3.934033352e+01 +1.170003335e+02 +1.170003335e+02 +3.8853e+00 -1.8654e+00 -6.9423e-01
36 0 +2.991007034e+01 +1.075700703e+02 +1.075700703e+02 +2.3199e+00 -3.1992e+00 -1.1772e+00
52 0 +2.340051635e+01 +1.010605163e+02 +1.010605163e+02 +4.4263e+00 -2.2673e+00 -8.9489e-01
64 0 +1.870249662e+01 +9.636249662e+01 +9.636249662e+01 +2.2491e+00 -1.8387e+00 -1.2810e+00
83 0 +1.858077146e+01 +9.624077146e+01 +9.624077146e+01 +2.4715e+00 -8.7847e-01 -3.3380e-01
99 0 +1.311489033e+01 +9.077489033e+01 +9.077489033e+01 +3.5787e-01 -3.7235e-01 -9.2651e-01
191 0 +1.068605547e+01 +8.834605547e+01 +8.834605547e+01 +1.4982e+00 +2.2405e-01 -9.2267e-01
216 0 +8.454786709e+00 +8.611478671e+01 +8.611478671e+01 +5.9874e-01 -3.0438e-01 -1.5895e+00
239 0 +8.032014290e+00 +8.569201429e+01 +8.569201429e+01 +5.5549e-01 -2.8694e-01 -1.2460e+00
314 0 +6.545607191e+00 +8.420560719e+01 +8.420560719e+01 +5.5104e-01 -1.4632e+00 -1.2558e+00
425 0 +6.171300905e+00 +8.383130091e+01 +8.383130091e+01 +4.4164e-01 -8.3471e-01 -1.6009e+00
758 0 +5.754107230e+00 +8.341410723e+01 +8.341410723e+01 +4.3339e-01 -8.1695e-01 -9.0255e-01
1365 0 +2.694458237e+00 +8.035445824e+01 +8.035445824e+01 +1.3907e+00 -1.4655e+00 -1.2892e+00
3432 0 +2.086516790e+00 +7.974651679e+01 +7.974651679e+01 +2.3328e+00 -8.7452e-01 -9.2665e-01
4483 0 +1.785491903e+00 +7.944549190e+01 +7.944549190e+01 +2.3564e+00 -8.2339e-01 -1.2493e+00
5074 0 +1.278884339e+00 +7.893888434e+01 +7.893888434e+01 +2.3988e+00 -8.7711e-01 -9.1504e-01
6945 0 +1.067905803e+00 +7.872790580e+01 +7.872790580e+01 +2.4665e+00 -8.5541e-01 -1.2586e+00
7455 0 +6.408916818e-01 +7.830089168e+01 +7.830089168e+01 +2.3410e+00 -8.5257e-01 -1.2685e+00
7700 0 +5.675121980e-01 +7.822751220e+01 +7.822751220e+01 +2.3797e+00 -8.3710e-01 -1.2582e+00
7742 0 +2.575865618e-01 +7.791758656e+01 +7.791758656e+01 +2.4023e+00 -8.7168e-01 -1.2794e+00
9259 0 +1.740789466e-01 +7.783407895e+01 +7.783407895e+01 +2.3720e+00 -8.5830e-01 -1.2757e+00
9670 0 +1.657609112e-01 +7.782576091e+01 +7.782576091e+01 +2.3902e+00 -8.4216e-01 -1.2672e+00
9854 0 +8.590646037e-02 +7.774590646e+01 +7.774590646e+01 +2.3965e+00 -8.4848e-01 -1.2661e+00
10339 0 +2.150899907e-02 +7.768150900e+01 +7.768150900e+01 +2.3997e+00 -8.4963e-01 -1.2720e+00
10815 0 +1.252487246e-02 +7.767252487e+01 +7.767252487e+01 +2.3946e+00 -8.5810e-01 -1.2739e+00
11648 0 +3.375349397e-03 +7.766337535e+01 +7.766337535e+01 +2.3968e+00 -8.5498e-01 -1.2710e+00
11852 0 +3.239934973e-03 +7.766323993e+01 +7.766323993e+01 +2.3954e+00 -8.5560e-01 -1.2728e+00
11920 0 +7.118938777e-04 +7.766071189e+01 +7.766071189e+01 +2.3985e+00 -8.5682e-01 -1.2716e+00
11994 0 +5.503497027e-05 +7.766005503e+01 +7.766005503e+01 +2.3989e+00 -8.5588e-01 -1.2719e+00
12051 0 +5.503497027e-05 +7.766005503e+01 +7.766005503e+01 +2.3989e+00 -8.5588e-01 -1.2719e+00
% f evaluations | g evaluations | best noise-free fitness - Fopt (1.156800000000e+02) + sum g_i+ | measured fitness | best measured fitness or single-digit g-values | x1 | x2...
1 0 +1.256424311e+02 +2.413224311e+02 +2.413224311e+02 -2.9164e+00 +1.5043e+00 -1.7823e+00
3 0 +7.560844688e+01 +1.912884469e+02 +1.912884469e+02 +2.5065e+00 -1.8268e+00 +6.0931e-02
4 0 +6.141332117e+01 +1.770933212e+02 +1.770933212e+02 -4.5621e+00 -2.1768e+00 +1.6981e+00
27 0 +2.312556372e+01 +1.388055637e+02 +1.388055637e+02 -2.1170e+00 +6.4679e-01 +5.2385e-01
82 0 +1.593280720e+01 +1.316128072e+02 +1.316128072e+02 -1.1434e+00 -3.7211e-01 +1.2165e+00
85 0 +1.249005132e+01 +1.281700513e+02 +1.281700513e+02 -2.1213e+00 +9.0840e-02 +9.7675e-01
316 0 +1.224422214e+01 +1.279242221e+02 +1.279242221e+02 -4.0970e+00 -1.5751e+00 -1.1667e-01
327 0 +9.998886308e+00 +1.256788863e+02 +1.256788863e+02 -1.1572e+00 -3.8568e-01 +2.9997e-01
395 0 +5.928672179e+00 +1.216086722e+02 +1.216086722e+02 -2.1528e+00 -1.0018e+00 +1.8776e-01
457 0 +5.813468622e+00 +1.214934686e+02 +1.214934686e+02 -2.1836e+00 -1.0259e+00 +2.9668e-01
490 0 +4.403606674e+00 +1.200836067e+02 +1.200836067e+02 -3.1558e+00 -1.0559e+00 +2.6526e-01
514 0 +4.055747502e+00 +1.197357475e+02 +1.197357475e+02 -2.0981e+00 -1.0411e+00 +6.0654e-01
764 0 +2.971362211e+00 +1.186513622e+02 +1.186513622e+02 -2.0944e+00 -1.5501e+00 +2.6109e-01
1313 0 +2.273959746e+00 +1.179539597e+02 +1.179539597e+02 -3.1969e+00 -1.5846e+00 +2.5180e-01
1420 0 +1.728076683e+00 +1.174080767e+02 +1.174080767e+02 -2.1394e+00 -1.6128e+00 +2.3670e-01
1639 0 +1.628031838e+00 +1.173080318e+02 +1.173080318e+02 -2.2615e+00 -9.7604e-01 +2.2949e-01
3364 0 +6.178859294e-01 +1.162978859e+02 +1.162978859e+02 -2.2116e+00 -9.6004e-01 +2.5022e-01
5692 0 +5.443232516e-01 +1.162243233e+02 +1.162243233e+02 -2.1303e+00 -9.8424e-01 +2.4532e-01
5908 0 +4.344838145e-01 +1.161144838e+02 +1.161144838e+02 -2.2145e+00 -9.7749e-01 +2.5326e-01
6713 0 +1.997518377e-01 +1.158797518e+02 +1.158797518e+02 -2.1784e+00 -9.6509e-01 +2.4880e-01
6970 0 +1.880790040e-01 +1.158680790e+02 +1.158680790e+02 -2.1872e+00 -9.8285e-01 +2.5511e-01
7375 0 +2.511044367e-02 +1.157051104e+02 +1.157051104e+02 -2.1822e+00 -9.8263e-01 +2.4161e-01
9963 0 +1.639183272e-02 +1.156963918e+02 +1.156963918e+02 -2.1814e+00 -9.8440e-01 +2.4212e-01
10833 0 +6.806510910e-03 +1.156868065e+02 +1.156868065e+02 -2.1756e+00 -9.8498e-01 +2.4346e-01
11516 0 +5.106439134e-03 +1.156851064e+02 +1.156851064e+02 -2.1799e+00 -9.8560e-01 +2.4567e-01
11576 0 +4.177610595e-03 +1.156841776e+02 +1.156841776e+02 -2.1763e+00 -9.8265e-01 +2.4609e-01
11716 0 +3.243872548e-03 +1.156832439e+02 +1.156832439e+02 -2.1796e+00 -9.8342e-01 +2.4611e-01
11853 0 +2.415186814e-03 +1.156824152e+02 +1.156824152e+02 -2.1797e+00 -9.8175e-01 +2.4407e-01
11862 0 +7.547237518e-04 +1.156807547e+02 +1.156807547e+02 -2.1781e+00 -9.8273e-01 +2.4429e-01
11944 0 +7.162384288e-04 +1.156807162e+02 +1.156807162e+02 -2.1789e+00 -9.8424e-01 +2.4490e-01
11953 0 +6.270528935e-04 +1.156806271e+02 +1.156806271e+02 -2.1767e+00 -9.8305e-01 +2.4499e-01
11958 0 +4.979177009e-04 +1.156804979e+02 +1.156804979e+02 -2.1779e+00 -9.8407e-01 +2.4488e-01
11960 0 +1.372177427e-04 +1.156801372e+02 +1.156801372e+02 -2.1787e+00 -9.8358e-01 +2.4470e-01
12051 0 +1.372177427e-04 +1.156801372e+02 +1.156801372e+02 -2.1787e+00 -9.8358e-01 +2.4470e-01
% f evaluations | g evaluations | best noise-free fitness - Fopt (-3.710000000000e+00) + sum g_i+ | measured fitness | best measured fitness or single-digit g-values | x1 | x2...
1 0 +5.921939930e+02 +5.884839930e+02 +5.884839930e+02 +3.2705e+00 +2.7147e+00 -4.9905e+00
2 0 +3.801319855e+02 +3.764219855e+02 +3.764219855e+02 +3.2991e+00 -1.7024e-03 -4.3392e+00
3 0 +8.412889231e+01 +8.041889231e+01 +8.041889231e+01 +2.5866e+00 +1.0415e+00 +2.5700e+00
4 0 +6.736720502e+01 +6.365720502e+01 +6.365720502e+01 -1.7783e+00 -3.0379e+00 +3.1253e+00
16 0 +5.816205771e+01 +5.445205771e+01 +5.445205771e+01 -1.2948e+00 -2.8477e+00 +6.3108e-01
60 0 +5.224980022e+01 +4.853980022e+01 +4.853980022e+01 -3.2006e+00 -2.6883e+00 +1.4376e+00
61 0 +3.810992870e+01 +3.439992870e+01 +3.439992870e+01 +8.6519e-01 -2.1761e+00 +1.3619e+00
75 0 +3.682290356e+01 +3.311290356e+01 +3.311290356e+01 -5.9688e-01 -2.3519e+00 +2.5571e+00
95 0 +2.438018163e+01 +2.067018163e+01 +2.067018163e+01 +4.1885e+00 -2.0481e+00 +1.8151e+00
109 0 +2.046855712e+01 +1.675855712e+01 +1.675855712e+01 +2.9670e+00 -2.3260e+00 +1.9047e+00
146 0 +1.483347675e+01 +1.112347675e+01 +1.112347675e+01 +4.1885e+00 -1.6635e+00 +1.0930e+00
288 0 +7.162093341e+00 +3.452093341e+00 +3.452093341e+00 +3.0181e+00 -2.7853e+00 +2.1664e+00
390 0 +5.995261338e+00 +2.285261338e+00 +2.285261338e+00 +3.2243e+00 -2.2461e+00 +2.1062e+00
400 0 +5.794209930e+00 +2.084209930e+00 +2.084209930e+00 +3.0582e+00 -3.3731e+00 +1.4667e+00
2217 0 +4.509798876e+00 +7.997988758e-01 +7.997988758e-01 +3.0572e+00 -2.9544e+00 +1.8173e+00
2816 0 +3.064177455e+00 -6.458225454e-01 -6.458225454e-01 +3.0966e+00 -2.3356e+00 +1.4912e+00
4368 0 +1.501320492e+00 -2.208679508e+00 -2.208679508e+00 +2.1241e+00 -2.2660e+00 +1.7801e+00
9817 0 +1.262365948e+00 -2.447634052e+00 -2.447634052e+00 +2.1193e+00 -2.2859e+00 +1.7945e+00
9822 0 +1.234464843e+00 -2.475535157e+00 -2.475535157e+00 +2.1004e+00 -2.3011e+00 +1.7839e+00
10046 0 +1.194622079e+00 -2.515377921e+00 -2.515377921e+00 +2.1422e+00 -2.2896e+00 +1.7788e+00
10985 0 +1.015503533e+00 -2.694496467e+00 -2.694496467e+00 +2.1294e+00 -2.2947e+00 +1.7813e+00
11893 0 +9.993403459e-01 -2.710659654e+00 -2.710659654e+00 +2.1266e+00 -2.2942e+00 +1.7830e+00
12051 0 +9.955726239e-01 -2.714427376e+00 -2.714427376e+00 +2.1242e+00 -2.2957e+00 +1.7829e+00
% f evaluations | g evaluations | best noise-free fitness - Fopt (1.321800000000e+02) + sum g_i+ | measured fitness | best measured fitness or single-digit g-values | x1 | x2...
1 0 +1.159914216e+02 +2.481714216e+02 +2.481714216e+02 -2.2479e+00 +6.6324e-01 +1.0018e+00
4 0 +3.522013009e+01 +1.674001301e+02 +1.674001301e+02 -2.9563e+00 +2.0523e+00 +2.9831e+00
8 0 +3.124502976e+01 +1.634250298e+02 +1.634250298e+02 -4.8085e+00 +3.4362e+00 +3.1193e+00
82 0 +1.941680596e+01 +1.515968060e+02 +1.515968060e+02 -2.7230e+00 +1.0430e+00 +2.8458e+00
111 0 +1.584315393e+01 +1.480231539e+02 +1.480231539e+02 -3.0265e+00 +2.0115e+00 +3.8447e+00
235 0 +1.097419471e+01 +1.431541947e+02 +1.431541947e+02 -2.9419e+00 +1.4614e+00 +3.4652e+00
253 0 +1.030316491e+01 +1.424831649e+02 +1.424831649e+02 -2.7310e+00 +7.9731e-01 +4.1122e+00
828 0 +8.919881461e+00 +1.410998815e+02 +1.410998815e+02 -2.8120e+00 +1.5930e+00 +3.4521e+00
869 0 +6.478378095e+00 +1.386583781e+02 +1.386583781e+02 -3.6036e+00 +1.4724e+00 +3.5001e+00
905 0 +4.701279653e+00 +1.368812797e+02 +1.368812797e+02 -3.8152e+00 +2.0363e+00 +3.8766e+00
2094 0 +3.510071473e+00 +1.356900715e+02 +1.356900715e+02 -3.8271e+00 +1.5350e+00 +3.8331e+00
2098 0 +1.762525358e+00 +1.339425254e+02 +1.339425254e+02 -3.7894e+00 +1.5280e+00 +3.4773e+00
6928 0 +1.716697648e+00 +1.338966976e+02 +1.338966976e+02 -3.7138e+00 +1.4748e+00 +3.1459e+00
7624 0 +1.295500390e+00 +1.334755004e+02 +1.334755004e+02 -3.7878e+00 +1.5056e+00 +3.4406e+00
7923 0 +9.713628469e-01 +1.331513628e+02 +1.331513628e+02 -3.8073e+00 +1.4947e+00 +3.4795e+00
8679 0 +8.496850184e-01 +1.330296850e+02 +1.330296850e+02 -3.7475e+00 +1.4641e+00 +3.4446e+00
9187 0 +4.217088115e-01 +1.326017088e+02 +1.326017088e+02 -3.7549e+00 +1.5075e+00 +3.4623e+00
9690 0 +2.114670503e-01 +1.323914671e+02 +1.323914671e+02 -3.7799e+00 +1.4929e+00 +3.4541e+00
10783 0 +1.787746291e-01 +1.323587746e+02 +1.323587746e+02 -3.7717e+00 +1.4869e+00 +3.4712e+00
11411 0 +6.751453952e-02 +1.322475145e+02 +1.322475145e+02 -3.7501e+00 +1.4756e+00 +3.4626e+00
11448 0 +6.004323185e-02 +1.322400432e+02 +1.322400432e+02 -3.7698e+00 +1.4905e+00 +3.4589e+00
11513 0 +5.193235128e-02 +1.322319324e+02 +1.322319324e+02 -3.7794e+00 +1.4821e+00 +3.4604e+00
11604 0 +4.863910683e-02 +1.322286391e+02 +1.322286391e+02 -3.7620e+00 +1.4740e+00 +3.4592e+00
11703 0 +3.766744980e-02 +1.322176674e+02 +1.322176674e+02 -3.7562e+00 +1.4795e+00 +3.4651e+00
11862 0 +9.180096441e-03 +1.321891801e+02 +1.321891801e+02 -3.7615e+00 +1.4790e+00 +3.4614e+00
11924 0 +5.007298684e-03 +1.321850073e+02 +1.321850073e+02 -3.7630e+00 +1.4849e+00 +3.4609e+00
11954 0 +3.932010780e-03 +1.321839320e+02 +1.321839320e+02 -3.7674e+00 +1.4834e+00 +3.4610e+00
11989 0 +1.889784101e-03 +1.321818898e+02 +1.321818898e+02 -3.7616e+00 +1.4821e+00 +3.4611e+00
12002 0 +1.052137259e-03 +1.321810521e+02 +1.321810521e+02 -3.7642e+00 +1.4832e+00 +3.4610e+00
12051 0 +1.052137259e-03 +1.321810521e+02 +1.321810521e+02 -3.7642e+00 +1.4832e+00 +3.4610e+00
