% f evaluations | g evaluations | best noise-free fitness - Fopt (7.135000000000e+01) + sum g_i+ | measured fitness | best measured fitness or single-digit g-values | x1 | x2...
1 0 +1.145838415e+02 +1.859338415e+02 +1.859338415e+02 +2.9654e+00 -3.1657e+00 +2.7969e+00 +9.6850e-01 -5.4167e-01 -4.0003e+00 -4.0751e-01 -1.6629e+00 -3.5713e+00 +1.5089e+00
2 0 +6.072946342e+01 +1.320794634e+02 +1.320794634e+02 -4.4359e+00 +2.2200e+00 +4.3855e+00 -4.9922e+00 +4.9221e+00 +1.1748e+00 +1.1165e+00 -4.9293e+00 -4.7694e+00 +2.4775e-01
3 0 +4.997250250e+01 +1.213225025e+02 +1.213225025e+02 -1.0014e+00 -4.5333e+00 +4.7376e+00 -2.6723e+00 -4.0939e+00 +1.1839e+00 -1.1754e+00 +4.8323e+00 -3.3237e-01 +3.5994e+00
6 0 +3.912175512e+01 +1.104717551e+02 +1.104717551e+02 +3.4228e+00 -5.0246e-01 -1.0485e+00 +4.2666e+00 +2.2727e+00 -1.7346e+00 +7.0444e-01 +2.0834e-01 +4.6117e+00 +3.4453e+00
26 0 +2.943816109e+01 +1.007881611e+02 +1.007881611e+02 -1.9430e+00 -3.0909e+00 -2.3153e+00 -1.4720e-01 -1.2731e+00 -1.0531e+00 +3.4421e+00 +4.3002e+00 -4.2958e+00 -2.9108e+00
109 0 +2.809664931e+01 +9.944664931e+01 +9.944664931e+01 -2.4102e+00 +8.8554e-01 +4.8233e+00 +3.8420e+00 +1.0080e+00 +4.0372e+00 +4.8918e+00 +2.4335e+00 -4.3501e+00 -9.8420e-01
206 0 +2.220246783e+01 +9.355246783e+01 +9.355246783e+01 +3.1105e+00 +4.3408e-01 -3.7225e+00 +2.9407e-01 +3.0127e+00 -2.8397e+00 -2.7736e+00 +2.8244e+00 +3.7530e+00 -1.5444e+00
285 0 +1.180788235e+01 +8.315788235e+01 +8.315788235e+01 -3.4831e+00 +3.6342e+00 -2.1862e+00 +2.7422e+00 +1.0809e+00 +1.3664e+00 -9.0112e-01 -4.0900e+00 +4.2386e-01 -4.4675e+00
5404 0 +1.067858998e+01 +8.202858998e+01 +8.202858998e+01 +9.0333e-01 -2.5984e-01 -1.2396e+00 -6.5078e-01 +2.7086e+00 +4.3201e-01 +1.7450e+00 +1.0091e+00 -2.3109e+00 -1.4577e+00
8775 0 +9.627949465e+00 +8.097794946e+01 +8.097794946e+01 -1.6710e-01 +3.9311e-01 +2.8003e-01 +3.5601e+00 -5.9193e-01 -2.7260e+00 -1.8544e+00 -1.1506e+00 -2.7512e+00 -2.4049e+00
10314 0 +7.242465042e+00 +7.859246504e+01 +7.859246504e+01 -3.5670e+00 +4.7802e-01 +2.5727e+00 -4.6654e+00 +2.5874e-01 +2.9813e+00 +3.0998e+00 +1.8523e+00 +1.5592e+00 -1.3323e+00
16111 0 +4.658261828e+00 +7.600826183e+01 +7.600826183e+01 +4.6431e+00 +3.4834e+00 -1.3317e+00 +3.8945e+00 +1.3905e+00 -1.9429e+00 +4.6317e+00 +2.2868e+00 -1.7683e+00 -2.4987e+00
25340 0 +3.556485261e+00 +7.490648526e+01 +7.490648526e+01 -3.7151e+00 +4.5312e-01 +2.6136e+00 -4.6654e+00 +2.5874e-01 +2.9813e+00 +3.1967e+00 +1.6056e+00 +1.5592e+00 -1.3323e+00
28294 0 +3.059858901e+00 +7.440985890e+01 +7.440985890e+01 +3.1836e+00 +1.0213e-01 +5.2217e-01 +1.5671e+00 +3.2039e+00 -2.8937e-01 -1.7493e+00 +4.7075e-01 +4.3343e+00 -1.8423e+00
32859 0 +2.731690816e+00 +7.408169082e+01 +7.408169082e+01 -2.7452e+00 +2.2731e+00 +3.8434e+00 +4.4427e+00 +3.5602e+00 +1.6869e+00 -8.3140e-01 -2.6137e+00 +8.9112e-01 +3.9353e-01
34475 0 +2.513419523e+00 +7.386341952e+01 +7.386341952e+01 -5.5140e-01 -2.5863e-01 +1.9713e+00 -2.6177e+00 +9.0556e-01 +3.7461e+00 +9.1807e-01 +9.6866e-01 +1.5519e+00 -1.0389e+00
34867 0 +2.101493517e+00 +7.345149352e+01 +7.345149352e+01 -5.5140e-01 -2.5863e-01 +1.9396e+00 -2.5051e+00 +9.0556e-01 +3.6654e+00 +8.6942e-01 +9.6866e-01 +1.5519e+00 -1.0834e+00
36424 0 +1.724934853e+00 +7.307493485e+01 +7.307493485e+01 -3.1123e+00 +1.4742e+00 +4.0772e+00 -2.4409e-01 -3.3235e+00 -1.1756e+00 -1.4109e+00 -9.5922e-01 +8.9987e-01 -1.7260e+00
36680 0 +1.435067869e+00 +7.278506787e+01 +7.278506787e+01 -4.5310e-01 -2.0225e-01 +1.9396e+00 -2.5051e+00 +9.1562e-01 +3.6654e+00 +7.7792e-01 +9.0016e-01 +1.5519e+00 -1.0834e+00
38135 0 +1.395435116e+00 +7.274543512e+01 +7.274543512e+01 -4.5310e-01 -2.0225e-01 +1.9396e+00 -2.5227e+00 +9.1562e-01 +3.6311e+00 +7.5707e-01 +9.0016e-01 +1.5519e+00 -1.0834e+00
38911 0 +1.277474679e+00 +7.262747468e+01 +7.262747468e+01 -4.5310e-01 -2.0225e-01 +1.9396e+00 -2.5227e+00 +9.0584e-01 +3.6311e+00 +7.7860e-01 +9.0016e-01 +1.5519e+00 -1.0834e+00
39584 0 +1.246706511e+00 +7.259670651e+01 +7.259670651e+01 -4.5310e-01 -2.0225e-01 +1.9396e+00 -2.5227e+00 +9.0584e-01 +3.6311e+00 +7.7860e-01 +8.6421e-01 +1.5519e+00 -1.0834e+00
39692 0 +1.035210085e+00 +7.238521008e+01 +7.238521008e+01 -4.5310e-01 -2.0225e-01 +1.9396e+00 -2.5227e+00 +9.0584e-01 +3.6311e+00 +7.7860e-01 +9.1795e-01 +1.5519e+00 -1.0542e+00
39844 0 +9.759529339e-01 +7.232595293e+01 +7.232595293e+01 -4.3759e-01 -2.2545e-01 +1.9396e+00 -2.5510e+00 +9.0584e-01 +3.6379e+00 +7.7860e-01 +9.1795e-01 +1.5486e+00 -1.0542e+00
39924 0 +9.073609023e-01 +7.225736090e+01 +7.225736090e+01 -4.3759e-01 -2.2545e-01 +1.9905e+00 -2.5510e+00 +9.0584e-01 +3.6601e+00 +7.7860e-01 +8.4112e-01 +1.4855e+00 -1.0542e+00
40182 0 +8.938992929e-01 +7.224389929e+01 +7.224389929e+01 -4.3761e-01 -2.2548e-01 +1.9905e+00 -2.5510e+00 +9.0584e-01 +3.6601e+00 +7.7859e-01 +8.4114e-01 +1.4855e+00 -1.0559e+00
% f evaluations | g evaluations | best noise-free fitness - Fopt (-3.552200000000e+02) + sum g_i+ | measured fitness | best measured fitness or single-digit g-values | x1 | x2...
1 0 +3.061322097e+01 -3.246067790e+02 -3.246067790e+02 +2.9654e+00 -3.1657e+00 +2.7969e+00 +9.6850e-01 -5.4167e-01 -4.0003e+00 -4.0751e-01 -1.6629e+00 -3.5713e+00 +1.5089e+00
5 0 +2.675693362e+01 -3.284630664e+02 -3.284630664e+02 +1.1000e+00 +3.3319e+00 -3.2664e+00 -1.0894e+00 -3.1776e+00 +2.5536e+00 -7.4844e-01 -2.9206e+00 +6.7700e-01 -4.6869e+00
616 0 +2.289951265e+01 -3.323204874e+02 -3.323204874e+02 -4.6381e+00 -1.6434e+00 -3.4792e+00 +2.0102e+00 +1.8038e-01 -2.2350e+00 -3.5009e+00 -1.6305e+00 -2.4216e+00 -8.8940e-01
671 0 +1.696428584e+01 -3.382557142e+02 -3.382557142e+02 +8.9923e-01 +1.4298e+00 -8.6469e-01 +3.4884e+00 -3.9918e+00 -9.9621e-01 +1.2695e+00 -9.8623e-01 +3.1769e+00 +1.5902e+00
941 0 +1.645948332e+01 -3.387605167e+02 -3.387605167e+02 -2.8929e+00 -3.9646e-01 -3.0215e+00 +2.8597e+00 -1.5491e+00 -2.2278e+00 +3.9616e+00 -3.9316e+00 -2.6311e+00 -2.5345e+00
2753 0 +1.439636438e+01 -3.408236356e+02 -3.408236356e+02 -1.1639e+00 -2.8298e+00 +3.1050e-01 -1.3235e+00 +1.9796e+00 +2.4984e-01 -4.6179e+00 -3.7486e+00 -8.5415e-01 +3.8127e+00
6113 0 +1.007794483e+01 -3.451420552e+02 -3.451420552e+02 -4.8359e+00 +1.9145e+00 +3.9411e-01 +2.7166e+00 -4.4965e+00 +7.1139e-01 +3.3007e+00 -1.1801e+00 -3.3733e+00 -4.2716e-01
12926 0 +9.854369375e+00 -3.453656306e+02 -3.453656306e+02 -4.7523e+00 +1.9112e+00 +3.9599e-01 +2.6897e+00 -4.4768e+00 +7.6406e-01 +3.2715e+00 -1.1243e+00 -3.3510e+00 -4.0713e-01
14436 0 +9.597560495e+00 -3.456224395e+02 -3.456224395e+02 -1.9124e+00 +2.5147e+00 +3.3097e+00 -7.8569e-01 -7.0373e-01 -1.3276e+00 +1.8861e+00 -1.2086e+00 -1.5643e+00 +1.1173e+00
21740 0 +8.544331582e+00 -3.466756684e+02 -3.466756684e+02 -1.0265e+00 +3.4939e+00 -2.5858e+00 +1.3599e+00 -1.7710e+00 +2.3550e+00 +2.9451e+00 +5.5143e-02 -3.2700e+00 +6.2576e-01
23100 0 +6.434700158e+00 -3.487852998e+02 -3.487852998e+02 -1.9124e+00 +2.5759e+00 +3.2051e+00 -7.8914e-01 -6.9703e-01 -1.3313e+00 +1.8861e+00 -1.2783e+00 -1.5944e+00 +1.0585e+00
23878 0 +6.078812739e+00 -3.491411873e+02 -3.491411873e+02 -8.2393e-01 +3.6247e+00 -4.3490e-01 +3.9193e-01 +3.0677e-01 -7.9300e-01 -6.5498e-01 -2.4326e+00 -3.4574e+00 +4.9957e-01
26479 0 +5.256433964e+00 -3.499635660e+02 -3.499635660e+02 -1.3509e+00 +3.6923e+00 -2.6044e+00 +1.1613e+00 -1.5537e+00 +1.9039e+00 +2.9210e+00 -3.4628e-01 -3.6055e+00 +4.0958e-01
27109 0 +4.400460777e+00 -3.508195392e+02 -3.508195392e+02 -1.3509e+00 +3.5380e+00 -2.5531e+00 +1.1613e+00 -1.5537e+00 +1.7068e+00 +2.9210e+00 -5.6186e-01 -3.6055e+00 +4.9256e-01
29373 0 +3.938982762e+00 -3.512810172e+02 -3.512810172e+02 -1.3784e+00 +3.4906e+00 -2.4594e+00 +1.1592e+00 -1.5537e+00 +1.6778e+00 +2.9391e+00 -5.0954e-01 -3.5796e+00 +4.9256e-01
33962 0 +3.589547584e+00 -3.516304524e+02 -3.516304524e+02 -1.3867e+00 +3.5496e+00 -2.5083e+00 +1.1850e+00 -1.5403e+00 +1.6866e+00 +2.9391e+00 -5.0954e-01 -3.5797e+00 +4.7765e-01
37363 0 +3.024586577e+00 -3.521954134e+02 -3.521954134e+02 -1.4260e+00 +3.4655e+00 -2.5775e+00 +1.2213e+00 -1.5423e+00 +1.6774e+00 +3.0094e+00 -5.6467e-01 -3.5797e+00 +4.3367e-01
37427 0 +2.426849984e+00 -3.527931500e+02 -3.527931500e+02 -1.4244e+00 +3.3833e+00 -2.7731e+00 +1.2597e+00 -1.5592e+00 +1.6774e+00 +3.0634e+00 -6.4233e-01 -3.5797e+00 +3.9342e-01
37611 0 +2.256982350e+00 -3.529630176e+02 -3.529630176e+02 -1.3466e+00 +3.4795e+00 -2.6534e+00 +1.1129e+00 -1.4497e+00 +1.7767e+00 +3.0634e+00 -6.6958e-01 -3.5573e+00 +3.4293e-01
37865 0 +1.517580049e+00 -3.537024200e+02 -3.537024200e+02 -1.3494e+00 +3.4743e+00 -2.6515e+00 +1.1491e+00 -1.5254e+00 +1.7574e+00 +3.1089e+00 -6.9675e-01 -3.5726e+00 +3.5048e-01
38057 0 +1.445160613e+00 -3.537748394e+02 -3.537748394e+02 -1.3551e+00 +3.4656e+00 -2.5957e+00 +1.1123e+00 -1.5129e+00 +1.7273e+00 +3.1219e+00 -6.8895e-01 -3.5517e+00 +3.5965e-01
38329 0 +1.317833975e+00 -3.539021660e+02 -3.539021660e+02 -1.3071e+00 +3.4475e+00 -2.5945e+00 +1.1281e+00 -1.5184e+00 +1.7269e+00 +3.1064e+00 -6.8126e-01 -3.5538e+00 +3.4969e-01
38576 0 +1.263031154e+00 -3.539569688e+02 -3.539569688e+02 -1.3086e+00 +3.4461e+00 -2.5945e+00 +1.1237e+00 -1.5201e+00 +1.7218e+00 +3.0996e+00 -6.8185e-01 -3.5504e+00 +3.5251e-01
38957 0 +1.226541986e+00 -3.539934580e+02 -3.539934580e+02 -1.2726e+00 +3.4229e+00 -2.5906e+00 +1.1875e+00 -1.5591e+00 +1.7400e+00 +3.1027e+00 -6.6528e-01 -3.5821e+00 +3.4972e-01
39009 0 +1.049146308e+00 -3.541708537e+02 -3.541708537e+02 -1.2958e+00 +3.4521e+00 -2.6126e+00 +1.1836e+00 -1.5649e+00 +1.7730e+00 +3.1308e+00 -6.4257e-01 -3.5828e+00 +3.6366e-01
39073 0 +1.020149942e+00 -3.541998501e+02 -3.541998501e+02 -1.2831e+00 +3.4294e+00 -2.6005e+00 +1.1858e+00 -1.5617e+00 +1.7547e+00 +3.1153e+00 -6.6528e-01 -3.5823e+00 +3.5283e-01
39161 0 +8.933157205e-01 -3.543266843e+02 -3.543266843e+02 -1.2859e+00 +3.4344e+00 -2.6032e+00 +1.1853e+00 -1.5624e+00 +1.7587e+00 +3.1187e+00 -6.6028e-01 -3.5823e+00 +3.5522e-01
39249 0 +8.435035555e-01 -3.543764964e+02 -3.543764964e+02 -1.2885e+00 +3.4410e+00 -2.6067e+00 +1.1889e+00 -1.5625e+00 +1.7617e+00 +3.1187e+00 -6.7359e-01 -3.5821e+00 +3.5677e-01
39348 0 +8.230155929e-01 -3.543969844e+02 -3.543969844e+02 -1.2877e+00 +3.4440e+00 -2.6113e+00 +1.1901e+00 -1.5642e+00 +1.7669e+00 +3.1210e+00 -6.6051e-01 -3.5836e+00 +3.5701e-01
39546 0 +7.057839305e-01 -3.545142161e+02 -3.545142161e+02 -1.2867e+00 +3.4387e+00 -2.6252e+00 +1.1760e+00 -1.5518e+00 +1.7601e+00 +3.1181e+00 -6.4893e-01 -3.5960e+00 +3.5874e-01
39657 0 +6.799549425e-01 -3.545400451e+02 -3.545400451e+02 -1.2859e+00 +3.4375e+00 -2.6295e+00 +1.1757e+00 -1.5521e+00 +1.7632e+00 +3.1199e+00 -6.5338e-01 -3.5992e+00 +3.5862e-01
39717 0 +6.528530009e-01 -3.545671470e+02 -3.545671470e+02 -1.2860e+00 +3.4377e+00 -2.6298e+00 +1.1767e+00 -1.5492e+00 +1.7692e+00 +3.1222e+00 -6.5861e-01 -3.5973e+00 +3.5687e-01
39720 0 +6.258094470e-01 -3.545941906e+02 -3.545941906e+02 -1.2859e+00 +3.4373e+00 -2.6299e+00 +1.1772e+00 -1.5503e+00 +1.7688e+00 +3.1205e+00 -6.5494e-01 -3.5983e+00 +3.5597e-01
39777 0 +6.150241252e-01 -3.546049759e+02 -3.546049759e+02 -1.2859e+00 +3.4375e+00 -2.6297e+00 +1.1768e+00 -1.5501e+00 +1.7696e+00 +3.1214e+00 -6.5602e-01 -3.5975e+00 +3.5587e-01
39787 0 +5.999440080e-01 -3.546200560e+02 -3.546200560e+02 -1.2860e+00 +3.4378e+00 -2.6303e+00 +1.1763e+00 -1.5501e+00 +1.7706e+00 +3.1225e+00 -6.5823e-01 -3.5961e+00 +3.5570e-01
39851 0 +5.856218598e-01 -3.546343781e+02 -3.546343781e+02 -1.2860e+00 +3.4378e+00 -2.6304e+00 +1.1761e+00 -1.5498e+00 +1.7708e+00 +3.1226e+00 -6.5796e-01 -3.5961e+00 +3.5566e-01
40182 0 +5.788186838e-01 -3.546411813e+02 -3.546411813e+02 -1.2860e+00 +3.4378e+00 -2.6304e+00 +1.1762e+00 -1.5498e+00 +1.7708e+00 +3.1226e+00 -6.5796e-01 -3.5961e+00 +3.5568e-01
% f evaluations | g evaluations | best noise-free fitness - Fopt (9.917000000000e+01) + sum g_i+ | measured fitness | best measured fitness or single-digit g-values | x1 | x2...
1 0 +8.469903040e+01 +1.838690304e+02 +1.838690304e+02 +2.9654e+00 -3.1657e+00 +2.7969e+00 +9.6850e-01 -5.4167e-01 -4.0003e+00 -4.0751e-01 -1.6629e+00 -3.5713e+00 +1.5089e+00
3 0 +7.190308018e+01 +1.710730802e+02 +1.710730802e+02 -1.0014e+00 -4.5333e+00 +4.7376e+00 -2.6723e+00 -4.0939e+00 +1.1839e+00 -1.1754e+00 +4.8323e+00 -3.3237e-01 +3.5994e+00
4 0 +5.476044404e+01 +1.539304440e+02 +1.539304440e+02 +1.8031e+00 -4.9501e-01 -4.8674e+00 +4.4220e+00 +6.3288e-01 -1.1458e+00 -4.8403e+00 -2.6911e+00 -2.5897e+00 +1.8326e+00
6 0 +4.551830747e+01 +1.446883075e+02 +1.446883075e+02 +3.4228e+00 -5.0246e-01 -1.0485e+00 +4.2666e+00 +2.2727e+00 -1.7346e+00 +7.0444e-01 +2.0834e-01 +4.6117e+00 +3.4453e+00
8 0 +3.300155896e+01 +1.321715590e+02 +1.321715590e+02 -1.0512e+00 -2.0651e+00 -4.8592e+00 -3.0116e+00 +2.1134e+00 +2.9018e+00 +1.0596e+00 +4.2630e+00 +1.5108e+00 +4.1496e+00
66 0 +2.577609009e+01 +1.249460901e+02 +1.249460901e+02 +8.4199e-01 +2.3682e+00 +5.7742e-01 +8.6535e-01 +6.4459e-01 -1.2123e+00 -1.6255e+00 +3.9965e+00 +1.0756e+00 -2.5565e+00
363 0 +2.327172432e+01 +1.224417243e+02 +1.224417243e+02 +4.3400e+00 -3.5174e+00 +2.5550e+00 -8.4093e-01 +3.4625e+00 +3.4147e-01 +1.7809e-01 +3.8217e+00 -2.3826e+00 +9.5564e-01
536 0 +2.147773999e+01 +1.206477400e+02 +1.206477400e+02 -3.3002e+00 -1.1119e+00 -9.1669e-01 +3.4495e+00 +2.8653e+00 +1.1742e+00 +4.4266e+00 -1.0963e+00 -7.8371e-01 +1.5817e+00
816 0 +1.776897033e+01 +1.169389703e+02 +1.169389703e+02 +5.8872e-01 -2.1148e+00 -3.2408e+00 -3.6486e+00 +1.8509e-01 +4.3734e+00 -2.5325e+00 +4.4990e+00 -1.0607e+00 -1.7055e+00
1593 0 +1.608232302e+01 +1.152523230e+02 +1.152523230e+02 +9.4567e-01 +5.9681e-01 +4.1375e+00 +1.3874e-01 +4.0788e+00 +4.9941e+00 +2.0114e+00 +9.5936e-01 +1.6550e+00 +6.3908e-01
1650 0 +1.511881839e+01 +1.142888184e+02 +1.142888184e+02 +3.8916e+00 -1.5886e+00 +3.5663e+00 -2.1967e+00 -4.6741e+00 +2.9874e+00 -4.7076e+00 +9.0563e-01 -2.4802e+00 +3.9620e+00
2486 0 +1.232138894e+01 +1.114913889e+02 +1.114913889e+02 +9.9897e-01 -9.1315e-01 +3.9382e+00 +1.3659e+00 -1.3211e+00 +1.6017e-01 -1.1155e+00 -4.6053e+00 -5.9886e-01 -2.3994e+00
10893 0 +9.718258481e+00 +1.088882585e+02 +1.088882585e+02 -2.5346e+00 +1.5034e+00 -4.5621e+00 -3.3677e+00 -7.9229e-01 +4.4626e+00 -1.1207e+00 +1.7769e+00 +6.2708e-01 -1.1438e+00
22035 0 +6.149641510e+00 +1.053196415e+02 +1.053196415e+02 +4.8330e+00 -2.2128e-01 -1.1711e+00 +1.1874e+00 +1.2294e+00 -2.2275e+00 -3.6868e+00 +2.5736e+00 -7.5917e-02 +1.5431e-01
24029 0 +5.048612540e+00 +1.042186125e+02 +1.042186125e+02 +4.9875e+00 -4.7422e-01 -5.3905e-01 +9.5467e-01 +1.2294e+00 -1.8177e+00 -3.6868e+00 +2.4382e+00 +4.5102e-02 +1.5431e-01
26084 0 +3.859523611e+00 +1.030295236e+02 +1.030295236e+02 +4.8801e+00 -4.8461e-01 -5.3905e-01 +9.4860e-01 +1.2761e+00 -1.7940e+00 -3.6375e+00 +2.4549e+00 +2.7720e-02 +1.6764e-01
30734 0 +3.298414022e+00 +1.024684140e+02 +1.024684140e+02 +4.7383e+00 -4.8568e-01 -5.3905e-01 +9.4860e-01 +1.2930e+00 -1.7940e+00 -3.6375e+00 +2.5254e+00 +6.6446e-02 +1.2821e-01
37701 0 +3.218475126e+00 +1.023884751e+02 +1.023884751e+02 +4.7383e+00 -4.6760e-01 -5.3905e-01 +9.4529e-01 +1.2902e+00 -1.7940e+00 -3.6261e+00 +2.5015e+00 +6.6446e-02 +1.3851e-01
37955 0 +2.844951831e+00 +1.020149518e+02 +1.020149518e+02 -2.4171e+00 -2.1370e+00 -4.0159e+00 -1.2939e+00 -4.2349e+00 -8.6645e-01 -3.4841e-01 +2.6735e-01 +2.0399e-01 -3.3677e+00
38135 0 +2.244919538e+00 +1.014149195e+02 +1.014149195e+02 +4.7603e+00 -4.6760e-01 -5.3491e-01 +9.3883e-01 +1.2902e+00 -1.7569e+00 -3.6261e+00 +2.4248e+00 +6.6446e-02 +1.3851e-01
38257 0 +2.143200991e+00 +1.013132010e+02 +1.013132010e+02 +4.7603e+00 -4.6760e-01 -5.2971e-01 +9.3035e-01 +1.2902e+00 -1.7522e+00 -3.6261e+00 +2.4137e+00 +6.9115e-02 +1.3851e-01
38993 0 +2.012854121e+00 +1.011828541e+02 +1.011828541e+02 +4.7407e+00 -4.8193e-01 -5.2507e-01 +9.3671e-01 +1.2826e+00 -1.7479e+00 -3.6333e+00 +2.4105e+00 +7.8470e-02 +1.3002e-01
39072 0 +1.936239973e+00 +1.011062400e+02 +1.011062400e+02 +4.7407e+00 -4.8193e-01 -5.2507e-01 +9.3671e-01 +1.3019e+00 -1.7464e+00 -3.6333e+00 +2.4006e+00 +8.8247e-02 +1.5715e-01
39422 0 +1.890084506e+00 +1.010600845e+02 +1.010600845e+02 +4.7469e+00 -4.6989e-01 -5.2946e-01 +9.3035e-01 +1.2727e+00 -1.7522e+00 -3.6295e+00 +2.4137e+00 +6.9115e-02 +1.3851e-01
39919 0 +1.857396886e+00 +1.010273969e+02 +1.010273969e+02 +4.7419e+00 -4.7885e-01 -5.2605e-01 +9.3512e-01 +1.2962e+00 -1.7522e+00 -3.6327e+00 +2.4039e+00 +8.4510e-02 +1.5348e-01
40182 0 +1.828963837e+00 +1.009989638e+02 +1.009989638e+02 +4.7419e+00 -4.7885e-01 -5.2605e-01 +9.3512e-01 +1.2986e+00 -1.7522e+00 -3.6328e+00 +2.4027e+00 +8.5062e-02 +1.5348e-01
% f evaluations | g evaluations | best noise-free fitness - Fopt (-5.179100000000e+02) + sum g_i+ | measured fitness | best measured fitness or single-digit g-values | x1 | x2...
1 0 +6.636190664e+01 -4.515480934e+02 -4.515480934e+02 +2.9654e+00 -3.1657e+00 +2.7969e+00 +9.6850e-01 -5.4167e-01 -4.0003e+00 -4.0751e-01 -1.6629e+00 -3.5713e+00 +1.5089e+00
2 0 +6.034682127e+01 -4.575631787e+02 -4.575631787e+02 -4.4359e+00 +2.2200e+00 +4.3855e+00 -4.9922e+00 +4.9221e+00 +1.1748e+00 +1.1165e+00 -4.9293e+00 -4.7694e+00 +2.4775e-01
4 0 +4.985220985e+01 -4.680577901e+02 -4.680577901e+02 +1.8031e+00 -4.9501e-01 -4.8674e+00 +4.4220e+00 +6.3288e-01 -1.1458e+00 -4.8403e+00 -2.6911e+00 -2.5897e+00 +1.8326e+00
10 0 +4.680127767e+01 -4.711087223e+02 -4.711087223e+02 +4.7171e+00 +3.4891e+00 +2.2173e+00 -2.6402e+00 -2.4393e+00 -4.5957e+00 +2.1066e+00 -3.8911e+00 -6.0663e-01 -2.9828e+00
15 0 +2.819974713e+01 -4.897102529e+02 -4.897102529e+02 -2.5312e+00 +1.9630e+00 +2.1227e+00 -3.5191e+00 +4.9774e+00 -2.3322e+00 +4.7661e+00 -8.8963e-01 -4.6695e+00 -1.5493e+00
83 0 +2.754596711e+01 -4.903640329e+02 -4.903640329e+02 +2.8779e+00 +1.0372e+00 -3.8573e+00 -8.5495e-01 +3.6352e+00 +4.2296e+00 -3.4300e-01 -1.9163e-01 +4.1845e+00 +8.7068e-01
286 0 +2.472936678e+01 -4.931806332e+02 -4.931806332e+02 +2.2561e+00 +3.0302e+00 +1.2873e+00 +1.3287e+00 -1.7839e+00 +3.9671e+00 -4.2872e+00 +4.0505e+00 +1.5469e+00 -7.6035e-01
327 0 +1.313051165e+01 -5.047794883e+02 -5.047794883e+02 -3.5475e-01 +1.5220e-01 -4.5070e+00 +4.6167e+00 +6.6624e-01 +2.1275e+00 -1.2207e+00 -1.6139e+00 -6.1366e-01 +3.2181e+00
14062 0 +1.148820975e+01 -5.064217902e+02 -5.064217902e+02 -4.6172e-01 +1.9538e+00 +7.9594e-01 -1.1882e+00 -4.6515e+00 +2.2642e+00 -2.4447e-01 +1.7760e+00 +8.5124e-01 -1.8273e-01
15886 0 +1.053609128e+01 -5.073739087e+02 -5.073739087e+02 -2.1545e-01 +2.5182e-01 -4.1313e+00 +4.2555e+00 +6.3237e-01 +2.0642e+00 -9.7387e-01 -1.6139e+00 -7.7612e-01 +2.9502e+00
18055 0 +7.196794650e+00 -5.107132054e+02 -5.107132054e+02 +1.8313e+00 -4.6885e-01 +2.1131e+00 +7.7423e-01 +1.6900e-01 -3.8258e+00 -1.3596e+00 -9.9775e-01 -2.7355e+00 -9.5816e-01
26542 0 +6.591710049e+00 -5.113182900e+02 -5.113182900e+02 -2.0248e+00 +2.1513e+00 -1.8346e-01 +3.7913e+00 -1.2686e+00 -1.8037e+00 -7.8085e-01 -1.9980e+00 -2.1265e+00 +3.1148e+00
26734 0 +5.344335222e+00 -5.125656648e+02 -5.125656648e+02 -7.0406e-01 +3.3160e+00 +1.2904e+00 -1.9568e+00 -2.0500e+00 -2.7750e+00 -8.0864e-01 -1.8498e+00 -4.8212e-01 -4.6002e+00
30736 0 +4.885424755e+00 -5.130245752e+02 -5.130245752e+02 +2.1784e+00 +1.4224e-01 +9.1828e-01 +9.8934e-01 -4.6491e+00 +2.6084e+00 -1.8944e+00 -9.3473e-01 +3.5292e+00 +2.6292e+00
33379 0 +2.880412764e+00 -5.150295872e+02 -5.150295872e+02 +3.2464e+00 +4.0044e+00 +9.9143e-01 +2.7023e+00 +4.7308e-01 -1.4667e+00 +9.6858e-01 -2.1972e+00 -7.2574e-01 -2.3101e+00
34444 0 +2.795284841e+00 -5.151147152e+02 -5.151147152e+02 +3.1915e+00 +3.9709e+00 +9.9354e-01 +2.6357e+00 +4.5880e-01 -1.4709e+00 +9.9310e-01 -2.2093e+00 -7.2032e-01 -2.3173e+00
36870 0 +2.142085240e+00 -5.157679148e+02 -5.157679148e+02 -7.0406e-01 +3.4947e+00 +1.3143e+00 -1.3791e+00 -1.8261e+00 -2.7371e+00 -8.5870e-01 -2.0764e+00 -4.5476e-01 -4.6002e+00
36888 0 +1.863111649e+00 -5.160468884e+02 -5.160468884e+02 -7.4929e-01 +3.4947e+00 +1.3143e+00 -1.3791e+00 -1.8261e+00 -2.7371e+00 -8.5870e-01 -2.0764e+00 -4.5476e-01 -4.6002e+00
37233 0 +1.731411870e+00 -5.161785881e+02 -5.161785881e+02 -7.3702e-01 +3.4947e+00 +1.3143e+00 -1.3791e+00 -1.8261e+00 -2.7371e+00 -8.5870e-01 -2.0999e+00 -4.9633e-01 -4.6002e+00
37716 0 +1.643034771e+00 -5.162669652e+02 -5.162669652e+02 -7.3702e-01 +3.4947e+00 +1.2669e+00 -1.3791e+00 -1.8261e+00 -2.7314e+00 -8.5870e-01 -2.0999e+00 -4.9633e-01 -4.6002e+00
37884 0 +1.616346343e+00 -5.162936537e+02 -5.162936537e+02 -7.3702e-01 +3.4947e+00 +1.2669e+00 -1.3791e+00 -1.8277e+00 -2.7314e+00 -8.5870e-01 -2.0999e+00 -4.9633e-01 -4.6002e+00
39028 0 +1.423790686e+00 -5.164862093e+02 -5.164862093e+02 -7.3702e-01 +3.4947e+00 +1.2905e+00 -1.3791e+00 -1.8277e+00 -2.7314e+00 -8.5870e-01 -2.0654e+00 -4.8536e-01 -4.6002e+00
39080 0 +1.331626330e+00 -5.165783737e+02 -5.165783737e+02 -7.3612e-01 +3.4947e+00 +1.2905e+00 -1.3792e+00 -1.8294e+00 -2.7314e+00 -8.5870e-01 -2.0654e+00 -4.8536e-01 -4.6011e+00
39518 0 +1.261321968e+00 -5.166486780e+02 -5.166486780e+02 -7.3948e-01 +3.4947e+00 +1.2905e+00 -1.3792e+00 -1.8294e+00 -2.7314e+00 -8.5870e-01 -2.0654e+00 -4.8536e-01 -4.6011e+00
39524 0 +1.252353666e+00 -5.166576463e+02 -5.166576463e+02 -7.3948e-01 +3.4947e+00 +1.2905e+00 -1.3792e+00 -1.8294e+00 -2.7314e+00 -8.5870e-01 -2.0654e+00 -4.8409e-01 -4.6011e+00
39735 0 +1.218138146e+00 -5.166918619e+02 -5.166918619e+02 -7.4611e-01 +3.4924e+00 +1.2857e+00 -1.3790e+00 -1.8254e+00 -2.7373e+00 -8.4951e-01 -2.0650e+00 -4.6960e-01 -4.5991e+00
39820 0 +1.177049693e+00 -5.167329503e+02 -5.167329503e+02 -7.4037e-01 +3.4924e+00 +1.2857e+00 -1.3792e+00 -1.8295e+00 -2.7314e+00 -8.5874e-01 -2.0650e+00 -4.6960e-01 -4.5991e+00
39992 0 +1.160421582e+00 -5.167495784e+02 -5.167495784e+02 -7.4036e-01 +3.4923e+00 +1.2856e+00 -1.3792e+00 -1.8295e+00 -2.7314e+00 -8.6207e-01 -2.0650e+00 -4.6935e-01 -4.5986e+00
40167 0 +1.145030747e+00 -5.167649693e+02 -5.167649693e+02 -7.4036e-01 +3.4923e+00 +1.2856e+00 -1.3792e+00 -1.8295e+00 -2.7314e+00 -8.6125e-01 -2.0650e+00 -4.6940e-01 -4.5987e+00
40182 0 +1.145030747e+00 -5.167649693e+02 -5.167649693e+02 -7.4036e-01 +3.4923e+00 +1.2856e+00 -1.3792e+00 -1.8295e+00 -2.7314e+00 -8.6125e-01 -2.0650e+00 -4.6940e-01 -4.5987e+00
% f evaluations | g evaluations | best noise-free fitness - Fopt (-5.721000000000e+01) + sum g_i+ | measured fitness | best measured fitness or single-digit g-values | x1 | x2...
1 0 +6.778281673e+01 +1.057281673e+01 +1.057281673e+01 +2.9654e+00 -3.1657e+00 +2.7969e+00 +9.6850e-01 -5.4167e-01 -4.0003e+00 -4.0751e-01 -1.6629e+00 -3.5713e+00 +1.5089e+00
6 0 +6.422967139e+01 +7.019671389e+00 +7.019671389e+00 +3.4228e+00 -5.0246e-01 -1.0485e+00 +4.2666e+00 +2.2727e+00 -1.7346e+00 +7.0444e-01 +2.0834e-01 +4.6117e+00 +3.4453e+00
9 0 +5.620178181e+01 -1.008218195e+00 -1.008218195e+00 +3.5004e+00 -5.0549e-01 -4.0459e+00 -1.2918e+00 +1.6884e+00 +1.6592e+00 +9.1298e-01 -2.2528e+00 +6.1243e-01 -1.1707e+00
15 0 +3.005111015e+01 -2.715888985e+01 -2.715888985e+01 -2.5312e+00 +1.9630e+00 +2.1227e+00 -3.5191e+00 +4.9774e+00 -2.3322e+00 +4.7661e+00 -8.8963e-01 -4.6695e+00 -1.5493e+00
93 0 +2.912084777e+01 -2.808915223e+01 -2.808915223e+01 +6.5777e-01 +4.8537e+00 -2.8935e-01 -3.1789e+00 -1.5222e-01 +1.2458e-01 +2.4169e+00 +1.9885e+00 -9.7450e-01 -2.8198e+00
96 0 +2.464899030e+01 -3.256100970e+01 -3.256100970e+01 +1.3310e+00 -5.7261e-02 +7.3294e-01 +3.3811e+00 -9.5618e-01 +2.7091e+00 -7.7964e-01 -1.4613e+00 +4.5863e+00 -3.1563e+00
188 0 +2.284230370e+01 -3.436769630e+01 -3.436769630e+01 -4.6212e+00 +3.5875e+00 -4.6458e+00 -1.7850e+00 +4.3465e+00 +2.3740e+00 -2.1498e+00 -2.4342e+00 -4.9038e+00 +1.9858e+00
382 0 +1.407901683e+01 -4.313098317e+01 -4.313098317e+01 +1.6428e+00 +8.2995e-01 +2.4336e+00 +3.5523e-01 -1.4213e+00 -1.8096e+00 -8.1796e-01 -4.0913e+00 -1.2443e+00 +2.0587e+00
2457 0 +1.212730174e+01 -4.508269826e+01 -4.508269826e+01 -3.1207e-04 -2.1031e+00 -4.8178e+00 +4.4884e+00 +5.5318e-01 -1.2615e+00 -1.9438e+00 +1.8601e+00 -1.2468e+00 +2.3850e+00
8457 0 +1.127072451e+01 -4.593927549e+01 -4.593927549e+01 +1.1843e+00 -2.5164e+00 -1.3055e-02 -3.8320e+00 -3.4958e+00 +2.7534e+00 -1.0678e+00 +1.0268e+00 +1.3372e+00 -5.6994e-01
19348 0 +1.048101274e+01 -4.672898726e+01 -4.672898726e+01 -3.4707e-02 -6.3901e-01 -3.4974e-01 +1.9634e+00 -2.7383e+00 +2.6766e-01 -4.0458e+00 -6.3582e-01 +3.0377e+00 +4.0643e+00
22396 0 +1.000625291e+01 -4.720374709e+01 -4.720374709e+01 -2.9081e+00 -7.3970e-01 +5.4379e-01 -3.6530e-01 +2.3127e+00 +8.2115e-01 +3.2793e-01 +8.2332e-01 -7.4999e-01 -2.1456e+00
22784 0 +7.684099582e+00 -4.952590042e+01 -4.952590042e+01 -3.4080e+00 -4.1809e+00 +4.4737e+00 -4.0570e+00 -4.6509e+00 +2.5163e+00 -2.7367e+00 -4.0886e+00 +1.6561e+00 -1.1523e+00
25749 0 +6.145540539e+00 -5.106445946e+01 -5.106445946e+01 -7.8283e-02 -6.2302e-01 -4.4146e-01 +1.9362e+00 -2.7292e+00 +2.5859e-01 -4.0369e+00 -6.6594e-01 +2.9078e+00 +4.0257e+00
31013 0 +5.913660313e+00 -5.129633969e+01 -5.129633969e+01 -2.7051e+00 -6.9343e-01 +5.1613e-01 -1.7944e-01 +2.2837e+00 +8.1147e-01 +4.2677e-01 +8.3736e-01 -7.2770e-01 -1.9200e+00
32454 0 +5.342199206e+00 -5.186780079e+01 -5.186780079e+01 +6.6769e-01 -2.8874e+00 -3.7944e-01 +6.5452e-01 +3.7201e+00 +3.7688e+00 +3.4448e+00 -6.8498e-02 +4.3852e+00 -5.5454e-01
33745 0 +4.434462440e+00 -5.277553756e+01 -5.277553756e+01 +2.5970e+00 -1.4067e+00 +5.9963e-01 +1.8857e+00 -2.0371e+00 +1.5353e+00 +1.6809e+00 -2.4624e+00 +2.1603e+00 -1.6235e+00
34645 0 +3.881669542e+00 -5.332833046e+01 -5.332833046e+01 +2.5970e+00 -1.4067e+00 +5.9963e-01 +1.8857e+00 -2.0620e+00 +1.5353e+00 +1.6809e+00 -2.4033e+00 +2.1198e+00 -1.6235e+00
35535 0 +2.930427969e+00 -5.427957203e+01 -5.427957203e+01 +2.5970e+00 -1.3371e+00 +5.9963e-01 +1.8857e+00 -2.0620e+00 +1.5353e+00 +1.6809e+00 -2.4033e+00 +2.1000e+00 -1.6235e+00
35726 0 +2.806577637e+00 -5.440342236e+01 -5.440342236e+01 +2.5970e+00 -1.3614e+00 +5.6868e-01 +1.8857e+00 -2.0620e+00 +1.5353e+00 +1.6809e+00 -2.4033e+00 +2.1000e+00 -1.6235e+00
36543 0 +2.684153788e+00 -5.452584621e+01 -5.452584621e+01 +2.5895e+00 -1.3614e+00 +5.6868e-01 +1.8857e+00 -2.0620e+00 +1.5353e+00 +1.6809e+00 -2.4033e+00 +2.1000e+00 -1.6235e+00
38587 0 +2.556008125e+00 -5.465399188e+01 -5.465399188e+01 +2.5895e+00 -1.3614e+00 +5.6868e-01 +1.8857e+00 -2.1157e+00 +1.5353e+00 +1.6809e+00 -2.4033e+00 +2.1000e+00 -1.6235e+00
38649 0 +2.291013341e+00 -5.491898666e+01 -5.491898666e+01 +2.5895e+00 -1.3614e+00 +5.3825e-01 +1.8857e+00 -2.1157e+00 +1.5353e+00 +1.6809e+00 -2.4033e+00 +2.1000e+00 -1.6636e+00
39144 0 +2.284346091e+00 -5.492565391e+01 -5.492565391e+01 +2.5895e+00 -1.3614e+00 +5.3825e-01 +1.8857e+00 -2.1154e+00 +1.5353e+00 +1.6809e+00 -2.4033e+00 +2.1000e+00 -1.6636e+00
39184 0 +2.163602919e+00 -5.504639708e+01 -5.504639708e+01 +2.5895e+00 -1.3614e+00 +5.3825e-01 +1.8857e+00 -2.1154e+00 +1.5353e+00 +1.6809e+00 -2.4033e+00 +2.1000e+00 -1.6950e+00
39347 0 +1.693687581e+00 -5.551631242e+01 -5.551631242e+01 +2.5873e+00 -1.3597e+00 +5.6192e-01 +1.8847e+00 -2.1244e+00 +1.5330e+00 +1.6836e+00 -2.4015e+00 +2.1012e+00 -1.7025e+00
39410 0 +1.643478322e+00 -5.556652168e+01 -5.556652168e+01 +2.5873e+00 -1.3597e+00 +5.6386e-01 +1.8847e+00 -2.1244e+00 +1.5321e+00 +1.6840e+00 -2.4007e+00 +2.1012e+00 -1.7025e+00
39523 0 +1.505715166e+00 -5.570428483e+01 -5.570428483e+01 +2.5869e+00 -1.3594e+00 +5.6461e-01 +1.8854e+00 -2.1251e+00 +1.5318e+00 +1.6841e+00 -2.4004e+00 +2.0993e+00 -1.7024e+00
39529 0 +1.461688901e+00 -5.574831110e+01 -5.574831110e+01 +2.5837e+00 -1.3594e+00 +5.6461e-01 +1.8845e+00 -2.1251e+00 +1.5290e+00 +1.6851e+00 -2.4004e+00 +2.1017e+00 -1.7016e+00
39589 0 +1.365517586e+00 -5.584448241e+01 -5.584448241e+01 +2.5837e+00 -1.3601e+00 +5.6461e-01 +1.8845e+00 -2.1185e+00 +1.5337e+00 +1.6851e+00 -2.4004e+00 +2.1017e+00 -1.7016e+00
39601 0 +1.282204599e+00 -5.592779540e+01 -5.592779540e+01 +2.5837e+00 -1.3601e+00 +5.7809e-01 +1.8840e+00 -2.1185e+00 +1.5269e+00 +1.6866e+00 -2.3959e+00 +2.1053e+00 -1.6993e+00
39643 0 +1.251532067e+00 -5.595846793e+01 -5.595846793e+01 +2.5837e+00 -1.3609e+00 +5.7809e-01 +1.8840e+00 -2.1192e+00 +1.5236e+00 +1.6866e+00 -2.3959e+00 +2.1053e+00 -1.7004e+00
39661 0 +1.224788043e+00 -5.598521196e+01 -5.598521196e+01 +2.5837e+00 -1.3609e+00 +5.7809e-01 +1.8840e+00 -2.1192e+00 +1.5236e+00 +1.6879e+00 -2.3969e+00 +2.1053e+00 -1.7004e+00
39735 0 +1.107382836e+00 -5.610261716e+01 -5.610261716e+01 +2.5785e+00 -1.3608e+00 +5.8228e-01 +1.8833e+00 -2.1197e+00 +1.5189e+00 +1.6833e+00 -2.3969e+00 +2.1086e+00 -1.6895e+00
39774 0 +1.085371063e+00 -5.612462894e+01 -5.612462894e+01 +2.5782e+00 -1.3608e+00 +5.8284e-01 +1.8831e+00 -2.1199e+00 +1.5183e+00 +1.6823e+00 -2.3970e+00 +2.1092e+00 -1.6888e+00
39779 0 +1.037319194e+00 -5.617268081e+01 -5.617268081e+01 +2.5787e+00 -1.3608e+00 +5.8284e-01 +1.8832e+00 -2.1195e+00 +1.5214e+00 +1.6835e+00 -2.3969e+00 +2.1080e+00 -1.6905e+00
39810 0 +1.015055238e+00 -5.619494476e+01 -5.619494476e+01 +2.5790e+00 -1.3608e+00 +5.8241e-01 +1.8833e+00 -2.1194e+00 +1.5218e+00 +1.6838e+00 -2.3969e+00 +2.1078e+00 -1.6913e+00
39885 0 +9.904349343e-01 -5.621956507e+01 -5.621956507e+01 +2.5790e+00 -1.3608e+00 +5.8259e-01 +1.8833e+00 -2.1194e+00 +1.5219e+00 +1.6841e+00 -2.3968e+00 +2.1078e+00 -1.6913e+00
40182 0 +9.776899035e-01 -5.623231010e+01 -5.623231010e+01 +2.5790e+00 -1.3607e+00 +5.8255e-01 +1.8833e+00 -2.1194e+00 +1.5219e+00 +1.6840e+00 -2.3969e+00 +2.1076e+00 -1.6913e+00
% f evaluations | g evaluations | best noise-free fitness - Fopt (-2.778000000000e+01) + sum g_i+ | measured fitness | best measured fitness or single-digit g-values | x1 | x2...
1 0 +1.204040677e+02 +9.262406768e+01 +9.262406768e+01 +2.9654e+00 -3.1657e+00 +2.7969e+00 +9.6850e-01 -5.4167e-01 -4.0003e+00 -4.0751e-01 -1.6629e+00 -3.5713e+00 +1.5089e+00
2 0 +7.093687383e+01 +4.315687383e+01 +4.315687383e+01 -4.4359e+00 +2.2200e+00 +4.3855e+00 -4.9922e+00 +4.9221e+00 +1.1748e+00 +1.1165e+00 -4.9293e+00 -4.7694e+00 +2.4775e-01
6 0 +5.150451567e+01 +2.372451567e+01 +2.372451567e+01 +3.4228e+00 -5.0246e-01 -1.0485e+00 +4.2666e+00 +2.2727e+00 -1.7346e+00 +7.0444e-01 +2.0834e-01 +4.6117e+00 +3.4453e+00
9 0 +4.448886814e+01 +1.670886814e+01 +1.670886814e+01 +3.5004e+00 -5.0549e-01 -4.0459e+00 -1.2918e+00 +1.6884e+00 +1.6592e+00 +9.1298e-01 -2.2528e+00 +6.1243e-01 -1.1707e+00
24 0 +3.738785321e+01 +9.607853211e+00 +9.607853211e+00 -1.4992e+00 +1.4510e+00 +1.6892e+00 +3.6417e+00 -2.6981e+00 -8.0662e-03 +7.2004e-01 +2.6855e+00 -4.5640e+00 +4.9455e+00
36 0 +2.850430410e+01 +7.243040979e-01 +7.243040979e-01 +1.0399e-02 +3.9377e-01 +1.8396e+00 +1.1585e+00 +4.4389e+00 +4.4425e+00 +3.6720e+00 +1.3640e+00 +3.0095e+00 +1.7717e+00
94 0 +2.783190136e+01 +5.190135978e-02 +5.190135978e-02 +1.4505e+00 -7.8296e-01 -3.6772e+00 +4.0057e+00 +1.9122e+00 +1.8318e+00 +3.2258e+00 +2.9662e-01 +3.1505e+00 -1.9092e-02
116 0 +2.714229313e+01 -6.377068693e-01 -6.377068693e-01 -1.6599e+00 -2.6131e+00 +4.3009e+00 -3.9417e+00 +1.9899e+00 -3.1078e+00 +3.8164e+00 +4.6132e+00 -3.4530e-01 +3.7907e+00
413 0 +2.111711150e+01 -6.662888499e+00 -6.662888499e+00 -2.4150e+00 +2.5797e+00 -2.6594e+00 +2.0429e+00 -1.3929e+00 -4.2823e+00 +1.3003e+00 +1.0379e+00 +4.5088e-01 -1.4210e+00
557 0 +1.398400859e+01 -1.379599141e+01 -1.379599141e+01 +1.8396e+00 +2.4469e+00 +2.8672e+00 +4.3875e+00 -1.7913e+00 +1.7991e+00 +2.4296e+00 +9.7831e-01 +4.3450e+00 -1.2243e+00
925 0 +1.240495954e+01 -1.537504046e+01 -1.537504046e+01 +3.0796e-01 -3.4293e+00 -1.0832e+00 +1.0907e+00 -1.1980e+00 -4.2552e+00 -4.8151e+00 -2.9259e-01 +2.6135e+00 -4.3444e+00
10177 0 +1.151385218e+01 -1.626614782e+01 -1.626614782e+01 +1.2859e+00 +4.1004e+00 -2.0469e-01 +2.6304e+00 -6.6435e-01 -3.7695e+00 +4.1487e+00 +4.7479e-01 +1.3458e-01 +3.8725e+00
16358 0 +6.440754133e+00 -2.133924587e+01 -2.133924587e+01 -2.2952e+00 +2.0491e-01 -1.9528e+00 +1.3003e+00 +4.8554e+00 +3.5058e+00 +3.3813e+00 +3.8933e+00 +2.7610e+00 +1.4186e+00
24181 0 +4.588905046e+00 -2.319109495e+01 -2.319109495e+01 +3.8171e+00 -3.6664e+00 +1.7467e+00 -2.5994e+00 +4.9135e-01 +2.0330e+00 +2.0534e+00 +4.3639e-02 -3.7678e-01 -4.1908e+00
33964 0 +3.652885015e+00 -2.412711498e+01 -2.412711498e+01 -4.6087e-01 +1.4283e+00 -2.9375e+00 +1.0910e+00 +4.8645e+00 +1.5866e+00 +1.0541e+00 +4.6123e+00 +1.2452e+00 -2.2266e+00
37806 0 +3.362065228e+00 -2.441793477e+01 -2.441793477e+01 -1.2413e+00 +6.6013e-01 +1.1235e+00 +2.5244e+00 -7.9074e-01 +1.0309e+00 +1.3404e-01 +7.7682e-01 +2.8145e+00 -6.1262e-01
37934 0 +2.387964279e+00 -2.539203572e+01 -2.539203572e+01 -1.2365e+00 +7.4023e-01 +1.1246e+00 +2.3653e+00 -7.6365e-01 +1.1549e+00 +1.3978e-01 +9.2926e-01 +2.8240e+00 -4.5184e-01
38739 0 +2.333473527e+00 -2.544652647e+01 -2.544652647e+01 -1.2365e+00 +7.4030e-01 +1.1246e+00 +2.3655e+00 -7.6120e-01 +1.1561e+00 +1.3978e-01 +9.2926e-01 +2.8240e+00 -4.5184e-01
39827 0 +2.196862765e+00 -2.558313723e+01 -2.558313723e+01 -1.2452e+00 +7.3831e-01 +1.1074e+00 +2.3398e+00 -7.4970e-01 +1.1393e+00 +1.3427e-01 +9.2982e-01 +2.8305e+00 -4.4198e-01
39837 0 +2.186362655e+00 -2.559363734e+01 -2.559363734e+01 -1.2451e+00 +7.3831e-01 +1.1076e+00 +2.3398e+00 -7.4988e-01 +1.1395e+00 +1.3435e-01 +9.2981e-01 +2.8304e+00 -4.4213e-01
39842 0 +1.878373290e+00 -2.590162671e+01 -2.590162671e+01 -1.2433e+00 +7.3609e-01 +1.1076e+00 +2.3378e+00 -7.4988e-01 +1.1453e+00 +1.3435e-01 +9.3563e-01 +2.8326e+00 -4.4213e-01
40087 0 +1.857091665e+00 -2.592290834e+01 -2.592290834e+01 -1.2425e+00 +7.3490e-01 +1.1076e+00 +2.3287e+00 -7.5590e-01 +1.1548e+00 +1.4662e-01 +9.4388e-01 +2.8263e+00 -4.2956e-01
40095 0 +1.810357634e+00 -2.596964237e+01 -2.596964237e+01 -1.2433e+00 +7.3615e-01 +1.1054e+00 +2.3341e+00 -7.5329e-01 +1.1541e+00 +1.4663e-01 +9.3965e-01 +2.8321e+00 -4.3575e-01
40119 0 +1.742676353e+00 -2.603732365e+01 -2.603732365e+01 -1.2433e+00 +7.3606e-01 +1.1018e+00 +2.3337e+00 -7.5349e-01 +1.1541e+00 +1.4661e-01 +9.3990e-01 +2.8317e+00 -4.3537e-01
40182 0 +1.742676353e+00 -2.603732365e+01 -2.603732365e+01 -1.2433e+00 +7.3606e-01 +1.1018e+00 +2.3337e+00 -7.5349e-01 +1.1541e+00 +1.4661e-01 +9.3990e-01 +2.8317e+00 -4.3537e-01
% f evaluations | g evaluations | best noise-free fitness - Fopt (-4.871000000000e+01) + sum g_i+ | measured fitness | best measured fitness or single-digit g-values | x1 | x2...
1 0 +1.577174101e+02 +1.090074101e+02 +1.090074101e+02 +2.9654e+00 -3.1657e+00 +2.7969e+00 +9.6850e-01 -5.4167e-01 -4.0003e+00 -4.0751e-01 -1.6629e+00 -3.5713e+00 +1.5089e+00
2 0 +8.763886465e+01 +3.892886465e+01 +3.892886465e+01 -4.4359e+00 +2.2200e+00 +4.3855e+00 -4.9922e+00 +4.9221e+00 +1.1748e+00 +1.1165e+00 -4.9293e+00 -4.7694e+00 +2.4775e-01
5 0 +5.670925777e+01 +7.999257773e+00 +7.999257773e+00 +1.1000e+00 +3.3319e+00 -3.2664e+00 -1.0894e+00 -3.1776e+00 +2.5536e+00 -7.4844e-01 -2.9206e+00 +6.7700e-01 -4.6869e+00
7 0 +4.380031600e+01 -4.909683999e+00 -4.909683999e+00 +2.4732e+00 +3.9692e-01 +8.6751e-01 +4.6526e+00 +1.0703e+00 -2.2400e+00 -2.0373e+00 -3.3473e+00 -4.8436e+00 -7.6599e-01
12 0 +3.954849013e+01 -9.161509866e+00 -9.161509866e+00 +1.9478e+00 +3.8047e+00 +1.2435e+00 -2.0437e+00 -3.9451e+00 -4.3465e-01 -2.8156e+00 -8.3490e-01 +3.8328e+00 -1.7565e+00
36 0 +3.221478883e+01 -1.649521117e+01 -1.649521117e+01 +1.0399e-02 +3.9377e-01 +1.8396e+00 +1.1585e+00 +4.4389e+00 +4.4425e+00 +3.6720e+00 +1.3640e+00 +3.0095e+00 +1.7717e+00
333 0 +2.814551291e+01 -2.056448709e+01 -2.056448709e+01 -4.9485e+00 +3.1995e+00 -2.7137e+00 +4.0870e+00 -3.0194e+00 +1.8545e+00 +2.1170e+00 -3.2907e+00 -1.1062e+00 -1.3693e+00
406 0 +2.654050848e+01 -2.216949152e+01 -2.216949152e+01 -4.6768e+00 -1.6515e+00 -1.2705e+00 +1.9645e+00 -1.8809e+00 -2.5541e+00 -3.7587e+00 +1.8896e+00 -1.7169e+00 +8.6420e-01
421 0 +1.975164855e+01 -2.895835145e+01 -2.895835145e+01 -1.2090e+00 -3.8457e+00 +1.9526e+00 -5.5189e-01 +7.4708e-01 +2.2206e+00 -1.0907e+00 -5.1785e-01 +1.5555e-01 +3.6462e+00
687 0 +1.339464543e+01 -3.531535457e+01 -3.531535457e+01 -5.6980e-02 -2.0700e+00 +8.9228e-01 +1.8592e+00 -4.4580e-01 +7.2693e-01 -1.3740e+00 -4.5573e+00 +1.6019e+00 +1.0975e+00
913 0 +1.143158148e+01 -3.727841852e+01 -3.727841852e+01 +5.0835e-01 -2.1869e+00 -1.2804e+00 +1.5913e-01 -2.8749e+00 +1.1919e+00 -2.3218e+00 +4.1500e+00 +2.5350e+00 +4.5651e+00
10312 0 +9.643758134e+00 -3.906624187e+01 -3.906624187e+01 -1.1011e-01 -1.1315e+00 +4.6646e+00 -3.0920e-01 -2.5055e+00 -1.4977e+00 +5.1982e-01 -2.1710e+00 +1.1564e+00 -2.7790e+00
13790 0 +8.857910989e+00 -3.985208901e+01 -3.985208901e+01 -3.5522e+00 -2.0110e+00 +2.5133e+00 -4.7735e+00 -4.4647e+00 -1.1779e+00 -1.8768e+00 -2.9735e+00 -3.2044e-02 -1.6959e+00
18433 0 +8.536245326e+00 -4.017375467e+01 -4.017375467e+01 -2.1770e-01 -1.7370e+00 +4.5300e+00 -2.9855e-02 -1.8128e+00 -1.0029e+00 +4.5121e-01 -2.2848e+00 +1.5323e+00 -2.1553e+00
25953 0 +7.478125753e+00 -4.123187425e+01 -4.123187425e+01 +4.2126e-01 -2.1891e+00 -1.1686e+00 -1.8939e-01 -2.9990e+00 +1.1044e+00 -2.1543e+00 +4.3143e+00 +2.2248e+00 +4.5518e+00
27050 0 +5.555980521e+00 -4.315401948e+01 -4.315401948e+01 +1.8143e+00 -6.5303e-01 +1.6480e+00 +1.0819e+00 -3.0198e+00 -1.1995e+00 +1.6075e-01 -3.0257e+00 -7.8418e-01 -1.0693e+00
28574 0 +4.148272988e+00 -4.456172701e+01 -4.456172701e+01 +2.5800e-01 -3.9042e+00 -6.1422e-01 +6.4347e-01 -2.6886e+00 -2.4397e+00 +2.5744e+00 +3.4693e-01 -6.5820e-01 -2.6616e-01
32409 0 +2.507219142e+00 -4.620278086e+01 -4.620278086e+01 +2.8917e-01 -3.9115e+00 -7.3018e-01 +9.0010e-01 -2.7197e+00 -2.5371e+00 +2.5615e+00 +1.3111e-01 -3.9423e-01 -2.0644e-02
34814 0 +2.433160889e+00 -4.627683911e+01 -4.627683911e+01 +1.8666e+00 -7.0865e-01 +1.4643e+00 +1.1522e+00 -2.9215e+00 -1.3583e+00 +2.5712e-01 -2.9457e+00 -6.9205e-01 -9.6716e-01
37928 0 +2.260929256e+00 -4.644907074e+01 -4.644907074e+01 +5.1375e-01 -3.7687e+00 -6.6633e-01 +8.3926e-01 -2.9893e+00 -2.7073e+00 +2.7098e+00 +2.7437e-01 -6.4345e-01 -2.2482e-01
38305 0 +2.128607901e+00 -4.658139210e+01 -4.658139210e+01 +5.1375e-01 -3.7240e+00 -6.4400e-01 +8.8747e-01 -2.9893e+00 -2.6936e+00 +2.6737e+00 +2.0432e-01 -6.5625e-01 -2.6902e-01
38587 0 +2.064400820e+00 -4.664559918e+01 -4.664559918e+01 +4.3608e-01 -3.7606e+00 -5.3249e-01 +8.4312e-01 -2.9465e+00 -2.6796e+00 +2.6730e+00 +2.2461e-01 -5.7549e-01 -3.0692e-01
38598 0 +1.045499290e+00 -4.766450071e+01 -4.766450071e+01 +4.3608e-01 -3.7606e+00 -6.7267e-01 +8.4312e-01 -2.9465e+00 -2.6796e+00 +2.6730e+00 +2.2461e-01 -5.5308e-01 -2.3620e-01
38920 0 +9.844358596e-01 -4.772556414e+01 -4.772556414e+01 +4.1524e-01 -3.7696e+00 -6.4149e-01 +8.4312e-01 -2.9347e+00 -2.6759e+00 +2.6721e+00 +2.2920e-01 -5.3112e-01 -2.4673e-01
39607 0 +8.643877654e-01 -4.784561223e+01 -4.784561223e+01 +3.9452e-01 -3.7666e+00 -6.4998e-01 +8.4451e-01 -2.9277e+00 -2.6737e+00 +2.6811e+00 +2.3229e-01 -5.2711e-01 -2.3660e-01
39608 0 +8.194223634e-01 -4.789057764e+01 -4.789057764e+01 +3.9447e-01 -3.7742e+00 -6.5344e-01 +8.4469e-01 -2.9274e+00 -2.6771e+00 +2.6841e+00 +2.2920e-01 -5.2756e-01 -2.3502e-01
39630 0 +7.987051068e-01 -4.791129489e+01 -4.791129489e+01 +3.8124e-01 -3.7707e+00 -6.5819e-01 +8.4859e-01 -2.9230e+00 -2.6750e+00 +2.6893e+00 +2.3183e-01 -5.2747e-01 -2.2903e-01
39667 0 +7.810433001e-01 -4.792895670e+01 -4.792895670e+01 +3.9452e-01 -3.7723e+00 -6.5257e-01 +8.4451e-01 -2.9275e+00 -2.6737e+00 +2.6833e+00 +2.2997e-01 -5.2745e-01 -2.3541e-01
39726 0 +7.580231292e-01 -4.795197687e+01 -4.795197687e+01 +3.9173e-01 -3.7719e+00 -6.5375e-01 +8.4537e-01 -2.9265e+00 -2.6740e+00 +2.6846e+00 +2.3036e-01 -5.2745e-01 -2.3407e-01
39775 0 +7.000563878e-01 -4.800994361e+01 -4.800994361e+01 +3.9081e-01 -3.7738e+00 -6.6127e-01 +8.4577e-01 -2.9202e+00 -2.6742e+00 +2.6904e+00 +2.3329e-01 -5.2746e-01 -2.2527e-01
39809 0 +6.685227682e-01 -4.804147723e+01 -4.804147723e+01 +3.9082e-01 -3.7738e+00 -6.6257e-01 +8.4557e-01 -2.9191e+00 -2.6739e+00 +2.6888e+00 +2.3079e-01 -5.2746e-01 -2.2535e-01
39814 0 +6.233866506e-01 -4.808661335e+01 -4.808661335e+01 +3.9086e-01 -3.7738e+00 -6.6120e-01 +8.4575e-01 -2.9191e+00 -2.6742e+00 +2.6888e+00 +2.3306e-01 -5.2746e-01 -2.2542e-01
39925 0 +6.134281727e-01 -4.809657183e+01 -4.809657183e+01 +3.9134e-01 -3.7737e+00 -6.6110e-01 +8.4574e-01 -2.9193e+00 -2.6743e+00 +2.6889e+00 +2.3307e-01 -5.2746e-01 -2.2540e-01
40043 0 +6.021878709e-01 -4.810781213e+01 -4.810781213e+01 +3.9148e-01 -3.7737e+00 -6.6113e-01 +8.4573e-01 -2.9193e+00 -2.6742e+00 +2.6889e+00 +2.3306e-01 -5.2746e-01 -2.2541e-01
40182 0 +6.009126940e-01 -4.810908731e+01 -4.810908731e+01 +3.9147e-01 -3.7737e+00 -6.6113e-01 +8.4572e-01 -2.9193e+00 -2.6742e+00 +2.6889e+00 +2.3306e-01 -5.2746e-01 -2.2542e-01
% f evaluations | g evaluations | best noise-free fitness - Fopt (-1.667900000000e+02) + sum g_i+ | measured fitness | best measured fitness or single-digit g-values | x1 | x2...
1 0 +3.591243733e+01 -1.308775627e+02 -1.308775627e+02 +2.9654e+00 -3.1657e+00 +2.7969e+00 +9.6850e-01 -5.4167e-01 -4.0003e+00 -4.0751e-01 -1.6629e+00 -3.5713e+00 +1.5089e+00
14 0 +3.398011578e+01 -1.328098842e+02 -1.328098842e+02 -1.5170e-01 +1.9244e+00 -2.3059e+00 -2.5587e+00 -3.3171e+00 -2.8124e+00 +5.8102e-01 -9.6164e-01 -4.3511e+00 -2.4608e+00
74 0 +2.426384958e+01 -1.425261504e+02 -1.425261504e+02 -3.1360e+00 -2.6431e+00 +1.3376e+00 +4.0787e+00 -1.8380e+00 +8.8307e-01 +1.8298e+00 -4.8051e-01 +2.1378e+00 +3.9967e+00
371 0 +1.867042408e+01 -1.481195759e+02 -1.481195759e+02 -3.9150e-01 +2.7766e+00 +3.3950e-01 +7.6167e-01 -1.5222e-01 -3.3302e+00 -2.3498e+00 +1.9885e+00 -4.0926e+00 -3.1307e+00
1636 0 +1.776373778e+01 -1.490262622e+02 -1.490262622e+02 -3.7976e+00 +2.8761e+00 +3.9465e+00 -2.7836e+00 -3.1364e+00 -4.1820e+00 +2.4705e+00 -4.5418e+00 +2.2771e+00 -3.8913e+00
2073 0 +1.502528640e+01 -1.517647136e+02 -1.517647136e+02 -4.7597e+00 -3.3778e+00 +1.0904e+00 -3.5283e+00 -3.0301e+00 +1.9334e+00 +3.3371e+00 -2.1576e+00 -3.7012e+00 -3.2599e+00
7015 0 +1.391224854e+01 -1.528777515e+02 -1.528777515e+02 +3.8208e+00 -2.0503e+00 -4.7711e+00 -2.7766e+00 -3.0859e+00 -1.1658e+00 +2.0999e-02 -2.8278e+00 -7.1903e-01 +3.9891e+00
8237 0 +1.301268791e+01 -1.537773121e+02 -1.537773121e+02 +3.3515e+00 -3.2985e+00 +4.5942e+00 -2.7409e+00 -4.3492e+00 +3.2046e+00 -1.1345e+00 -3.3116e+00 -2.7535e+00 -1.4476e+00
9902 0 +1.214291536e+01 -1.546470846e+02 -1.546470846e+02 +1.4319e+00 +4.1750e-02 +1.2219e+00 -1.5857e+00 -2.9975e-01 +2.3381e+00 +3.5028e+00 -4.7085e-01 -4.5121e+00 -3.2932e+00
15819 0 +1.095171954e+01 -1.558382805e+02 -1.558382805e+02 +1.6321e+00 -7.9336e-01 -7.8977e-01 -1.5431e+00 -2.4256e-01 -1.2039e-01 +1.6620e+00 +2.3818e+00 -1.7983e+00 +4.9711e+00
18456 0 +7.290526439e+00 -1.594994736e+02 -1.594994736e+02 -4.8838e+00 +4.7340e+00 +1.5410e+00 +3.3379e+00 +1.8031e+00 -2.3922e+00 -6.8746e-01 -4.8978e-01 +4.1705e-01 -4.1354e+00
30456 0 +6.479767696e+00 -1.603102323e+02 -1.603102323e+02 -4.8776e+00 +4.7137e+00 +1.5335e+00 +3.3379e+00 +1.8031e+00 -2.3968e+00 -6.3902e-01 -4.8978e-01 +3.2497e-01 -4.0443e+00
31140 0 +6.364122860e+00 -1.604258771e+02 -1.604258771e+02 -1.8291e+00 +4.5610e+00 -1.4040e+00 -1.9687e+00 +6.2332e-01 -1.9198e+00 +3.2623e+00 +2.8532e+00 +9.7384e-01 -3.6236e+00
31220 0 +3.318675092e+00 -1.634713249e+02 -1.634713249e+02 -3.9064e+00 +2.9491e+00 +1.4105e+00 -2.0877e+00 -3.0344e+00 +1.8348e-01 +2.9995e+00 -3.2106e+00 -4.1193e+00 -2.4894e+00
31896 0 +3.177166323e+00 -1.636128337e+02 -1.636128337e+02 -3.9232e+00 +2.9491e+00 +1.4679e+00 -2.0729e+00 -3.0177e+00 +1.7635e-01 +3.0111e+00 -3.2106e+00 -4.1193e+00 -2.4421e+00
35263 0 +3.096993227e+00 -1.636930068e+02 -1.636930068e+02 -3.9424e+00 +2.9491e+00 +1.4739e+00 -2.1613e+00 -3.0628e+00 +2.1617e-01 +3.0111e+00 -3.2197e+00 -4.1193e+00 -2.5633e+00
35463 0 +2.673313566e+00 -1.641166864e+02 -1.641166864e+02 -3.9424e+00 +2.9491e+00 +1.4070e+00 -2.1683e+00 -3.0245e+00 +2.1270e-01 +3.0111e+00 -3.2197e+00 -4.1193e+00 -2.5633e+00
35977 0 +2.551819215e+00 -1.642381808e+02 -1.642381808e+02 -3.9424e+00 +2.9491e+00 +1.4070e+00 -2.1683e+00 -3.0245e+00 +2.1270e-01 +3.0075e+00 -3.2197e+00 -4.1193e+00 -2.5633e+00
36279 0 +2.381748346e+00 -1.644082517e+02 -1.644082517e+02 -3.9424e+00 +2.9491e+00 +1.4070e+00 -2.0503e+00 -3.0185e+00 +2.1270e-01 +3.0075e+00 -3.2197e+00 -4.1193e+00 -2.5633e+00
36583 0 +1.989180824e+00 -1.648008192e+02 -1.648008192e+02 -3.9424e+00 +2.9659e+00 +1.3851e+00 -1.9723e+00 -2.9158e+00 +2.9129e-01 +3.0075e+00 -3.1551e+00 -3.9922e+00 -2.6484e+00
38433 0 +1.555998923e+00 -1.652340011e+02 -1.652340011e+02 -3.9424e+00 +2.9548e+00 +1.3885e+00 -1.9783e+00 -2.9158e+00 +3.8538e-01 +3.0075e+00 -3.1551e+00 -3.9922e+00 -2.6484e+00
38911 0 +1.494294217e+00 -1.652957058e+02 -1.652957058e+02 -3.9424e+00 +2.9508e+00 +1.3885e+00 -1.9783e+00 -2.9158e+00 +3.8538e-01 +3.0075e+00 -3.1551e+00 -3.9922e+00 -2.6484e+00
39019 0 +1.105772071e+00 -1.656842279e+02 -1.656842279e+02 -3.9424e+00 +2.9419e+00 +1.3885e+00 -1.9783e+00 -2.9158e+00 +4.1221e-01 +3.0075e+00 -3.1556e+00 -3.9822e+00 -2.6471e+00
39407 0 +1.036622573e+00 -1.657533774e+02 -1.657533774e+02 -3.9424e+00 +2.9419e+00 +1.3885e+00 -1.9783e+00 -2.9158e+00 +4.1221e-01 +3.0075e+00 -3.1224e+00 -3.9592e+00 -2.6471e+00
39459 0 +9.774054222e-01 -1.658125946e+02 -1.658125946e+02 -3.9410e+00 +2.9392e+00 +1.3883e+00 -1.9864e+00 -2.9227e+00 +4.1642e-01 +3.0131e+00 -3.1264e+00 -3.9657e+00 -2.6450e+00
39491 0 +9.500549247e-01 -1.658399451e+02 -1.658399451e+02 -3.9407e+00 +2.9386e+00 +1.3882e+00 -1.9880e+00 -2.9241e+00 +4.1727e-01 +3.0142e+00 -3.1272e+00 -3.9670e+00 -2.6446e+00
39544 0 +8.958034516e-01 -1.658941965e+02 -1.658941965e+02 -3.9410e+00 +2.9406e+00 +1.3882e+00 -1.9823e+00 -2.9160e+00 +4.1566e-01 +3.0079e+00 -3.1260e+00 -3.9653e+00 -2.6454e+00
39764 0 +8.882026689e-01 -1.659017973e+02 -1.659017973e+02 -3.9410e+00 +2.9397e+00 +1.3882e+00 -1.9880e+00 -2.9187e+00 +4.1620e-01 +3.0100e+00 -3.1272e+00 -3.9661e+00 -2.6450e+00
39775 0 +8.488379487e-01 -1.659411621e+02 -1.659411621e+02 -3.9408e+00 +2.9403e+00 +1.3882e+00 -1.9907e+00 -2.9227e+00 +4.1617e-01 +3.0098e+00 -3.1277e+00 -3.9657e+00 -2.6451e+00
39846 0 +8.246360501e-01 -1.659653639e+02 -1.659653639e+02 -3.9409e+00 +2.9399e+00 +1.3882e+00 -1.9895e+00 -2.9184e+00 +4.1619e-01 +3.0101e+00 -3.1274e+00 -3.9662e+00 -2.6450e+00
39910 0 +8.048160107e-01 -1.659851840e+02 -1.659851840e+02 -3.9409e+00 +2.9399e+00 +1.3882e+00 -1.9895e+00 -2.9184e+00 +4.1619e-01 +3.0098e+00 -3.1274e+00 -3.9662e+00 -2.6450e+00
40182 0 +8.018069289e-01 -1.659881931e+02 -1.659881931e+02 -3.9409e+00 +2.9399e+00 +1.3882e+00 -1.9895e+00 -2.9184e+00 +4.1619e-01 +3.0098e+00 -3.1274e+00 -3.9662e+00 -2.6450e+00
% f evaluations | g evaluations | best noise-free fitness - Fopt (1.000000000000e+03) + sum g_i+ | measured fitness | best measured fitness or single-digit g-values | x1 | x2...
1 0 +7.958172300e+01 +1.079581723e+03 +1.079581723e+03 +2.9654e+00 -3.1657e+00 +2.7969e+00 +9.6850e-01 -5.4167e-01 -4.0003e+00 -4.0751e-01 -1.6629e+00 -3.5713e+00 +1.5089e+00
3 0 +2.511548903e+01 +1.025115489e+03 +1.025115489e+03 -1.0014e+00 -4.5333e+00 +4.7376e+00 -2.6723e+00 -4.0939e+00 +1.1839e+00 -1.1754e+00 +4.8323e+00 -3.3237e-01 +3.5994e+00
48 0 +1.464102634e+01 +1.014641026e+03 +1.014641026e+03 +4.7790e+00 +5.6005e-01 -1.7731e+00 -4.5660e+00 +4.2464e+00 +4.1912e+00 -2.4701e+00 +1.9541e+00 -4.2457e+00 -3.3378e+00
1667 0 +1.234188460e+01 +1.012341885e+03 +1.012341885e+03 +1.2746e+00 +4.1994e+00 -4.5273e+00 +7.5072e-01 -6.1312e-01 +2.2418e+00 -3.3778e-03 +1.4069e+00 -1.3962e+00 +2.4820e+00
5926 0 +1.151430163e+01 +1.011514302e+03 +1.011514302e+03 -2.3485e+00 -2.5673e+00 +7.0407e-01 -2.2751e+00 -6.8719e-02 -4.9615e-01 -4.1489e-01 -4.0335e+00 +2.8167e-01 +4.9843e+00
11713 0 +1.129953127e+01 +1.011299531e+03 +1.011299531e+03 +7.0460e-01 -3.8214e-02 -4.8636e-01 +7.1233e-01 +2.7442e+00 +8.8304e-01 -1.8759e+00 +1.2948e+00 -1.7114e+00 -1.5965e-02
14639 0 +9.805784016e+00 +1.009805784e+03 +1.009805784e+03 -2.8997e+00 +3.9595e+00 -2.8229e+00 -1.4852e+00 -1.2197e+00 +2.3662e+00 +2.6642e+00 +2.4537e+00 -9.8292e-01 -1.1709e+00
15320 0 +7.358663746e+00 +1.007358664e+03 +1.007358664e+03 +6.6340e-01 -2.1546e-02 -4.8636e-01 +7.2353e-01 +2.7345e+00 +8.8304e-01 -1.8759e+00 +1.3167e+00 -1.7089e+00 +8.1344e-03
23803 0 +5.677578770e+00 +1.005677579e+03 +1.005677579e+03 -2.5467e+00 +3.7342e+00 -2.6869e+00 -1.3233e+00 -1.0360e+00 +2.3325e+00 +2.5377e+00 +2.2250e+00 -1.1669e+00 -1.2007e+00
26925 0 +4.737843264e+00 +1.004737843e+03 +1.004737843e+03 -3.0244e+00 +2.2959e+00 -2.0306e+00 +1.0854e+00 +1.5197e+00 +1.7617e+00 +2.4677e+00 -1.5762e+00 -2.2109e+00 -8.1601e-02
29377 0 +4.299527461e+00 +1.004299527e+03 +1.004299527e+03 +1.4272e+00 +4.0429e+00 -4.3586e+00 +5.8831e-01 -6.3930e-01 +1.9460e+00 +2.7501e-01 +1.3253e+00 -1.3478e+00 +2.5295e+00
29476 0 +3.935184570e+00 +1.003935185e+03 +1.003935185e+03 +1.4922e+00 +4.0429e+00 -4.3586e+00 +5.8831e-01 -6.3930e-01 +1.9033e+00 +2.7501e-01 +1.3253e+00 -1.3217e+00 +2.5295e+00
30267 0 +3.768921267e+00 +1.003768921e+03 +1.003768921e+03 +1.5456e+00 +4.0842e+00 -4.3586e+00 +6.1156e-01 -6.3930e-01 +1.9033e+00 +2.5205e-01 +1.3228e+00 -1.3582e+00 +2.5229e+00
32520 0 +3.214985584e+00 +1.003214986e+03 +1.003214986e+03 +1.5317e+00 +4.0956e+00 -4.3586e+00 +6.1156e-01 -6.3930e-01 +1.9033e+00 +2.5205e-01 +1.3228e+00 -1.3582e+00 +2.5065e+00
34790 0 +2.729116272e+00 +1.002729116e+03 +1.002729116e+03 -2.6158e+00 -1.0474e+00 +3.8822e+00 -7.3724e-02 +7.4810e-01 +2.4062e+00 +2.0459e+00 -1.0576e-01 -5.3771e-01 -5.8431e-01
35211 0 +2.466117438e+00 +1.002466117e+03 +1.002466117e+03 -2.6149e+00 -1.0325e+00 +3.8822e+00 -2.3987e-02 +7.4810e-01 +2.4062e+00 +2.0467e+00 -1.0576e-01 -5.3771e-01 -6.2954e-01
35772 0 +2.288515111e+00 +1.002288515e+03 +1.002288515e+03 -2.6149e+00 -1.0325e+00 +3.8822e+00 -1.1108e-01 +7.2613e-01 +2.4062e+00 +2.0467e+00 -1.0576e-01 -5.3771e-01 -6.2954e-01
36258 0 +2.238042199e+00 +1.002238042e+03 +1.002238042e+03 -2.6149e+00 -9.2103e-01 +3.8822e+00 -9.9284e-02 +6.6506e-01 +2.4062e+00 +2.0467e+00 -1.0576e-01 -5.3771e-01 -6.2954e-01
36938 0 +2.150356995e+00 +1.002150357e+03 +1.002150357e+03 -2.6149e+00 -9.2103e-01 +3.8822e+00 -9.9284e-02 +6.6506e-01 +2.4062e+00 +2.0280e+00 -1.0576e-01 -5.3771e-01 -6.2954e-01
39839 0 +2.095163857e+00 +1.002095164e+03 +1.002095164e+03 -2.6149e+00 -9.2103e-01 +3.8822e+00 -9.9284e-02 +6.5535e-01 +2.4066e+00 +2.0280e+00 -1.0122e-01 -5.3771e-01 -6.3279e-01
39850 0 +2.027369545e+00 +1.002027370e+03 +1.002027370e+03 +1.5874e+00 +4.1712e+00 -4.4244e+00 +6.6687e-01 -6.7386e-01 +1.8322e+00 +2.2615e-01 +1.3493e+00 -1.3653e+00 +2.4475e+00
40182 0 +2.019479666e+00 +1.002019480e+03 +1.002019480e+03 +1.5733e+00 +4.1761e+00 -4.4244e+00 +6.6687e-01 -6.7386e-01 +1.8324e+00 +2.2615e-01 +1.3562e+00 -1.3657e+00 +2.4502e+00
% f evaluations | g evaluations | best noise-free fitness - Fopt (-1.847000000000e+01) + sum g_i+ | measured fitness | best measured fitness or single-digit g-values | x1 | x2...
1 0 +8.291677805e+01 +6.444677805e+01 +6.444677805e+01 +2.9654e+00 -3.1657e+00 +2.7969e+00 +9.6850e-01 -5.4167e-01 -4.0003e+00 -4.0751e-01 -1.6629e+00 -3.5713e+00 +1.5089e+00
3 0 +7.757151591e+01 +5.910151591e+01 +5.910151591e+01 -1.0014e+00 -4.5333e+00 +4.7376e+00 -2.6723e+00 -4.0939e+00 +1.1839e+00 -1.1754e+00 +4.8323e+00 -3.3237e-01 +3.5994e+00
4 0 +2.880639670e+01 +1.033639670e+01 +1.033639670e+01 +1.8031e+00 -4.9501e-01 -4.8674e+00 +4.4220e+00 +6.3288e-01 -1.1458e+00 -4.8403e+00 -2.6911e+00 -2.5897e+00 +1.8326e+00
119 0 +2.540896433e+01 +6.938964330e+00 +6.938964330e+00 +3.4012e+00 -1.0785e+00 -3.2050e+00 +2.5370e+00 +2.8881e+00 -3.2625e+00 +2.7085e+00 +4.4730e+00 -3.3362e+00 +2.7098e+00
181 0 +2.326274762e+01 +4.792747620e+00 +4.792747620e+00 +8.5793e-02 -1.1240e+00 -3.8053e-01 +4.9159e+00 +4.7075e+00 +4.4232e+00 +2.8384e+00 -1.4516e+00 -8.7869e-01 +4.9616e-01
201 0 +2.227948348e+01 +3.809483485e+00 +3.809483485e+00 -4.7971e+00 +1.6037e+00 +4.3833e+00 +4.1280e+00 -4.4623e+00 +3.3376e+00 +2.4597e+00 -4.7674e+00 +2.5147e+00 +2.9260e+00
217 0 +1.425399679e+01 -4.216003215e+00 -4.216003215e+00 -1.3484e+00 -3.0780e+00 -8.9243e-01 +3.7082e-01 -1.6064e+00 +3.2787e+00 -2.2846e+00 +2.1467e+00 -1.6071e+00 +3.4202e+00
2589 0 +1.197397283e+01 -6.496027166e+00 -6.496027166e+00 +8.3217e-01 +1.8090e+00 +2.2634e+00 -3.1225e+00 +1.1197e+00 +4.0151e-01 +7.0090e-01 -7.2901e-01 -2.1041e+00 +2.5482e+00
16258 0 +1.041349958e+01 -8.056500424e+00 -8.056500424e+00 +1.4916e+00 -4.9868e-01 -6.2587e-01 +2.6249e+00 +2.6990e-01 -3.3989e+00 +1.4100e+00 -1.5938e+00 -1.8648e+00 +4.2394e+00
20904 0 +8.513438110e+00 -9.956561890e+00 -9.956561890e+00 -1.8368e+00 -3.8959e+00 +2.8570e+00 -3.6055e+00 -4.5011e+00 -2.2945e+00 +1.5101e+00 +1.0941e+00 -1.9337e+00 +4.9554e-01
21797 0 +6.917098712e+00 -1.155290129e+01 -1.155290129e+01 +4.2879e+00 -2.5751e+00 +1.6861e-01 -1.7032e+00 +8.7555e-01 -2.3463e+00 -3.4860e+00 +2.8781e+00 +2.1190e+00 +2.2526e+00
24404 0 +6.586392690e+00 -1.188360731e+01 -1.188360731e+01 +4.2927e-01 -1.4814e+00 +3.4288e+00 +4.5609e-01 -1.7249e+00 -4.6457e-02 -3.5132e+00 +4.5542e+00 -1.2931e+00 +3.3620e+00
25195 0 +6.329379311e+00 -1.214062069e+01 -1.214062069e+01 +3.9322e-01 -1.4768e+00 +3.3744e+00 +4.2690e-01 -1.6439e+00 -8.8827e-02 -3.4472e+00 +4.3773e+00 -1.2684e+00 +3.3023e+00
26741 0 +6.024580911e+00 -1.244541909e+01 -1.244541909e+01 +1.5902e+00 +4.4328e-01 -2.2095e+00 +4.3668e+00 -2.1511e+00 +2.7038e+00 +2.8313e+00 +4.1648e+00 -9.4870e-01 +3.8253e+00
28898 0 +4.653866235e+00 -1.381613377e+01 -1.381613377e+01 +2.0301e-01 -1.5488e+00 +3.3338e+00 +4.2096e-01 -1.5666e+00 -2.1589e-01 -3.3017e+00 +4.2705e+00 -1.2227e+00 +3.4398e+00
29831 0 +4.194194266e+00 -1.427580573e+01 -1.427580573e+01 +1.3948e+00 +6.2619e-01 -2.0000e+00 +3.4354e+00 -2.0427e+00 +2.7038e+00 +2.8313e+00 +3.8022e+00 -1.0993e+00 +3.9029e+00
32097 0 +3.387019691e+00 -1.508298031e+01 -1.508298031e+01 +1.2719e+00 -1.4919e+00 +4.7378e-01 -9.8217e-01 -1.5547e+00 +2.3549e+00 +2.6297e+00 +2.1996e+00 +4.9762e-01 +5.1083e-01
32997 0 +2.676924111e+00 -1.579307589e+01 -1.579307589e+01 +1.4234e+00 +6.2619e-01 -1.9998e+00 +3.4242e+00 -2.0427e+00 +2.7632e+00 +2.8323e+00 +3.8022e+00 -1.0993e+00 +3.9029e+00
34056 0 +2.539727846e+00 -1.593027215e+01 -1.593027215e+01 +1.2595e+00 -1.4919e+00 +5.0720e-01 -9.6533e-01 -1.5548e+00 +2.3549e+00 +2.6297e+00 +2.1996e+00 +4.9762e-01 +5.4597e-01
35029 0 +1.990101908e+00 -1.647989809e+01 -1.647989809e+01 +1.2291e+00 -1.4919e+00 +5.0720e-01 -9.6533e-01 -1.5709e+00 +2.3549e+00 +2.6423e+00 +2.2051e+00 +5.0989e-01 +5.4597e-01
38423 0 +1.891030235e+00 -1.657896976e+01 -1.657896976e+01 +1.2355e+00 -1.4907e+00 +5.1092e-01 -9.6948e-01 -1.5707e+00 +2.3398e+00 +2.6415e+00 +2.2059e+00 +5.1568e-01 +5.3875e-01
39566 0 +1.850521016e+00 -1.661947898e+01 -1.661947898e+01 +1.2420e+00 -1.4879e+00 +5.0506e-01 -9.7419e-01 -1.5743e+00 +2.3530e+00 +2.6415e+00 +2.2110e+00 +5.0862e-01 +5.4729e-01
39907 0 +1.698486001e+00 -1.677151400e+01 -1.677151400e+01 +1.2411e+00 -1.4884e+00 +5.0592e-01 -9.7318e-01 -1.5733e+00 +2.3502e+00 +2.6415e+00 +2.2103e+00 +5.0349e-01 +5.4536e-01
39949 0 +1.662270360e+00 -1.680772964e+01 -1.680772964e+01 +1.2410e+00 -1.4884e+00 +5.0599e-01 -9.7313e-01 -1.5732e+00 +2.3500e+00 +2.6415e+00 +2.2103e+00 +5.0307e-01 +5.4525e-01
39972 0 +1.657613656e+00 -1.681238634e+01 -1.681238634e+01 +1.2411e+00 -1.4884e+00 +5.0600e-01 -9.7312e-01 -1.5732e+00 +2.3500e+00 +2.6415e+00 +2.2102e+00 +5.0298e-01 +5.4523e-01
40182 0 +1.635375878e+00 -1.683462412e+01 -1.683462412e+01 +1.2408e+00 -1.4884e+00 +5.0601e-01 -9.7310e-01 -1.5732e+00 +2.3500e+00 +2.6415e+00 +2.2102e+00 +5.0297e-01 +5.4522e-01
% f evaluations | g evaluations | best noise-free fitness - Fopt (-5.971000000000e+01) + sum g_i+ | measured fitness | best measured fitness or single-digit g-values | x1 | x2...
1 0 +9.376166759e+01 +3.405166759e+01 +3.405166759e+01 +2.9654e+00 -3.1657e+00 +2.7969e+00 +9.6850e-01 -5.4167e-01 -4.0003e+00 -4.0751e-01 -1.6629e+00 -3.5713e+00 +1.5089e+00
3 0 +6.845176595e+01 +8.741765946e+00 +8.741765946e+00 -1.0014e+00 -4.5333e+00 +4.7376e+00 -2.6723e+00 -4.0939e+00 +1.1839e+00 -1.1754e+00 +4.8323e+00 -3.3237e-01 +3.5994e+00
4 0 +3.457168774e+01 -2.513831226e+01 -2.513831226e+01 +1.8031e+00 -4.9501e-01 -4.8674e+00 +4.4220e+00 +6.3288e-01 -1.1458e+00 -4.8403e+00 -2.6911e+00 -2.5897e+00 +1.8326e+00
24 0 +2.762948079e+01 -3.208051921e+01 -3.208051921e+01 -1.4992e+00 +1.4510e+00 +1.6892e+00 +3.6417e+00 -2.6981e+00 -8.0662e-03 +7.2004e-01 +2.6855e+00 -4.5640e+00 +4.9455e+00
25 0 +2.558811695e+01 -3.412188305e+01 -3.412188305e+01 -3.0055e-01 -2.2044e+00 +3.8349e+00 +2.4772e+00 +4.5307e+00 -1.6925e+00 +5.2765e-01 +7.2292e-01 +4.8033e+00 -4.2465e+00
158 0 +1.765118924e+01 -4.205881076e+01 -4.205881076e+01 -3.4702e+00 -2.6476e+00 +3.6926e+00 -2.7108e-01 +3.5358e-01 -3.2155e+00 -1.8773e+00 -2.6975e+00 -2.9381e+00 +1.3796e+00
1386 0 +1.458541539e+01 -4.512458461e+01 -4.512458461e+01 -4.7793e+00 +4.8475e+00 -4.7918e+00 -3.1834e+00 -9.5283e-01 +2.6782e+00 -9.9680e-01 +1.5553e+00 +1.7404e+00 -4.0918e+00
1500 0 +1.268846072e+01 -4.702153928e+01 -4.702153928e+01 +6.9642e-01 -1.9878e+00 +3.8997e+00 +4.3677e+00 +4.7326e+00 -2.7331e+00 +1.3741e+00 -1.8350e+00 +3.3474e+00 +3.9879e+00
4804 0 +1.180994393e+01 -4.790005607e+01 -4.790005607e+01 -3.9444e+00 -1.0176e-01 -2.4872e+00 +2.3459e+00 -3.9712e-01 +3.6995e+00 +6.7122e-01 +3.2168e-01 +1.2557e+00 -1.0099e+00
8759 0 +8.524366912e+00 -5.118563309e+01 -5.118563309e+01 -4.7492e+00 -1.2114e+00 -1.2384e+00 +2.1400e+00 -1.3051e+00 +4.9923e+00 +2.6694e+00 +2.9550e+00 +1.0823e+00 +1.9380e+00
19072 0 +7.859400236e+00 -5.185059976e+01 -5.185059976e+01 -7.9939e-01 -2.4632e+00 -1.4664e+00 +4.9107e-01 -3.1155e+00 -3.2163e+00 +4.8820e-02 -3.3988e+00 -1.4451e+00 +1.8159e+00
21779 0 +7.264997163e+00 -5.244500284e+01 -5.244500284e+01 -3.6312e+00 +1.7593e+00 -8.8296e-01 +4.0885e+00 -4.5772e+00 +2.6621e+00 +1.1043e+00 -2.6706e+00 +1.0965e+00 -9.5184e-01
22532 0 +7.205859986e+00 -5.250414001e+01 -5.250414001e+01 -7.7649e-01 -2.4355e+00 -1.4228e+00 +4.9781e-01 -3.1151e+00 -3.2329e+00 +1.4934e-02 -3.3948e+00 -1.4417e+00 +1.8546e+00
24331 0 +5.920707763e+00 -5.378929224e+01 -5.378929224e+01 -4.6241e+00 -1.2406e+00 -1.1784e+00 +2.2159e+00 -1.3442e+00 +4.9773e+00 +2.5294e+00 +3.0527e+00 +1.1389e+00 +1.9380e+00
27111 0 +5.835005110e+00 -5.387499489e+01 -5.387499489e+01 -2.5457e+00 +4.0890e-01 -3.9843e+00 +6.5991e-01 -2.2504e+00 +3.8687e+00 -6.5572e-01 +1.4874e+00 -2.8364e-01 +3.9039e-01
27891 0 +5.064276355e+00 -5.464572365e+01 -5.464572365e+01 -4.6241e+00 -1.1097e+00 -1.1784e+00 +2.0582e+00 -1.3427e+00 +4.9773e+00 +2.4668e+00 +3.0527e+00 +1.1389e+00 +1.9968e+00
27948 0 +3.455106349e+00 -5.625489365e+01 -5.625489365e+01 -2.4840e+00 +3.9668e-01 -3.9843e+00 +6.7748e-01 -2.2431e+00 +3.8687e+00 -6.5572e-01 +1.4142e+00 -2.8364e-01 +4.8886e-01
30075 0 +1.253938682e+00 -5.845606132e+01 -5.845606132e+01 -2.4840e+00 +3.8931e-01 -4.0307e+00 +6.0078e-01 -2.2431e+00 +3.8792e+00 -6.5572e-01 +1.4142e+00 -2.0311e-01 +7.3690e-01
34327 0 +5.277923390e-01 -5.918220766e+01 -5.918220766e+01 -2.3746e+00 +3.8931e-01 -4.0307e+00 +6.0078e-01 -2.3688e+00 +3.8792e+00 -6.5572e-01 +1.4142e+00 -2.0311e-01 +7.3690e-01
35933 0 +4.192750586e-01 -5.929072494e+01 -5.929072494e+01 -2.3746e+00 +3.8931e-01 -4.0307e+00 +6.0078e-01 -2.3826e+00 +3.8792e+00 -6.5572e-01 +1.4142e+00 -2.0311e-01 +7.3690e-01
36503 0 +3.615535176e-01 -5.934844648e+01 -5.934844648e+01 -2.3746e+00 +4.2163e-01 -4.0307e+00 +6.0078e-01 -2.3826e+00 +3.8792e+00 -6.5572e-01 +1.4142e+00 -2.0311e-01 +7.3690e-01
37992 0 +3.181998067e-01 -5.939180019e+01 -5.939180019e+01 -2.3746e+00 +4.2163e-01 -4.0307e+00 +5.6155e-01 -2.3826e+00 +3.8792e+00 -6.5572e-01 +1.4142e+00 -2.0000e-01 +7.3690e-01
38018 0 +2.889923643e-01 -5.942100764e+01 -5.942100764e+01 -2.3746e+00 +4.2163e-01 -4.0307e+00 +5.6155e-01 -2.4258e+00 +3.8792e+00 -6.5572e-01 +1.4142e+00 -2.0000e-01 +7.3690e-01
39120 0 +2.661171776e-01 -5.944388282e+01 -5.944388282e+01 -2.3751e+00 +4.2155e-01 -4.0307e+00 +5.6001e-01 -2.4242e+00 +3.8792e+00 -6.5551e-01 +1.4142e+00 -2.0000e-01 +7.3754e-01
39436 0 +2.517696673e-01 -5.945823033e+01 -5.945823033e+01 -2.3753e+00 +4.2143e-01 -4.0293e+00 +5.5949e-01 -2.4232e+00 +3.8792e+00 -6.5522e-01 +1.4133e+00 -1.9967e-01 +7.3775e-01
39499 0 +2.489588133e-01 -5.946104119e+01 -5.946104119e+01 -2.3753e+00 +4.2143e-01 -4.0293e+00 +5.5949e-01 -2.4232e+00 +3.8792e+00 -6.5529e-01 +1.4133e+00 -1.9955e-01 +7.3775e-01
39568 0 +2.432807991e-01 -5.946671920e+01 -5.946671920e+01 -2.3753e+00 +4.2078e-01 -4.0290e+00 +5.5939e-01 -2.4239e+00 +3.8793e+00 -6.5321e-01 +1.4135e+00 -1.9892e-01 +7.3774e-01
39574 0 +2.360286050e-01 -5.947397140e+01 -5.947397140e+01 -2.3753e+00 +4.2123e-01 -4.0284e+00 +5.5894e-01 -2.4253e+00 +3.8793e+00 -6.5008e-01 +1.4127e+00 -1.9814e-01 +7.3721e-01
39668 0 +2.340339374e-01 -5.947596606e+01 -5.947596606e+01 -2.3753e+00 +4.2120e-01 -4.0282e+00 +5.5882e-01 -2.4232e+00 +3.8793e+00 -6.4957e-01 +1.4126e+00 -1.9798e-01 +7.3761e-01
39737 0 +2.195218451e-01 -5.949047815e+01 -5.949047815e+01 -2.3753e+00 +4.2134e-01 -4.0296e+00 +5.5873e-01 -2.4231e+00 +3.8793e+00 -6.5129e-01 +1.4133e+00 -1.9787e-01 +7.3754e-01
39757 0 +2.159835905e-01 -5.949401641e+01 -5.949401641e+01 -2.3753e+00 +4.2126e-01 -4.0296e+00 +5.5873e-01 -2.4231e+00 +3.8793e+00 -6.5111e-01 +1.4130e+00 -1.9787e-01 +7.3760e-01
39759 0 +2.134368709e-01 -5.949656313e+01 -5.949656313e+01 -2.3753e+00 +4.2134e-01 -4.0294e+00 +5.5981e-01 -2.4232e+00 +3.8793e+00 -6.4981e-01 +1.4126e+00 -1.9916e-01 +7.3761e-01
39859 0 +2.050345051e-01 -5.950496549e+01 -5.950496549e+01 -2.3753e+00 +4.2134e-01 -4.0297e+00 +5.6006e-01 -2.4232e+00 +3.8793e+00 -6.4981e-01 +1.4126e+00 -1.9916e-01 +7.3761e-01
39985 0 +2.031435485e-01 -5.950685645e+01 -5.950685645e+01 -2.3753e+00 +4.2129e-01 -4.0297e+00 +5.6041e-01 -2.4231e+00 +3.8793e+00 -6.5021e-01 +1.4133e+00 -1.9918e-01 +7.3761e-01
40028 0 +1.969223479e-01 -5.951307765e+01 -5.951307765e+01 -2.3753e+00 +4.2124e-01 -4.0295e+00 +5.6117e-01 -2.4232e+00 +3.8793e+00 -6.4982e-01 +1.4122e+00 -1.9931e-01 +7.3760e-01
40044 0 +1.948532862e-01 -5.951514671e+01 -5.951514671e+01 -2.3753e+00 +4.2132e-01 -4.0295e+00 +5.6094e-01 -2.4231e+00 +3.8793e+00 -6.4984e-01 +1.4128e+00 -1.9950e-01 +7.3760e-01
40085 0 +1.896613934e-01 -5.952033861e+01 -5.952033861e+01 -2.3753e+00 +4.2150e-01 -4.0295e+00 +5.6090e-01 -2.4231e+00 +3.8793e+00 -6.4988e-01 +1.4128e+00 -1.9937e-01 +7.3760e-01
40182 0 +1.881898752e-01 -5.952181012e+01 -5.952181012e+01 -2.3753e+00 +4.2150e-01 -4.0295e+00 +5.6092e-01 -2.4231e+00 +3.8793e+00 -6.4988e-01 +1.4127e+00 -1.9938e-01 +7.3760e-01
% f evaluations | g evaluations | best noise-free fitness - Fopt (-9.684000000000e+01) + sum g_i+ | measured fitness | best measured fitness or single-digit g-values | x1 | x2...
1 0 +7.280166170e+01 -2.403833830e+01 -2.403833830e+01 +2.9654e+00 -3.1657e+00 +2.7969e+00 +9.6850e-01 -5.4167e-01 -4.0003e+00 -4.0751e-01 -1.6629e+00 -3.5713e+00 +1.5089e+00
2 0 +5.853650086e+01 -3.830349914e+01 -3.830349914e+01 -4.4359e+00 +2.2200e+00 +4.3855e+00 -4.9922e+00 +4.9221e+00 +1.1748e+00 +1.1165e+00 -4.9293e+00 -4.7694e+00 +2.4775e-01
6 0 +5.471228244e+01 -4.212771756e+01 -4.212771756e+01 +3.4228e+00 -5.0246e-01 -1.0485e+00 +4.2666e+00 +2.2727e+00 -1.7346e+00 +7.0444e-01 +2.0834e-01 +4.6117e+00 +3.4453e+00
10 0 +4.896293143e+01 -4.787706857e+01 -4.787706857e+01 +4.7171e+00 +3.4891e+00 +2.2173e+00 -2.6402e+00 -2.4393e+00 -4.5957e+00 +2.1066e+00 -3.8911e+00 -6.0663e-01 -2.9828e+00
51 0 +4.044446680e+01 -5.639553320e+01 -5.639553320e+01 -4.6768e+00 -2.2024e+00 -8.8793e-01 +1.0278e+00 -2.2904e+00 -3.6681e+00 -4.2380e+00 +4.4053e+00 -8.3361e-01 +8.1163e-01
102 0 +3.322132137e+01 -6.361867863e+01 -6.361867863e+01 +1.9318e+00 -4.4840e+00 +1.6992e+00 -4.5583e+00 +8.8264e-01 +4.9935e+00 +5.5807e-01 -2.6790e-01 -1.8715e+00 -3.7948e+00
144 0 +2.352410478e+01 -7.331589522e+01 -7.331589522e+01 -2.4578e+00 +2.1730e-01 -1.5735e+00 +3.2245e-01 -3.7426e+00 -3.6729e+00 -3.5646e+00 +4.3982e+00 +2.3290e+00 -3.3762e+00
420 0 +2.151875290e+01 -7.532124710e+01 -7.532124710e+01 +1.5912e+00 -1.2292e+00 -2.5532e+00 -2.1513e+00 -1.0698e+00 +3.6677e+00 -3.5555e+00 +2.3078e+00 +5.2820e-01 -2.0349e+00
565 0 +1.887875210e+01 -7.796124790e+01 -7.796124790e+01 +1.6912e+00 +9.7919e-01 +1.7082e+00 +2.4367e+00 +2.1909e+00 -2.1554e+00 +7.0385e-01 +2.2908e+00 -1.8677e+00 -7.9027e-01
1261 0 +1.680479567e+01 -8.003520433e+01 -8.003520433e+01 -9.1994e-01 +2.6767e+00 -2.2354e+00 -3.2249e-01 -6.2179e-01 +4.6178e+00 +1.6249e+00 -8.6243e-01 +2.2883e+00 -4.6535e+00
3538 0 +1.460858084e+01 -8.223141916e+01 -8.223141916e+01 +1.6329e+00 +8.1718e-01 +5.2481e-01 +5.9895e-01 +7.3176e-01 +1.9221e+00 +1.7401e+00 +2.4613e+00 +3.0590e+00 -3.1979e+00
6673 0 +1.326923063e+01 -8.357076937e+01 -8.357076937e+01 -1.1039e+00 -3.2496e+00 +3.1106e+00 +2.0217e+00 -4.0710e+00 -1.3496e+00 -1.2446e+00 -1.5160e+00 -2.1642e+00 +2.3946e-01
13275 0 +1.009993566e+01 -8.674006434e+01 -8.674006434e+01 +2.5571e+00 +2.2967e+00 +9.0468e-01 +2.3371e+00 +2.7754e+00 -1.1303e+00 +9.3142e-01 +3.4166e+00 -1.2010e+00 -2.4761e+00
15547 0 +9.869469013e+00 -8.697053099e+01 -8.697053099e+01 +2.4073e+00 +2.2656e+00 +6.7791e-01 +2.2449e+00 +2.7244e+00 -8.8661e-01 +7.2294e-01 +3.3835e+00 -1.2765e+00 -2.4678e+00
16333 0 +8.827329367e+00 -8.801267063e+01 -8.801267063e+01 +1.5782e-01 +1.4473e+00 -3.3704e+00 -4.6418e+00 +2.1752e+00 +3.5671e+00 -4.8020e+00 +7.2614e-01 +1.1261e+00 +1.2771e+00
18635 0 +6.051521802e+00 -9.078847820e+01 -9.078847820e+01 -3.1801e+00 -2.8646e-01 +1.0526e+00 -2.6241e+00 +4.8636e+00 -2.9102e+00 -4.9013e+00 -5.6768e-01 -3.1225e+00 +2.4135e+00
24699 0 +6.024352661e+00 -9.081564734e+01 -9.081564734e+01 -2.4423e+00 +2.0205e-02 -2.4780e+00 -6.6433e-01 -1.3652e+00 -1.5113e+00 -3.0737e-01 -8.1918e-01 +1.3085e+00 -1.9679e+00
26282 0 +5.324996792e+00 -9.151500321e+01 -9.151500321e+01 -2.4423e+00 +6.9674e-02 -2.4267e+00 -6.6433e-01 -1.3652e+00 -1.4868e+00 -3.2243e-01 -8.1918e-01 +1.3235e+00 -1.9679e+00
26347 0 +4.648482368e+00 -9.219151763e+01 -9.219151763e+01 -2.3722e+00 +9.7205e-02 -2.3805e+00 -6.6433e-01 -1.2678e+00 -1.4868e+00 -3.2243e-01 -8.1918e-01 +1.2335e+00 -1.9601e+00
27479 0 +2.974775303e+00 -9.386522470e+01 -9.386522470e+01 +2.0323e+00 +1.0727e-01 +3.7482e+00 +3.5159e-01 -3.0071e+00 -3.5782e+00 +1.7935e+00 -1.0798e+00 +1.3921e+00 +1.1580e+00
30267 0 +2.638347762e+00 -9.420165224e+01 -9.420165224e+01 +2.0323e+00 +1.2075e-01 +3.7666e+00 +3.7860e-01 -3.0406e+00 -3.5782e+00 +1.7935e+00 -1.0753e+00 +1.3469e+00 +1.1299e+00
34504 0 +2.339151750e+00 -9.450084825e+01 -9.450084825e+01 -2.0485e+00 +2.6704e-01 -2.2882e+00 -2.6194e-01 -1.2679e+00 -1.4829e+00 -4.2240e-01 -7.9643e-01 +1.6338e+00 -1.9626e+00
35082 0 +2.232836110e+00 -9.460716389e+01 -9.460716389e+01 +1.5866e+00 -5.5931e-01 +2.0466e+00 +2.5690e-01 -1.2245e+00 -7.5993e-01 -1.3891e+00 +1.1046e+00 -1.2954e+00 +4.3467e+00
35263 0 +2.043606122e+00 -9.479639388e+01 -9.479639388e+01 +1.5866e+00 -5.5931e-01 +2.0466e+00 +2.5690e-01 -1.2262e+00 -8.2051e-01 -1.3193e+00 +9.3805e-01 -1.2954e+00 +4.3467e+00
36867 0 +1.986386745e+00 -9.485361325e+01 -9.485361325e+01 -2.0485e+00 +2.6704e-01 -2.2882e+00 -2.6194e-01 -1.2679e+00 -1.4829e+00 -6.5249e-01 -8.7889e-01 +1.6338e+00 -1.1891e+00
37114 0 +1.940936544e+00 -9.489906346e+01 -9.489906346e+01 -2.0485e+00 +2.6704e-01 -2.3876e+00 -3.2923e-01 -1.2944e+00 -1.4829e+00 -6.5249e-01 -9.5895e-01 +1.6177e+00 -1.3581e+00
37686 0 +1.882021853e+00 -9.495797815e+01 -9.495797815e+01 -2.0485e+00 +2.6704e-01 -2.3876e+00 -3.0486e-01 -1.2737e+00 -1.4829e+00 -6.5249e-01 -9.4279e-01 +1.6177e+00 -1.3219e+00
37702 0 +1.527092487e+00 -9.531290751e+01 -9.531290751e+01 +1.5866e+00 -5.5931e-01 +2.0162e+00 +2.2708e-01 -1.2262e+00 -8.2051e-01 -1.3824e+00 +9.3805e-01 -1.2954e+00 +4.3467e+00
37970 0 +1.481314189e+00 -9.535868581e+01 -9.535868581e+01 -2.1188e+00 +2.4294e-01 -2.3668e+00 -2.9111e-01 -1.4544e+00 -1.5859e+00 -3.6309e-01 -6.9980e-01 +1.6206e+00 -1.8499e+00
38096 0 +1.131755838e+00 -9.570824416e+01 -9.570824416e+01 +1.5866e+00 -5.5931e-01 +2.0162e+00 +2.2708e-01 -1.2262e+00 -8.2051e-01 -1.3824e+00 +9.3805e-01 -1.2747e+00 +4.3467e+00
39035 0 +1.100046621e+00 -9.573995338e+01 -9.573995338e+01 +1.5752e+00 -5.3259e-01 +2.0198e+00 +1.8921e-01 -1.2051e+00 -7.9831e-01 -1.4686e+00 +9.7651e-01 -1.2886e+00 +4.2966e+00
39137 0 +9.643142522e-01 -9.587568575e+01 -9.587568575e+01 +1.5866e+00 -5.5931e-01 +2.0162e+00 +2.2708e-01 -1.2262e+00 -8.2051e-01 -1.3824e+00 +9.5756e-01 -1.2747e+00 +4.3467e+00
39169 0 +9.278137508e-01 -9.591218625e+01 -9.591218625e+01 +1.5830e+00 -5.5873e-01 +2.0171e+00 +2.2708e-01 -1.2262e+00 -8.2051e-01 -1.3761e+00 +9.6808e-01 -1.2747e+00 +4.3467e+00
40016 0 +8.592216762e-01 -9.598077832e+01 -9.598077832e+01 +1.5829e+00 -6.1632e-01 +2.0171e+00 +2.2594e-01 -1.2262e+00 -8.2051e-01 -1.4489e+00 +9.6808e-01 -1.2747e+00 +4.3468e+00
40182 0 +8.592216762e-01 -9.598077832e+01 -9.598077832e+01 +1.5829e+00 -6.1632e-01 +2.0171e+00 +2.2594e-01 -1.2262e+00 -8.2051e-01 -1.4489e+00 +9.6808e-01 -1.2747e+00 +4.3468e+00
% f evaluations | g evaluations | best noise-free fitness - Fopt (3.207000000000e+01) + sum g_i+ | measured fitness | best measured fitness or single-digit g-values | x1 | x2...
1 0 +7.103664101e+01 +1.031066410e+02 +1.031066410e+02 +2.9654e+00 -3.1657e+00 +2.7969e+00 +9.6850e-01 -5.4167e-01 -4.0003e+00 -4.0751e-01 -1.6629e+00 -3.5713e+00 +1.5089e+00
2 0 +5.599248792e+01 +8.806248792e+01 +8.806248792e+01 -4.4359e+00 +2.2200e+00 +4.3855e+00 -4.9922e+00 +4.9221e+00 +1.1748e+00 +1.1165e+00 -4.9293e+00 -4.7694e+00 +2.4775e-01
10 0 +5.172694223e+01 +8.379694223e+01 +8.379694223e+01 +4.7171e+00 +3.4891e+00 +2.2173e+00 -2.6402e+00 -2.4393e+00 -4.5957e+00 +2.1066e+00 -3.8911e+00 -6.0663e-01 -2.9828e+00
18 0 +4.680900066e+01 +7.887900066e+01 +7.887900066e+01 -2.7976e+00 +2.1115e+00 +3.0950e+00 -1.5133e+00 -4.0382e+00 +4.4052e+00 -1.0243e+00 +1.7751e-01 +3.3771e+00 +1.7569e+00
23 0 +3.862887763e+01 +7.069887763e+01 +7.069887763e+01 -1.9194e+00 +4.2540e-01 +8.8141e-02 +1.3633e+00 -2.4954e+00 +8.9871e-01 +4.7889e+00 -1.3258e-01 +4.0610e+00 -6.5606e-01
25 0 +3.434808407e+01 +6.641808407e+01 +6.641808407e+01 -3.0055e-01 -2.2044e+00 +3.8349e+00 +2.4772e+00 +4.5307e+00 -1.6925e+00 +5.2765e-01 +7.2292e-01 +4.8033e+00 -4.2465e+00
37 0 +3.348126739e+01 +6.555126739e+01 +6.555126739e+01 +7.3367e-01 -3.7150e+00 +3.1120e+00 +3.2064e+00 +1.2594e+00 +3.2043e+00 +1.5148e+00 -2.9332e+00 -2.2604e+00 -2.8541e+00
41 0 +2.735956824e+01 +5.942956824e+01 +5.942956824e+01 -1.2227e+00 +3.4327e-01 -3.4388e-02 -1.1038e+00 -2.0236e+00 -4.0002e+00 -4.4651e+00 +4.5854e+00 +3.4714e+00 -1.4509e+00
59 0 +1.943840490e+01 +5.150840490e+01 +5.150840490e+01 -4.5414e+00 +1.2081e+00 -1.5259e+00 -2.9087e+00 +7.9650e-01 -1.5844e+00 +3.7263e-01 -3.9881e-01 +8.4766e-01 -9.9700e-01
955 0 +1.780200637e+01 +4.987200637e+01 +4.987200637e+01 +5.3200e-01 -3.8178e+00 +2.0706e+00 +1.3861e+00 -1.4800e+00 +3.3737e+00 -4.0942e+00 +3.9681e+00 +4.9509e+00 +4.5982e+00
1182 0 +1.563589097e+01 +4.770589097e+01 +4.770589097e+01 +1.1988e+00 -2.6613e-01 +4.7611e-01 +6.3207e-01 -6.2451e-02 +2.3119e+00 -1.2551e+00 -2.8343e-01 +1.4466e+00 +2.2568e+00
2723 0 +1.308482157e+01 +4.515482157e+01 +4.515482157e+01 -4.7708e+00 +4.4871e+00 -9.0274e-01 -1.7234e-01 -2.3243e+00 +1.9118e+00 +8.3956e-01 -3.4755e+00 -2.3405e+00 -4.8012e+00
6849 0 +1.151232183e+01 +4.358232183e+01 +4.358232183e+01 -1.4965e+00 -2.8595e+00 -1.2840e+00 +2.5628e+00 -2.9510e+00 +4.9546e+00 +3.9848e-01 +4.4139e+00 -2.8909e+00 +8.9380e-01
10594 0 +9.835181288e+00 +4.190518129e+01 +4.190518129e+01 -2.7870e-01 +2.7145e+00 +1.0049e+00 +3.0931e+00 -1.2651e+00 -1.8595e+00 -1.8418e+00 -9.5448e-01 -4.9973e+00 -4.1095e+00
15771 0 +9.548695238e+00 +4.161869524e+01 +4.161869524e+01 -4.3688e+00 +2.4570e+00 -4.9644e+00 +3.4328e-01 +4.7191e+00 +2.2523e+00 +1.1234e+00 -1.0191e+00 -4.8616e+00 -2.9899e+00
24771 0 +9.045106589e+00 +4.111510659e+01 +4.111510659e+01 -4.7018e+00 +4.3717e+00 -6.9354e-01 +5.0873e-01 -5.6278e-01 -5.3573e-01 -1.5735e+00 -2.8617e+00 -1.4105e+00 +2.5380e+00
25826 0 +8.751969971e+00 +4.082196997e+01 +4.082196997e+01 +1.6964e+00 +2.1700e-01 +1.8658e+00 -9.9552e-01 +1.3656e+00 +2.4347e+00 -8.9046e-01 +1.4136e+00 +6.0823e-01 +2.4715e+00
26927 0 +4.490214635e+00 +3.656021464e+01 +3.656021464e+01 -2.7870e-01 +2.8874e+00 +1.0049e+00 +2.9861e+00 -1.3503e+00 -1.8474e+00 -2.3030e+00 -5.3329e-01 -4.9340e+00 -4.1095e+00
27948 0 +4.308248225e+00 +3.637824822e+01 +3.637824822e+01 -2.7870e-01 +2.8874e+00 +1.0796e+00 +2.9437e+00 -1.3778e+00 -1.8474e+00 -2.2333e+00 -5.5978e-01 -4.8691e+00 -4.1095e+00
31732 0 +3.111347312e+00 +3.518134731e+01 +3.518134731e+01 -3.0883e-01 +2.9133e+00 +1.0817e+00 +2.9769e+00 -1.3770e+00 -1.8985e+00 -2.2950e+00 -5.5978e-01 -4.9061e+00 -4.1095e+00
33900 0 +3.001162348e+00 +3.507116235e+01 +3.507116235e+01 -3.0482e-01 +2.8508e+00 +1.0846e+00 +2.9122e+00 -1.4109e+00 -1.8608e+00 -2.2551e+00 -5.2276e-01 -4.8778e+00 -4.0066e+00
37583 0 +2.807700864e+00 +3.487770086e+01 +3.487770086e+01 -4.1775e-01 +3.1769e+00 +1.0400e+00 +2.9865e+00 -1.6671e+00 -2.0040e+00 -2.1883e+00 -5.8551e-01 -4.9105e+00 -4.0983e+00
38187 0 +2.225414330e+00 +3.429541433e+01 +3.429541433e+01 -3.6904e-01 +3.1843e+00 +1.0308e+00 +3.1106e+00 -1.5319e+00 -2.0147e+00 -2.1520e+00 -5.9848e-01 -4.9112e+00 -4.2247e+00
38355 0 +1.908783248e+00 +3.397878325e+01 +3.397878325e+01 -3.6904e-01 +3.1843e+00 +1.0245e+00 +3.1106e+00 -1.5678e+00 -2.0300e+00 -2.1749e+00 -5.9762e-01 -4.9009e+00 -4.2223e+00
38620 0 +1.753294877e+00 +3.382329488e+01 +3.382329488e+01 -3.6329e-01 +3.1557e+00 +1.0690e+00 +3.0682e+00 -1.5369e+00 -2.0141e+00 -2.1767e+00 -5.9886e-01 -4.9098e+00 -4.2269e+00
38978 0 +1.723286317e+00 +3.379328632e+01 +3.379328632e+01 -3.7396e-01 +3.1536e+00 +1.0698e+00 +3.0485e+00 -1.5951e+00 -2.0435e+00 -2.2351e+00 -5.9877e-01 -4.9095e+00 -4.2408e+00
39050 0 +1.552749715e+00 +3.362274972e+01 +3.362274972e+01 -3.6989e-01 +3.1544e+00 +1.0695e+00 +3.0560e+00 -1.5729e+00 -2.0323e+00 -2.2351e+00 -5.9877e-01 -4.9096e+00 -4.2355e+00
39115 0 +1.520258048e+00 +3.359025805e+01 +3.359025805e+01 -3.6944e-01 +3.1763e+00 +1.0347e+00 +3.1053e+00 -1.5699e+00 -2.0315e+00 -2.1812e+00 -5.9772e-01 -4.9022e+00 -4.2256e+00
39169 0 +1.455154255e+00 +3.352515426e+01 +3.352515426e+01 -3.6962e-01 +3.1544e+00 +1.0695e+00 +3.0565e+00 -1.5714e+00 -2.0316e+00 -2.2328e+00 -5.9877e-01 -4.9096e+00 -4.2352e+00
39297 0 +1.379572445e+00 +3.344957245e+01 +3.344957245e+01 -3.6919e-01 +3.1763e+00 +1.0596e+00 +3.0697e+00 -1.5730e+00 -2.0323e+00 -2.2216e+00 -5.9772e-01 -4.8952e+00 -4.2256e+00
39310 0 +1.288359440e+00 +3.335835944e+01 +3.335835944e+01 -3.6923e-01 +3.1741e+00 +1.0605e+00 +3.0683e+00 -1.5728e+00 -2.0322e+00 -2.2229e+00 -5.9783e-01 -4.8967e+00 -4.2266e+00
39373 0 +1.268363431e+00 +3.333836343e+01 +3.333836343e+01 -3.6919e-01 +3.1659e+00 +1.0600e+00 +3.0683e+00 -1.5728e+00 -2.0323e+00 -2.2220e+00 -5.9774e-01 -4.8967e+00 -4.2257e+00
39480 0 +1.237044688e+00 +3.330704469e+01 +3.330704469e+01 -3.6921e-01 +3.1672e+00 +1.0604e+00 +3.0676e+00 -1.5728e+00 -2.0322e+00 -2.2225e+00 -5.9779e-01 -4.8972e+00 -4.2262e+00
39494 0 +1.225090725e+00 +3.329509073e+01 +3.329509073e+01 -3.6925e-01 +3.1672e+00 +1.0613e+00 +3.0675e+00 -1.5726e+00 -2.0322e+00 -2.2225e+00 -5.9779e-01 -4.8982e+00 -4.2272e+00
39552 0 +1.197860735e+00 +3.326786074e+01 +3.326786074e+01 -3.6930e-01 +3.1694e+00 +1.0622e+00 +3.0671e+00 -1.5725e+00 -2.0321e+00 -2.2223e+00 -5.9774e-01 -4.8989e+00 -4.2282e+00
39602 0 +1.172965013e+00 +3.324296501e+01 +3.324296501e+01 -3.6930e-01 +3.1692e+00 +1.0622e+00 +3.0671e+00 -1.5725e+00 -2.0321e+00 -2.2223e+00 -5.9775e-01 -4.8987e+00 -4.2282e+00
40182 0 +1.160592461e+00 +3.323059246e+01 +3.323059246e+01 -3.6932e-01 +3.1693e+00 +1.0622e+00 +3.0671e+00 -1.5725e+00 -2.0321e+00 -2.2223e+00 -5.9774e-01 -4.8988e+00 -4.2282e+00
% f evaluations | g evaluations | best noise-free fitness - Fopt (2.624000000000e+01) + sum g_i+ | measured fitness | best measured fitness or single-digit g-values | x1 | x2...
1 0 +7.470844187e+01 +1.009484419e+02 +1.009484419e+02 +2.9654e+00 -3.1657e+00 +2.7969e+00 +9.6850e-01 -5.4167e-01 -4.0003e+00 -4.0751e-01 -1.6629e+00 -3.5713e+00 +1.5089e+00
2 0 +3.086039709e+01 +5.710039709e+01 +5.710039709e+01 -4.4359e+00 +2.2200e+00 +4.3855e+00 -4.9922e+00 +4.9221e+00 +1.1748e+00 +1.1165e+00 -4.9293e+00 -4.7694e+00 +2.4775e-01
91 0 +2.665305393e+01 +5.289305393e+01 +5.289305393e+01 +3.4813e+00 -3.7722e+00 +3.7644e+00 +1.4293e+00 +2.0395e+00 +4.1062e+00 +1.2476e+00 -1.6413e+00 +3.2511e+00 -1.3694e+00
262 0 +1.778518766e+01 +4.402518766e+01 +4.402518766e+01 -4.2821e+00 -1.5448e+00 +1.9838e+00 -1.9872e-01 -3.7358e+00 -7.8980e-01 -4.8891e+00 +2.6918e+00 -3.6907e+00 +1.2262e+00
264 0 +1.761985161e+01 +4.385985161e+01 +4.385985161e+01 +2.9654e+00 -3.8101e+00 +1.1158e+00 +3.1915e+00 -1.0964e+00 +7.3903e-01 +5.5534e-02 -2.9749e+00 +4.1858e+00 +1.5089e+00
2456 0 +1.631648295e+01 +4.255648295e+01 +4.255648295e+01 -1.7310e+00 -2.2198e-01 -3.6942e+00 -2.2155e-01 +1.7817e+00 +4.9927e+00 -1.7042e+00 +4.9573e+00 -2.1953e+00 -1.5452e-01
5283 0 +1.501804758e+01 +4.125804758e+01 +4.125804758e+01 -2.8242e+00 +2.7140e-01 +1.6178e+00 -2.4543e+00 -1.7358e+00 +3.3505e+00 +1.8485e+00 -3.5142e+00 -3.1244e+00 +8.5308e-03
6572 0 +1.459254821e+01 +4.083254821e+01 +4.083254821e+01 -3.7251e+00 +2.1845e+00 +2.2143e+00 -9.8064e-01 +3.5941e+00 +2.0580e+00 -1.8611e+00 +3.3622e+00 +2.3957e+00 -2.0771e-01
8552 0 +9.866789491e+00 +3.610678949e+01 +3.610678949e+01 -1.1671e+00 -1.1586e+00 +7.3833e-01 +3.0275e+00 +3.3055e+00 +3.7894e+00 -7.2300e-01 +1.5020e+00 +1.6572e+00 +4.5973e-01
11099 0 +7.394945483e+00 +3.363494548e+01 +3.363494548e+01 -2.8075e+00 -2.2159e+00 -5.1121e-01 +3.7130e+00 -2.3727e+00 +1.4356e+00 +2.7411e+00 -2.6426e+00 +4.6614e+00 -3.1231e+00
19702 0 +6.368372771e+00 +3.260837277e+01 +3.260837277e+01 -1.1726e+00 -1.0886e+00 +7.6683e-01 +2.9967e+00 +3.2197e+00 +3.7783e+00 -6.3738e-01 +1.4696e+00 +1.5598e+00 +4.7538e-01
21344 0 +5.411144136e+00 +3.165114414e+01 +3.165114414e+01 -2.7841e+00 -2.1889e+00 -4.9822e-01 +3.6473e+00 -2.3465e+00 +1.4172e+00 +2.6755e+00 -2.6168e+00 +4.6329e+00 -3.1288e+00
22938 0 +4.510554617e+00 +3.075055462e+01 +3.075055462e+01 -2.7841e+00 -2.2223e+00 -4.8143e-01 +3.6428e+00 -2.3750e+00 +1.4452e+00 +2.6486e+00 -2.5989e+00 +4.6176e+00 -3.1496e+00
23953 0 +4.431309456e+00 +3.067130946e+01 +3.067130946e+01 -2.8024e+00 -2.2331e+00 -4.8143e-01 +3.6564e+00 -2.3950e+00 +1.4452e+00 +2.6282e+00 -2.6345e+00 +4.6176e+00 -3.1273e+00
25749 0 +4.336637097e+00 +3.057663710e+01 +3.057663710e+01 -2.4944e+00 +2.9126e+00 +1.6876e+00 -6.4978e-01 +7.0129e-01 +9.3264e-01 +1.4370e+00 +1.0176e+00 -6.8542e-01 +7.5382e-01
28460 0 +3.774015130e+00 +3.001401513e+01 +3.001401513e+01 -2.4944e+00 +2.9126e+00 +1.6638e+00 -6.4978e-01 +6.7535e-01 +9.3264e-01 +1.4370e+00 +1.0194e+00 -6.8542e-01 +7.2060e-01
32409 0 +3.432792374e+00 +2.967279237e+01 +2.967279237e+01 -3.8919e+00 -4.1964e+00 +6.3681e-01 +1.2534e+00 -3.3639e+00 -4.2594e-01 -1.9441e+00 -1.5261e+00 +1.3858e-01 +4.8850e-02
34590 0 +3.276357894e+00 +2.951635789e+01 +2.951635789e+01 -2.4944e+00 +2.9126e+00 +1.6469e+00 -6.4978e-01 +6.6262e-01 +9.3264e-01 +1.4370e+00 +1.0194e+00 -6.8542e-01 +7.2060e-01
36135 0 +3.050327251e+00 +2.929032725e+01 +2.929032725e+01 -1.1543e+00 -1.1072e+00 +7.6683e-01 +2.9967e+00 +3.1792e+00 +4.0249e+00 -6.3738e-01 +1.3726e+00 +1.5598e+00 +4.7538e-01
39194 0 +2.800978095e+00 +2.904097809e+01 +2.904097809e+01 -2.4944e+00 +2.9126e+00 +1.6469e+00 -6.1661e-01 +6.6262e-01 +9.7659e-01 +1.4370e+00 +1.0194e+00 -6.8542e-01 +7.2060e-01
39463 0 +2.723722542e+00 +2.896372254e+01 +2.896372254e+01 -2.4944e+00 +2.9126e+00 +1.6469e+00 -6.1661e-01 +6.6262e-01 +9.7659e-01 +1.4370e+00 +1.0248e+00 -6.8542e-01 +7.2060e-01
40182 0 +2.723722542e+00 +2.896372254e+01 +2.896372254e+01 -2.4944e+00 +2.9126e+00 +1.6469e+00 -6.1661e-01 +6.6262e-01 +9.7659e-01 +1.4370e+00 +1.0248e+00 -6.8542e-01 +7.2060e-01
% f evaluations | g evaluations | best noise-free fitness - Fopt (-1.610000000000e+01) + sum g_i+ | measured fitness | best measured fitness or single-digit g-values | x1 | x2...
1 0 +7.378234519e+01 +5.768234519e+01 +5.768234519e+01 +2.9654e+00 -3.1657e+00 +2.7969e+00 +9.6850e-01 -5.4167e-01 -4.0003e+00 -4.0751e-01 -1.6629e+00 -3.5713e+00 +1.5089e+00
2 0 +6.920263062e+01 +5.310263062e+01 +5.310263062e+01 -4.4359e+00 +2.2200e+00 +4.3855e+00 -4.9922e+00 +4.9221e+00 +1.1748e+00 +1.1165e+00 -4.9293e+00 -4.7694e+00 +2.4775e-01
11 0 +4.685753867e+01 +3.075753867e+01 +3.075753867e+01 +3.9576e+00 -2.4630e-01 +6.3276e-01 +1.9552e+00 -3.6067e+00 +1.0442e+00 +3.9841e-01 -2.9694e+00 +4.4285e+00 +9.8865e-01
28 0 +3.734964186e+01 +2.124964186e+01 +2.124964186e+01 -8.0219e-01 -2.4379e+00 +1.1151e+00 -4.1841e+00 -4.9482e+00 +1.2789e+00 -3.0573e+00 -4.2906e+00 -1.0322e+00 -4.4923e+00
51 0 +2.607226373e+01 +9.972263734e+00 +9.972263734e+00 -4.6768e+00 -2.2024e+00 -8.8793e-01 +1.0278e+00 -2.2904e+00 -3.6681e+00 -4.2380e+00 +4.4053e+00 -8.3361e-01 +8.1163e-01
217 0 +2.146013266e+01 +5.360132659e+00 +5.360132659e+00 -2.5728e+00 -2.5425e+00 +2.9306e+00 +1.0322e+00 -1.2170e+00 +4.0552e+00 +2.7262e+00 -1.5777e+00 +1.6280e+00 +9.5751e-01
1168 0 +2.085202445e+01 +4.752024454e+00 +4.752024454e+00 +1.0814e+00 +6.6203e-01 +3.5599e+00 +2.8950e+00 -4.4046e+00 +1.0119e+00 +6.2956e-01 -3.8323e+00 +2.1567e+00 -1.7391e-01
1304 0 +1.814096395e+01 +2.040963954e+00 +2.040963954e+00 -5.9434e-01 -1.4844e+00 +4.3042e+00 +2.1016e+00 -2.4249e+00 +7.2427e-03 +4.5768e-01 -3.3325e+00 -4.2871e-04 +5.2153e-01
1370 0 +1.383990245e+01 -2.260097545e+00 -2.260097545e+00 -2.9785e+00 +4.0750e+00 -1.0009e+00 -6.9285e-02 +4.3598e+00 +8.2509e-01 -4.9279e+00 +1.9135e+00 -3.6285e-01 -3.1433e+00
1947 0 +9.120755937e+00 -6.979244063e+00 -6.979244063e+00 +2.3284e+00 -2.0126e-01 +1.9607e+00 -4.5275e+00 +4.3959e+00 +4.0114e+00 -1.3989e+00 -7.6683e-01 -1.4248e+00 +2.9739e+00
12280 0 +8.146112072e+00 -7.953887928e+00 -7.953887928e+00 -1.2574e+00 +5.7427e-01 -4.9349e-01 -9.0094e-01 -2.1752e+00 -6.8613e-01 -2.8077e+00 -8.0855e-01 +1.0354e-01 -4.6716e-01
24713 0 +7.993098245e+00 -8.106901755e+00 -8.106901755e+00 +3.8641e+00 -4.9934e-01 +1.7472e+00 -4.7108e-01 -5.0214e-01 +2.0719e+00 +1.1794e+00 -1.8356e+00 -1.8381e+00 +2.9938e+00
25070 0 +6.670434852e+00 -9.429565148e+00 -9.429565148e+00 +1.2914e+00 -2.3313e+00 +6.2321e-02 -7.1006e-01 +6.3580e-01 -2.6916e-01 -1.7716e+00 +4.1014e+00 +1.1388e+00 -6.8722e-01
25543 0 +5.889803207e+00 -1.021019679e+01 -1.021019679e+01 +1.2796e+00 -2.3345e+00 +5.9896e-02 -7.3061e-01 +6.3682e-01 -2.7302e-01 -1.7948e+00 +3.9735e+00 +1.1388e+00 -6.8387e-01
27420 0 +5.253065290e+00 -1.084693471e+01 -1.084693471e+01 +1.0739e+00 -1.0800e+00 -3.1211e+00 -1.5852e+00 +1.6851e+00 +2.0966e+00 -2.7106e+00 -6.5470e-01 +6.5995e-01 -1.7137e+00
27773 0 +4.848431225e+00 -1.125156877e+01 -1.125156877e+01 +7.3535e-01 -1.0800e+00 -3.1211e+00 -1.5852e+00 +1.5839e+00 +2.0966e+00 -2.7150e+00 -7.6792e-01 +5.1992e-01 -1.5320e+00
28178 0 +4.102533900e+00 -1.199746610e+01 -1.199746610e+01 +8.6917e-01 -1.0898e+00 -3.1211e+00 -1.7345e+00 +1.5868e+00 +2.0457e+00 -2.7031e+00 -7.6792e-01 +5.8124e-01 -1.5271e+00
30175 0 +2.807548061e+00 -1.329245194e+01 -1.329245194e+01 +1.8636e+00 +1.6699e-01 +3.3258e+00 -2.9067e+00 -1.2181e+00 +3.7292e-02 +1.2343e-01 +9.1900e-02 -1.0717e+00 +1.3787e+00
33546 0 +2.431598163e+00 -1.366840184e+01 -1.366840184e+01 +2.7724e+00 -2.3286e-01 +4.2523e+00 -3.0087e+00 -2.1327e+00 +1.4164e+00 +1.3207e+00 -1.1665e+00 -6.9034e-01 +4.5140e-01
34087 0 +2.145231615e+00 -1.395476838e+01 -1.395476838e+01 +2.4765e+00 -3.9759e-01 +1.4968e+00 -4.2787e+00 +4.1996e+00 +3.9720e+00 -1.4707e+00 -4.7882e-01 -1.1000e+00 +2.7827e+00
34358 0 +2.123986546e+00 -1.397601345e+01 -1.397601345e+01 +2.7454e+00 -2.3286e-01 +4.2523e+00 -3.0211e+00 -2.1327e+00 +1.4097e+00 +1.3207e+00 -1.1786e+00 -6.9034e-01 +4.8531e-01
37148 0 +1.708884007e+00 -1.439111599e+01 -1.439111599e+01 +2.7454e+00 -2.3400e-01 +4.2523e+00 -3.0211e+00 -2.1315e+00 +1.4109e+00 +1.3207e+00 -1.1438e+00 -7.0681e-01 +4.8374e-01
38097 0 +1.666988864e+00 -1.443301114e+01 -1.443301114e+01 +2.7456e+00 -2.3670e-01 +4.2523e+00 -3.0204e+00 -2.1315e+00 +1.4109e+00 +1.3214e+00 -1.1440e+00 -7.0681e-01 +4.7841e-01
38902 0 +1.607799387e+00 -1.449220061e+01 -1.449220061e+01 +2.7456e+00 -2.3670e-01 +4.2521e+00 -3.0204e+00 -2.1307e+00 +1.4109e+00 +1.3202e+00 -1.1440e+00 -7.0744e-01 +4.7841e-01
39250 0 +1.559424741e+00 -1.454057526e+01 -1.454057526e+01 +2.7408e+00 -2.3952e-01 +4.2517e+00 -3.0216e+00 -2.1344e+00 +1.4060e+00 +1.3176e+00 -1.1448e+00 -7.0612e-01 +4.8034e-01
39542 0 +1.528739074e+00 -1.457126093e+01 -1.457126093e+01 +2.7408e+00 -2.3952e-01 +4.2525e+00 -3.0216e+00 -2.1289e+00 +1.3990e+00 +1.3176e+00 -1.1448e+00 -7.0612e-01 +4.8185e-01
39596 0 +1.491779360e+00 -1.460822064e+01 -1.460822064e+01 +2.7402e+00 -2.3952e-01 +4.2526e+00 -3.0216e+00 -2.1266e+00 +1.3990e+00 +1.3166e+00 -1.1448e+00 -7.0594e-01 +4.8185e-01
39632 0 +1.439817876e+00 -1.466018212e+01 -1.466018212e+01 +2.7402e+00 -2.4077e-01 +4.2526e+00 -3.0221e+00 -2.1266e+00 +1.3990e+00 +1.3148e+00 -1.1452e+00 -7.0594e-01 +4.8185e-01
39744 0 +1.393288494e+00 -1.470671151e+01 -1.470671151e+01 +2.7402e+00 -2.4077e-01 +4.2526e+00 -3.0221e+00 -2.1267e+00 +1.3990e+00 +1.3152e+00 -1.1450e+00 -7.0700e-01 +4.8171e-01
40028 0 +1.379652662e+00 -1.472034734e+01 -1.472034734e+01 +2.7402e+00 -2.4060e-01 +4.2523e+00 -3.0221e+00 -2.1267e+00 +1.3990e+00 +1.3152e+00 -1.1450e+00 -7.0700e-01 +4.8171e-01
40152 0 +1.346047865e+00 -1.475395213e+01 -1.475395213e+01 +2.7402e+00 -2.4013e-01 +4.2520e+00 -3.0220e+00 -2.1267e+00 +1.3990e+00 +1.3146e+00 -1.1450e+00 -7.0677e-01 +4.8171e-01
40182 0 +1.338979328e+00 -1.476102067e+01 -1.476102067e+01 +2.7402e+00 -2.4000e-01 +4.2521e+00 -3.0220e+00 -2.1267e+00 +1.3990e+00 +1.3146e+00 -1.1450e+00 -7.0672e-01 +4.8171e-01
