% f evaluations | g evaluations | best noise-free fitness - Fopt (7.135000000000e+01) + sum g_i+ | measured fitness | best measured fitness or single-digit g-values | x1 | x2...
1 0 +1.450627898e+01 +8.585627898e+01 +8.585627898e+01 +2.9654e+00 -3.1657e+00
18 0 +6.466738951e+00 +7.781673895e+01 +7.781673895e+01 +6.3288e-01 -1.1458e+00
52 0 +2.982419100e+00 +7.433241910e+01 +7.433241910e+01 +1.5635e+00 +2.9311e+00
57 0 +2.118196291e+00 +7.346819629e+01 +7.346819629e+01 +9.0586e-01 -1.1463e+00
120 0 +3.260206229e-01 +7.167602062e+01 +7.167602062e+01 +1.1000e+00 +1.8357e+00
290 0 +3.140676503e-01 +7.166406765e+01 +7.166406765e+01 +1.6688e+00 -1.6173e-01
365 0 +2.440790678e-01 +7.159407907e+01 +7.159407907e+01 +1.6002e+00 +9.2924e-01
791 0 +1.438710055e-01 +7.149387101e+01 +7.149387101e+01 +1.7559e+00 -1.1359e+00
985 0 +5.929263592e-02 +7.140929264e+01 +7.140929264e+01 +1.6988e+00 -1.1392e+00
1190 0 +9.976846495e-03 +7.135997685e+01 +7.135997685e+01 +1.9720e+00 -3.1422e+00
1637 0 +7.027673825e-03 +7.135702767e+01 +7.135702767e+01 +1.2470e+00 +2.9721e+00
2600 0 +4.224363090e-03 +7.135422436e+01 +7.135422436e+01 +1.2677e+00 +2.9721e+00
2791 0 +3.741211615e-03 +7.135374121e+01 +7.135374121e+01 +1.2861e+00 +2.9744e+00
2870 0 +9.731675072e-04 +7.135097317e+01 +7.135097317e+01 +1.2724e+00 +2.9721e+00
3417 0 +5.282765626e-05 +7.135005283e+01 +7.135005283e+01 +1.2878e+00 +2.9721e+00
3726 0 +3.772627495e-05 +7.135003773e+01 +7.135003773e+01 +1.2862e+00 +2.9721e+00
3754 0 +2.975214680e-05 +7.135002975e+01 +7.135002975e+01 +1.2876e+00 +2.9721e+00
4293 0 +1.134923764e-05 +7.135001135e+01 +7.135001135e+01 +1.2865e+00 +2.9722e+00
4372 0 +6.910938538e-06 +7.135000691e+01 +7.135000691e+01 +1.2867e+00 +2.9722e+00
4534 0 +6.631028768e-06 +7.135000663e+01 +7.135000663e+01 +1.2867e+00 +2.9723e+00
4654 0 +8.091053729e-07 +7.135000081e+01 +7.135000081e+01 +1.2867e+00 +2.9722e+00
5009 0 +7.344053756e-07 +7.135000073e+01 +7.135000073e+01 +1.2873e+00 +2.9722e+00
5032 0 +2.391958276e-08 +7.135000002e+01 +7.135000002e+01 +1.2870e+00 +2.9722e+00
5184 0 +6.695756838e-09 +7.135000001e+01 +7.135000001e+01 +1.2870e+00 +2.9722e+00
5956 0 +7.815970093e-13 +7.135000000e+01 +7.135000000e+01 +1.2870e+00 +2.9722e+00
6836 0 +1.421085472e-14 +7.135000000e+01 +7.135000000e+01 +1.2870e+00 +2.9722e+00
% f evaluations | g evaluations | best noise-free fitness - Fopt (-3.552200000000e+02) + sum g_i+ | measured fitness | best measured fitness or single-digit g-values | x1 | x2...
1 0 +2.333616999e+00 -3.528863830e+02 -3.528863830e+02 +2.9654e+00 -3.1657e+00
231 0 +1.921743366e+00 -3.532982566e+02 -3.532982566e+02 -2.4486e+00 +3.1027e+00
238 0 +1.006718883e+00 -3.542132811e+02 -3.542132811e+02 -2.6133e+00 +3.1876e+00
260 0 +6.870900213e-01 -3.545329100e+02 -3.545329100e+02 -7.3417e-01 +2.7185e+00
464 0 +5.297586076e-01 -3.546902414e+02 -3.546902414e+02 -2.8006e+00 +3.1027e+00
571 0 +2.801922781e-01 -3.549398077e+02 -3.549398077e+02 -8.7704e-01 +2.7444e+00
1081 0 +3.164083450e-02 -3.551883592e+02 -3.551883592e+02 -2.6606e+00 +3.1447e+00
2501 0 +4.548612204e-03 -3.552154514e+02 -3.552154514e+02 -2.6411e+00 +3.1435e+00
2521 0 +9.019164934e-04 -3.552190981e+02 -3.552190981e+02 -2.6400e+00 +3.1405e+00
3259 0 +5.219242994e-04 -3.552194781e+02 -3.552194781e+02 -2.6359e+00 +3.1429e+00
3285 0 +6.041502189e-05 -3.552199396e+02 -3.552199396e+02 -2.6417e+00 +3.1409e+00
3372 0 +1.294048178e-05 -3.552199871e+02 -3.552199871e+02 -2.6422e+00 +3.1409e+00
3405 0 +7.409115426e-06 -3.552199926e+02 -3.552199926e+02 -2.6421e+00 +3.1409e+00
3498 0 +3.488194352e-06 -3.552199965e+02 -3.552199965e+02 -2.6427e+00 +3.1409e+00
3713 0 +1.686750579e-07 -3.552199998e+02 -3.552199998e+02 -2.6426e+00 +3.1409e+00
3871 0 +7.383738421e-08 -3.552199999e+02 -3.552199999e+02 -2.6426e+00 +3.1409e+00
3957 0 +4.647057494e-08 -3.552200000e+02 -3.552200000e+02 -2.6425e+00 +3.1409e+00
3969 0 +3.114422498e-08 -3.552200000e+02 -3.552200000e+02 -2.6425e+00 +3.1409e+00
4046 0 +2.709231239e-08 -3.552200000e+02 -3.552200000e+02 -2.6425e+00 +3.1410e+00
4088 0 +3.194202236e-09 -3.552200000e+02 -3.552200000e+02 -2.6425e+00 +3.1410e+00
4222 0 +0.000000000e+00 -3.552200000e+02 -3.552200000e+02 -2.6425e+00 +3.1410e+00
5237 0 +0.000000000e+00 -3.552200000e+02 -3.552200000e+02 -2.6425e+00 +3.1410e+00
% f evaluations | g evaluations | best noise-free fitness - Fopt (9.917000000000e+01) + sum g_i+ | measured fitness | best measured fitness or single-digit g-values | x1 | x2...
1 0 +1.403643771e+02 +2.395343771e+02 +2.395343771e+02 +2.9654e+00 -3.1657e+00
2 0 +6.603598077e+01 +1.652059808e+02 +1.652059808e+02 +2.7969e+00 +9.6850e-01
3 0 +4.710870098e+01 +1.462787010e+02 +1.462787010e+02 -5.4167e-01 -4.0003e+00
9 0 +2.439117069e+00 +1.016091171e+02 +1.016091171e+02 +1.1165e+00 -4.9293e+00
76 0 +2.155674228e+00 +1.013256742e+02 +1.013256742e+02 -2.8720e+00 +2.7480e+00
78 0 +1.587483704e+00 +1.007574837e+02 +1.007574837e+02 +2.7969e+00 +2.4038e-01
233 0 +7.776845683e-01 +9.994768457e+01 +9.994768457e+01 -2.9882e+00 +3.0167e+00
322 0 +3.698106351e-01 +9.953981064e+01 +9.953981064e+01 -1.1806e+00 +2.0516e+00
545 0 +2.245443452e-01 +9.939454435e+01 +9.939454435e+01 -2.9121e+00 +2.8427e+00
589 0 +2.225820075e-01 +9.939258201e+01 +9.939258201e+01 -2.8844e+00 +2.8895e+00
966 0 +1.389208472e-01 +9.930892085e+01 +9.930892085e+01 -2.9371e+00 +2.8806e+00
985 0 +5.478783821e-02 +9.922478784e+01 +9.922478784e+01 -1.1918e+00 +2.0561e+00
1749 0 +1.713190304e-02 +9.918713190e+01 +9.918713190e+01 -2.9379e+00 +2.9009e+00
2322 0 +2.722990567e-03 +9.917272299e+01 +9.917272299e+01 -1.2081e+00 +2.0648e+00
2718 0 +1.080296946e-03 +9.917108030e+01 +9.917108030e+01 -1.2073e+00 +2.0648e+00
2735 0 +7.817352049e-05 +9.917007817e+01 +9.917007817e+01 -1.2042e+00 +2.0593e+00
3328 0 +4.214061974e-06 +9.917000421e+01 +9.917000421e+01 -1.2040e+00 +2.0595e+00
3510 0 +3.279940358e-06 +9.917000328e+01 +9.917000328e+01 -1.2032e+00 +2.0581e+00
3560 0 +2.798840114e-06 +9.917000280e+01 +9.917000280e+01 -1.2037e+00 +2.0588e+00
3586 0 +4.216656180e-08 +9.917000004e+01 +9.917000004e+01 -1.2035e+00 +2.0585e+00
3910 0 +1.801218730e-08 +9.917000002e+01 +9.917000002e+01 -1.2035e+00 +2.0585e+00
4034 0 +1.717647535e-08 +9.917000002e+01 +9.917000002e+01 -1.2035e+00 +2.0585e+00
4036 0 +1.217485135e-08 +9.917000001e+01 +9.917000001e+01 -1.2035e+00 +2.0585e+00
4060 0 +5.240053724e-09 +9.917000001e+01 +9.917000001e+01 -1.2035e+00 +2.0585e+00
4244 0 +1.847411113e-13 +9.917000000e+01 +9.917000000e+01 -1.2035e+00 +2.0585e+00
4254 0 +0.000000000e+00 +9.917000000e+01 +9.917000000e+01 -1.2035e+00 +2.0585e+00
4842 0 +0.000000000e+00 +9.917000000e+01 +9.917000000e+01 -1.2035e+00 +2.0585e+00
% f evaluations | g evaluations | best noise-free fitness - Fopt (-5.179100000000e+02) + sum g_i+ | measured fitness | best measured fitness or single-digit g-values | x1 | x2...
1 0 +1.641146195e+02 -3.537953805e+02 -3.537953805e+02 +2.9654e+00 -3.1657e+00
2 0 +7.664708924e+01 -4.412629108e+02 -4.412629108e+02 +2.7969e+00 +9.6850e-01
3 0 +3.921582876e+01 -4.786941712e+02 -4.786941712e+02 -5.4167e-01 -4.0003e+00
5 0 +1.760399891e+01 -5.003060011e+02 -5.003060011e+02 -3.5713e+00 +1.5089e+00
6 0 +5.691021048e-01 -5.173408979e+02 -5.173408979e+02 -4.4359e+00 +2.2200e+00
119 0 +2.738374280e-01 -5.176361626e+02 -5.176361626e+02 -2.0465e+00 +2.7419e+00
346 0 +6.292055561e-02 -5.178470794e+02 -5.178470794e+02 +5.5685e-01 +3.5905e+00
1771 0 +4.409193983e-02 -5.178659081e+02 -5.178659081e+02 -2.2532e+00 -1.4539e+00
1900 0 +3.909276061e-02 -5.178709072e+02 -5.178709072e+02 +5.7663e-01 +3.5896e+00
2297 0 +2.847702076e-02 -5.178815230e+02 -5.178815230e+02 +7.0841e-01 +3.6906e+00
3343 0 +2.010140111e-02 -5.178898986e+02 -5.178898986e+02 +6.3364e-01 +3.6348e+00
3418 0 +3.591098507e-03 -5.179064089e+02 -5.179064089e+02 +6.1829e-01 +3.6183e+00
4163 0 +5.844507242e-04 -5.179094155e+02 -5.179094155e+02 +6.3508e-01 +3.6270e+00
4228 0 +4.585117117e-04 -5.179095415e+02 -5.179095415e+02 +6.3190e-01 +3.6270e+00
4332 0 +1.030116953e-04 -5.179098970e+02 -5.179098970e+02 +6.2594e-01 +3.6221e+00
4921 0 +9.885552038e-05 -5.179099011e+02 -5.179099011e+02 +6.2594e-01 +3.6221e+00
4943 0 +9.438219138e-05 -5.179099056e+02 -5.179099056e+02 +6.2594e-01 +3.6221e+00
5032 0 +8.615930415e-05 -5.179099138e+02 -5.179099138e+02 +6.2597e-01 +3.6221e+00
5066 0 +8.024701572e-05 -5.179099198e+02 -5.179099198e+02 +6.2596e-01 +3.6221e+00
5099 0 +7.781414183e-05 -5.179099222e+02 -5.179099222e+02 +6.2596e-01 +3.6221e+00
5253 0 +7.481011596e-05 -5.179099252e+02 -5.179099252e+02 +6.2596e-01 +3.6221e+00
5294 0 +6.977846772e-05 -5.179099302e+02 -5.179099302e+02 +6.2596e-01 +3.6221e+00
5329 0 +6.714684059e-05 -5.179099329e+02 -5.179099329e+02 +6.2597e-01 +3.6221e+00
5460 0 +6.598457207e-05 -5.179099340e+02 -5.179099340e+02 +6.2596e-01 +3.6221e+00
5589 0 +6.437651041e-05 -5.179099356e+02 -5.179099356e+02 +6.2597e-01 +3.6221e+00
6120 0 +6.398834648e-05 -5.179099360e+02 -5.179099360e+02 +6.2598e-01 +3.6221e+00
% f evaluations | g evaluations | best noise-free fitness - Fopt (-5.721000000000e+01) + sum g_i+ | measured fitness | best measured fitness or single-digit g-values | x1 | x2...
1 0 +1.354713364e+02 +7.826133637e+01 +7.826133637e+01 +2.9654e+00 -3.1657e+00
4 0 +7.716362116e+01 +1.995362116e+01 +1.995362116e+01 -4.0751e-01 -1.6629e+00
6 0 +7.398497531e+00 -4.981150247e+01 -4.981150247e+01 -4.4359e+00 +2.2200e+00
77 0 +7.029843244e+00 -5.018015676e+01 -5.018015676e+01 +1.1944e+00 -4.7217e+00
154 0 +8.542877490e-01 -5.635571225e+01 -5.635571225e+01 -4.7569e+00 +3.8108e+00
220 0 +6.999416171e-02 -5.714000584e+01 -5.714000584e+01 -4.8407e+00 +3.8680e+00
663 0 +6.246267696e-02 -5.714753732e+01 -5.714753732e+01 -4.7647e+00 +3.7559e+00
837 0 +3.627704011e-03 -5.720637230e+01 -5.720637230e+01 -4.8233e+00 +3.8350e+00
1215 0 +1.623760052e-03 -5.720837624e+01 -5.720837624e+01 -4.8144e+00 +3.8232e+00
1653 0 +2.078669287e-04 -5.720979213e+01 -5.720979213e+01 -4.8153e+00 +3.8231e+00
2087 0 +6.463642936e-05 -5.720993536e+01 -5.720993536e+01 -4.8154e+00 +3.8232e+00
2110 0 +3.426568668e-05 -5.720996573e+01 -5.720996573e+01 -4.8167e+00 +3.8246e+00
2166 0 +2.107577058e-05 -5.720997892e+01 -5.720997892e+01 -4.8160e+00 +3.8237e+00
2184 0 +7.303861310e-06 -5.720999270e+01 -5.720999270e+01 -4.8149e+00 +3.8219e+00
2249 0 +1.580219049e-06 -5.720999842e+01 -5.720999842e+01 -4.8153e+00 +3.8224e+00
2375 0 +1.250459420e-06 -5.720999875e+01 -5.720999875e+01 -4.8154e+00 +3.8227e+00
2432 0 +5.000030683e-07 -5.720999950e+01 -5.720999950e+01 -4.8154e+00 +3.8226e+00
2501 0 +2.175129197e-07 -5.720999978e+01 -5.720999978e+01 -4.8156e+00 +3.8229e+00
2528 0 +1.889828667e-07 -5.720999981e+01 -5.720999981e+01 -4.8155e+00 +3.8228e+00
2616 0 +7.783548028e-09 -5.720999999e+01 -5.720999999e+01 -4.8156e+00 +3.8229e+00
2937 0 +1.421085472e-14 -5.721000000e+01 -5.721000000e+01 -4.8156e+00 +3.8229e+00
3002 0 +0.000000000e+00 -5.721000000e+01 -5.721000000e+01 -4.8156e+00 +3.8229e+00
3251 0 +0.000000000e+00 -5.721000000e+01 -5.721000000e+01 -4.8156e+00 +3.8229e+00
% f evaluations | g evaluations | best noise-free fitness - Fopt (-2.778000000000e+01) + sum g_i+ | measured fitness | best measured fitness or single-digit g-values | x1 | x2...
1 0 +1.810131714e+02 +1.532331714e+02 +1.532331714e+02 +2.9654e+00 -3.1657e+00
2 0 +4.890004777e+01 +2.112004777e+01 +2.112004777e+01 +2.7969e+00 +9.6850e-01
3 0 +3.308693156e+01 +5.306931559e+00 +5.306931559e+00 -5.4167e-01 -4.0003e+00
4 0 +3.331704395e+00 -2.444829560e+01 -2.444829560e+01 -4.0751e-01 -1.6629e+00
156 0 +3.163510715e+00 -2.461648929e+01 -2.461648929e+01 -4.1151e+00 +2.8235e+00
207 0 +1.257182496e+00 -2.652281750e+01 -2.652281750e+01 -1.1140e+00 -7.4512e-01
400 0 +6.080820155e-01 -2.717191798e+01 -2.717191798e+01 -2.3355e+00 +3.7670e-01
403 0 +4.789354482e-01 -2.730106455e+01 -2.730106455e+01 -2.3022e+00 +8.6215e-01
440 0 +3.334486047e-01 -2.744655140e+01 -2.744655140e+01 -1.1586e+00 -8.4934e-01
962 0 +6.595436231e-02 -2.771404564e+01 -2.771404564e+01 -4.1856e+00 +2.8264e+00
1341 0 +3.072069123e-02 -2.774927931e+01 -2.774927931e+01 -2.3142e+00 +4.7529e-01
3162 0 +6.771333990e-03 -2.777322867e+01 -2.777322867e+01 -1.1415e+00 -6.1110e-01
3252 0 +4.376232989e-03 -2.777562377e+01 -2.777562377e+01 -1.1413e+00 -6.1574e-01
3684 0 +2.183288993e-03 -2.777781671e+01 -2.777781671e+01 -2.3144e+00 +4.5307e-01
3938 0 +1.861772354e-03 -2.777813823e+01 -2.777813823e+01 -2.3141e+00 +4.4311e-01
4009 0 +1.734420872e-03 -2.777826558e+01 -2.777826558e+01 -2.3143e+00 +4.4400e-01
4022 0 +1.586590469e-04 -2.777984134e+01 -2.777984134e+01 -2.3137e+00 +4.4649e-01
4153 0 +1.184284618e-05 -2.777998816e+01 -2.777998816e+01 -2.3133e+00 +4.4700e-01
4654 0 +8.458942901e-06 -2.777999154e+01 -2.777999154e+01 -2.3132e+00 +4.4722e-01
5022 0 +8.204927862e-06 -2.777999180e+01 -2.777999180e+01 -2.3132e+00 +4.4726e-01
5042 0 +8.089273031e-06 -2.777999191e+01 -2.777999191e+01 -2.3133e+00 +4.4677e-01
5102 0 +7.692807515e-06 -2.777999231e+01 -2.777999231e+01 -2.3132e+00 +4.4726e-01
5258 0 +6.633151848e-06 -2.777999337e+01 -2.777999337e+01 -2.3132e+00 +4.4736e-01
5342 0 +6.552603370e-06 -2.777999345e+01 -2.777999345e+01 -2.3132e+00 +4.4737e-01
5404 0 +6.336558084e-06 -2.777999366e+01 -2.777999366e+01 -2.3132e+00 +4.4738e-01
5425 0 +6.072666427e-06 -2.777999393e+01 -2.777999393e+01 -2.3132e+00 +4.4739e-01
5448 0 +5.958511348e-06 -2.777999404e+01 -2.777999404e+01 -2.3132e+00 +4.4739e-01
5451 0 +5.825147831e-06 -2.777999417e+01 -2.777999417e+01 -2.3132e+00 +4.4739e-01
5478 0 +5.699576143e-06 -2.777999430e+01 -2.777999430e+01 -2.3132e+00 +4.4739e-01
5487 0 +3.338248685e-06 -2.777999666e+01 -2.777999666e+01 -2.3133e+00 +4.4627e-01
5504 0 +2.412352742e-06 -2.777999759e+01 -2.777999759e+01 -2.3133e+00 +4.4624e-01
5509 0 +1.153446060e-06 -2.777999885e+01 -2.777999885e+01 -2.3133e+00 +4.4613e-01
5518 0 +8.956909134e-07 -2.777999910e+01 -2.777999910e+01 -2.3133e+00 +4.4587e-01
5532 0 +4.380934122e-07 -2.777999956e+01 -2.777999956e+01 -2.3133e+00 +4.4569e-01
5533 0 +1.264163672e-07 -2.777999987e+01 -2.777999987e+01 -2.3133e+00 +4.4579e-01
5542 0 +5.364629629e-08 -2.777999995e+01 -2.777999995e+01 -2.3133e+00 +4.4557e-01
5574 0 +2.805042953e-08 -2.777999997e+01 -2.777999997e+01 -2.3133e+00 +4.4552e-01
5592 0 +2.633545648e-08 -2.777999997e+01 -2.777999997e+01 -2.3133e+00 +4.4557e-01
5593 0 +6.484413007e-09 -2.777999999e+01 -2.777999999e+01 -2.3133e+00 +4.4556e-01
5712 0 +2.309263891e-13 -2.778000000e+01 -2.778000000e+01 -2.3133e+00 +4.4560e-01
5738 0 +0.000000000e+00 -2.778000000e+01 -2.778000000e+01 -2.3133e+00 +4.4560e-01
5843 0 +0.000000000e+00 -2.778000000e+01 -2.778000000e+01 -2.3133e+00 +4.4560e-01
% f evaluations | g evaluations | best noise-free fitness - Fopt (-4.871000000000e+01) + sum g_i+ | measured fitness | best measured fitness or single-digit g-values | x1 | x2...
1 0 +3.595771630e+01 -1.275228370e+01 -1.275228370e+01 +2.9654e+00 -3.1657e+00
3 0 +3.557331930e+01 -1.313668070e+01 -1.313668070e+01 -5.4167e-01 -4.0003e+00
7 0 +1.771754126e+01 -3.099245874e+01 -3.099245874e+01 +4.3855e+00 -4.9922e+00
9 0 +1.278497168e+01 -3.592502832e+01 -3.592502832e+01 +1.1165e+00 -4.9293e+00
17 0 +1.057802716e+01 -3.813197284e+01 -3.813197284e+01 -4.8674e+00 +4.4220e+00
48 0 +7.365833646e+00 -4.134416635e+01 -4.134416635e+01 -4.1219e+00 +4.7696e+00
97 0 +5.880691432e+00 -4.282930857e+01 -4.282930857e+01 +2.6513e+00 -8.0391e-01
184 0 +2.247317711e+00 -4.646268229e+01 -4.646268229e+01 -2.9596e-03 -4.6819e+00
256 0 +1.747052633e+00 -4.696294737e+01 -4.696294737e+01 -1.1199e+00 -4.9962e+00
358 0 +1.086495582e+00 -4.762350442e+01 -4.762350442e+01 +7.9080e-02 -4.9301e+00
507 0 +3.143676162e-01 -4.839563238e+01 -4.839563238e+01 +2.3794e+00 -2.7867e+00
657 0 +3.181436107e-02 -4.867818564e+01 -4.867818564e+01 -2.4152e-02 -4.4409e+00
1973 0 +2.573780593e-02 -4.868426219e+01 -4.868426219e+01 -7.4588e-03 -4.4784e+00
1996 0 +7.700903363e-03 -4.870229910e+01 -4.870229910e+01 -1.1266e-02 -4.4943e+00
2636 0 +5.846424656e-03 -4.870415358e+01 -4.870415358e+01 -1.7717e-02 -4.4553e+00
2861 0 +2.913986975e-03 -4.870708601e+01 -4.870708601e+01 -1.4747e-02 -4.4671e+00
3096 0 +2.551874804e-03 -4.870744813e+01 -4.870744813e+01 -1.4183e-02 -4.4708e+00
3300 0 +2.019756678e-03 -4.870798024e+01 -4.870798024e+01 -1.1772e-02 -4.4818e+00
3331 0 +1.732006175e-03 -4.870826799e+01 -4.870826799e+01 -7.5728e-03 -4.4988e+00
3358 0 +9.155413241e-04 -4.870908446e+01 -4.870908446e+01 -8.3259e-03 -4.4964e+00
3446 0 +4.346712783e-04 -4.870956533e+01 -4.870956533e+01 -8.7718e-03 -4.4939e+00
3449 0 +9.104865742e-05 -4.870990895e+01 -4.870990895e+01 -9.4879e-03 -4.4885e+00
3498 0 +3.508169794e-05 -4.870996492e+01 -4.870996492e+01 -9.5975e-03 -4.4896e+00
3509 0 +2.284113552e-05 -4.870997716e+01 -4.870997716e+01 -9.9581e-03 -4.4878e+00
3564 0 +1.993153249e-05 -4.870998007e+01 -4.870998007e+01 -9.8646e-03 -4.4881e+00
3594 0 +1.021071857e-05 -4.870998979e+01 -4.870998979e+01 -9.6572e-03 -4.4892e+00
3785 0 +8.068731006e-06 -4.870999193e+01 -4.870999193e+01 -9.5285e-03 -4.4892e+00
3798 0 +3.930987951e-06 -4.870999607e+01 -4.870999607e+01 -9.6114e-03 -4.4889e+00
3802 0 +1.704983532e-07 -4.870999983e+01 -4.870999983e+01 -9.5836e-03 -4.4891e+00
3942 0 +4.101927686e-09 -4.871000000e+01 -4.871000000e+01 -9.6010e-03 -4.4891e+00
4185 0 +7.105427358e-15 -4.871000000e+01 -4.871000000e+01 -9.5936e-03 -4.4892e+00
4321 0 +0.000000000e+00 -4.871000000e+01 -4.871000000e+01 -9.5940e-03 -4.4892e+00
5237 0 +0.000000000e+00 -4.871000000e+01 -4.871000000e+01 -9.5940e-03 -4.4892e+00
% f evaluations | g evaluations | best noise-free fitness - Fopt (-1.667900000000e+02) + sum g_i+ | measured fitness | best measured fitness or single-digit g-values | x1 | x2...
1 0 +3.137466004e+01 -1.354153400e+02 -1.354153400e+02 +2.9654e+00 -3.1657e+00
2 0 +8.747153047e+00 -1.580428470e+02 -1.580428470e+02 +2.7969e+00 +9.6850e-01
48 0 +1.977526955e+00 -1.648124730e+02 -1.648124730e+02 +2.7426e+00 +9.3460e-01
195 0 +1.708627910e-02 -1.667729137e+02 -1.667729137e+02 +2.4485e+00 -1.8907e+00
471 0 +8.470378131e-03 -1.667815296e+02 -1.667815296e+02 -1.5208e+00 +1.8176e+00
780 0 +8.274205703e-03 -1.667817258e+02 -1.667817258e+02 -2.3497e+00 -1.2041e-01
1807 0 +9.907536858e-04 -1.667890092e+02 -1.667890092e+02 +2.4401e+00 -1.8695e+00
4073 0 +6.425737103e-04 -1.667893574e+02 -1.667893574e+02 -2.3462e+00 -1.3347e-01
4081 0 +1.269098150e-04 -1.667898731e+02 -1.667898731e+02 -2.3504e+00 -1.2314e-01
4655 0 +6.324414790e-05 -1.667899368e+02 -1.667899368e+02 -2.3503e+00 -1.2345e-01
4997 0 +6.273813369e-05 -1.667899373e+02 -1.667899373e+02 -2.3503e+00 -1.2343e-01
5043 0 +5.731623895e-05 -1.667899427e+02 -1.667899427e+02 -2.3503e+00 -1.2344e-01
5418 0 +5.603383948e-05 -1.667899440e+02 -1.667899440e+02 -2.3503e+00 -1.2345e-01
5521 0 +5.486072308e-05 -1.667899451e+02 -1.667899451e+02 -2.3503e+00 -1.2345e-01
7052 0 +5.447770931e-05 -1.667899455e+02 -1.667899455e+02 -2.3503e+00 -1.2345e-01
% f evaluations | g evaluations | best noise-free fitness - Fopt (1.000000000000e+03) + sum g_i+ | measured fitness | best measured fitness or single-digit g-values | x1 | x2...
1 0 +1.779616667e+02 +1.177961667e+03 +1.177961667e+03 +2.9654e+00 -3.1657e+00
2 0 +2.877809855e+00 +1.002877810e+03 +1.002877810e+03 +2.7969e+00 +9.6850e-01
52 0 +1.102486554e+00 +1.001102487e+03 +1.001102487e+03 +3.1708e+00 +7.6054e-01
133 0 +7.629717130e-01 +1.000762972e+03 +1.000762972e+03 -2.9434e+00 +6.5116e-01
318 0 +7.580122980e-01 +1.000758012e+03 +1.000758012e+03 +3.4023e+00 -3.9716e+00
471 0 +4.821027515e-01 +1.000482103e+03 +1.000482103e+03 -4.9655e+00 +5.9966e-01
1008 0 +4.322855767e-01 +1.000432286e+03 +1.000432286e+03 +2.6872e+00 +1.0771e+00
1280 0 +3.683470106e-02 +1.000036835e+03 +1.000036835e+03 +9.8362e-01 +8.4996e-01
2274 0 +3.402133606e-02 +1.000034021e+03 +1.000034021e+03 -9.4588e-01 +7.5139e-01
2375 0 +1.275163425e-02 +1.000012752e+03 +1.000012752e+03 +9.4372e-01 +8.4996e-01
2497 0 +1.152192544e-02 +1.000011522e+03 +1.000011522e+03 +9.2617e-01 +8.5932e-01
3042 0 +1.029323689e-02 +1.000010293e+03 +1.000010293e+03 -1.0031e+00 +7.7863e-01
3189 0 +9.491426416e-03 +1.000009491e+03 +1.000009491e+03 +9.7666e-01 +8.4317e-01
3190 0 +5.395256552e-03 +1.000005395e+03 +1.000005395e+03 +9.2041e-01 +8.6047e-01
3465 0 +4.809417072e-03 +1.000004809e+03 +1.000004809e+03 +9.7616e-01 +8.4394e-01
3979 0 +4.720272132e-03 +1.000004720e+03 +1.000004720e+03 +9.7869e-01 +8.4325e-01
4004 0 +4.237895707e-03 +1.000004238e+03 +1.000004238e+03 +9.7579e-01 +8.4424e-01
4039 0 +3.686412000e-03 +1.000003686e+03 +1.000003686e+03 +9.7159e-01 +8.4521e-01
4062 0 +1.626442838e-03 +1.000001626e+03 +1.000001626e+03 +9.6543e-01 +8.4696e-01
4113 0 +1.615963957e-03 +1.000001616e+03 +1.000001616e+03 +9.7814e-01 +8.4504e-01
4216 0 +1.316009343e-03 +1.000001316e+03 +1.000001316e+03 +9.6583e-01 +8.4712e-01
4338 0 +3.134599986e-04 +1.000000313e+03 +1.000000313e+03 +9.6938e-01 +8.4745e-01
4346 0 +2.472414784e-04 +1.000000247e+03 +1.000000247e+03 +9.6768e-01 +8.4729e-01
4441 0 +1.990128916e-04 +1.000000199e+03 +1.000000199e+03 +9.7056e-01 +8.4673e-01
4464 0 +2.912687182e-05 +1.000000029e+03 +1.000000029e+03 +9.6628e-01 +8.4795e-01
4621 0 +2.205691510e-05 +1.000000022e+03 +1.000000022e+03 +9.6503e-01 +8.4824e-01
4667 0 +2.938834882e-06 +1.000000003e+03 +1.000000003e+03 +9.6496e-01 +8.4833e-01
4784 0 +2.740237278e-06 +1.000000003e+03 +1.000000003e+03 +9.6497e-01 +8.4833e-01
4838 0 +1.649894898e-06 +1.000000002e+03 +1.000000002e+03 +9.6489e-01 +8.4835e-01
4878 0 +9.774149703e-07 +1.000000001e+03 +1.000000001e+03 +9.6485e-01 +8.4836e-01
4923 0 +8.782417353e-07 +1.000000001e+03 +1.000000001e+03 +9.6485e-01 +8.4836e-01
4957 0 +8.629264130e-07 +1.000000001e+03 +1.000000001e+03 +9.6484e-01 +8.4836e-01
4977 0 +8.218496532e-07 +1.000000001e+03 +1.000000001e+03 +9.6484e-01 +8.4836e-01
4988 0 +3.251162752e-07 +1.000000000e+03 +1.000000000e+03 +9.6484e-01 +8.4842e-01
5023 0 +2.745535994e-07 +1.000000000e+03 +1.000000000e+03 +9.6502e-01 +8.4835e-01
5036 0 +2.211152150e-08 +1.000000000e+03 +1.000000000e+03 +9.6492e-01 +8.4839e-01
5152 0 +1.795149274e-08 +1.000000000e+03 +1.000000000e+03 +9.6491e-01 +8.4839e-01
5228 0 +6.709456102e-09 +1.000000000e+03 +1.000000000e+03 +9.6495e-01 +8.4838e-01
5564 0 +2.273736754e-13 +1.000000000e+03 +1.000000000e+03 +9.6498e-01 +8.4838e-01
6040 0 +1.136868377e-13 +1.000000000e+03 +1.000000000e+03 +9.6498e-01 +8.4838e-01
% f evaluations | g evaluations | best noise-free fitness - Fopt (-1.847000000000e+01) + sum g_i+ | measured fitness | best measured fitness or single-digit g-values | x1 | x2...
1 0 +3.558783740e+01 +1.711783740e+01 +1.711783740e+01 +2.9654e+00 -3.1657e+00
2 0 +2.201114574e+01 +3.541145741e+00 +3.541145741e+00 +2.7969e+00 +9.6850e-01
22 0 +2.181157369e+01 +3.341573689e+00 +3.341573689e+00 -3.2664e+00 -1.0894e+00
34 0 +1.967946712e+01 +1.209467117e+00 +1.209467117e+00 -1.9452e+00 +3.0819e+00
35 0 +5.516115137e+00 -1.295388486e+01 -1.295388486e+01 -1.1987e+00 +3.8099e+00
138 0 +2.755715195e+00 -1.571428480e+01 -1.571428480e+01 +3.7410e+00 +2.5137e+00
166 0 +1.260992598e+00 -1.720900740e+01 -1.720900740e+01 +1.8898e+00 +1.5100e+00
477 0 +9.481781548e-01 -1.752182185e+01 -1.752182185e+01 +3.3935e+00 -2.3138e+00
552 0 +2.538138168e-02 -1.844461862e+01 -1.844461862e+01 +4.1712e+00 +3.1467e+00
1108 0 +2.450417082e-02 -1.844549583e+01 -1.844549583e+01 +4.1712e+00 +3.1467e+00
2164 0 +1.982841505e-02 -1.845017158e+01 -1.845017158e+01 +3.5370e+00 -2.0324e+00
2684 0 +1.565374496e-02 -1.845434626e+01 -1.845434626e+01 +3.5180e+00 -2.0713e+00
3672 0 +1.483676551e-02 -1.845516323e+01 -1.845516323e+01 +3.5461e+00 -2.0284e+00
3781 0 +8.395246069e-03 -1.846160475e+01 -1.846160475e+01 +3.5403e+00 -2.0394e+00
3908 0 +3.587570039e-03 -1.846641243e+01 -1.846641243e+01 +3.5395e+00 -2.0388e+00
4048 0 +7.054098274e-04 -1.846929459e+01 -1.846929459e+01 +3.5403e+00 -2.0316e+00
4499 0 +5.843419523e-04 -1.846941566e+01 -1.846941566e+01 +3.5401e+00 -2.0318e+00
4688 0 +4.803720494e-04 -1.846951963e+01 -1.846951963e+01 +3.5402e+00 -2.0318e+00
5096 0 +4.068225154e-04 -1.846959318e+01 -1.846959318e+01 +3.5401e+00 -2.0318e+00
6068 0 +3.966143116e-04 -1.846960339e+01 -1.846960339e+01 +3.5401e+00 -2.0318e+00
6125 0 +3.886669918e-04 -1.846961133e+01 -1.846961133e+01 +3.5401e+00 -2.0319e+00
6172 0 +3.785223594e-04 -1.846962148e+01 -1.846962148e+01 +3.5401e+00 -2.0319e+00
6198 0 +3.696046016e-04 -1.846963040e+01 -1.846963040e+01 +3.5401e+00 -2.0319e+00
6228 0 +3.575187801e-04 -1.846964248e+01 -1.846964248e+01 +3.5401e+00 -2.0319e+00
6718 0 +3.564324264e-04 -1.846964357e+01 -1.846964357e+01 +3.5401e+00 -2.0319e+00
% f evaluations | g evaluations | best noise-free fitness - Fopt (-5.971000000000e+01) + sum g_i+ | measured fitness | best measured fitness or single-digit g-values | x1 | x2...
1 0 +1.336889101e+02 +7.397891009e+01 +7.397891009e+01 +2.9654e+00 -3.1657e+00
2 0 +6.531505860e+01 +5.605058596e+00 +5.605058596e+00 +2.7969e+00 +9.6850e-01
7 0 +2.673959381e+01 -3.297040619e+01 -3.297040619e+01 +4.3855e+00 -4.9922e+00
12 0 +2.194416013e+01 -3.776583987e+01 -3.776583987e+01 +4.7376e+00 -2.6723e+00
16 0 +4.428486276e+00 -5.528151372e+01 -5.528151372e+01 +1.8031e+00 -4.9501e-01
25 0 +7.151717939e-01 -5.899482821e+01 -5.899482821e+01 +1.8031e+00 -5.4932e-01
161 0 +5.815610326e-01 -5.912843897e+01 -5.912843897e+01 -9.6277e-01 +8.1282e-01
1099 0 +2.728929700e-01 -5.943710703e+01 -5.943710703e+01 +1.7227e+00 -8.5741e-01
1114 0 +2.909210879e-02 -5.968090789e+01 -5.968090789e+01 +1.7249e+00 -8.0101e-01
1881 0 +2.014299573e-02 -5.968985700e+01 -5.968985700e+01 +1.7243e+00 -7.9802e-01
2771 0 +1.937592381e-02 -5.969062408e+01 -5.969062408e+01 +1.7289e+00 -7.8007e-01
2840 0 +1.552079150e-02 -5.969447921e+01 -5.969447921e+01 +1.7417e+00 -7.6686e-01
2869 0 +7.792750518e-03 -5.970220725e+01 -5.970220725e+01 +1.7298e+00 -7.8311e-01
2917 0 +7.285794307e-03 -5.970271421e+01 -5.970271421e+01 +1.7364e+00 -7.7402e-01
2922 0 +5.785716754e-03 -5.970421428e+01 -5.970421428e+01 +1.7407e+00 -7.4913e-01
3062 0 +3.253564360e-03 -5.970674644e+01 -5.970674644e+01 +1.7279e+00 -7.8699e-01
3085 0 +1.718034457e-04 -5.970982820e+01 -5.970982820e+01 +1.7385e+00 -7.6554e-01
3582 0 +1.099461453e-04 -5.970989005e+01 -5.970989005e+01 +1.7385e+00 -7.6372e-01
3642 0 +2.237685082e-05 -5.970997762e+01 -5.970997762e+01 +1.7391e+00 -7.6311e-01
3746 0 +2.057774395e-06 -5.970999794e+01 -5.970999794e+01 +1.7387e+00 -7.6388e-01
3811 0 +9.148674920e-07 -5.970999909e+01 -5.970999909e+01 +1.7386e+00 -7.6417e-01
4046 0 +6.536560591e-07 -5.970999935e+01 -5.970999935e+01 +1.7385e+00 -7.6437e-01
4100 0 +1.671803531e-07 -5.970999983e+01 -5.970999983e+01 +1.7385e+00 -7.6425e-01
4102 0 +1.124738347e-07 -5.970999989e+01 -5.970999989e+01 +1.7387e+00 -7.6402e-01
4139 0 +1.549804551e-08 -5.970999998e+01 -5.970999998e+01 +1.7386e+00 -7.6406e-01
4182 0 +2.392056331e-09 -5.971000000e+01 -5.971000000e+01 +1.7386e+00 -7.6412e-01
4220 0 +3.552713679e-13 -5.971000000e+01 -5.971000000e+01 +1.7386e+00 -7.6411e-01
4379 0 +0.000000000e+00 -5.971000000e+01 -5.971000000e+01 +1.7386e+00 -7.6411e-01
4842 0 +0.000000000e+00 -5.971000000e+01 -5.971000000e+01 +1.7386e+00 -7.6411e-01
% f evaluations | g evaluations | best noise-free fitness - Fopt (-9.684000000000e+01) + sum g_i+ | measured fitness | best measured fitness or single-digit g-values | x1 | x2...
1 0 +1.567681412e+01 -8.116318588e+01 -8.116318588e+01 +2.9654e+00 -3.1657e+00
9 0 +3.119753624e+00 -9.372024638e+01 -9.372024638e+01 +1.1165e+00 -4.9293e+00
48 0 +2.250211777e+00 -9.458978822e+01 -9.458978822e+01 +1.1141e+00 -4.9346e+00
135 0 +2.055607253e+00 -9.478439275e+01 -9.478439275e+01 +2.8755e+00 -4.2992e+00
343 0 +3.190033516e-01 -9.652099665e+01 -9.652099665e+01 -1.1456e+00 +1.1617e+00
1058 0 +2.477433625e-01 -9.659225664e+01 -9.659225664e+01 +1.0870e+00 -4.6509e+00
1184 0 +1.839973768e-01 -9.665600262e+01 -9.665600262e+01 +1.1003e+00 -4.6557e+00
1574 0 +7.618475210e-02 -9.676381525e+01 -9.676381525e+01 +1.1003e+00 -4.6739e+00
2069 0 +1.004997393e-02 -9.682995003e+01 -9.682995003e+01 +1.0895e+00 -4.7554e+00
2303 0 +9.226794706e-03 -9.683077321e+01 -9.683077321e+01 +1.0890e+00 -4.7569e+00
2497 0 +5.027781582e-04 -9.683949722e+01 -9.683949722e+01 +1.0835e+00 -4.7791e+00
3237 0 +1.428461315e-04 -9.683985715e+01 -9.683985715e+01 +1.0844e+00 -4.7789e+00
4072 0 +1.105166104e-04 -9.683988948e+01 -9.683988948e+01 +1.0839e+00 -4.7789e+00
4137 0 +8.145670006e-05 -9.683991854e+01 -9.683991854e+01 +1.0840e+00 -4.7787e+00
4232 0 +6.183608369e-05 -9.683993816e+01 -9.683993816e+01 +1.0842e+00 -4.7803e+00
4272 0 +3.027532111e-05 -9.683996972e+01 -9.683996972e+01 +1.0842e+00 -4.7789e+00
4322 0 +2.420345261e-05 -9.683997580e+01 -9.683997580e+01 +1.0841e+00 -4.7800e+00
4373 0 +1.950914202e-05 -9.683998049e+01 -9.683998049e+01 +1.0841e+00 -4.7805e+00
4375 0 +3.390126153e-06 -9.683999661e+01 -9.683999661e+01 +1.0840e+00 -4.7800e+00
4425 0 +2.481449073e-06 -9.683999752e+01 -9.683999752e+01 +1.0840e+00 -4.7801e+00
4454 0 +1.979872010e-06 -9.683999802e+01 -9.683999802e+01 +1.0840e+00 -4.7800e+00
4473 0 +1.295866014e-06 -9.683999870e+01 -9.683999870e+01 +1.0840e+00 -4.7800e+00
4585 0 +6.916900475e-07 -9.683999931e+01 -9.683999931e+01 +1.0840e+00 -4.7805e+00
4600 0 +1.918071746e-07 -9.683999981e+01 -9.683999981e+01 +1.0840e+00 -4.7804e+00
4658 0 +4.392050812e-08 -9.683999996e+01 -9.683999996e+01 +1.0840e+00 -4.7803e+00
4728 0 +1.059815702e-08 -9.683999999e+01 -9.683999999e+01 +1.0840e+00 -4.7804e+00
4764 0 +7.987068784e-09 -9.683999999e+01 -9.683999999e+01 +1.0840e+00 -4.7804e+00
4959 0 +6.963318810e-13 -9.684000000e+01 -9.684000000e+01 +1.0840e+00 -4.7803e+00
5055 0 +0.000000000e+00 -9.684000000e+01 -9.684000000e+01 +1.0840e+00 -4.7803e+00
6040 0 +0.000000000e+00 -9.684000000e+01 -9.684000000e+01 +1.0840e+00 -4.7803e+00
% f evaluations | g evaluations | best noise-free fitness - Fopt (3.207000000000e+01) + sum g_i+ | measured fitness | best measured fitness or single-digit g-values | x1 | x2...
1 0 +7.782946729e+01 +1.098994673e+02 +1.098994673e+02 +2.9654e+00 -3.1657e+00
2 0 +6.459163836e+01 +9.666163836e+01 +9.666163836e+01 +2.7969e+00 +9.6850e-01
3 0 +1.714745967e+01 +4.921745967e+01 +4.921745967e+01 -5.4167e-01 -4.0003e+00
8 0 +1.450311877e+01 +4.657311877e+01 +4.657311877e+01 +4.9221e+00 +1.1748e+00
31 0 +5.003791456e+00 +3.707379146e+01 +3.707379146e+01 -5.2309e-01 -4.9293e+00
158 0 +3.890928015e+00 +3.596092802e+01 +3.596092802e+01 -1.9082e+00 -2.9544e+00
227 0 +3.119410099e+00 +3.518941010e+01 +3.518941010e+01 -2.3411e+00 -2.6322e+00
351 0 +1.461844063e+00 +3.353184406e+01 +3.353184406e+01 -1.5232e+00 -3.3359e+00
813 0 +2.664056489e-01 +3.233640565e+01 +3.233640565e+01 -1.5300e+00 -3.3497e+00
1434 0 +1.784488932e-01 +3.224844889e+01 +3.224844889e+01 -1.5466e+00 -3.3364e+00
1477 0 +1.168931548e-01 +3.218689315e+01 +3.218689315e+01 -1.7056e+00 -3.1930e+00
1731 0 +1.131196122e-01 +3.218311961e+01 +3.218311961e+01 -1.6099e+00 -3.2779e+00
1748 0 +5.172128918e-02 +3.212172129e+01 +3.212172129e+01 -1.6671e+00 -3.2226e+00
1921 0 +4.247148347e-02 +3.211247148e+01 +3.211247148e+01 -1.6700e+00 -3.2212e+00
1986 0 +2.840853071e-02 +3.209840853e+01 +3.209840853e+01 -1.6258e+00 -3.2713e+00
2014 0 +4.657588251e-03 +3.207465759e+01 +3.207465759e+01 -1.6492e+00 -3.2503e+00
2160 0 +3.698974063e-03 +3.207369897e+01 +3.207369897e+01 -1.6421e+00 -3.2547e+00
2256 0 +2.917606423e-03 +3.207291761e+01 +3.207291761e+01 -1.6453e+00 -3.2516e+00
2322 0 +7.526691558e-04 +3.207075267e+01 +3.207075267e+01 -1.6447e+00 -3.2513e+00
2408 0 +1.235390004e-05 +3.207001235e+01 +3.207001235e+01 -1.6537e+00 -3.2432e+00
2669 0 +1.206340478e-05 +3.207001206e+01 +3.207001206e+01 -1.6533e+00 -3.2438e+00
2790 0 +1.170106849e-05 +3.207001170e+01 +3.207001170e+01 -1.6538e+00 -3.2431e+00
2792 0 +6.369921422e-06 +3.207000637e+01 +3.207000637e+01 -1.6531e+00 -3.2438e+00
2840 0 +5.423889178e-07 +3.207000054e+01 +3.207000054e+01 -1.6535e+00 -3.2435e+00
2941 0 +2.035481614e-07 +3.207000020e+01 +3.207000020e+01 -1.6536e+00 -3.2433e+00
2950 0 +9.481055940e-10 +3.207000000e+01 +3.207000000e+01 -1.6536e+00 -3.2434e+00
3350 0 +3.197442311e-13 +3.207000000e+01 +3.207000000e+01 -1.6536e+00 -3.2434e+00
3378 0 +0.000000000e+00 +3.207000000e+01 +3.207000000e+01 -1.6536e+00 -3.2434e+00
3640 0 +0.000000000e+00 +3.207000000e+01 +3.207000000e+01 -1.6536e+00 -3.2434e+00
% f evaluations | g evaluations | best noise-free fitness - Fopt (2.624000000000e+01) + sum g_i+ | measured fitness | best measured fitness or single-digit g-values | x1 | x2...
1 0 +3.147840363e+02 +3.410240363e+02 +3.410240363e+02 +2.9654e+00 -3.1657e+00
2 0 +1.049915596e+02 +1.312315596e+02 +1.312315596e+02 +2.7969e+00 +9.6850e-01
4 0 +3.686366378e+01 +6.310366378e+01 +6.310366378e+01 -4.0751e-01 -1.6629e+00
5 0 +3.556661948e+01 +6.180661948e+01 +6.180661948e+01 -3.5713e+00 +1.5089e+00
7 0 +1.910441161e+01 +4.534441161e+01 +4.534441161e+01 +4.3855e+00 -4.9922e+00
14 0 +1.409772661e+01 +4.033772661e+01 +4.033772661e+01 -1.1754e+00 +4.8323e+00
35 0 +5.612633896e+00 +3.185263390e+01 +3.185263390e+01 -3.1995e+00 +2.8650e-02
74 0 +2.958097402e+00 +2.919809740e+01 +2.919809740e+01 +2.7856e+00 +6.6815e-01
150 0 +1.731599010e+00 +2.797159901e+01 +2.797159901e+01 +3.6993e+00 -3.5188e-01
189 0 +1.177309754e-02 +2.625177310e+01 +2.625177310e+01 +3.1561e+00 -3.9280e+00
1210 0 +1.334974426e-03 +2.624133497e+01 +2.624133497e+01 +3.3363e+00 -2.1605e+00
5249 0 +7.206658814e-04 +2.624072067e+01 +2.624072067e+01 +3.3368e+00 -2.1610e+00
5358 0 +3.292665951e-04 +2.624032927e+01 +2.624032927e+01 +3.3365e+00 -2.1607e+00
5599 0 +2.898910662e-04 +2.624028989e+01 +2.624028989e+01 +3.3365e+00 -2.1607e+00
6241 0 +2.882744717e-04 +2.624028827e+01 +2.624028827e+01 +3.3365e+00 -2.1607e+00
7338 0 +2.322595327e-04 +2.624023226e+01 +2.624023226e+01 +3.3355e+00 -2.1614e+00
7342 0 +1.964486361e-04 +2.624019645e+01 +2.624019645e+01 +3.3354e+00 -2.1614e+00
7518 0 +1.695094379e-04 +2.624016951e+01 +2.624016951e+01 +3.3355e+00 -2.1614e+00
7703 0 +1.658373273e-04 +2.624016584e+01 +2.624016584e+01 +3.3355e+00 -2.1614e+00
8026 0 +1.657636549e-04 +2.624016576e+01 +2.624016576e+01 +3.3355e+00 -2.1614e+00
% f evaluations | g evaluations | best noise-free fitness - Fopt (-1.610000000000e+01) + sum g_i+ | measured fitness | best measured fitness or single-digit g-values | x1 | x2...
1 0 +3.490132965e+02 +3.329132965e+02 +3.329132965e+02 +2.9654e+00 -3.1657e+00
2 0 +1.571185479e+02 +1.410185479e+02 +1.410185479e+02 +2.7969e+00 +9.6850e-01
3 0 +1.043695503e+02 +8.826955028e+01 +8.826955028e+01 -5.4167e-01 -4.0003e+00
4 0 +4.490745707e+01 +2.880745707e+01 +2.880745707e+01 -4.0751e-01 -1.6629e+00
9 0 +1.251093715e+01 -3.589062851e+00 -3.589062851e+00 +1.1165e+00 -4.9293e+00
24 0 +6.792711146e+00 -9.307288854e+00 -9.307288854e+00 -7.4844e-01 -2.9206e+00
55 0 +1.911927260e+00 -1.418807274e+01 -1.418807274e+01 -7.7990e-01 -1.6784e+00
139 0 +1.547965223e+00 -1.455203478e+01 -1.455203478e+01 -2.1245e-01 +2.3013e+00
164 0 +4.909710917e-01 -1.560902891e+01 -1.560902891e+01 -9.5300e-01 -2.7225e+00
484 0 +1.337994260e-01 -1.596620057e+01 -1.596620057e+01 -4.1103e-01 +8.2660e-01
860 0 +1.116417547e-02 -1.608883582e+01 -1.608883582e+01 -9.2282e-01 -2.7225e+00
2483 0 +3.636740441e-03 -1.609636326e+01 -1.609636326e+01 -7.6579e-01 -1.5392e+00
3216 0 +2.040215058e-03 -1.609795978e+01 -1.609795978e+01 -7.6075e-01 -1.5415e+00
3373 0 +1.160948471e-03 -1.609883905e+01 -1.609883905e+01 -7.5849e-01 -1.5426e+00
3605 0 +1.017998874e-03 -1.609898200e+01 -1.609898200e+01 -7.5780e-01 -1.5434e+00
3645 0 +2.710926313e-05 -1.609997289e+01 -1.609997289e+01 -7.5963e-01 -1.5437e+00
3699 0 +2.477782377e-05 -1.609997522e+01 -1.609997522e+01 -7.5981e-01 -1.5433e+00
3812 0 +1.665971390e-05 -1.609998334e+01 -1.609998334e+01 -7.5955e-01 -1.5435e+00
3867 0 +1.050719943e-05 -1.609998949e+01 -1.609998949e+01 -7.5989e-01 -1.5433e+00
3900 0 +7.242569616e-06 -1.609999276e+01 -1.609999276e+01 -7.5990e-01 -1.5433e+00
4297 0 +5.466873123e-06 -1.609999453e+01 -1.609999453e+01 -7.5989e-01 -1.5433e+00
4322 0 +5.333936539e-06 -1.609999467e+01 -1.609999467e+01 -7.5989e-01 -1.5433e+00
4385 0 +5.238149232e-06 -1.609999476e+01 -1.609999476e+01 -7.5989e-01 -1.5433e+00
5636 0 +5.217777566e-06 -1.609999478e+01 -1.609999478e+01 -7.5989e-01 -1.5433e+00
