% f evaluations | g evaluations | best noise-free fitness - Fopt (7.135000000000e+01) + sum g_i+ | measured fitness | best measured fitness or single-digit g-values | x1 | x2...
1 0 +7.188221095e+01 +1.432322110e+02 +1.432322110e+02 +2.9654e+00 -3.1657e+00 +2.7969e+00
2 0 +3.387443438e+01 +1.052244344e+02 +1.052244344e+02 +9.6850e-01 -5.4167e-01 -4.0003e+00
7 0 +2.932462977e+01 +1.006746298e+02 +1.006746298e+02 -4.7694e+00 +2.4775e-01 -1.0014e+00
14 0 +2.585271424e+01 +9.720271424e+01 +9.720271424e+01 +1.8326e+00 +1.1000e+00 +3.3319e+00
23 0 +1.188755707e+01 +8.323755707e+01 +8.323755707e+01 -2.0373e+00 -3.3473e+00 -4.8436e+00
28 0 +5.117270406e+00 +7.646727041e+01 +7.646727041e+01 -5.0549e-01 -4.0459e+00 -1.2918e+00
110 0 +2.893249729e+00 +7.424324973e+01 +7.424324973e+01 -5.0246e-01 -1.2856e+00 +4.6119e+00
1165 0 +2.038900865e+00 +7.338890086e+01 +7.338890086e+01 -1.0597e+00 +2.3396e+00 +2.3257e+00
1353 0 +9.989890829e-01 +7.234898908e+01 +7.234898908e+01 -2.1311e+00 -3.0134e-02 -6.8963e-01
2896 0 +8.221742952e-01 +7.217217430e+01 +7.217217430e+01 -3.1740e+00 +3.1374e-01 +2.0510e+00
3461 0 +6.639567443e-01 +7.201395674e+01 +7.201395674e+01 -3.0559e+00 +2.5636e-01 +1.9113e+00
4000 0 +3.248093921e-01 +7.167480939e+01 +7.167480939e+01 -5.0246e-01 -1.2987e+00 +4.3916e+00
5338 0 +2.839763485e-01 +7.163397635e+01 +7.163397635e+01 -1.9928e+00 -1.9507e-01 -9.2632e-01
6273 0 +1.062608725e-01 +7.145626087e+01 +7.145626087e+01 -1.9256e+00 -2.2216e-01 -8.9943e-01
6393 0 +8.222882078e-02 +7.143222882e+01 +7.143222882e+01 -1.9165e+00 -2.2216e-01 -8.9943e-01
6581 0 +2.632668792e-02 +7.137632669e+01 +7.137632669e+01 -1.9052e+00 -2.4590e-01 -9.0083e-01
7737 0 +2.025810768e-02 +7.137025811e+01 +7.137025811e+01 -3.0700e+00 +2.3156e-01 +2.0081e+00
7818 0 +3.937237270e-03 +7.135393724e+01 +7.135393724e+01 -3.0539e+00 +2.1478e-01 +1.9901e+00
8718 0 +3.748935954e-03 +7.135374894e+01 +7.135374894e+01 -3.0537e+00 +2.1462e-01 +1.9898e+00
8942 0 +3.209264425e-03 +7.135320926e+01 +7.135320926e+01 -3.0537e+00 +2.1470e-01 +1.9897e+00
8956 0 +2.944252068e-03 +7.135294425e+01 +7.135294425e+01 -3.0537e+00 +2.1471e-01 +1.9898e+00
9296 0 +2.834990296e-03 +7.135283499e+01 +7.135283499e+01 -3.0536e+00 +2.1464e-01 +1.9899e+00
9343 0 +2.817501576e-03 +7.135281750e+01 +7.135281750e+01 -3.0536e+00 +2.1466e-01 +1.9899e+00
9372 0 +2.715065129e-03 +7.135271507e+01 +7.135271507e+01 -3.0537e+00 +2.1467e-01 +1.9899e+00
9398 0 +2.546624211e-03 +7.135254662e+01 +7.135254662e+01 -3.0537e+00 +2.1469e-01 +1.9898e+00
9700 0 +2.488613785e-03 +7.135248861e+01 +7.135248861e+01 -3.0536e+00 +2.1467e-01 +1.9899e+00
9711 0 +2.423353626e-03 +7.135242335e+01 +7.135242335e+01 -3.0536e+00 +2.1465e-01 +1.9899e+00
9868 0 +2.381804224e-03 +7.135238180e+01 +7.135238180e+01 -3.0536e+00 +2.1467e-01 +1.9899e+00
10008 0 +2.301355390e-03 +7.135230136e+01 +7.135230136e+01 -3.0536e+00 +2.1469e-01 +1.9899e+00
10020 0 +2.277525055e-03 +7.135227753e+01 +7.135227753e+01 -3.0536e+00 +2.1470e-01 +1.9899e+00
10143 0 +2.231236642e-03 +7.135223124e+01 +7.135223124e+01 -3.0537e+00 +2.1472e-01 +1.9899e+00
10987 0 +2.212881622e-03 +7.135221288e+01 +7.135221288e+01 -3.0537e+00 +2.1472e-01 +1.9899e+00
% f evaluations | g evaluations | best noise-free fitness - Fopt (-3.552200000000e+02) + sum g_i+ | measured fitness | best measured fitness or single-digit g-values | x1 | x2...
1 0 +1.204380239e+02 -2.347819761e+02 -2.347819761e+02 +2.9654e+00 -3.1657e+00 +2.7969e+00
2 0 +6.395339480e+01 -2.912666052e+02 -2.912666052e+02 +9.6850e-01 -5.4167e-01 -4.0003e+00
3 0 +5.518242635e+01 -3.000375736e+02 -3.000375736e+02 -4.0751e-01 -1.6629e+00 -3.5713e+00
6 0 +3.586744777e+01 -3.193525522e+02 -3.193525522e+02 +1.1748e+00 +1.1165e+00 -4.9293e+00
7 0 +2.647641185e+01 -3.287435882e+02 -3.287435882e+02 -4.7694e+00 +2.4775e-01 -1.0014e+00
33 0 +1.664665839e+01 -3.385733416e+02 -3.385733416e+02 +2.1066e+00 -3.8911e+00 -6.0663e-01
41 0 +1.635694293e+01 -3.388630571e+02 -3.388630571e+02 -3.7791e+00 -1.4370e+00 +4.0683e+00
45 0 +1.964075834e-01 -3.550235924e+02 -3.550235924e+02 -2.3059e+00 -2.5587e+00 -3.3171e+00
5478 0 +1.597760665e-01 -3.550602239e+02 -3.550602239e+02 -2.3059e+00 -2.5587e+00 -3.2888e+00
6315 0 +9.534324225e-02 -3.551246568e+02 -3.551246568e+02 +1.7029e+00 +2.0723e+00 -4.1328e+00
7997 0 +4.388255056e-02 -3.551761174e+02 -3.551761174e+02 -2.3151e+00 -2.6275e+00 -3.2875e+00
8659 0 +3.098807255e-02 -3.551890119e+02 -3.551890119e+02 +1.7269e+00 +2.0682e+00 -4.1347e+00
8745 0 +8.764169706e-03 -3.552112358e+02 -3.552112358e+02 +1.7122e+00 +2.0682e+00 -4.1323e+00
9754 0 +3.987565789e-03 -3.552160124e+02 -3.552160124e+02 +1.7164e+00 +2.0649e+00 -4.1326e+00
9904 0 +2.691250998e-03 -3.552173087e+02 -3.552173087e+02 +1.7166e+00 +2.0662e+00 -4.1326e+00
11346 0 +2.543308670e-03 -3.552174567e+02 -3.552174567e+02 +1.7165e+00 +2.0662e+00 -4.1326e+00
11398 0 +2.359917194e-03 -3.552176401e+02 -3.552176401e+02 +1.7165e+00 +2.0662e+00 -4.1326e+00
11611 0 +2.342840647e-03 -3.552176572e+02 -3.552176572e+02 +1.7165e+00 +2.0662e+00 -4.1326e+00
12048 0 +2.339705277e-03 -3.552176603e+02 -3.552176603e+02 +1.7165e+00 +2.0662e+00 -4.1326e+00
% f evaluations | g evaluations | best noise-free fitness - Fopt (9.917000000000e+01) + sum g_i+ | measured fitness | best measured fitness or single-digit g-values | x1 | x2...
1 0 +4.687810707e+01 +1.460481071e+02 +1.460481071e+02 +2.9654e+00 -3.1657e+00 +2.7969e+00
4 0 +3.494172617e+01 +1.341117262e+02 +1.341117262e+02 +1.5089e+00 -4.4359e+00 +2.2200e+00
5 0 +3.269315918e+01 +1.318631592e+02 +1.318631592e+02 +4.3855e+00 -4.9922e+00 +4.9221e+00
10 0 +2.231846331e+01 +1.214884633e+02 +1.214884633e+02 +4.8323e+00 -3.3237e-01 +3.5994e+00
50 0 +2.017506554e+01 +1.193450655e+02 +1.193450655e+02 +3.8047e+00 -1.9241e+00 +3.5036e+00
72 0 +1.882984839e+01 +1.179998484e+02 +1.179998484e+02 -3.2770e+00 -1.6124e+00 -2.0651e+00
91 0 +1.102840827e+01 +1.101984083e+02 +1.101984083e+02 +7.6878e-01 -7.8539e-01 -5.1399e-01
115 0 +6.320368869e+00 +1.054903689e+02 +1.054903689e+02 +1.8000e+00 -4.8523e+00 +8.6751e-01
452 0 +3.216678477e+00 +1.023866785e+02 +1.023866785e+02 +7.5895e-01 -3.8487e+00 -2.2506e+00
464 0 +2.852623017e+00 +1.020226230e+02 +1.020226230e+02 +2.4083e+00 -2.6146e+00 +1.1917e+00
1915 0 +1.170064257e+00 +1.003400643e+02 +1.003400643e+02 +4.8285e-01 -1.4722e+00 -3.6857e-01
3657 0 +6.485103110e-01 +9.981851031e+01 +9.981851031e+01 +4.8486e+00 -2.6226e+00 -2.6544e-01
4222 0 +6.279835390e-01 +9.979798354e+01 +9.979798354e+01 -2.6108e+00 -4.6306e+00 +2.3861e-01
5261 0 +5.800060945e-01 +9.975000609e+01 +9.975000609e+01 +1.6384e+00 -3.2217e+00 +1.9928e+00
6923 0 +3.118957391e-01 +9.948189574e+01 +9.948189574e+01 +3.4236e-01 -4.3939e+00 -1.6007e+00
6999 0 +2.593889569e-01 +9.942938896e+01 +9.942938896e+01 +1.8332e+00 -3.0461e+00 +1.7814e+00
7442 0 +2.142866326e-01 +9.938428663e+01 +9.938428663e+01 +3.1693e+00 -1.8157e+00 +4.7784e+00
7702 0 +3.939947934e-02 +9.920939948e+01 +9.920939948e+01 +3.1363e+00 -1.8447e+00 +4.8342e+00
8761 0 +1.151128261e-02 +9.918151128e+01 +9.918151128e+01 +3.1404e+00 -1.8412e+00 +4.8392e+00
9139 0 +1.029354900e-02 +9.918029355e+01 +9.918029355e+01 +3.1357e+00 -1.8448e+00 +4.8448e+00
9251 0 +4.606444818e-03 +9.917460644e+01 +9.917460644e+01 +3.1362e+00 -1.8427e+00 +4.8435e+00
9382 0 +3.560532689e-03 +9.917356053e+01 +9.917356053e+01 +3.1363e+00 -1.8427e+00 +4.8433e+00
10553 0 +3.182162384e-03 +9.917318216e+01 +9.917318216e+01 +3.1360e+00 -1.8411e+00 +4.8428e+00
10805 0 +2.544110375e-03 +9.917254411e+01 +9.917254411e+01 +3.1360e+00 -1.8412e+00 +4.8429e+00
10870 0 +2.368160537e-03 +9.917236816e+01 +9.917236816e+01 +3.1363e+00 -1.8419e+00 +4.8428e+00
11035 0 +1.935159596e-03 +9.917193516e+01 +9.917193516e+01 +3.1407e+00 -1.8370e+00 +4.8406e+00
11100 0 +1.169172317e-03 +9.917116917e+01 +9.917116917e+01 +3.1405e+00 -1.8371e+00 +4.8407e+00
11254 0 +1.066257804e-03 +9.917106626e+01 +9.917106626e+01 +3.1405e+00 -1.8371e+00 +4.8407e+00
11358 0 +1.035385671e-03 +9.917103539e+01 +9.917103539e+01 +3.1405e+00 -1.8371e+00 +4.8407e+00
11382 0 +1.020940972e-03 +9.917102094e+01 +9.917102094e+01 +3.1405e+00 -1.8371e+00 +4.8407e+00
11448 0 +9.967559523e-04 +9.917099676e+01 +9.917099676e+01 +3.1405e+00 -1.8371e+00 +4.8407e+00
12048 0 +9.810317333e-04 +9.917098103e+01 +9.917098103e+01 +3.1405e+00 -1.8371e+00 +4.8407e+00
% f evaluations | g evaluations | best noise-free fitness - Fopt (-5.179100000000e+02) + sum g_i+ | measured fitness | best measured fitness or single-digit g-values | x1 | x2...
1 0 +9.649978607e+01 -4.214102139e+02 -4.214102139e+02 +2.9654e+00 -3.1657e+00 +2.7969e+00
2 0 +3.951617457e+01 -4.783938254e+02 -4.783938254e+02 +9.6850e-01 -5.4167e-01 -4.0003e+00
10 0 +1.973622256e+01 -4.981737774e+02 -4.981737774e+02 +4.8323e+00 -3.3237e-01 +3.5994e+00
27 0 +1.485588901e+01 -5.030541110e+02 -5.030541110e+02 +1.5108e+00 +4.1496e+00 +3.5004e+00
54 0 +1.361097951e+01 -5.042990205e+02 -5.042990205e+02 -2.6238e-01 +1.1367e-01 -5.4271e-02
71 0 +1.195316950e+01 -5.059568305e+02 -5.059568305e+02 -2.5588e+00 -3.3201e+00 -2.0083e+00
114 0 +1.081511495e+01 -5.070948851e+02 -5.070948851e+02 +2.8798e+00 +1.4621e+00 -7.8024e-01
164 0 +3.235640335e+00 -5.146743597e+02 -5.146743597e+02 -4.1078e+00 -1.2677e+00 -9.6164e-01
252 0 +9.915696475e-01 -5.169184304e+02 -5.169184304e+02 +3.3869e+00 -4.5760e-01 +1.4596e+00
4783 0 +9.550650046e-01 -5.169549350e+02 -5.169549350e+02 -3.7976e-01 -1.8741e+00 +1.0568e+00
4900 0 +2.926389191e-01 -5.176173611e+02 -5.176173611e+02 +3.4497e+00 -5.1307e-01 +1.6192e+00
5074 0 +1.272974592e-01 -5.177827025e+02 -5.177827025e+02 +3.3415e+00 -4.2471e-01 +1.4993e+00
5926 0 +5.168729380e-02 -5.178583127e+02 -5.178583127e+02 +3.3352e+00 -4.3460e-01 +1.5032e+00
8732 0 +4.258083678e-02 -5.178674192e+02 -5.178674192e+02 +3.3822e+00 -4.5280e-01 +1.5748e+00
8822 0 +3.686594489e-03 -5.179063134e+02 -5.179063134e+02 +3.3698e+00 -4.4074e-01 +1.5699e+00
9706 0 +1.721166128e-03 -5.179082788e+02 -5.179082788e+02 +3.3659e+00 -4.3756e-01 +1.5699e+00
9769 0 +1.664363013e-03 -5.179083356e+02 -5.179083356e+02 +3.3681e+00 -4.3825e-01 +1.5739e+00
10080 0 +1.280836644e-03 -5.179087192e+02 -5.179087192e+02 +3.3666e+00 -4.3776e-01 +1.5711e+00
10454 0 +6.772604870e-04 -5.179093227e+02 -5.179093227e+02 +3.3661e+00 -4.3825e-01 +1.5702e+00
10534 0 +3.794366178e-04 -5.179096206e+02 -5.179096206e+02 +3.3666e+00 -4.3878e-01 +1.5692e+00
10701 0 +3.644855175e-04 -5.179096355e+02 -5.179096355e+02 +3.3666e+00 -4.3878e-01 +1.5692e+00
10896 0 +1.952357902e-04 -5.179098048e+02 -5.179098048e+02 +3.3663e+00 -4.3887e-01 +1.5694e+00
11019 0 +1.895576106e-04 -5.179098104e+02 -5.179098104e+02 +3.3663e+00 -4.3888e-01 +1.5694e+00
11130 0 +1.849901920e-04 -5.179098150e+02 -5.179098150e+02 +3.3663e+00 -4.3888e-01 +1.5694e+00
11134 0 +1.805559189e-04 -5.179098194e+02 -5.179098194e+02 +3.3663e+00 -4.3888e-01 +1.5694e+00
11137 0 +1.758860485e-04 -5.179098241e+02 -5.179098241e+02 +3.3663e+00 -4.3888e-01 +1.5694e+00
11190 0 +1.713484776e-04 -5.179098287e+02 -5.179098287e+02 +3.3663e+00 -4.3887e-01 +1.5694e+00
11217 0 +1.689493195e-04 -5.179098311e+02 -5.179098311e+02 +3.3662e+00 -4.3887e-01 +1.5693e+00
11228 0 +1.643965174e-04 -5.179098356e+02 -5.179098356e+02 +3.3662e+00 -4.3887e-01 +1.5693e+00
11440 0 +1.621028150e-04 -5.179098379e+02 -5.179098379e+02 +3.3662e+00 -4.3887e-01 +1.5693e+00
11828 0 +1.610268134e-04 -5.179098390e+02 -5.179098390e+02 +3.3662e+00 -4.3887e-01 +1.5693e+00
% f evaluations | g evaluations | best noise-free fitness - Fopt (-5.721000000000e+01) + sum g_i+ | measured fitness | best measured fitness or single-digit g-values | x1 | x2...
1 0 +7.043930378e+01 +1.322930378e+01 +1.322930378e+01 +2.9654e+00 -3.1657e+00 +2.7969e+00
2 0 +1.821894303e+01 -3.899105697e+01 -3.899105697e+01 +9.6850e-01 -5.4167e-01 -4.0003e+00
4 0 +1.019174610e+01 -4.701825390e+01 -4.701825390e+01 +1.5089e+00 -4.4359e+00 +2.2200e+00
102 0 +9.106654264e+00 -4.810334574e+01 -4.810334574e+01 +3.4698e+00 -3.3743e-01 -5.7885e-02
232 0 +7.230571870e+00 -4.997942813e+01 -4.997942813e+01 +1.5089e+00 -4.4053e+00 +2.2200e+00
234 0 +6.719538157e+00 -5.049046184e+01 -5.049046184e+01 +3.1559e+00 -8.8582e-01 +5.2740e-01
282 0 +2.315193685e+00 -5.489480631e+01 -5.489480631e+01 +2.4639e+00 +9.8478e-01 +4.6928e+00
563 0 +1.096182386e+00 -5.611381761e+01 -5.611381761e+01 +1.2929e+00 -4.1501e-01 -1.4609e+00
1198 0 +1.846353195e-01 -5.702536468e+01 -5.702536468e+01 +1.1903e+00 -4.4019e-01 -1.5587e+00
4532 0 +1.337901370e-01 -5.707620986e+01 -5.707620986e+01 +1.2963e+00 -3.9049e-01 -1.5317e+00
6298 0 +8.615378754e-02 -5.712384621e+01 -5.712384621e+01 +1.2779e+00 -3.6469e-01 -1.5945e+00
6527 0 +1.471736126e-02 -5.719528264e+01 -5.719528264e+01 +1.2497e+00 -3.6760e-01 -1.6223e+00
8297 0 +1.372010441e-02 -5.719627990e+01 -5.719627990e+01 +1.2484e+00 -3.6879e-01 -1.6222e+00
8493 0 +1.235733931e-02 -5.719764266e+01 -5.719764266e+01 +1.2502e+00 -3.6770e-01 -1.6218e+00
8557 0 +3.733472526e-03 -5.720626653e+01 -5.720626653e+01 +1.2501e+00 -3.6898e-01 -1.6119e+00
9197 0 +3.203579375e-03 -5.720679642e+01 -5.720679642e+01 +1.2502e+00 -3.6892e-01 -1.6100e+00
9213 0 +2.879295358e-03 -5.720712070e+01 -5.720712070e+01 +1.2501e+00 -3.6894e-01 -1.6111e+00
9228 0 +2.338938694e-03 -5.720766106e+01 -5.720766106e+01 +1.2496e+00 -3.6886e-01 -1.6125e+00
9357 0 +2.110483543e-03 -5.720788952e+01 -5.720788952e+01 +1.2499e+00 -3.6897e-01 -1.6116e+00
9372 0 +2.063705103e-03 -5.720793629e+01 -5.720793629e+01 +1.2491e+00 -3.6870e-01 -1.6130e+00
9411 0 +1.546552152e-03 -5.720845345e+01 -5.720845345e+01 +1.2493e+00 -3.6887e-01 -1.6126e+00
9517 0 +1.402278902e-03 -5.720859772e+01 -5.720859772e+01 +1.2494e+00 -3.6879e-01 -1.6122e+00
9570 0 +1.283431500e-03 -5.720871657e+01 -5.720871657e+01 +1.2494e+00 -3.6879e-01 -1.6125e+00
9638 0 +1.211024401e-03 -5.720878898e+01 -5.720878898e+01 +1.2494e+00 -3.6881e-01 -1.6123e+00
9679 0 +1.139292116e-03 -5.720886071e+01 -5.720886071e+01 +1.2494e+00 -3.6882e-01 -1.6123e+00
9786 0 +1.120152010e-03 -5.720887985e+01 -5.720887985e+01 +1.2494e+00 -3.6879e-01 -1.6124e+00
9803 0 +1.094031309e-03 -5.720890597e+01 -5.720890597e+01 +1.2494e+00 -3.6880e-01 -1.6124e+00
11078 0 +1.078328683e-03 -5.720892167e+01 -5.720892167e+01 +1.2494e+00 -3.6880e-01 -1.6124e+00
% f evaluations | g evaluations | best noise-free fitness - Fopt (-2.778000000000e+01) + sum g_i+ | measured fitness | best measured fitness or single-digit g-values | x1 | x2...
1 0 +1.042699078e+02 +7.648990776e+01 +7.648990776e+01 +2.9654e+00 -3.1657e+00 +2.7969e+00
2 0 +4.086119849e+01 +1.308119849e+01 +1.308119849e+01 +9.6850e-01 -5.4167e-01 -4.0003e+00
9 0 +2.711850549e+01 -6.614945058e-01 -6.614945058e-01 -4.0939e+00 +1.1839e+00 -1.1754e+00
14 0 +8.969019683e+00 -1.881098032e+01 -1.881098032e+01 +1.8326e+00 +1.1000e+00 +3.3319e+00
28 0 +7.672267697e+00 -2.010773230e+01 -2.010773230e+01 -5.0549e-01 -4.0459e+00 -1.2918e+00
159 0 +5.381087044e+00 -2.239891296e+01 -2.239891296e+01 +8.7161e-01 -1.9496e+00 -4.5137e+00
417 0 +1.097980553e-01 -2.767020194e+01 -2.767020194e+01 -4.2298e+00 +9.2779e-01 -2.9904e+00
5613 0 +6.899911599e-02 -2.771100088e+01 -2.771100088e+01 -4.2425e+00 +9.1250e-01 -3.0634e+00
8130 0 +1.494865459e-02 -2.776505135e+01 -2.776505135e+01 -4.1966e+00 +1.0318e+00 -2.9238e+00
8148 0 +5.403959650e-03 -2.777459604e+01 -2.777459604e+01 -4.2085e+00 +9.9269e-01 -2.9761e+00
8880 0 +5.101827693e-03 -2.777489817e+01 -2.777489817e+01 -4.2091e+00 +9.9152e-01 -2.9775e+00
8988 0 +1.594242209e-03 -2.777840576e+01 -2.777840576e+01 -4.2137e+00 +9.8408e-01 -2.9838e+00
9111 0 +1.271652689e-03 -2.777872835e+01 -2.777872835e+01 -4.2141e+00 +9.9726e-01 -2.9763e+00
9139 0 +7.364168254e-04 -2.777926358e+01 -2.777926358e+01 -4.2092e+00 +1.0016e+00 -2.9609e+00
9212 0 +7.447885681e-05 -2.777992552e+01 -2.777992552e+01 -4.2099e+00 +9.9895e-01 -2.9644e+00
9658 0 +3.988706381e-05 -2.777996011e+01 -2.777996011e+01 -4.2100e+00 +9.9797e-01 -2.9653e+00
9711 0 +3.557410841e-05 -2.777996443e+01 -2.777996443e+01 -4.2100e+00 +9.9802e-01 -2.9652e+00
9831 0 +3.246763298e-05 -2.777996753e+01 -2.777996753e+01 -4.2101e+00 +9.9812e-01 -2.9654e+00
9848 0 +3.178060593e-05 -2.777996822e+01 -2.777996822e+01 -4.2101e+00 +9.9812e-01 -2.9654e+00
9928 0 +2.917199895e-05 -2.777997083e+01 -2.777997083e+01 -4.2101e+00 +9.9815e-01 -2.9654e+00
9961 0 +2.849586313e-05 -2.777997150e+01 -2.777997150e+01 -4.2109e+00 +9.9596e-01 -2.9677e+00
9993 0 +1.743927778e-05 -2.777998256e+01 -2.777998256e+01 -4.2102e+00 +9.9779e-01 -2.9657e+00
10062 0 +7.805188940e-06 -2.777999219e+01 -2.777999219e+01 -4.2114e+00 +9.9502e-01 -2.9689e+00
10117 0 +5.953131765e-06 -2.777999405e+01 -2.777999405e+01 -4.2115e+00 +9.9491e-01 -2.9691e+00
10123 0 +5.503889998e-06 -2.777999450e+01 -2.777999450e+01 -4.2115e+00 +9.9476e-01 -2.9693e+00
10141 0 +4.793852675e-06 -2.777999521e+01 -2.777999521e+01 -4.2115e+00 +9.9478e-01 -2.9693e+00
10167 0 +4.764154312e-06 -2.777999524e+01 -2.777999524e+01 -4.2115e+00 +9.9478e-01 -2.9693e+00
10177 0 +3.777010935e-06 -2.777999622e+01 -2.777999622e+01 -4.2115e+00 +9.9479e-01 -2.9693e+00
10273 0 +3.498194395e-06 -2.777999650e+01 -2.777999650e+01 -4.2115e+00 +9.9480e-01 -2.9693e+00
10331 0 +3.421454885e-06 -2.777999658e+01 -2.777999658e+01 -4.2115e+00 +9.9480e-01 -2.9693e+00
10335 0 +2.864480368e-06 -2.777999714e+01 -2.777999714e+01 -4.2115e+00 +9.9482e-01 -2.9692e+00
10446 0 +2.789615774e-06 -2.777999721e+01 -2.777999721e+01 -4.2115e+00 +9.9482e-01 -2.9691e+00
10459 0 +2.516489580e-06 -2.777999748e+01 -2.777999748e+01 -4.2115e+00 +9.9482e-01 -2.9692e+00
10469 0 +2.360581639e-06 -2.777999764e+01 -2.777999764e+01 -4.2115e+00 +9.9482e-01 -2.9692e+00
10474 0 +2.324407543e-06 -2.777999768e+01 -2.777999768e+01 -4.2115e+00 +9.9481e-01 -2.9692e+00
10638 0 +2.268027981e-06 -2.777999773e+01 -2.777999773e+01 -4.2115e+00 +9.9481e-01 -2.9692e+00
11176 0 +2.248451029e-06 -2.777999775e+01 -2.777999775e+01 -4.2115e+00 +9.9481e-01 -2.9692e+00
% f evaluations | g evaluations | best noise-free fitness - Fopt (-4.871000000000e+01) + sum g_i+ | measured fitness | best measured fitness or single-digit g-values | x1 | x2...
1 0 +1.592581012e+02 +1.105481012e+02 +1.105481012e+02 +2.9654e+00 -3.1657e+00 +2.7969e+00
2 0 +2.953646788e+01 -1.917353212e+01 -1.917353212e+01 +9.6850e-01 -5.4167e-01 -4.0003e+00
5 0 +2.340533188e+01 -2.530466812e+01 -2.530466812e+01 +4.3855e+00 -4.9922e+00 +4.9221e+00
9 0 +2.279983633e+01 -2.591016367e+01 -2.591016367e+01 -4.0939e+00 +1.1839e+00 -1.1754e+00
12 0 +1.425936273e+01 -3.445063727e+01 -3.445063727e+01 +4.4220e+00 +6.3288e-01 -1.1458e+00
40 0 +7.649248741e+00 -4.106075126e+01 -4.106075126e+01 -8.3490e-01 +3.8328e+00 -1.7565e+00
53 0 +2.076200140e+00 -4.663379986e+01 -4.663379986e+01 -3.0621e+00 +5.3157e-01 -9.2137e-01
390 0 +1.678166365e+00 -4.703183363e+01 -4.703183363e+01 -1.6584e+00 +1.6908e+00 -2.7759e+00
492 0 +9.288032080e-02 -4.861711968e+01 -4.861711968e+01 +1.2940e+00 +9.1471e-01 +2.5830e+00
7544 0 +3.180761943e-02 -4.867819238e+01 -4.867819238e+01 -1.9326e+00 -7.3352e-01 -3.2112e+00
8731 0 +1.096409712e-02 -4.869903590e+01 -4.869903590e+01 +1.1875e+00 +9.5318e-01 +2.5474e+00
9113 0 +9.068819222e-03 -4.870093118e+01 -4.870093118e+01 +1.1954e+00 +9.4940e-01 +2.5486e+00
9116 0 +8.545830593e-03 -4.870145417e+01 -4.870145417e+01 +1.1868e+00 +9.5401e-01 +2.5497e+00
9195 0 +7.223004410e-03 -4.870277700e+01 -4.870277700e+01 +1.1875e+00 +9.5318e-01 +2.5484e+00
9283 0 +6.212100225e-03 -4.870378790e+01 -4.870378790e+01 +1.2003e+00 +9.5083e-01 +2.5521e+00
9343 0 +5.616261826e-03 -4.870438374e+01 -4.870438374e+01 +1.1893e+00 +9.5482e-01 +2.5510e+00
9375 0 +3.197738432e-04 -4.870968023e+01 -4.870968023e+01 +1.1911e+00 +9.5796e-01 +2.5536e+00
9545 0 +2.625244042e-04 -4.870973748e+01 -4.870973748e+01 +1.1905e+00 +9.5916e-01 +2.5551e+00
9557 0 +2.457825485e-04 -4.870975422e+01 -4.870975422e+01 +1.1909e+00 +9.5839e-01 +2.5537e+00
9649 0 +1.411664572e-04 -4.870985883e+01 -4.870985883e+01 +1.1902e+00 +9.5894e-01 +2.5536e+00
9737 0 +3.828478301e-05 -4.870996172e+01 -4.870996172e+01 +1.1903e+00 +9.5869e-01 +2.5537e+00
9794 0 +3.098072995e-05 -4.870996902e+01 -4.870996902e+01 +1.1902e+00 +9.5871e-01 +2.5537e+00
9803 0 +2.332915423e-05 -4.870997667e+01 -4.870997667e+01 +1.1902e+00 +9.5874e-01 +2.5537e+00
9829 0 +2.165543656e-05 -4.870997834e+01 -4.870997834e+01 +1.1902e+00 +9.5874e-01 +2.5537e+00
9882 0 +1.572426819e-05 -4.870998428e+01 -4.870998428e+01 +1.1900e+00 +9.5882e-01 +2.5536e+00
10057 0 +1.411243539e-05 -4.870998589e+01 -4.870998589e+01 +1.1900e+00 +9.5881e-01 +2.5536e+00
10127 0 +1.360291326e-05 -4.870998640e+01 -4.870998640e+01 +1.1901e+00 +9.5880e-01 +2.5536e+00
10144 0 +1.327142671e-05 -4.870998673e+01 -4.870998673e+01 +1.1901e+00 +9.5880e-01 +2.5536e+00
11036 0 +1.319987957e-05 -4.870998680e+01 -4.870998680e+01 +1.1901e+00 +9.5880e-01 +2.5536e+00
% f evaluations | g evaluations | best noise-free fitness - Fopt (-1.667900000000e+02) + sum g_i+ | measured fitness | best measured fitness or single-digit g-values | x1 | x2...
1 0 +1.157080273e+01 -1.552191973e+02 -1.552191973e+02 +2.9654e+00 -3.1657e+00 +2.7969e+00
7 0 +6.176878567e+00 -1.606131214e+02 -1.606131214e+02 -4.7694e+00 +2.4775e-01 -1.0014e+00
149 0 +2.809551981e+00 -1.639804480e+02 -1.639804480e+02 -3.7419e+00 -9.5005e-02 +2.6643e+00
354 0 +1.445848951e+00 -1.653441510e+02 -1.653441510e+02 -3.3460e+00 +5.0029e-01 -3.9838e+00
1843 0 +1.267349056e+00 -1.655226509e+02 -1.655226509e+02 -2.6423e+00 +1.1676e-01 -3.0833e-01
3341 0 +1.186329093e+00 -1.656036709e+02 -1.656036709e+02 -2.4790e+00 +5.3720e-02 -3.4810e-01
3376 0 +9.450223544e-01 -1.658449776e+02 -1.658449776e+02 -2.5486e+00 +8.0585e-02 -3.3115e-01
3580 0 +5.444764665e-01 -1.662455235e+02 -1.662455235e+02 +1.3050e+00 +3.0182e+00 +8.9537e-01
4980 0 +4.538219658e-01 -1.663361780e+02 -1.663361780e+02 -2.5980e+00 +5.9032e-02 -3.6136e-01
5230 0 +1.936162015e-01 -1.665963838e+02 -1.665963838e+02 -2.6076e+00 -1.3888e-01 -3.6136e-01
6325 0 +1.660995202e-01 -1.666239005e+02 -1.666239005e+02 -2.6230e+00 -4.3587e-02 -3.1562e-01
6395 0 +1.571638445e-01 -1.666328362e+02 -1.666328362e+02 -2.5619e+00 -1.3191e-02 -3.1572e-01
6612 0 +3.350246103e-02 -1.667564975e+02 -1.667564975e+02 -2.6425e+00 -1.4807e-01 -3.7893e-01
6927 0 +2.360753338e-02 -1.667663925e+02 -1.667663925e+02 -2.6053e+00 -7.4554e-02 -3.4809e-01
7345 0 +1.139958084e-02 -1.667786004e+02 -1.667786004e+02 -2.6379e+00 -1.3450e-01 -3.7431e-01
7404 0 +6.168107772e-03 -1.667838319e+02 -1.667838319e+02 -2.6228e+00 -1.0913e-01 -3.6200e-01
7528 0 +6.037578993e-03 -1.667839624e+02 -1.667839624e+02 -2.6228e+00 -1.0921e-01 -3.6202e-01
7552 0 +1.324255838e-03 -1.667886757e+02 -1.667886757e+02 -2.6331e+00 -1.2084e-01 -3.6366e-01
7909 0 +2.078340776e-04 -1.667897922e+02 -1.667897922e+02 -2.6307e+00 -1.2069e-01 -3.6557e-01
7941 0 +2.007389858e-04 -1.667897993e+02 -1.667897993e+02 -2.6328e+00 -1.2703e-01 -3.6591e-01
7978 0 +9.042561788e-05 -1.667899096e+02 -1.667899096e+02 -2.6327e+00 -1.2638e-01 -3.6524e-01
8035 0 +3.824514755e-05 -1.667899618e+02 -1.667899618e+02 -2.6315e+00 -1.2098e-01 -3.6495e-01
8192 0 +2.539431884e-05 -1.667899746e+02 -1.667899746e+02 -2.6316e+00 -1.2154e-01 -3.6501e-01
8248 0 +2.477006879e-05 -1.667899752e+02 -1.667899752e+02 -2.6318e+00 -1.2086e-01 -3.6439e-01
8264 0 +1.480074255e-05 -1.667899852e+02 -1.667899852e+02 -2.6316e+00 -1.2151e-01 -3.6488e-01
8282 0 +1.478164535e-05 -1.667899852e+02 -1.667899852e+02 -2.6316e+00 -1.2150e-01 -3.6496e-01
8291 0 +1.304972142e-05 -1.667899870e+02 -1.667899870e+02 -2.6317e+00 -1.2223e-01 -3.6487e-01
8309 0 +8.066199996e-06 -1.667899919e+02 -1.667899919e+02 -2.6316e+00 -1.2176e-01 -3.6486e-01
8331 0 +2.353400419e-06 -1.667899976e+02 -1.667899976e+02 -2.6320e+00 -1.2199e-01 -3.6437e-01
8339 0 +5.014485964e-07 -1.667899995e+02 -1.667899995e+02 -2.6319e+00 -1.2189e-01 -3.6452e-01
8373 0 +3.983069519e-07 -1.667899996e+02 -1.667899996e+02 -2.6319e+00 -1.2195e-01 -3.6446e-01
8520 0 +3.949629104e-07 -1.667899996e+02 -1.667899996e+02 -2.6319e+00 -1.2203e-01 -3.6448e-01
8549 0 +3.140347928e-07 -1.667899997e+02 -1.667899997e+02 -2.6319e+00 -1.2201e-01 -3.6447e-01
8577 0 +1.827869767e-07 -1.667899998e+02 -1.667899998e+02 -2.6319e+00 -1.2187e-01 -3.6443e-01
8597 0 +1.319972682e-07 -1.667899999e+02 -1.667899999e+02 -2.6319e+00 -1.2187e-01 -3.6443e-01
8660 0 +3.406310611e-08 -1.667900000e+02 -1.667900000e+02 -2.6319e+00 -1.2192e-01 -3.6450e-01
8733 0 +8.375906191e-09 -1.667900000e+02 -1.667900000e+02 -2.6319e+00 -1.2180e-01 -3.6447e-01
9033 0 +4.547473509e-13 -1.667900000e+02 -1.667900000e+02 -2.6319e+00 -1.2185e-01 -3.6448e-01
9125 0 +0.000000000e+00 -1.667900000e+02 -1.667900000e+02 -2.6319e+00 -1.2185e-01 -3.6448e-01
9208 0 +0.000000000e+00 -1.667900000e+02 -1.667900000e+02 -2.6319e+00 -1.2185e-01 -3.6448e-01
% f evaluations | g evaluations | best noise-free fitness - Fopt (1.000000000000e+03) + sum g_i+ | measured fitness | best measured fitness or single-digit g-values | x1 | x2...
1 0 +1.715147141e-01 +1.000171515e+03 +1.000171515e+03 +2.9654e+00 -3.1657e+00 +2.7969e+00
7933 0 +9.438270042e-02 +1.000094383e+03 +1.000094383e+03 +2.4518e+00 -1.8223e+00 +1.6166e+00
9743 0 +6.891627761e-02 +1.000068916e+03 +1.000068916e+03 +2.4529e+00 -1.8296e+00 +1.6177e+00
10081 0 +4.723024933e-02 +1.000047230e+03 +1.000047230e+03 +2.4620e+00 -1.8221e+00 +1.6387e+00
10852 0 +4.444990563e-02 +1.000044450e+03 +1.000044450e+03 +2.4600e+00 -1.8237e+00 +1.6384e+00
10934 0 +4.065226499e-02 +1.000040652e+03 +1.000040652e+03 +2.4598e+00 -1.8238e+00 +1.6376e+00
10996 0 +3.970703351e-02 +1.000039707e+03 +1.000039707e+03 +2.4595e+00 -1.8240e+00 +1.6363e+00
11095 0 +3.845872424e-02 +1.000038459e+03 +1.000038459e+03 +2.4595e+00 -1.8240e+00 +1.6363e+00
11353 0 +3.614619915e-02 +1.000036146e+03 +1.000036146e+03 +2.4575e+00 -1.8240e+00 +1.6362e+00
11357 0 +2.436012691e-02 +1.000024360e+03 +1.000024360e+03 +2.4552e+00 -1.8240e+00 +1.6362e+00
11392 0 +1.871881633e-02 +1.000018719e+03 +1.000018719e+03 +2.4528e+00 -1.8240e+00 +1.6363e+00
11424 0 +1.777020109e-02 +1.000017770e+03 +1.000017770e+03 +2.4530e+00 -1.8240e+00 +1.6363e+00
11538 0 +1.736636795e-02 +1.000017366e+03 +1.000017366e+03 +2.4530e+00 -1.8240e+00 +1.6364e+00
11588 0 +1.678544984e-02 +1.000016785e+03 +1.000016785e+03 +2.4530e+00 -1.8240e+00 +1.6365e+00
11725 0 +1.659420161e-02 +1.000016594e+03 +1.000016594e+03 +2.4530e+00 -1.8240e+00 +1.6365e+00
12048 0 +1.652802728e-02 +1.000016528e+03 +1.000016528e+03 +2.4530e+00 -1.8240e+00 +1.6365e+00
% f evaluations | g evaluations | best noise-free fitness - Fopt (-1.847000000000e+01) + sum g_i+ | measured fitness | best measured fitness or single-digit g-values | x1 | x2...
1 0 +1.901091251e+02 +1.716391251e+02 +1.716391251e+02 +2.9654e+00 -3.1657e+00 +2.7969e+00
2 0 +6.756262541e+01 +4.909262541e+01 +4.909262541e+01 +9.6850e-01 -5.4167e-01 -4.0003e+00
18 0 +5.037025629e+01 +3.190025629e+01 +3.190025629e+01 -5.0246e-01 -1.0485e+00 +4.2666e+00
19 0 +2.633467121e+01 +7.864671212e+00 +7.864671212e+00 +2.2727e+00 -1.7346e+00 +7.0444e-01
42 0 +2.627782395e+01 +7.807823946e+00 +7.807823946e+00 -2.2787e+00 +1.4769e+00 -4.9948e+00
57 0 +2.324219500e+01 +4.772194999e+00 +4.772194999e+00 -4.1810e+00 -4.9160e+00 +3.1468e+00
68 0 +2.093933916e+01 +2.469339159e+00 +2.469339159e+00 -3.1127e+00 -1.5062e+00 -6.1131e-02
69 0 +1.889360982e+01 +4.236098177e-01 +4.236098177e-01 -2.9828e+00 +1.8072e+00 +1.0862e-01
83 0 +1.080909320e+01 -7.660906804e+00 -7.660906804e+00 -3.7970e+00 -4.4979e-01 -1.9560e+00
131 0 +1.630257121e+00 -1.683974288e+01 -1.683974288e+01 +1.2548e+00 +1.7198e+00 +1.8610e+00
1370 0 +2.197755904e-01 -1.825022441e+01 -1.825022441e+01 -2.6889e+00 -8.4099e-01 +2.7683e+00
4356 0 +1.862417543e-01 -1.828375825e+01 -1.828375825e+01 -3.3208e+00 -3.8719e-01 -1.7618e+00
5451 0 +3.322959562e-02 -1.843677040e+01 -1.843677040e+01 -3.3399e+00 -3.7837e-01 -1.8089e+00
5692 0 +1.760558222e-02 -1.845239442e+01 -1.845239442e+01 -3.3511e+00 -3.7806e-01 -1.8082e+00
6441 0 +7.433338305e-03 -1.846256666e+01 -1.846256666e+01 -3.3669e+00 -3.7806e-01 -1.8082e+00
8066 0 +1.940773627e-03 -1.846805923e+01 -1.846805923e+01 -3.3669e+00 -3.7590e-01 -1.8146e+00
10133 0 +8.605383479e-04 -1.846913946e+01 -1.846913946e+01 -3.3499e+00 -3.7216e-01 -1.8264e+00
10562 0 +7.601804745e-04 -1.846923982e+01 -1.846923982e+01 -3.3496e+00 -3.7211e-01 -1.8266e+00
10652 0 +6.457550752e-04 -1.846935424e+01 -1.846935424e+01 -3.3496e+00 -3.7367e-01 -1.8216e+00
10679 0 +5.375409143e-04 -1.846946246e+01 -1.846946246e+01 -3.3497e+00 -3.7358e-01 -1.8221e+00
10805 0 +5.269907462e-04 -1.846947301e+01 -1.846947301e+01 -3.3507e+00 -3.7368e-01 -1.8217e+00
10870 0 +4.484347400e-04 -1.846955157e+01 -1.846955157e+01 -3.3493e+00 -3.7352e-01 -1.8221e+00
10989 0 +4.153254945e-04 -1.846958467e+01 -1.846958467e+01 -3.3522e+00 -3.7367e-01 -1.8213e+00
10997 0 +3.509426973e-04 -1.846964906e+01 -1.846964906e+01 -3.3528e+00 -3.7375e-01 -1.8215e+00
11031 0 +2.888647858e-04 -1.846971114e+01 -1.846971114e+01 -3.3510e+00 -3.7356e-01 -1.8217e+00
11102 0 +2.859652517e-04 -1.846971403e+01 -1.846971403e+01 -3.3510e+00 -3.7356e-01 -1.8217e+00
11227 0 +2.701873861e-04 -1.846972981e+01 -1.846972981e+01 -3.3510e+00 -3.7356e-01 -1.8217e+00
11376 0 +2.688084582e-04 -1.846973119e+01 -1.846973119e+01 -3.3510e+00 -3.7356e-01 -1.8217e+00
11889 0 +2.629180452e-04 -1.846973708e+01 -1.846973708e+01 -3.3510e+00 -3.7356e-01 -1.8217e+00
12009 0 +2.564361587e-04 -1.846974356e+01 -1.846974356e+01 -3.3510e+00 -3.7356e-01 -1.8217e+00
12048 0 +2.523369342e-04 -1.846974766e+01 -1.846974766e+01 -3.3510e+00 -3.7356e-01 -1.8217e+00
% f evaluations | g evaluations | best noise-free fitness - Fopt (-5.971000000000e+01) + sum g_i+ | measured fitness | best measured fitness or single-digit g-values | x1 | x2...
1 0 +1.364833700e+02 +7.677336997e+01 +7.677336997e+01 +2.9654e+00 -3.1657e+00 +2.7969e+00
2 0 +1.200143422e+02 +6.030434222e+01 +6.030434222e+01 +9.6850e-01 -5.4167e-01 -4.0003e+00
7 0 +6.336977499e+01 +3.659774991e+00 +3.659774991e+00 -4.7694e+00 +2.4775e-01 -1.0014e+00
8 0 +2.990556400e+01 -2.980443600e+01 -2.980443600e+01 -4.5333e+00 +4.7376e+00 -2.6723e+00
11 0 +1.241274996e+01 -4.729725004e+01 -4.729725004e+01 +1.8031e+00 -4.9501e-01 -4.8674e+00
65 0 +1.186130803e+01 -4.784869197e+01 -4.784869197e+01 +4.6781e+00 -9.1505e-02 -1.2966e+00
96 0 +7.936725438e+00 -5.177327456e+01 -5.177327456e+01 -2.3759e+00 -3.2142e+00 +3.4036e+00
215 0 +7.689831812e+00 -5.202016819e+01 -5.202016819e+01 +9.1146e-01 -9.0679e-01 -7.6648e-01
406 0 +6.049089523e+00 -5.366091048e+01 -5.366091048e+01 +3.1848e+00 -1.6590e+00 -2.0272e+00
412 0 +4.642127139e+00 -5.506787286e+01 -5.506787286e+01 -3.1113e+00 -7.5058e-01 +1.9875e+00
605 0 +1.926518924e+00 -5.778348108e+01 -5.778348108e+01 +3.0332e+00 -1.0213e-01 -9.0569e-01
1160 0 +1.306299539e+00 -5.840370046e+01 -5.840370046e+01 -1.5147e+00 -2.3723e+00 -8.3706e-01
1460 0 +9.836203581e-01 -5.872637964e+01 -5.872637964e+01 +3.0439e+00 -2.2268e-01 -8.8569e-01
2335 0 +7.648630034e-01 -5.894513700e+01 -5.894513700e+01 +1.1931e+00 +1.3404e-01 +5.6951e-01
2413 0 +7.250637793e-01 -5.898493622e+01 -5.898493622e+01 +3.3450e+00 +1.7662e+00 +2.3833e+00
2785 0 +3.404763162e-01 -5.936952368e+01 -5.936952368e+01 +3.2956e+00 +1.7283e+00 +2.3769e+00
3936 0 +7.860278317e-02 -5.963139722e+01 -5.963139722e+01 -1.2665e+00 -1.0166e+00 +6.9390e-01
4945 0 +7.096932484e-02 -5.963903068e+01 -5.963903068e+01 -1.2713e+00 -1.0283e+00 +6.9995e-01
5453 0 +3.897733559e-02 -5.967102266e+01 -5.967102266e+01 +3.2145e+00 +1.5631e+00 +2.4400e+00
8480 0 +1.546866938e-02 -5.969453133e+01 -5.969453133e+01 +3.1921e+00 +1.5834e+00 +2.3841e+00
8509 0 +1.386987018e-02 -5.969613013e+01 -5.969613013e+01 +3.2051e+00 +1.5734e+00 +2.4148e+00
8592 0 +9.161661256e-03 -5.970083834e+01 -5.970083834e+01 +3.2012e+00 +1.5764e+00 +2.4056e+00
8990 0 +3.747262668e-03 -5.970625274e+01 -5.970625274e+01 +3.1967e+00 +1.5659e+00 +2.4181e+00
9330 0 +3.668150831e-03 -5.970633185e+01 -5.970633185e+01 +3.1967e+00 +1.5672e+00 +2.4147e+00
9360 0 +3.461353951e-03 -5.970653865e+01 -5.970653865e+01 +3.1972e+00 +1.5672e+00 +2.4162e+00
9516 0 +3.167535253e-03 -5.970683246e+01 -5.970683246e+01 +3.1971e+00 +1.5669e+00 +2.4167e+00
9592 0 +3.157175703e-03 -5.970684282e+01 -5.970684282e+01 +3.1973e+00 +1.5673e+00 +2.4163e+00
9657 0 +2.783628446e-03 -5.970721637e+01 -5.970721637e+01 +3.1967e+00 +1.5661e+00 +2.4171e+00
9694 0 +2.639001176e-03 -5.970736100e+01 -5.970736100e+01 +3.1966e+00 +1.5659e+00 +2.4172e+00
9697 0 +2.521947431e-03 -5.970747805e+01 -5.970747805e+01 +3.1969e+00 +1.5668e+00 +2.4161e+00
9773 0 +2.479854942e-03 -5.970752015e+01 -5.970752015e+01 +3.1968e+00 +1.5667e+00 +2.4161e+00
9818 0 +2.404583582e-03 -5.970759542e+01 -5.970759542e+01 +3.1968e+00 +1.5667e+00 +2.4160e+00
9851 0 +2.338341302e-03 -5.970766166e+01 -5.970766166e+01 +3.1969e+00 +1.5668e+00 +2.4160e+00
9900 0 +2.265067188e-03 -5.970773493e+01 -5.970773493e+01 +3.1968e+00 +1.5668e+00 +2.4160e+00
10038 0 +2.226339653e-03 -5.970777366e+01 -5.970777366e+01 +3.1969e+00 +1.5668e+00 +2.4160e+00
11301 0 +2.212881622e-03 -5.970778712e+01 -5.970778712e+01 +3.1969e+00 +1.5668e+00 +2.4160e+00
% f evaluations | g evaluations | best noise-free fitness - Fopt (-9.684000000000e+01) + sum g_i+ | measured fitness | best measured fitness or single-digit g-values | x1 | x2...
1 0 +2.741229573e+01 -6.942770427e+01 -6.942770427e+01 +2.9654e+00 -3.1657e+00 +2.7969e+00
8 0 +2.688340596e+01 -6.995659404e+01 -6.995659404e+01 -4.5333e+00 +4.7376e+00 -2.6723e+00
45 0 +2.447524037e+01 -7.236475963e+01 -7.236475963e+01 -2.3059e+00 -2.5587e+00 -3.3171e+00
56 0 +1.730955240e+01 -7.953044760e+01 -7.953044760e+01 +8.7717e-01 +3.2019e+00 +2.5580e+00
81 0 +1.285662682e+01 -8.398337318e+01 -8.398337318e+01 +3.8618e+00 -1.1872e-01 +3.4466e-01
101 0 +4.188781149e+00 -9.265121885e+01 -9.265121885e+01 -3.0417e+00 -2.0090e+00 -3.2110e+00
127 0 +1.653040715e+00 -9.518695929e+01 -9.518695929e+01 +4.0030e+00 -1.1872e-01 -6.2478e-01
3601 0 +1.615070100e+00 -9.522492990e+01 -9.522492990e+01 +4.1495e+00 +1.4069e+00 -4.5427e-01
4370 0 +1.572872501e+00 -9.526712750e+01 -9.526712750e+01 +2.3819e+00 +1.7076e+00 -4.0032e+00
4946 0 +1.216207446e+00 -9.562379255e+01 -9.562379255e+01 +4.1495e+00 +1.4069e+00 -4.6959e-01
5050 0 +3.498003796e-01 -9.649019962e+01 -9.649019962e+01 -1.6718e+00 -1.2514e+00 +7.2388e-01
6627 0 +1.903928223e-01 -9.664960718e+01 -9.664960718e+01 -1.6848e+00 -1.2459e+00 +7.2388e-01
7116 0 +1.798477540e-01 -9.666015225e+01 -9.666015225e+01 -1.7269e+00 +4.9486e-01 +5.5477e-01
7504 0 +1.770183658e-01 -9.666298163e+01 -9.666298163e+01 -1.6848e+00 -1.2459e+00 +7.8440e-01
8719 0 +5.257162470e-02 -9.678742838e+01 -9.678742838e+01 -3.8107e+00 +5.4236e-01 -2.8507e+00
9369 0 +3.670218790e-02 -9.680329781e+01 -9.680329781e+01 -3.8107e+00 +5.4193e-01 -2.8063e+00
10341 0 +3.615711761e-02 -9.680384288e+01 -9.680384288e+01 -3.8107e+00 +5.4193e-01 -2.8284e+00
10444 0 +3.007729983e-02 -9.680992270e+01 -9.680992270e+01 -3.8091e+00 +5.4128e-01 -2.8266e+00
11088 0 +6.305097949e-03 -9.683369490e+01 -9.683369490e+01 -1.7488e+00 -1.2218e+00 +7.8291e-01
11434 0 +1.164839582e-03 -9.683883516e+01 -9.683883516e+01 -1.7552e+00 -1.2141e+00 +7.8751e-01
12048 0 +1.164839582e-03 -9.683883516e+01 -9.683883516e+01 -1.7552e+00 -1.2141e+00 +7.8751e-01
% f evaluations | g evaluations | best noise-free fitness - Fopt (3.207000000000e+01) + sum g_i+ | measured fitness | best measured fitness or single-digit g-values | x1 | x2...
1 0 +1.153080687e+02 +1.473780687e+02 +1.473780687e+02 +2.9654e+00 -3.1657e+00 +2.7969e+00
3 0 +5.554344837e+01 +8.761344837e+01 +8.761344837e+01 -4.0751e-01 -1.6629e+00 -3.5713e+00
7 0 +2.548680542e+01 +5.755680542e+01 +5.755680542e+01 -4.7694e+00 +2.4775e-01 -1.0014e+00
14 0 +2.137329815e+01 +5.344329815e+01 +5.344329815e+01 +1.8326e+00 +1.1000e+00 +3.3319e+00
19 0 +1.247896211e+01 +4.454896211e+01 +4.454896211e+01 +2.2727e+00 -1.7346e+00 +7.0444e-01
83 0 +3.516064766e+00 +3.558606477e+01 +3.558606477e+01 +2.0728e+00 -5.0936e-01 -3.8619e+00
104 0 +2.245356641e+00 +3.431535664e+01 +3.431535664e+01 -1.9543e+00 +1.3752e+00 -7.3351e-01
1457 0 +1.535236396e+00 +3.360523640e+01 +3.360523640e+01 -1.9543e+00 +1.3524e+00 -7.7178e-01
1930 0 +3.024159832e-01 +3.237241598e+01 +3.237241598e+01 +1.8422e+00 -2.9381e-01 -3.0106e+00
8013 0 +2.221234458e-01 +3.229212345e+01 +3.229212345e+01 +1.2517e+00 +4.0995e+00 +3.3354e+00
8171 0 +4.669001260e-02 +3.211669001e+01 +3.211669001e+01 -3.6656e+00 +3.9971e+00 +3.1551e+00
8375 0 +2.291872769e-02 +3.209291873e+01 +3.209291873e+01 -3.6731e+00 +3.9971e+00 +3.1503e+00
8865 0 +7.148026839e-03 +3.207714803e+01 +3.207714803e+01 -3.6456e+00 +3.9834e+00 +3.1023e+00
9101 0 +6.890117240e-03 +3.207689012e+01 +3.207689012e+01 -3.6652e+00 +3.9698e+00 +3.1496e+00
9168 0 +3.276002194e-03 +3.207327600e+01 +3.207327600e+01 -3.6559e+00 +3.9720e+00 +3.1284e+00
9359 0 +1.939320589e-03 +3.207193932e+01 +3.207193932e+01 -3.6493e+00 +3.9738e+00 +3.1148e+00
9439 0 +1.902851499e-03 +3.207190285e+01 +3.207190285e+01 -3.6545e+00 +3.9710e+00 +3.1276e+00
9460 0 +8.107588976e-04 +3.207081076e+01 +3.207081076e+01 -3.6528e+00 +3.9699e+00 +3.1265e+00
9501 0 +6.078146607e-04 +3.207060781e+01 +3.207060781e+01 -3.6547e+00 +3.9682e+00 +3.1311e+00
9658 0 +5.794093722e-04 +3.207057941e+01 +3.207057941e+01 -3.6546e+00 +3.9682e+00 +3.1311e+00
9682 0 +3.025767602e-04 +3.207030258e+01 +3.207030258e+01 -3.6494e+00 +3.9697e+00 +3.1200e+00
9808 0 +2.993475559e-04 +3.207029935e+01 +3.207029935e+01 -3.6494e+00 +3.9693e+00 +3.1200e+00
9851 0 +2.793777981e-04 +3.207027938e+01 +3.207027938e+01 -3.6492e+00 +3.9697e+00 +3.1194e+00
9865 0 +2.672121905e-04 +3.207026721e+01 +3.207026721e+01 -3.6492e+00 +3.9692e+00 +3.1196e+00
9905 0 +1.824825000e-04 +3.207018248e+01 +3.207018248e+01 -3.6490e+00 +3.9694e+00 +3.1191e+00
10039 0 +1.391175442e-04 +3.207013912e+01 +3.207013912e+01 -3.6493e+00 +3.9694e+00 +3.1209e+00
10063 0 +1.930348039e-05 +3.207001930e+01 +3.207001930e+01 -3.6499e+00 +3.9706e+00 +3.1230e+00
10080 0 +1.840231977e-05 +3.207001840e+01 +3.207001840e+01 -3.6496e+00 +3.9695e+00 +3.1225e+00
10083 0 +1.745273693e-05 +3.207001745e+01 +3.207001745e+01 -3.6497e+00 +3.9702e+00 +3.1222e+00
10176 0 +1.228270838e-05 +3.207001228e+01 +3.207001228e+01 -3.6497e+00 +3.9695e+00 +3.1225e+00
10217 0 +1.107421188e-05 +3.207001107e+01 +3.207001107e+01 -3.6497e+00 +3.9697e+00 +3.1228e+00
10223 0 +8.476132415e-06 +3.207000848e+01 +3.207000848e+01 -3.6497e+00 +3.9697e+00 +3.1225e+00
10293 0 +4.327552020e-06 +3.207000433e+01 +3.207000433e+01 -3.6497e+00 +3.9697e+00 +3.1224e+00
10363 0 +3.427261511e-06 +3.207000343e+01 +3.207000343e+01 -3.6496e+00 +3.9697e+00 +3.1224e+00
10561 0 +3.231955979e-06 +3.207000323e+01 +3.207000323e+01 -3.6496e+00 +3.9697e+00 +3.1224e+00
10588 0 +2.998213468e-06 +3.207000300e+01 +3.207000300e+01 -3.6496e+00 +3.9697e+00 +3.1224e+00
11241 0 +2.988692316e-06 +3.207000299e+01 +3.207000299e+01 -3.6496e+00 +3.9697e+00 +3.1224e+00
% f evaluations | g evaluations | best noise-free fitness - Fopt (2.624000000000e+01) + sum g_i+ | measured fitness | best measured fitness or single-digit g-values | x1 | x2...
1 0 +1.681578728e+02 +1.943978728e+02 +1.943978728e+02 +2.9654e+00 -3.1657e+00 +2.7969e+00
2 0 +1.351545422e+02 +1.613945422e+02 +1.613945422e+02 +9.6850e-01 -5.4167e-01 -4.0003e+00
3 0 +8.963730787e+01 +1.158773079e+02 +1.158773079e+02 -4.0751e-01 -1.6629e+00 -3.5713e+00
8 0 +1.468502050e+01 +4.092502050e+01 +4.092502050e+01 -4.5333e+00 +4.7376e+00 -2.6723e+00
127 0 +6.028443982e+00 +3.226844398e+01 +3.226844398e+01 -2.9302e+00 -9.7888e-01 -1.7275e+00
328 0 +4.702330370e+00 +3.094233037e+01 +3.094233037e+01 -6.7823e-01 -3.3237e-01 +2.1320e+00
510 0 +3.753398630e+00 +2.999339863e+01 +2.999339863e+01 +1.7876e+00 -5.3067e-01 -2.9502e+00
671 0 +3.009802598e+00 +2.924980260e+01 +2.924980260e+01 -2.7532e+00 -4.5284e-01 -1.5373e+00
962 0 +1.994006078e+00 +2.823400608e+01 +2.823400608e+01 -2.9828e+00 -8.6859e-01 -1.5625e+00
1339 0 +1.310297679e+00 +2.755029768e+01 +2.755029768e+01 -1.4856e+00 -3.5667e+00 -1.0786e+00
2455 0 +1.972630505e-01 +2.643726305e+01 +2.643726305e+01 -3.7092e+00 +1.5838e+00 -3.0702e+00
3495 0 +1.201814289e-01 +2.636018143e+01 +2.636018143e+01 -3.7444e+00 +1.4669e+00 -3.1909e+00
5822 0 +1.999883707e-02 +2.625999884e+01 +2.625999884e+01 -3.7444e+00 +1.4762e+00 -3.1909e+00
6966 0 +1.101068299e-02 +2.625101068e+01 +2.625101068e+01 -2.4818e+00 -2.3867e-01 -1.1296e+00
7116 0 +1.019619935e-02 +2.625019620e+01 +2.625019620e+01 -2.4987e+00 -2.5051e-01 -1.1519e+00
7247 0 +9.611162055e-03 +2.624961116e+01 +2.624961116e+01 -2.4840e+00 -2.4024e-01 -1.1319e+00
7999 0 +7.506135418e-03 +2.624750614e+01 +2.624750614e+01 -2.4982e+00 -2.5009e-01 -1.1509e+00
8055 0 +5.811158267e-03 +2.624581116e+01 +2.624581116e+01 -2.4684e+00 -2.2755e-01 -1.1083e+00
8312 0 +4.481947039e-03 +2.624448195e+01 +2.624448195e+01 -2.4909e+00 -2.4501e-01 -1.1412e+00
8365 0 +3.243268688e-03 +2.624324327e+01 +2.624324327e+01 -2.4646e+00 -2.2248e-01 -1.1015e+00
8449 0 +2.177399688e-03 +2.624217740e+01 +2.624217740e+01 -2.4894e+00 -2.4343e-01 -1.1363e+00
8482 0 +1.287273231e-03 +2.624128727e+01 +2.624128727e+01 -2.4940e+00 -2.4667e-01 -1.1454e+00
9059 0 +1.237783702e-03 +2.624123778e+01 +2.624123778e+01 -2.4943e+00 -2.4686e-01 -1.1459e+00
9385 0 +1.182206264e-03 +2.624118221e+01 +2.624118221e+01 -2.4940e+00 -2.4666e-01 -1.1457e+00
9463 0 +1.164178848e-03 +2.624116418e+01 +2.624116418e+01 -2.4942e+00 -2.4680e-01 -1.1458e+00
9639 0 +1.093277767e-03 +2.624109328e+01 +2.624109328e+01 -2.4941e+00 -2.4675e-01 -1.1457e+00
9709 0 +1.061001727e-03 +2.624106100e+01 +2.624106100e+01 -2.4941e+00 -2.4672e-01 -1.1457e+00
9769 0 +1.043477938e-03 +2.624104348e+01 +2.624104348e+01 -2.4940e+00 -2.4672e-01 -1.1457e+00
9805 0 +9.930366650e-04 +2.624099304e+01 +2.624099304e+01 -2.4941e+00 -2.4676e-01 -1.1457e+00
9816 0 +9.670576900e-04 +2.624096706e+01 +2.624096706e+01 -2.4941e+00 -2.4677e-01 -1.1458e+00
9837 0 +9.260879868e-04 +2.624092609e+01 +2.624092609e+01 -2.4941e+00 -2.4683e-01 -1.1458e+00
9921 0 +8.910171911e-04 +2.624089102e+01 +2.624089102e+01 -2.4942e+00 -2.4686e-01 -1.1458e+00
10151 0 +8.657681039e-04 +2.624086577e+01 +2.624086577e+01 -2.4942e+00 -2.4686e-01 -1.1458e+00
10208 0 +8.511114620e-04 +2.624085111e+01 +2.624085111e+01 -2.4942e+00 -2.4686e-01 -1.1458e+00
11190 0 +8.435365486e-04 +2.624084354e+01 +2.624084354e+01 -2.4942e+00 -2.4685e-01 -1.1458e+00
% f evaluations | g evaluations | best noise-free fitness - Fopt (-1.610000000000e+01) + sum g_i+ | measured fitness | best measured fitness or single-digit g-values | x1 | x2...
1 0 +4.061407670e+01 +2.451407670e+01 +2.451407670e+01 +2.9654e+00 -3.1657e+00 +2.7969e+00
12 0 +3.959086812e+01 +2.349086812e+01 +2.349086812e+01 +4.4220e+00 +6.3288e-01 -1.1458e+00
13 0 +2.064347404e+01 +4.543474035e+00 +4.543474035e+00 -4.8403e+00 -2.6911e+00 -2.5897e+00
21 0 +1.356672182e+01 -2.533278184e+00 -2.533278184e+00 +2.4732e+00 +3.9692e-01 +8.6751e-01
24 0 +5.223564486e+00 -1.087643551e+01 -1.087643551e+01 -7.6599e-01 -1.0512e+00 -2.0651e+00
172 0 +2.143606915e+00 -1.395639309e+01 -1.395639309e+01 -1.3443e+00 +2.4240e+00 +1.4512e+00
393 0 +7.013331601e-01 -1.539866684e+01 -1.539866684e+01 -4.9992e+00 -2.9533e+00 -3.1014e+00
660 0 +5.553258361e-01 -1.554467416e+01 -1.554467416e+01 -3.0240e+00 -1.6684e+00 -4.4259e+00
704 0 +2.830273167e-01 -1.581697268e+01 -1.581697268e+01 -2.9604e+00 -1.6684e+00 -4.4064e+00
3427 0 +2.794680307e-01 -1.582053197e+01 -1.582053197e+01 -2.9512e+00 -1.6684e+00 -4.4563e+00
7051 0 +1.684063833e-01 -1.593159362e+01 -1.593159362e+01 -2.9914e+00 -1.6609e+00 -4.4978e+00
7264 0 +9.359284851e-03 -1.609064072e+01 -1.609064072e+01 -2.9348e+00 -1.7010e+00 -4.3500e+00
8295 0 +6.843050933e-03 -1.609315695e+01 -1.609315695e+01 -2.9334e+00 -1.7033e+00 -4.3714e+00
8346 0 +5.645430812e-03 -1.609435457e+01 -1.609435457e+01 -2.9336e+00 -1.7030e+00 -4.3685e+00
8621 0 +1.686381980e-03 -1.609831362e+01 -1.609831362e+01 -2.9344e+00 -1.6998e+00 -4.3606e+00
8841 0 +8.241379235e-04 -1.609917586e+01 -1.609917586e+01 -2.9355e+00 -1.6999e+00 -4.3675e+00
8882 0 +6.170090379e-04 -1.609938299e+01 -1.609938299e+01 -2.9353e+00 -1.7001e+00 -4.3660e+00
9128 0 +4.809929698e-04 -1.609951901e+01 -1.609951901e+01 -2.9368e+00 -1.6993e+00 -4.3689e+00
9183 0 +4.431300355e-04 -1.609955687e+01 -1.609955687e+01 -2.9367e+00 -1.6993e+00 -4.3688e+00
9204 0 +4.169377738e-04 -1.609958306e+01 -1.609958306e+01 -2.9360e+00 -1.6996e+00 -4.3678e+00
9215 0 +3.624663898e-04 -1.609963753e+01 -1.609963753e+01 -2.9367e+00 -1.6990e+00 -4.3684e+00
9226 0 +3.456510269e-04 -1.609965435e+01 -1.609965435e+01 -2.9363e+00 -1.6993e+00 -4.3677e+00
9228 0 +3.098600681e-04 -1.609969014e+01 -1.609969014e+01 -2.9357e+00 -1.6998e+00 -4.3668e+00
9259 0 +2.363386327e-04 -1.609976366e+01 -1.609976366e+01 -2.9366e+00 -1.6992e+00 -4.3676e+00
9327 0 +2.177637043e-04 -1.609978224e+01 -1.609978224e+01 -2.9361e+00 -1.6994e+00 -4.3677e+00
9405 0 +1.951427944e-04 -1.609980486e+01 -1.609980486e+01 -2.9377e+00 -1.6984e+00 -4.3690e+00
9439 0 +1.944664934e-04 -1.609980553e+01 -1.609980553e+01 -2.9364e+00 -1.6993e+00 -4.3676e+00
9444 0 +1.391251849e-04 -1.609986087e+01 -1.609986087e+01 -2.9378e+00 -1.6984e+00 -4.3692e+00
9476 0 +2.625984216e-05 -1.609997374e+01 -1.609997374e+01 -2.9422e+00 -1.6954e+00 -4.3745e+00
9486 0 +2.202316312e-05 -1.609997798e+01 -1.609997798e+01 -2.9416e+00 -1.6958e+00 -4.3734e+00
9488 0 +1.542071003e-05 -1.609998458e+01 -1.609998458e+01 -2.9422e+00 -1.6953e+00 -4.3740e+00
9512 0 +1.297333869e-05 -1.609998703e+01 -1.609998703e+01 -2.9423e+00 -1.6953e+00 -4.3741e+00
9519 0 +1.016126743e-05 -1.609998984e+01 -1.609998984e+01 -2.9424e+00 -1.6952e+00 -4.3742e+00
9536 0 +3.923241223e-06 -1.609999608e+01 -1.609999608e+01 -2.9424e+00 -1.6952e+00 -4.3744e+00
9626 0 +2.064531980e-06 -1.609999794e+01 -1.609999794e+01 -2.9425e+00 -1.6952e+00 -4.3746e+00
9640 0 +4.489056060e-07 -1.609999955e+01 -1.609999955e+01 -2.9427e+00 -1.6952e+00 -4.3749e+00
9653 0 +3.730689500e-07 -1.609999963e+01 -1.609999963e+01 -2.9427e+00 -1.6952e+00 -4.3749e+00
9654 0 +3.270276601e-07 -1.609999967e+01 -1.609999967e+01 -2.9426e+00 -1.6952e+00 -4.3748e+00
9666 0 +2.674879340e-07 -1.609999973e+01 -1.609999973e+01 -2.9426e+00 -1.6952e+00 -4.3748e+00
9669 0 +7.016499382e-08 -1.609999993e+01 -1.609999993e+01 -2.9427e+00 -1.6952e+00 -4.3747e+00
9674 0 +4.916547169e-09 -1.610000000e+01 -1.610000000e+01 -2.9426e+00 -1.6952e+00 -4.3746e+00
9914 0 +2.131628207e-14 -1.610000000e+01 -1.610000000e+01 -2.9426e+00 -1.6952e+00 -4.3747e+00
10023 0 +0.000000000e+00 -1.610000000e+01 -1.610000000e+01 -2.9426e+00 -1.6952e+00 -4.3747e+00
10130 0 +0.000000000e+00 -1.610000000e+01 -1.610000000e+01 -2.9426e+00 -1.6952e+00 -4.3747e+00
