% f evaluations | g evaluations | best noise-free fitness - Fopt (6.870000000000e+00) + sum g_i+ | measured fitness | best measured fitness or single-digit g-values | x1 | x2...
1 0 +2.136832602e+01 +2.823832602e+01 +2.823832602e+01 +1.9693e+00 -4.2909e+00 -1.4002e+00 -8.3437e-01 +2.6178e+00 -2.0035e+00 -4.2131e+00 -2.9218e+00 +2.6567e+00 +3.6471e+00
2 0 +1.607703075e+01 +2.294703075e+01 +2.294703075e+01 +2.5259e+00 -3.2988e-01 -4.6040e+00 +2.2305e-01 -5.0597e-01 +2.5384e+00 -4.3652e+00 +4.5803e+00 -1.1248e+00 -1.7406e+00
4 0 +9.301857960e+00 +1.617185796e+01 +1.617185796e+01 -2.3340e+00 -1.0680e+00 +3.5706e+00 +2.7829e+00 -8.7509e-01 +2.3449e+00 -4.7126e+00 +3.2688e+00 +4.5468e+00 +4.5782e+00
7 0 +7.341158921e+00 +1.421115892e+01 +1.421115892e+01 -2.5266e+00 +2.5664e+00 -3.6616e-01 +1.6393e+00 +4.9736e+00 -1.9083e+00 -3.1023e+00 -4.3715e+00 -4.1537e-01 +5.2573e-02
17 0 +4.074655523e+00 +1.094465552e+01 +1.094465552e+01 -2.3265e+00 -2.2732e+00 +4.9485e+00 +1.7155e+00 +4.3776e+00 -4.7461e+00 +3.9564e+00 -2.6276e+00 -9.6644e-01 +7.9641e-01
45 0 +3.090003576e+00 +9.960003576e+00 +9.960003576e+00 +2.9309e+00 -1.8020e+00 +2.9088e+00 -1.2657e+00 +4.5324e+00 -2.6238e+00 +2.4725e+00 -2.0785e+00 -2.5838e-01 +4.3912e+00
500 0 +2.057735251e+00 +8.927735251e+00 +8.927735251e+00 +1.3756e+00 -3.8216e+00 -3.4458e+00 -1.6929e+00 +4.0194e+00 +1.1348e+00 -1.3244e+00 -2.3395e+00 +4.4697e-01 +2.7772e+00
13708 0 +1.644158493e+00 +8.514158493e+00 +8.514158493e+00 +3.8368e+00 -3.2750e+00 -3.3893e+00 -1.1538e+00 +4.6468e+00 -1.5598e-01 +2.8167e+00 +6.4414e-01 +9.3367e-01 +3.9691e+00
33250 0 +1.379115290e+00 +8.249115290e+00 +8.249115290e+00 -4.8220e+00 -3.3005e-01 -4.1553e+00 +5.4189e-01 +4.7463e+00 -2.6204e+00 -4.4115e+00 +4.6079e+00 -2.8659e+00 -5.8620e-01
40050 0 +1.379115290e+00 +8.249115290e+00 +8.249115290e+00 -4.8220e+00 -3.3005e-01 -4.1553e+00 +5.4189e-01 +4.7463e+00 -2.6204e+00 -4.4115e+00 +4.6079e+00 -2.8659e+00 -5.8620e-01
% f evaluations | g evaluations | best noise-free fitness - Fopt (1.000000000000e-02) + sum g_i+ | measured fitness | best measured fitness or single-digit g-values | x1 | x2...
1 0 +1.543776648e+01 +1.544776648e+01 +1.544776648e+01 +1.9693e+00 -4.2909e+00 -1.4002e+00 -8.3437e-01 +2.6178e+00 -2.0035e+00 -4.2131e+00 -2.9218e+00 +2.6567e+00 +3.6471e+00
2 0 +9.142774142e+00 +9.152774142e+00 +9.152774142e+00 +2.5259e+00 -3.2988e-01 -4.6040e+00 +2.2305e-01 -5.0597e-01 +2.5384e+00 -4.3652e+00 +4.5803e+00 -1.1248e+00 -1.7406e+00
8 0 +6.029669585e+00 +6.039669585e+00 +6.039669585e+00 -7.5244e-01 -3.7924e+00 -2.5694e+00 -1.8073e+00 +8.0169e-01 +1.7950e+00 +4.7126e+00 -4.5465e+00 +1.0173e+00 +2.9420e+00
24 0 +4.517004841e+00 +4.527004841e+00 +4.527004841e+00 +5.4831e-01 +4.6698e-01 -1.9717e+00 +3.3230e+00 -2.3773e+00 -4.9896e+00 +3.6112e+00 -7.8893e-02 +2.1479e+00 +4.7106e+00
54 0 +4.050806295e+00 +4.060806295e+00 +4.060806295e+00 +3.6265e+00 +4.5005e+00 -2.7218e+00 -2.1670e+00 -4.6268e+00 +1.9744e+00 -1.7970e+00 -4.2830e+00 -4.7544e+00 -2.1922e+00
170 0 +3.527195469e+00 +3.537195469e+00 +3.537195469e+00 +3.3955e+00 -2.6568e+00 +3.3778e+00 -2.7044e+00 +9.7787e-01 -6.0352e-01 -3.0627e+00 -3.8332e+00 -2.7708e+00 -1.9785e+00
630 0 +3.224525235e+00 +3.234525235e+00 +3.234525235e+00 -3.9726e+00 -1.4054e+00 +4.5659e+00 +1.3127e-02 +2.7059e+00 -2.5299e+00 +4.2926e+00 -4.4716e+00 -4.4075e+00 +2.2900e+00
1100 0 +2.587425388e+00 +2.597425388e+00 +2.597425388e+00 -6.9574e-01 +4.4017e+00 -1.3690e+00 +6.9588e-01 -2.8658e+00 +1.9197e+00 +3.2060e+00 -4.3129e+00 -3.1377e+00 -2.6355e+00
2031 0 +2.519876537e+00 +2.529876537e+00 +2.529876537e+00 -4.8522e+00 -3.6277e+00 -2.8701e+00 -1.0148e+00 -1.2600e+00 +7.9908e-01 +3.6218e+00 -3.7400e+00 -4.6870e-01 -7.1332e-01
5509 0 +1.980954077e+00 +1.990954077e+00 +1.990954077e+00 +4.1719e+00 -4.6313e+00 -2.9015e+00 +3.9419e+00 -6.2187e-01 +9.5573e-01 +8.9983e-01 -3.6268e+00 +4.7698e+00 +4.3263e+00
11760 0 +1.929076910e+00 +1.939076910e+00 +1.939076910e+00 +1.8339e+00 +2.6068e+00 -3.0784e+00 -4.7390e+00 -2.5137e+00 +1.6366e+00 -3.3280e+00 -1.4826e+00 +4.0040e+00 -1.3979e+00
13976 0 +1.427515087e+00 +1.437515087e+00 +1.437515087e+00 -2.5433e+00 +4.3328e+00 -1.4327e+00 +2.5757e+00 -3.1581e+00 +1.2687e+00 +1.8451e+00 -3.0540e+00 +2.2887e+00 +8.7842e-01
40050 0 +1.427515087e+00 +1.437515087e+00 +1.437515087e+00 -2.5433e+00 +4.3328e+00 -1.4327e+00 +2.5757e+00 -3.1581e+00 +1.2687e+00 +1.8451e+00 -3.0540e+00 +2.2887e+00 +8.7842e-01
% f evaluations | g evaluations | best noise-free fitness - Fopt (-1.306100000000e+02) + sum g_i+ | measured fitness | best measured fitness or single-digit g-values | x1 | x2...
1 0 +1.954445069e+01 -1.110655493e+02 -1.110655493e+02 +1.9693e+00 -4.2909e+00 -1.4002e+00 -8.3437e-01 +2.6178e+00 -2.0035e+00 -4.2131e+00 -2.9218e+00 +2.6567e+00 +3.6471e+00
2 0 +1.146996718e+01 -1.191400328e+02 -1.191400328e+02 +2.5259e+00 -3.2988e-01 -4.6040e+00 +2.2305e-01 -5.0597e-01 +2.5384e+00 -4.3652e+00 +4.5803e+00 -1.1248e+00 -1.7406e+00
6 0 +7.547485691e+00 -1.230625143e+02 -1.230625143e+02 +4.6998e+00 -2.3725e+00 -9.8820e-01 -4.6070e+00 +4.4354e+00 +1.8316e+00 -3.8206e+00 -3.6125e-01 +4.8532e+00 -4.5420e-01
7 0 +3.400998188e+00 -1.272090018e+02 -1.272090018e+02 -2.5266e+00 +2.5664e+00 -3.6616e-01 +1.6393e+00 +4.9736e+00 -1.9083e+00 -3.1023e+00 -4.3715e+00 -4.1537e-01 +5.2573e-02
490 0 +2.148402667e+00 -1.284615973e+02 -1.284615973e+02 -6.1701e-02 -4.5819e+00 +5.4272e-01 +2.4462e+00 -3.3990e+00 -3.3179e+00 -1.4423e+00 -3.0430e-02 +1.3785e+00 -1.9540e+00
2958 0 +1.701284846e+00 -1.289087152e+02 -1.289087152e+02 +3.7839e-01 -3.7162e+00 -3.8250e+00 +4.8499e+00 -3.2440e+00 -4.1972e+00 +3.4895e+00 -1.8307e+00 +7.2115e-01 +3.7985e-01
6900 0 +1.701284846e+00 -1.289087152e+02 -1.289087152e+02 +3.7839e-01 -3.7162e+00 -3.8250e+00 +4.8499e+00 -3.2440e+00 -4.1972e+00 +3.4895e+00 -1.8307e+00 +7.2115e-01 +3.7985e-01
% f evaluations | g evaluations | best noise-free fitness - Fopt (-2.231200000000e+02) + sum g_i+ | measured fitness | best measured fitness or single-digit g-values | x1 | x2...
1 0 +2.143334912e+01 -2.016866509e+02 -2.016866509e+02 +1.9693e+00 -4.2909e+00 -1.4002e+00 -8.3437e-01 +2.6178e+00 -2.0035e+00 -4.2131e+00 -2.9218e+00 +2.6567e+00 +3.6471e+00
6 0 +1.675258569e+01 -2.063674143e+02 -2.063674143e+02 +4.6998e+00 -2.3725e+00 -9.8820e-01 -4.6070e+00 +4.4354e+00 +1.8316e+00 -3.8206e+00 -3.6125e-01 +4.8532e+00 -4.5420e-01
7 0 +1.519591804e+01 -2.079240820e+02 -2.079240820e+02 -2.5266e+00 +2.5664e+00 -3.6616e-01 +1.6393e+00 +4.9736e+00 -1.9083e+00 -3.1023e+00 -4.3715e+00 -4.1537e-01 +5.2573e-02
8 0 +9.947756607e+00 -2.131722434e+02 -2.131722434e+02 -7.5244e-01 -3.7924e+00 -2.5694e+00 -1.8073e+00 +8.0169e-01 +1.7950e+00 +4.7126e+00 -4.5465e+00 +1.0173e+00 +2.9420e+00
11 0 +8.411423650e+00 -2.147085764e+02 -2.147085764e+02 +3.0951e+00 -1.2765e+00 -4.8472e+00 -9.9409e-01 -1.0911e+00 -1.9672e+00 +1.5792e+00 +5.5749e-01 -1.9962e+00 +2.4840e+00
14 0 +6.456273633e+00 -2.166637264e+02 -2.166637264e+02 +2.2524e+00 +4.5677e+00 +4.4694e+00 +3.5340e+00 -4.2728e+00 +1.0595e+00 -4.1455e+00 +2.3839e+00 -3.5567e+00 -3.8575e+00
75 0 +3.857650092e+00 -2.192623499e+02 -2.192623499e+02 +1.1060e+00 -6.3086e-01 -7.1924e-01 +4.3013e+00 -9.9196e-01 -3.2173e+00 +2.2814e+00 -2.1408e+00 -3.6742e+00 -1.8909e-01
590 0 +3.316284877e+00 -2.198037151e+02 -2.198037151e+02 -2.0644e-01 -1.5843e+00 -4.2773e+00 -4.4790e+00 +1.8421e+00 -2.7315e+00 -2.5240e-01 +1.7912e+00 -2.8027e+00 -5.9972e-02
641 0 +2.278795316e+00 -2.208412047e+02 -2.208412047e+02 -1.1853e-01 -2.8481e+00 -4.0693e+00 +7.0555e-02 -1.5802e+00 +3.2437e+00 +2.0430e-01 -1.0590e+00 -2.2939e+00 -2.7416e+00
1650 0 +2.278795316e+00 -2.208412047e+02 -2.208412047e+02 -1.1853e-01 -2.8481e+00 -4.0693e+00 +7.0555e-02 -1.5802e+00 +3.2437e+00 +2.0430e-01 -1.0590e+00 -2.2939e+00 -2.7416e+00
% f evaluations | g evaluations | best noise-free fitness - Fopt (-4.443000000000e+01) + sum g_i+ | measured fitness | best measured fitness or single-digit g-values | x1 | x2...
1 0 +7.569900227e+00 -3.686009977e+01 -3.686009977e+01 +1.9693e+00 -4.2909e+00 -1.4002e+00 -8.3437e-01 +2.6178e+00 -2.0035e+00 -4.2131e+00 -2.9218e+00 +2.6567e+00 +3.6471e+00
5 0 +6.147450327e+00 -3.828254967e+01 -3.828254967e+01 +4.1981e+00 -4.6575e-02 -4.5527e-01 +2.9747e+00 -2.1962e+00 -2.9349e+00 +3.2881e-01 +1.7712e+00 -1.1672e+00 +9.3903e-01
74 0 +5.437723699e+00 -3.899227630e+01 -3.899227630e+01 -3.5634e+00 +3.5802e+00 -4.1788e+00 +1.1867e+00 -4.3486e+00 +1.0957e+00 -1.5057e+00 +3.4320e+00 -3.7647e+00 -2.1794e-01
95 0 +5.270170358e+00 -3.915982964e+01 -3.915982964e+01 -4.5741e+00 -3.4954e+00 -8.4197e-01 -1.1114e+00 +2.7441e+00 +2.7168e+00 -6.4775e-01 -4.2542e+00 -8.6422e-01 -1.3485e+00
139 0 +3.931463786e+00 -4.049853621e+01 -4.049853621e+01 -1.9482e+00 -3.2007e+00 -3.6733e+00 -7.6453e-01 -1.2433e+00 +3.7247e+00 +3.8121e+00 +7.4546e-01 +2.7338e+00 +2.3436e+00
270 0 +3.501850112e+00 -4.092814989e+01 -4.092814989e+01 -4.6339e+00 -3.7391e+00 -6.3853e-01 -3.4921e-01 -3.8243e+00 +4.5965e+00 +6.0569e-01 +3.7806e-01 -8.3159e-01 +3.3885e+00
907 0 +2.249082074e+00 -4.218091793e+01 -4.218091793e+01 -1.7491e+00 -2.8812e+00 +3.5980e+00 +2.4296e+00 -3.8148e+00 +4.5849e+00 +5.6918e-01 +4.0909e+00 +1.2105e+00 +8.6778e-02
1182 0 +2.102827357e+00 -4.232717264e+01 -4.232717264e+01 -3.8196e+00 -3.3189e+00 +4.7914e-01 -3.2055e+00 +4.8923e-01 +4.7040e+00 -4.4432e+00 -5.0484e-01 -1.8499e+00 -3.4837e+00
2064 0 +1.899243304e+00 -4.253075670e+01 -4.253075670e+01 -4.1374e+00 -4.3831e+00 -4.0021e+00 +2.5591e+00 -4.0314e+00 +5.3632e-01 -4.1513e+00 +2.6723e+00 -4.1085e+00 -3.8769e-01
27030 0 +1.040788808e+00 -4.338921119e+01 -4.338921119e+01 -3.0317e+00 -2.3905e+00 +2.0229e+00 +1.0178e+00 +1.3011e+00 +7.0690e-01 -4.5990e+00 +3.5955e+00 +5.8573e-01 +7.7167e-02
40050 0 +1.040788808e+00 -4.338921119e+01 -4.338921119e+01 -3.0317e+00 -2.3905e+00 +2.0229e+00 +1.0178e+00 +1.3011e+00 +7.0690e-01 -4.5990e+00 +3.5955e+00 +5.8573e-01 +7.7167e-02
% f evaluations | g evaluations | best noise-free fitness - Fopt (6.870000000000e+00) + sum g_i+ | measured fitness | best measured fitness or single-digit g-values | x1 | x2...
1 0 +2.136832602e+01 +2.823832602e+01 +2.823832602e+01 +1.9693e+00 -4.2909e+00 -1.4002e+00 -8.3437e-01 +2.6178e+00 -2.0035e+00 -4.2131e+00 -2.9218e+00 +2.6567e+00 +3.6471e+00
2 0 +1.607703075e+01 +2.294703075e+01 +2.294703075e+01 +2.5259e+00 -3.2988e-01 -4.6040e+00 +2.2305e-01 -5.0597e-01 +2.5384e+00 -4.3652e+00 +4.5803e+00 -1.1248e+00 -1.7406e+00
4 0 +9.301857960e+00 +1.617185796e+01 +1.617185796e+01 -2.3340e+00 -1.0680e+00 +3.5706e+00 +2.7829e+00 -8.7509e-01 +2.3449e+00 -4.7126e+00 +3.2688e+00 +4.5468e+00 +4.5782e+00
7 0 +7.341158921e+00 +1.421115892e+01 +1.421115892e+01 -2.5266e+00 +2.5664e+00 -3.6616e-01 +1.6393e+00 +4.9736e+00 -1.9083e+00 -3.1023e+00 -4.3715e+00 -4.1537e-01 +5.2573e-02
17 0 +4.074655523e+00 +1.094465552e+01 +1.094465552e+01 -2.3265e+00 -2.2732e+00 +4.9485e+00 +1.7155e+00 +4.3776e+00 -4.7461e+00 +3.9564e+00 -2.6276e+00 -9.6644e-01 +7.9641e-01
45 0 +3.090003576e+00 +9.960003576e+00 +9.960003576e+00 +2.9309e+00 -1.8020e+00 +2.9088e+00 -1.2657e+00 +4.5324e+00 -2.6238e+00 +2.4725e+00 -2.0785e+00 -2.5838e-01 +4.3912e+00
500 0 +2.057735251e+00 +8.927735251e+00 +8.927735251e+00 +1.3756e+00 -3.8216e+00 -3.4458e+00 -1.6929e+00 +4.0194e+00 +1.1348e+00 -1.3244e+00 -2.3395e+00 +4.4697e-01 +2.7772e+00
13708 0 +1.644158493e+00 +8.514158493e+00 +8.514158493e+00 +3.8368e+00 -3.2750e+00 -3.3893e+00 -1.1538e+00 +4.6468e+00 -1.5598e-01 +2.8167e+00 +6.4414e-01 +9.3367e-01 +3.9691e+00
33250 0 +1.379115290e+00 +8.249115290e+00 +8.249115290e+00 -4.8220e+00 -3.3005e-01 -4.1553e+00 +5.4189e-01 +4.7463e+00 -2.6204e+00 -4.4115e+00 +4.6079e+00 -2.8659e+00 -5.8620e-01
40050 0 +1.379115290e+00 +8.249115290e+00 +8.249115290e+00 -4.8220e+00 -3.3005e-01 -4.1553e+00 +5.4189e-01 +4.7463e+00 -2.6204e+00 -4.4115e+00 +4.6079e+00 -2.8659e+00 -5.8620e-01
% f evaluations | g evaluations | best noise-free fitness - Fopt (1.000000000000e-02) + sum g_i+ | measured fitness | best measured fitness or single-digit g-values | x1 | x2...
1 0 +1.543776648e+01 +1.544776648e+01 +1.544776648e+01 +1.9693e+00 -4.2909e+00 -1.4002e+00 -8.3437e-01 +2.6178e+00 -2.0035e+00 -4.2131e+00 -2.9218e+00 +2.6567e+00 +3.6471e+00
2 0 +9.142774142e+00 +9.152774142e+00 +9.152774142e+00 +2.5259e+00 -3.2988e-01 -4.6040e+00 +2.2305e-01 -5.0597e-01 +2.5384e+00 -4.3652e+00 +4.5803e+00 -1.1248e+00 -1.7406e+00
8 0 +6.029669585e+00 +6.039669585e+00 +6.039669585e+00 -7.5244e-01 -3.7924e+00 -2.5694e+00 -1.8073e+00 +8.0169e-01 +1.7950e+00 +4.7126e+00 -4.5465e+00 +1.0173e+00 +2.9420e+00
24 0 +4.517004841e+00 +4.527004841e+00 +4.527004841e+00 +5.4831e-01 +4.6698e-01 -1.9717e+00 +3.3230e+00 -2.3773e+00 -4.9896e+00 +3.6112e+00 -7.8893e-02 +2.1479e+00 +4.7106e+00
54 0 +4.050806295e+00 +4.060806295e+00 +4.060806295e+00 +3.6265e+00 +4.5005e+00 -2.7218e+00 -2.1670e+00 -4.6268e+00 +1.9744e+00 -1.7970e+00 -4.2830e+00 -4.7544e+00 -2.1922e+00
170 0 +3.527195469e+00 +3.537195469e+00 +3.537195469e+00 +3.3955e+00 -2.6568e+00 +3.3778e+00 -2.7044e+00 +9.7787e-01 -6.0352e-01 -3.0627e+00 -3.8332e+00 -2.7708e+00 -1.9785e+00
630 0 +3.224525235e+00 +3.234525235e+00 +3.234525235e+00 -3.9726e+00 -1.4054e+00 +4.5659e+00 +1.3127e-02 +2.7059e+00 -2.5299e+00 +4.2926e+00 -4.4716e+00 -4.4075e+00 +2.2900e+00
1100 0 +2.587425388e+00 +2.597425388e+00 +2.597425388e+00 -6.9574e-01 +4.4017e+00 -1.3690e+00 +6.9588e-01 -2.8658e+00 +1.9197e+00 +3.2060e+00 -4.3129e+00 -3.1377e+00 -2.6355e+00
2031 0 +2.519876537e+00 +2.529876537e+00 +2.529876537e+00 -4.8522e+00 -3.6277e+00 -2.8701e+00 -1.0148e+00 -1.2600e+00 +7.9908e-01 +3.6218e+00 -3.7400e+00 -4.6870e-01 -7.1332e-01
5509 0 +1.980954077e+00 +1.990954077e+00 +1.990954077e+00 +4.1719e+00 -4.6313e+00 -2.9015e+00 +3.9419e+00 -6.2187e-01 +9.5573e-01 +8.9983e-01 -3.6268e+00 +4.7698e+00 +4.3263e+00
11760 0 +1.929076910e+00 +1.939076910e+00 +1.939076910e+00 +1.8339e+00 +2.6068e+00 -3.0784e+00 -4.7390e+00 -2.5137e+00 +1.6366e+00 -3.3280e+00 -1.4826e+00 +4.0040e+00 -1.3979e+00
13976 0 +1.427515087e+00 +1.437515087e+00 +1.437515087e+00 -2.5433e+00 +4.3328e+00 -1.4327e+00 +2.5757e+00 -3.1581e+00 +1.2687e+00 +1.8451e+00 -3.0540e+00 +2.2887e+00 +8.7842e-01
40050 0 +1.427515087e+00 +1.437515087e+00 +1.437515087e+00 -2.5433e+00 +4.3328e+00 -1.4327e+00 +2.5757e+00 -3.1581e+00 +1.2687e+00 +1.8451e+00 -3.0540e+00 +2.2887e+00 +8.7842e-01
% f evaluations | g evaluations | best noise-free fitness - Fopt (-1.306100000000e+02) + sum g_i+ | measured fitness | best measured fitness or single-digit g-values | x1 | x2...
1 0 +1.954445069e+01 -1.110655493e+02 -1.110655493e+02 +1.9693e+00 -4.2909e+00 -1.4002e+00 -8.3437e-01 +2.6178e+00 -2.0035e+00 -4.2131e+00 -2.9218e+00 +2.6567e+00 +3.6471e+00
2 0 +1.146996718e+01 -1.191400328e+02 -1.191400328e+02 +2.5259e+00 -3.2988e-01 -4.6040e+00 +2.2305e-01 -5.0597e-01 +2.5384e+00 -4.3652e+00 +4.5803e+00 -1.1248e+00 -1.7406e+00
6 0 +7.547485691e+00 -1.230625143e+02 -1.230625143e+02 +4.6998e+00 -2.3725e+00 -9.8820e-01 -4.6070e+00 +4.4354e+00 +1.8316e+00 -3.8206e+00 -3.6125e-01 +4.8532e+00 -4.5420e-01
7 0 +3.400998188e+00 -1.272090018e+02 -1.272090018e+02 -2.5266e+00 +2.5664e+00 -3.6616e-01 +1.6393e+00 +4.9736e+00 -1.9083e+00 -3.1023e+00 -4.3715e+00 -4.1537e-01 +5.2573e-02
490 0 +2.148402667e+00 -1.284615973e+02 -1.284615973e+02 -6.1701e-02 -4.5819e+00 +5.4272e-01 +2.4462e+00 -3.3990e+00 -3.3179e+00 -1.4423e+00 -3.0430e-02 +1.3785e+00 -1.9540e+00
2958 0 +1.701284846e+00 -1.289087152e+02 -1.289087152e+02 +3.7839e-01 -3.7162e+00 -3.8250e+00 +4.8499e+00 -3.2440e+00 -4.1972e+00 +3.4895e+00 -1.8307e+00 +7.2115e-01 +3.7985e-01
6900 0 +1.701284846e+00 -1.289087152e+02 -1.289087152e+02 +3.7839e-01 -3.7162e+00 -3.8250e+00 +4.8499e+00 -3.2440e+00 -4.1972e+00 +3.4895e+00 -1.8307e+00 +7.2115e-01 +3.7985e-01
% f evaluations | g evaluations | best noise-free fitness - Fopt (-2.231200000000e+02) + sum g_i+ | measured fitness | best measured fitness or single-digit g-values | x1 | x2...
1 0 +2.143334912e+01 -2.016866509e+02 -2.016866509e+02 +1.9693e+00 -4.2909e+00 -1.4002e+00 -8.3437e-01 +2.6178e+00 -2.0035e+00 -4.2131e+00 -2.9218e+00 +2.6567e+00 +3.6471e+00
6 0 +1.675258569e+01 -2.063674143e+02 -2.063674143e+02 +4.6998e+00 -2.3725e+00 -9.8820e-01 -4.6070e+00 +4.4354e+00 +1.8316e+00 -3.8206e+00 -3.6125e-01 +4.8532e+00 -4.5420e-01
7 0 +1.519591804e+01 -2.079240820e+02 -2.079240820e+02 -2.5266e+00 +2.5664e+00 -3.6616e-01 +1.6393e+00 +4.9736e+00 -1.9083e+00 -3.1023e+00 -4.3715e+00 -4.1537e-01 +5.2573e-02
8 0 +9.947756607e+00 -2.131722434e+02 -2.131722434e+02 -7.5244e-01 -3.7924e+00 -2.5694e+00 -1.8073e+00 +8.0169e-01 +1.7950e+00 +4.7126e+00 -4.5465e+00 +1.0173e+00 +2.9420e+00
11 0 +8.411423650e+00 -2.147085764e+02 -2.147085764e+02 +3.0951e+00 -1.2765e+00 -4.8472e+00 -9.9409e-01 -1.0911e+00 -1.9672e+00 +1.5792e+00 +5.5749e-01 -1.9962e+00 +2.4840e+00
14 0 +6.456273633e+00 -2.166637264e+02 -2.166637264e+02 +2.2524e+00 +4.5677e+00 +4.4694e+00 +3.5340e+00 -4.2728e+00 +1.0595e+00 -4.1455e+00 +2.3839e+00 -3.5567e+00 -3.8575e+00
75 0 +3.857650092e+00 -2.192623499e+02 -2.192623499e+02 +1.1060e+00 -6.3086e-01 -7.1924e-01 +4.3013e+00 -9.9196e-01 -3.2173e+00 +2.2814e+00 -2.1408e+00 -3.6742e+00 -1.8909e-01
590 0 +3.316284877e+00 -2.198037151e+02 -2.198037151e+02 -2.0644e-01 -1.5843e+00 -4.2773e+00 -4.4790e+00 +1.8421e+00 -2.7315e+00 -2.5240e-01 +1.7912e+00 -2.8027e+00 -5.9972e-02
641 0 +2.278795316e+00 -2.208412047e+02 -2.208412047e+02 -1.1853e-01 -2.8481e+00 -4.0693e+00 +7.0555e-02 -1.5802e+00 +3.2437e+00 +2.0430e-01 -1.0590e+00 -2.2939e+00 -2.7416e+00
1650 0 +2.278795316e+00 -2.208412047e+02 -2.208412047e+02 -1.1853e-01 -2.8481e+00 -4.0693e+00 +7.0555e-02 -1.5802e+00 +3.2437e+00 +2.0430e-01 -1.0590e+00 -2.2939e+00 -2.7416e+00
% f evaluations | g evaluations | best noise-free fitness - Fopt (-4.443000000000e+01) + sum g_i+ | measured fitness | best measured fitness or single-digit g-values | x1 | x2...
1 0 +7.569900227e+00 -3.686009977e+01 -3.686009977e+01 +1.9693e+00 -4.2909e+00 -1.4002e+00 -8.3437e-01 +2.6178e+00 -2.0035e+00 -4.2131e+00 -2.9218e+00 +2.6567e+00 +3.6471e+00
5 0 +6.147450327e+00 -3.828254967e+01 -3.828254967e+01 +4.1981e+00 -4.6575e-02 -4.5527e-01 +2.9747e+00 -2.1962e+00 -2.9349e+00 +3.2881e-01 +1.7712e+00 -1.1672e+00 +9.3903e-01
74 0 +5.437723699e+00 -3.899227630e+01 -3.899227630e+01 -3.5634e+00 +3.5802e+00 -4.1788e+00 +1.1867e+00 -4.3486e+00 +1.0957e+00 -1.5057e+00 +3.4320e+00 -3.7647e+00 -2.1794e-01
95 0 +5.270170358e+00 -3.915982964e+01 -3.915982964e+01 -4.5741e+00 -3.4954e+00 -8.4197e-01 -1.1114e+00 +2.7441e+00 +2.7168e+00 -6.4775e-01 -4.2542e+00 -8.6422e-01 -1.3485e+00
139 0 +3.931463786e+00 -4.049853621e+01 -4.049853621e+01 -1.9482e+00 -3.2007e+00 -3.6733e+00 -7.6453e-01 -1.2433e+00 +3.7247e+00 +3.8121e+00 +7.4546e-01 +2.7338e+00 +2.3436e+00
270 0 +3.501850112e+00 -4.092814989e+01 -4.092814989e+01 -4.6339e+00 -3.7391e+00 -6.3853e-01 -3.4921e-01 -3.8243e+00 +4.5965e+00 +6.0569e-01 +3.7806e-01 -8.3159e-01 +3.3885e+00
907 0 +2.249082074e+00 -4.218091793e+01 -4.218091793e+01 -1.7491e+00 -2.8812e+00 +3.5980e+00 +2.4296e+00 -3.8148e+00 +4.5849e+00 +5.6918e-01 +4.0909e+00 +1.2105e+00 +8.6778e-02
1182 0 +2.102827357e+00 -4.232717264e+01 -4.232717264e+01 -3.8196e+00 -3.3189e+00 +4.7914e-01 -3.2055e+00 +4.8923e-01 +4.7040e+00 -4.4432e+00 -5.0484e-01 -1.8499e+00 -3.4837e+00
2064 0 +1.899243304e+00 -4.253075670e+01 -4.253075670e+01 -4.1374e+00 -4.3831e+00 -4.0021e+00 +2.5591e+00 -4.0314e+00 +5.3632e-01 -4.1513e+00 +2.6723e+00 -4.1085e+00 -3.8769e-01
27030 0 +1.040788808e+00 -4.338921119e+01 -4.338921119e+01 -3.0317e+00 -2.3905e+00 +2.0229e+00 +1.0178e+00 +1.3011e+00 +7.0690e-01 -4.5990e+00 +3.5955e+00 +5.8573e-01 +7.7167e-02
40050 0 +1.040788808e+00 -4.338921119e+01 -4.338921119e+01 -3.0317e+00 -2.3905e+00 +2.0229e+00 +1.0178e+00 +1.3011e+00 +7.0690e-01 -4.5990e+00 +3.5955e+00 +5.8573e-01 +7.7167e-02
% f evaluations | g evaluations | best noise-free fitness - Fopt (6.870000000000e+00) + sum g_i+ | measured fitness | best measured fitness or single-digit g-values | x1 | x2...
1 0 +2.136832602e+01 +2.823832602e+01 +2.823832602e+01 +1.9693e+00 -4.2909e+00 -1.4002e+00 -8.3437e-01 +2.6178e+00 -2.0035e+00 -4.2131e+00 -2.9218e+00 +2.6567e+00 +3.6471e+00
2 0 +1.607703075e+01 +2.294703075e+01 +2.294703075e+01 +2.5259e+00 -3.2988e-01 -4.6040e+00 +2.2305e-01 -5.0597e-01 +2.5384e+00 -4.3652e+00 +4.5803e+00 -1.1248e+00 -1.7406e+00
4 0 +9.301857960e+00 +1.617185796e+01 +1.617185796e+01 -2.3340e+00 -1.0680e+00 +3.5706e+00 +2.7829e+00 -8.7509e-01 +2.3449e+00 -4.7126e+00 +3.2688e+00 +4.5468e+00 +4.5782e+00
7 0 +7.341158921e+00 +1.421115892e+01 +1.421115892e+01 -2.5266e+00 +2.5664e+00 -3.6616e-01 +1.6393e+00 +4.9736e+00 -1.9083e+00 -3.1023e+00 -4.3715e+00 -4.1537e-01 +5.2573e-02
17 0 +4.074655523e+00 +1.094465552e+01 +1.094465552e+01 -2.3265e+00 -2.2732e+00 +4.9485e+00 +1.7155e+00 +4.3776e+00 -4.7461e+00 +3.9564e+00 -2.6276e+00 -9.6644e-01 +7.9641e-01
45 0 +3.090003576e+00 +9.960003576e+00 +9.960003576e+00 +2.9309e+00 -1.8020e+00 +2.9088e+00 -1.2657e+00 +4.5324e+00 -2.6238e+00 +2.4725e+00 -2.0785e+00 -2.5838e-01 +4.3912e+00
500 0 +2.057735251e+00 +8.927735251e+00 +8.927735251e+00 +1.3756e+00 -3.8216e+00 -3.4458e+00 -1.6929e+00 +4.0194e+00 +1.1348e+00 -1.3244e+00 -2.3395e+00 +4.4697e-01 +2.7772e+00
13708 0 +1.644158493e+00 +8.514158493e+00 +8.514158493e+00 +3.8368e+00 -3.2750e+00 -3.3893e+00 -1.1538e+00 +4.6468e+00 -1.5598e-01 +2.8167e+00 +6.4414e-01 +9.3367e-01 +3.9691e+00
33250 0 +1.379115290e+00 +8.249115290e+00 +8.249115290e+00 -4.8220e+00 -3.3005e-01 -4.1553e+00 +5.4189e-01 +4.7463e+00 -2.6204e+00 -4.4115e+00 +4.6079e+00 -2.8659e+00 -5.8620e-01
40050 0 +1.379115290e+00 +8.249115290e+00 +8.249115290e+00 -4.8220e+00 -3.3005e-01 -4.1553e+00 +5.4189e-01 +4.7463e+00 -2.6204e+00 -4.4115e+00 +4.6079e+00 -2.8659e+00 -5.8620e-01
% f evaluations | g evaluations | best noise-free fitness - Fopt (1.000000000000e-02) + sum g_i+ | measured fitness | best measured fitness or single-digit g-values | x1 | x2...
1 0 +1.543776648e+01 +1.544776648e+01 +1.544776648e+01 +1.9693e+00 -4.2909e+00 -1.4002e+00 -8.3437e-01 +2.6178e+00 -2.0035e+00 -4.2131e+00 -2.9218e+00 +2.6567e+00 +3.6471e+00
2 0 +9.142774142e+00 +9.152774142e+00 +9.152774142e+00 +2.5259e+00 -3.2988e-01 -4.6040e+00 +2.2305e-01 -5.0597e-01 +2.5384e+00 -4.3652e+00 +4.5803e+00 -1.1248e+00 -1.7406e+00
8 0 +6.029669585e+00 +6.039669585e+00 +6.039669585e+00 -7.5244e-01 -3.7924e+00 -2.5694e+00 -1.8073e+00 +8.0169e-01 +1.7950e+00 +4.7126e+00 -4.5465e+00 +1.0173e+00 +2.9420e+00
24 0 +4.517004841e+00 +4.527004841e+00 +4.527004841e+00 +5.4831e-01 +4.6698e-01 -1.9717e+00 +3.3230e+00 -2.3773e+00 -4.9896e+00 +3.6112e+00 -7.8893e-02 +2.1479e+00 +4.7106e+00
54 0 +4.050806295e+00 +4.060806295e+00 +4.060806295e+00 +3.6265e+00 +4.5005e+00 -2.7218e+00 -2.1670e+00 -4.6268e+00 +1.9744e+00 -1.7970e+00 -4.2830e+00 -4.7544e+00 -2.1922e+00
170 0 +3.527195469e+00 +3.537195469e+00 +3.537195469e+00 +3.3955e+00 -2.6568e+00 +3.3778e+00 -2.7044e+00 +9.7787e-01 -6.0352e-01 -3.0627e+00 -3.8332e+00 -2.7708e+00 -1.9785e+00
630 0 +3.224525235e+00 +3.234525235e+00 +3.234525235e+00 -3.9726e+00 -1.4054e+00 +4.5659e+00 +1.3127e-02 +2.7059e+00 -2.5299e+00 +4.2926e+00 -4.4716e+00 -4.4075e+00 +2.2900e+00
1100 0 +2.587425388e+00 +2.597425388e+00 +2.597425388e+00 -6.9574e-01 +4.4017e+00 -1.3690e+00 +6.9588e-01 -2.8658e+00 +1.9197e+00 +3.2060e+00 -4.3129e+00 -3.1377e+00 -2.6355e+00
2031 0 +2.519876537e+00 +2.529876537e+00 +2.529876537e+00 -4.8522e+00 -3.6277e+00 -2.8701e+00 -1.0148e+00 -1.2600e+00 +7.9908e-01 +3.6218e+00 -3.7400e+00 -4.6870e-01 -7.1332e-01
5509 0 +1.980954077e+00 +1.990954077e+00 +1.990954077e+00 +4.1719e+00 -4.6313e+00 -2.9015e+00 +3.9419e+00 -6.2187e-01 +9.5573e-01 +8.9983e-01 -3.6268e+00 +4.7698e+00 +4.3263e+00
11760 0 +1.929076910e+00 +1.939076910e+00 +1.939076910e+00 +1.8339e+00 +2.6068e+00 -3.0784e+00 -4.7390e+00 -2.5137e+00 +1.6366e+00 -3.3280e+00 -1.4826e+00 +4.0040e+00 -1.3979e+00
13976 0 +1.427515087e+00 +1.437515087e+00 +1.437515087e+00 -2.5433e+00 +4.3328e+00 -1.4327e+00 +2.5757e+00 -3.1581e+00 +1.2687e+00 +1.8451e+00 -3.0540e+00 +2.2887e+00 +8.7842e-01
40050 0 +1.427515087e+00 +1.437515087e+00 +1.437515087e+00 -2.5433e+00 +4.3328e+00 -1.4327e+00 +2.5757e+00 -3.1581e+00 +1.2687e+00 +1.8451e+00 -3.0540e+00 +2.2887e+00 +8.7842e-01
% f evaluations | g evaluations | best noise-free fitness - Fopt (-1.306100000000e+02) + sum g_i+ | measured fitness | best measured fitness or single-digit g-values | x1 | x2...
1 0 +1.954445069e+01 -1.110655493e+02 -1.110655493e+02 +1.9693e+00 -4.2909e+00 -1.4002e+00 -8.3437e-01 +2.6178e+00 -2.0035e+00 -4.2131e+00 -2.9218e+00 +2.6567e+00 +3.6471e+00
2 0 +1.146996718e+01 -1.191400328e+02 -1.191400328e+02 +2.5259e+00 -3.2988e-01 -4.6040e+00 +2.2305e-01 -5.0597e-01 +2.5384e+00 -4.3652e+00 +4.5803e+00 -1.1248e+00 -1.7406e+00
6 0 +7.547485691e+00 -1.230625143e+02 -1.230625143e+02 +4.6998e+00 -2.3725e+00 -9.8820e-01 -4.6070e+00 +4.4354e+00 +1.8316e+00 -3.8206e+00 -3.6125e-01 +4.8532e+00 -4.5420e-01
7 0 +3.400998188e+00 -1.272090018e+02 -1.272090018e+02 -2.5266e+00 +2.5664e+00 -3.6616e-01 +1.6393e+00 +4.9736e+00 -1.9083e+00 -3.1023e+00 -4.3715e+00 -4.1537e-01 +5.2573e-02
490 0 +2.148402667e+00 -1.284615973e+02 -1.284615973e+02 -6.1701e-02 -4.5819e+00 +5.4272e-01 +2.4462e+00 -3.3990e+00 -3.3179e+00 -1.4423e+00 -3.0430e-02 +1.3785e+00 -1.9540e+00
2958 0 +1.701284846e+00 -1.289087152e+02 -1.289087152e+02 +3.7839e-01 -3.7162e+00 -3.8250e+00 +4.8499e+00 -3.2440e+00 -4.1972e+00 +3.4895e+00 -1.8307e+00 +7.2115e-01 +3.7985e-01
6900 0 +1.701284846e+00 -1.289087152e+02 -1.289087152e+02 +3.7839e-01 -3.7162e+00 -3.8250e+00 +4.8499e+00 -3.2440e+00 -4.1972e+00 +3.4895e+00 -1.8307e+00 +7.2115e-01 +3.7985e-01
% f evaluations | g evaluations | best noise-free fitness - Fopt (-2.231200000000e+02) + sum g_i+ | measured fitness | best measured fitness or single-digit g-values | x1 | x2...
1 0 +2.143334912e+01 -2.016866509e+02 -2.016866509e+02 +1.9693e+00 -4.2909e+00 -1.4002e+00 -8.3437e-01 +2.6178e+00 -2.0035e+00 -4.2131e+00 -2.9218e+00 +2.6567e+00 +3.6471e+00
6 0 +1.675258569e+01 -2.063674143e+02 -2.063674143e+02 +4.6998e+00 -2.3725e+00 -9.8820e-01 -4.6070e+00 +4.4354e+00 +1.8316e+00 -3.8206e+00 -3.6125e-01 +4.8532e+00 -4.5420e-01
7 0 +1.519591804e+01 -2.079240820e+02 -2.079240820e+02 -2.5266e+00 +2.5664e+00 -3.6616e-01 +1.6393e+00 +4.9736e+00 -1.9083e+00 -3.1023e+00 -4.3715e+00 -4.1537e-01 +5.2573e-02
8 0 +9.947756607e+00 -2.131722434e+02 -2.131722434e+02 -7.5244e-01 -3.7924e+00 -2.5694e+00 -1.8073e+00 +8.0169e-01 +1.7950e+00 +4.7126e+00 -4.5465e+00 +1.0173e+00 +2.9420e+00
11 0 +8.411423650e+00 -2.147085764e+02 -2.147085764e+02 +3.0951e+00 -1.2765e+00 -4.8472e+00 -9.9409e-01 -1.0911e+00 -1.9672e+00 +1.5792e+00 +5.5749e-01 -1.9962e+00 +2.4840e+00
14 0 +6.456273633e+00 -2.166637264e+02 -2.166637264e+02 +2.2524e+00 +4.5677e+00 +4.4694e+00 +3.5340e+00 -4.2728e+00 +1.0595e+00 -4.1455e+00 +2.3839e+00 -3.5567e+00 -3.8575e+00
75 0 +3.857650092e+00 -2.192623499e+02 -2.192623499e+02 +1.1060e+00 -6.3086e-01 -7.1924e-01 +4.3013e+00 -9.9196e-01 -3.2173e+00 +2.2814e+00 -2.1408e+00 -3.6742e+00 -1.8909e-01
590 0 +3.316284877e+00 -2.198037151e+02 -2.198037151e+02 -2.0644e-01 -1.5843e+00 -4.2773e+00 -4.4790e+00 +1.8421e+00 -2.7315e+00 -2.5240e-01 +1.7912e+00 -2.8027e+00 -5.9972e-02
641 0 +2.278795316e+00 -2.208412047e+02 -2.208412047e+02 -1.1853e-01 -2.8481e+00 -4.0693e+00 +7.0555e-02 -1.5802e+00 +3.2437e+00 +2.0430e-01 -1.0590e+00 -2.2939e+00 -2.7416e+00
1650 0 +2.278795316e+00 -2.208412047e+02 -2.208412047e+02 -1.1853e-01 -2.8481e+00 -4.0693e+00 +7.0555e-02 -1.5802e+00 +3.2437e+00 +2.0430e-01 -1.0590e+00 -2.2939e+00 -2.7416e+00
% f evaluations | g evaluations | best noise-free fitness - Fopt (-4.443000000000e+01) + sum g_i+ | measured fitness | best measured fitness or single-digit g-values | x1 | x2...
1 0 +7.569900227e+00 -3.686009977e+01 -3.686009977e+01 +1.9693e+00 -4.2909e+00 -1.4002e+00 -8.3437e-01 +2.6178e+00 -2.0035e+00 -4.2131e+00 -2.9218e+00 +2.6567e+00 +3.6471e+00
5 0 +6.147450327e+00 -3.828254967e+01 -3.828254967e+01 +4.1981e+00 -4.6575e-02 -4.5527e-01 +2.9747e+00 -2.1962e+00 -2.9349e+00 +3.2881e-01 +1.7712e+00 -1.1672e+00 +9.3903e-01
74 0 +5.437723699e+00 -3.899227630e+01 -3.899227630e+01 -3.5634e+00 +3.5802e+00 -4.1788e+00 +1.1867e+00 -4.3486e+00 +1.0957e+00 -1.5057e+00 +3.4320e+00 -3.7647e+00 -2.1794e-01
95 0 +5.270170358e+00 -3.915982964e+01 -3.915982964e+01 -4.5741e+00 -3.4954e+00 -8.4197e-01 -1.1114e+00 +2.7441e+00 +2.7168e+00 -6.4775e-01 -4.2542e+00 -8.6422e-01 -1.3485e+00
139 0 +3.931463786e+00 -4.049853621e+01 -4.049853621e+01 -1.9482e+00 -3.2007e+00 -3.6733e+00 -7.6453e-01 -1.2433e+00 +3.7247e+00 +3.8121e+00 +7.4546e-01 +2.7338e+00 +2.3436e+00
270 0 +3.501850112e+00 -4.092814989e+01 -4.092814989e+01 -4.6339e+00 -3.7391e+00 -6.3853e-01 -3.4921e-01 -3.8243e+00 +4.5965e+00 +6.0569e-01 +3.7806e-01 -8.3159e-01 +3.3885e+00
907 0 +2.249082074e+00 -4.218091793e+01 -4.218091793e+01 -1.7491e+00 -2.8812e+00 +3.5980e+00 +2.4296e+00 -3.8148e+00 +4.5849e+00 +5.6918e-01 +4.0909e+00 +1.2105e+00 +8.6778e-02
1182 0 +2.102827357e+00 -4.232717264e+01 -4.232717264e+01 -3.8196e+00 -3.3189e+00 +4.7914e-01 -3.2055e+00 +4.8923e-01 +4.7040e+00 -4.4432e+00 -5.0484e-01 -1.8499e+00 -3.4837e+00
2064 0 +1.899243304e+00 -4.253075670e+01 -4.253075670e+01 -4.1374e+00 -4.3831e+00 -4.0021e+00 +2.5591e+00 -4.0314e+00 +5.3632e-01 -4.1513e+00 +2.6723e+00 -4.1085e+00 -3.8769e-01
27030 0 +1.040788808e+00 -4.338921119e+01 -4.338921119e+01 -3.0317e+00 -2.3905e+00 +2.0229e+00 +1.0178e+00 +1.3011e+00 +7.0690e-01 -4.5990e+00 +3.5955e+00 +5.8573e-01 +7.7167e-02
40050 0 +1.040788808e+00 -4.338921119e+01 -4.338921119e+01 -3.0317e+00 -2.3905e+00 +2.0229e+00 +1.0178e+00 +1.3011e+00 +7.0690e-01 -4.5990e+00 +3.5955e+00 +5.8573e-01 +7.7167e-02
