% f evaluations | g evaluations | best noise-free fitness - Fopt (6.870000000000e+00) + sum g_i+ | measured fitness | best measured fitness or single-digit g-values | x1 | x2...
1 0 +8.982427462e+00 +1.585242746e+01 +1.585242746e+01 +8.0493e-02 -2.7362e+00
9 0 +7.620654659e+00 +1.449065466e+01 +1.449065466e+01 -6.0904e-01 -2.0010e+00
24 0 +7.100821863e+00 +1.397082186e+01 +1.397082186e+01 +2.5605e+00 +3.2917e+00
75 0 +6.141781640e+00 +1.301178164e+01 +1.301178164e+01 +1.0904e+00 +3.9774e-01
96 0 +5.268077474e+00 +1.213807747e+01 +1.213807747e+01 +1.9639e+00 -1.2939e-01
107 0 +2.714729449e+00 +9.584729449e+00 +9.584729449e+00 +2.1457e+00 +5.0000e+00
278 0 +2.616637425e+00 +9.486637425e+00 +9.486637425e+00 +4.5113e+00 -1.3769e+00
296 0 +1.932862639e+00 +8.802862639e+00 +8.802862639e+00 +3.4367e+00 -3.6450e+00
738 0 +1.080689030e+00 +7.950689030e+00 +7.950689030e+00 +4.2279e+00 -5.0000e+00
1283 0 +7.588885954e-01 +7.628888595e+00 +7.628888595e+00 +5.0000e+00 -2.8647e+00
2275 0 +4.181206318e-01 +7.288120632e+00 +7.288120632e+00 +5.0000e+00 -4.4325e+00
7303 0 +2.496119490e-01 +7.119611949e+00 +7.119611949e+00 +4.6045e+00 -3.2101e+00
7782 0 +2.356970376e-01 +7.105697038e+00 +7.105697038e+00 +4.3595e+00 -3.7258e+00
8051 0 +2.356970376e-01 +7.105697038e+00 +7.105697038e+00 +4.3595e+00 -3.7258e+00
% f evaluations | g evaluations | best noise-free fitness - Fopt (1.000000000000e-02) + sum g_i+ | measured fitness | best measured fitness or single-digit g-values | x1 | x2...
1 0 +2.957894462e+01 +2.958894462e+01 +2.958894462e+01 -5.3263e-01 -4.6308e+00
3 0 +1.734112076e+01 +1.735112076e+01 +1.735112076e+01 +2.7477e+00 -1.9493e-01
7 0 +1.393124241e+01 +1.394124241e+01 +1.394124241e+01 +3.1726e+00 -3.3378e-01
10 0 +1.012221227e+01 +1.013221227e+01 +1.013221227e+01 +2.5475e+00 +7.4606e-01
22 0 +8.244308335e+00 +8.254308335e+00 +8.254308335e+00 -3.1777e-01 -9.4994e-01
62 0 +5.262100270e+00 +5.272100270e+00 +5.272100270e+00 -6.7110e-01 -2.7045e+00
77 0 +3.650467800e+00 +3.660467800e+00 +3.660467800e+00 +4.5887e-01 -5.4568e-01
218 0 +3.341121930e+00 +3.351121930e+00 +3.351121930e+00 +2.3671e+00 +5.9620e-01
300 0 +3.302873054e+00 +3.312873054e+00 +3.312873054e+00 -8.6589e-02 -8.0769e-01
357 0 +2.741676210e+00 +2.751676210e+00 +2.751676210e+00 -3.7957e-01 +1.6381e-01
1145 0 +2.229961904e+00 +2.239961904e+00 +2.239961904e+00 +1.4870e+00 -9.8758e-01
1209 0 +2.108169177e+00 +2.118169177e+00 +2.118169177e+00 +6.5364e-01 -6.0957e-01
1888 0 +2.015891612e+00 +2.025891612e+00 +2.025891612e+00 -1.7445e-02 -3.9292e-01
2152 0 +1.979971857e+00 +1.989971857e+00 +1.989971857e+00 +9.6915e-01 -9.3104e-01
2491 0 +1.085624575e+00 +1.095624575e+00 +1.095624575e+00 -2.4653e-01 +1.3311e-02
2627 0 +1.558665636e-01 +1.658665636e-01 +1.658665636e-01 +2.1252e-01 -1.3556e-01
8051 0 +1.558665636e-01 +1.658665636e-01 +1.658665636e-01 +2.1252e-01 -1.3556e-01
% f evaluations | g evaluations | best noise-free fitness - Fopt (-1.306100000000e+02) + sum g_i+ | measured fitness | best measured fitness or single-digit g-values | x1 | x2...
1 0 +5.566301576e+00 -1.250436984e+02 -1.250436984e+02 -6.3747e-01 -6.3278e-01
14 0 +1.858471943e+00 -1.287515281e+02 -1.287515281e+02 -2.9993e-01 -3.4512e+00
721 0 +1.297018291e+00 -1.293129817e+02 -1.293129817e+02 -9.5062e-01 -1.8885e+00
1103 0 +9.551073504e-01 -1.296548926e+02 -1.296548926e+02 +4.5343e-01 -1.0838e+00
1614 0 +8.242909307e-01 -1.297857091e+02 -1.297857091e+02 -3.3968e-01 -2.0451e+00
2652 0 +6.294092160e-01 -1.299805908e+02 -1.299805908e+02 +7.7458e-01 -1.8570e+00
7014 0 +5.977596210e-01 -1.300122404e+02 -1.300122404e+02 +4.8811e-01 -2.4851e+00
8051 0 +5.977596210e-01 -1.300122404e+02 -1.300122404e+02 +4.8811e-01 -2.4851e+00
% f evaluations | g evaluations | best noise-free fitness - Fopt (-2.231200000000e+02) + sum g_i+ | measured fitness | best measured fitness or single-digit g-values | x1 | x2...
1 0 +1.427275883e+01 -2.088472412e+02 -2.088472412e+02 +4.1911e+00 -4.7487e+00
9 0 +3.284374851e+00 -2.198356251e+02 -2.198356251e+02 -1.2753e+00 +4.6601e+00
10 0 +1.447370532e+00 -2.216726295e+02 -2.216726295e+02 +9.5356e-01 +2.9913e+00
684 0 +1.250249209e+00 -2.218697508e+02 -2.218697508e+02 -2.2785e+00 +3.4095e+00
5172 0 +1.142905876e+00 -2.219770941e+02 -2.219770941e+02 -9.3114e-01 +2.2223e+00
5905 0 +2.665298607e-01 -2.228534701e+02 -2.228534701e+02 -9.0813e-01 +3.0096e+00
8051 0 +2.665298607e-01 -2.228534701e+02 -2.228534701e+02 -9.0813e-01 +3.0096e+00
% f evaluations | g evaluations | best noise-free fitness - Fopt (-4.443000000000e+01) + sum g_i+ | measured fitness | best measured fitness or single-digit g-values | x1 | x2...
1 0 +9.298793938e+00 -3.513120606e+01 -3.513120606e+01 +3.4068e-02 +1.3057e+00
101 0 +3.657397230e+00 -4.077260277e+01 -4.077260277e+01 +5.0000e+00 +3.9511e+00
222 0 +1.045590792e+00 -4.338440921e+01 -4.338440921e+01 +3.6339e+00 +4.4965e+00
998 0 +8.837604612e-01 -4.354623954e+01 -4.354623954e+01 +3.7120e+00 +4.9164e+00
2090 0 +6.591719188e-01 -4.377082808e+01 -4.377082808e+01 +3.9152e+00 +5.0000e+00
5964 0 +4.805092726e-01 -4.394949073e+01 -4.394949073e+01 +3.9155e+00 +5.0000e+00
8051 0 +4.805092726e-01 -4.394949073e+01 -4.394949073e+01 +3.9155e+00 +5.0000e+00
% f evaluations | g evaluations | best noise-free fitness - Fopt (6.870000000000e+00) + sum g_i+ | measured fitness | best measured fitness or single-digit g-values | x1 | x2...
1 0 +5.837730162e+01 +6.524730162e+01 +6.524730162e+01 -1.2816e+00 +1.7567e+00
2 0 +1.177565276e+01 +1.864565276e+01 +1.864565276e+01 -6.0291e-01 +4.4063e+00
11 0 +8.912743041e+00 +1.578274304e+01 +1.578274304e+01 +4.8941e+00 -1.9721e+00
12 0 +4.310930442e+00 +1.118093044e+01 +1.118093044e+01 +3.8871e+00 +1.3672e+00
24 0 +3.932649341e+00 +1.080264934e+01 +1.080264934e+01 +3.7234e+00 -2.2047e-02
88 0 +5.358937327e-01 +7.405893733e+00 +7.405893733e+00 +5.0000e+00 +3.2704e+00
923 0 +4.070676266e-01 +7.277067627e+00 +7.277067627e+00 +1.0568e+00 +5.5747e-01
8051 0 +4.070676266e-01 +7.277067627e+00 +7.277067627e+00 +1.0568e+00 +5.5747e-01
% f evaluations | g evaluations | best noise-free fitness - Fopt (1.000000000000e-02) + sum g_i+ | measured fitness | best measured fitness or single-digit g-values | x1 | x2...
1 0 +6.477631491e+00 +6.487631491e+00 +6.487631491e+00 +3.9538e+00 +2.0545e+00
7 0 +1.890979307e+00 +1.900979307e+00 +1.900979307e+00 +3.9828e+00 -1.7992e+00
541 0 +1.794297425e+00 +1.804297425e+00 +1.804297425e+00 +4.0497e+00 -2.7036e+00
1503 0 +1.561320733e+00 +1.571320733e+00 +1.571320733e+00 +3.4763e+00 -3.9442e+00
2367 0 +1.456604720e+00 +1.466604720e+00 +1.466604720e+00 +3.3467e+00 -3.1327e+00
3303 0 +5.872787363e-01 +5.972787363e-01 +5.972787363e-01 +2.5942e+00 -2.3379e+00
8051 0 +5.824933618e-01 +5.924933618e-01 +5.924933618e-01 +9.8521e-01 -2.4746e+00
% f evaluations | g evaluations | best noise-free fitness - Fopt (-1.306100000000e+02) + sum g_i+ | measured fitness | best measured fitness or single-digit g-values | x1 | x2...
1 0 +6.565320068e+01 -6.495679932e+01 -6.495679932e+01 -4.9657e+00 +5.8655e-01
2 0 +4.118858432e+01 -8.942141568e+01 -8.942141568e+01 +2.0361e+00 +2.3634e+00
3 0 +2.561933167e+01 -1.049906683e+02 -1.049906683e+02 +1.8459e+00 +3.2258e+00
9 0 +1.374091825e+01 -1.168690818e+02 -1.168690818e+02 +1.3770e+00 -3.0230e+00
16 0 +9.829287546e+00 -1.207807125e+02 -1.207807125e+02 -4.8330e+00 -3.3466e-02
18 0 +9.062744638e+00 -1.215472554e+02 -1.215472554e+02 -2.7506e+00 -3.5116e+00
24 0 +8.503637821e+00 -1.221063622e+02 -1.221063622e+02 -4.8269e+00 +3.3547e+00
25 0 +1.605804983e+00 -1.290041950e+02 -1.290041950e+02 +4.7468e+00 -7.9426e-01
211 0 +1.143715251e+00 -1.294662847e+02 -1.294662847e+02 +3.4221e+00 -1.7151e+00
3633 0 +9.135665195e-01 -1.296964335e+02 -1.296964335e+02 +2.1748e+00 -1.0381e+00
4654 0 +5.652633049e-01 -1.300447367e+02 -1.300447367e+02 +1.3467e+00 -5.9641e-01
8051 0 +5.652633049e-01 -1.300447367e+02 -1.300447367e+02 +1.3467e+00 -5.9641e-01
% f evaluations | g evaluations | best noise-free fitness - Fopt (-2.231200000000e+02) + sum g_i+ | measured fitness | best measured fitness or single-digit g-values | x1 | x2...
1 0 +2.539672914e+01 -1.977232709e+02 -1.977232709e+02 -1.2528e+00 -4.3946e+00
5 0 +2.193043784e+01 -2.011895622e+02 -2.011895622e+02 -6.5945e-01 +4.6874e+00
6 0 +1.403890245e+01 -2.090810976e+02 -2.090810976e+02 +3.3779e-01 +3.4097e-01
12 0 +7.127249568e+00 -2.159927504e+02 -2.159927504e+02 +1.9906e+00 +9.0396e-02
13 0 +5.775838433e+00 -2.173441616e+02 -2.173441616e+02 +1.7007e+00 -1.7374e+00
30 0 +3.977931838e+00 -2.191420682e+02 -2.191420682e+02 -2.4453e+00 -3.9478e+00
185 0 +1.523381706e-01 -2.229676618e+02 -2.229676618e+02 -4.9753e+00 -2.4994e+00
8051 0 +1.523381706e-01 -2.229676618e+02 -2.229676618e+02 -4.9753e+00 -2.4994e+00
% f evaluations | g evaluations | best noise-free fitness - Fopt (-4.443000000000e+01) + sum g_i+ | measured fitness | best measured fitness or single-digit g-values | x1 | x2...
1 0 +4.139470942e+01 -3.035290579e+00 -3.035290579e+00 +3.7225e+00 -2.3542e+00
2 0 +3.790606898e+01 -6.523931019e+00 -6.523931019e+00 +2.4910e+00 -3.8196e+00
4 0 +3.420029015e+01 -1.022970985e+01 -1.022970985e+01 -4.2303e+00 -1.0281e+00
5 0 +2.900670042e+01 -1.542329958e+01 -1.542329958e+01 -1.7211e+00 +3.0040e+00
6 0 +8.959947361e+00 -3.547005264e+01 -3.547005264e+01 +3.4132e+00 +3.2321e+00
15 0 +4.380120366e+00 -4.004987963e+01 -4.004987963e+01 +4.3714e+00 +2.6130e+00
43 0 +1.773955180e+00 -4.265604482e+01 -4.265604482e+01 +4.7254e-01 -2.1651e+00
1870 0 +1.336589318e+00 -4.309341068e+01 -4.309341068e+01 +4.4535e+00 -7.7999e-01
3785 0 +3.927401170e-01 -4.403725988e+01 -4.403725988e+01 +3.2219e+00 -2.0767e+00
5924 0 +1.911096033e-01 -4.423889040e+01 -4.423889040e+01 +3.4374e+00 -1.6044e+00
8051 0 +1.911096033e-01 -4.423889040e+01 -4.423889040e+01 +3.4374e+00 -1.6044e+00
% f evaluations | g evaluations | best noise-free fitness - Fopt (6.870000000000e+00) + sum g_i+ | measured fitness | best measured fitness or single-digit g-values | x1 | x2...
1 0 +4.598890626e+01 +5.285890626e+01 +5.285890626e+01 -3.3191e+00 +1.4464e+00
5 0 +4.505338510e+01 +5.192338510e+01 +5.192338510e+01 +1.4600e+00 +4.5322e-01
9 0 +8.791691439e+00 +1.566169144e+01 +1.566169144e+01 +4.6553e+00 -3.0408e+00
40 0 +4.343456574e+00 +1.121345657e+01 +1.121345657e+01 +1.0826e+00 +3.8113e+00
54 0 +1.608733577e+00 +8.478733577e+00 +8.478733577e+00 +4.2285e+00 -5.0000e+00
912 0 +6.485512199e-01 +7.518551220e+00 +7.518551220e+00 +5.0000e+00 -8.1981e-01
8051 0 +6.485512199e-01 +7.518551220e+00 +7.518551220e+00 +5.0000e+00 -8.1981e-01
% f evaluations | g evaluations | best noise-free fitness - Fopt (1.000000000000e-02) + sum g_i+ | measured fitness | best measured fitness or single-digit g-values | x1 | x2...
1 0 +2.419259684e+01 +2.420259684e+01 +2.420259684e+01 -1.5998e+00 -3.6221e+00
4 0 +2.093055609e+01 +2.094055609e+01 +2.094055609e+01 -4.6089e+00 -1.6808e+00
11 0 +1.220854457e+01 +1.221854457e+01 +1.221854457e+01 +1.1360e+00 -3.1854e+00
13 0 +8.682910300e+00 +8.692910300e+00 +8.692910300e+00 +1.4746e+00 +2.0935e+00
29 0 +5.706235586e+00 +5.716235586e+00 +5.716235586e+00 +3.0763e+00 -3.4831e+00
99 0 +5.504918873e+00 +5.514918873e+00 +5.514918873e+00 +3.7016e+00 -5.0214e-01
104 0 +2.963735457e+00 +2.973735457e+00 +2.973735457e+00 +4.8348e+00 -4.0561e+00
332 0 +1.029875129e+00 +1.039875129e+00 +1.039875129e+00 +3.7648e+00 -1.7304e+00
1225 0 +7.660839176e-01 +7.760839176e-01 +7.760839176e-01 +3.9675e+00 +7.2178e-02
4137 0 +1.415517151e-01 +1.515517151e-01 +1.515517151e-01 +5.0000e+00 -1.3620e+00
8051 0 +1.415517151e-01 +1.515517151e-01 +1.515517151e-01 +5.0000e+00 -1.3620e+00
% f evaluations | g evaluations | best noise-free fitness - Fopt (-1.306100000000e+02) + sum g_i+ | measured fitness | best measured fitness or single-digit g-values | x1 | x2...
1 0 +5.958293673e+01 -7.102706327e+01 -7.102706327e+01 +3.9911e+00 -2.6496e-01
2 0 +5.524340828e+01 -7.536659172e+01 -7.536659172e+01 -1.5905e+00 +4.9052e+00
3 0 +3.026161086e+01 -1.003483891e+02 -1.003483891e+02 -1.8773e+00 -6.0449e-01
5 0 +2.852654135e+01 -1.020834586e+02 -1.020834586e+02 -3.0421e+00 +3.1520e-01
7 0 +1.770104950e+01 -1.129089505e+02 -1.129089505e+02 +5.0620e-01 +5.5541e-01
18 0 +4.624799498e+00 -1.259852005e+02 -1.259852005e+02 -2.2344e-01 +1.8697e+00
23 0 +3.519327145e+00 -1.270906729e+02 -1.270906729e+02 -3.6918e+00 -1.5794e+00
93 0 +2.773203043e+00 -1.278367970e+02 -1.278367970e+02 +7.9914e-01 -4.9413e+00
377 0 +2.733778921e+00 -1.278762211e+02 -1.278762211e+02 +1.0466e+00 -4.5937e+00
391 0 +5.708922406e-01 -1.300391078e+02 -1.300391078e+02 +3.4312e-01 -5.0000e+00
4389 0 +3.643528244e-01 -1.302456472e+02 -1.302456472e+02 +3.4257e-01 -5.0000e+00
7707 0 +3.354609136e-01 -1.302745391e+02 -1.302745391e+02 +3.4254e-01 -5.0000e+00
7928 0 +1.875431183e-01 -1.304224569e+02 -1.304224569e+02 +3.4237e-01 -4.9991e+00
8051 0 +1.875431183e-01 -1.304224569e+02 -1.304224569e+02 +3.4237e-01 -4.9991e+00
% f evaluations | g evaluations | best noise-free fitness - Fopt (-2.231200000000e+02) + sum g_i+ | measured fitness | best measured fitness or single-digit g-values | x1 | x2...
1 0 +2.977046472e+01 -1.933495353e+02 -1.933495353e+02 +6.5245e-01 -3.0749e+00
3 0 +9.509016616e+00 -2.136109834e+02 -2.136109834e+02 +3.1884e+00 -1.4157e+00
21 0 +1.883624040e+00 -2.212363760e+02 -2.212363760e+02 +4.1398e+00 -1.0259e+00
468 0 +1.087098673e+00 -2.220329013e+02 -2.220329013e+02 +3.3140e+00 -6.9202e-01
3804 0 +9.430738862e-01 -2.221769261e+02 -2.221769261e+02 +2.8244e+00 -7.7535e-01
5617 0 +9.012083426e-01 -2.222187917e+02 -2.222187917e+02 +2.6103e+00 -6.5076e-01
5814 0 +4.842414993e-01 -2.226357585e+02 -2.226357585e+02 +2.7702e+00 -6.2516e-01
8051 0 +4.842414993e-01 -2.226357585e+02 -2.226357585e+02 +2.7702e+00 -6.2516e-01
% f evaluations | g evaluations | best noise-free fitness - Fopt (-4.443000000000e+01) + sum g_i+ | measured fitness | best measured fitness or single-digit g-values | x1 | x2...
1 0 +2.673218174e+01 -1.769781826e+01 -1.769781826e+01 -2.1082e+00 -4.4520e+00
4 0 +1.997811807e+01 -2.445188193e+01 -2.445188193e+01 -4.9849e+00 +4.2075e-01
11 0 +8.474464492e+00 -3.595553551e+01 -3.595553551e+01 -3.2576e+00 +1.5890e+00
35 0 +5.813916761e+00 -3.861608324e+01 -3.861608324e+01 +1.6614e+00 -1.3228e+00
69 0 +4.220928759e+00 -4.020907124e+01 -4.020907124e+01 +1.7996e+00 +7.3341e-01
176 0 +3.849791944e+00 -4.058020806e+01 -4.058020806e+01 -3.6910e+00 +2.3502e+00
189 0 +3.201809822e+00 -4.122819018e+01 -4.122819018e+01 -1.0228e+00 -1.3822e+00
660 0 +2.857845126e+00 -4.157215487e+01 -4.157215487e+01 +1.7705e+00 +2.6406e-01
682 0 +7.341107822e-01 -4.369588922e+01 -4.369588922e+01 -1.2822e+00 +7.9578e-01
1834 0 +6.841462275e-01 -4.374585377e+01 -4.374585377e+01 -8.7407e-01 -1.3763e-01
2439 0 +4.264493794e-01 -4.400355062e+01 -4.400355062e+01 +1.9448e-01 +3.3158e-01
8051 0 +4.264493794e-01 -4.400355062e+01 -4.400355062e+01 +1.9448e-01 +3.3158e-01
