% f evaluations | g evaluations | best noise-free fitness - Fopt (-4.620900000000e+02) + sum g_i+ | measured fitness | best measured fitness or single-digit g-values | x1 | x2...
1 0 +9.872297804e+01 -3.633670220e+02 -3.633670220e+02 -4.5451e+00 +1.3222e+00 +7.0034e-02 +1.1905e+00 +1.0226e-01
104 0 +8.922762227e+01 -3.728623777e+02 -3.728623777e+02 +2.8911e+00 +5.0000e+00 +2.4798e+00 -4.5322e-01 +2.5567e+00
143 0 +8.906252096e+01 -3.730274790e+02 -3.730274790e+02 +2.8357e+00 +3.7500e+00 +2.7182e+00 -1.5830e+00 +1.6656e+00
154 0 +8.660443487e+01 -3.754855651e+02 -3.754855651e+02 +2.9682e+00 +4.2615e+00 +2.7619e+00 -1.3253e+00 +1.9888e+00
159 0 +8.178536215e+01 -3.803046379e+02 -3.803046379e+02 +2.8771e+00 +3.8610e+00 +2.7362e+00 -1.3832e+00 +1.8666e+00
216 0 +7.194155806e+01 -3.901484419e+02 -3.901484419e+02 +2.9006e+00 +3.9025e+00 +2.7528e+00 -1.2875e+00 +1.9472e+00
358 0 +6.725231120e+01 -3.948376888e+02 -3.948376888e+02 +2.8500e+00 +3.7420e+00 +2.7479e+00 -1.4023e+00 +1.9382e+00
442 0 +6.385892156e+01 -3.982310784e+02 -3.982310784e+02 +2.8951e+00 +3.7979e+00 +2.7575e+00 -1.3444e+00 +1.9791e+00
469 0 +6.206334988e+01 -4.000266501e+02 -4.000266501e+02 +2.8675e+00 +3.7833e+00 +2.7562e+00 -1.3497e+00 +1.9790e+00
506 0 +6.032544665e+01 -4.017645533e+02 -4.017645533e+02 +2.8255e+00 +3.7735e+00 +2.7482e+00 -1.3567e+00 +1.9736e+00
559 0 +5.989303584e+01 -4.021969642e+02 -4.021969642e+02 +2.7931e+00 +3.7178e+00 +2.7454e+00 -1.3909e+00 +1.9675e+00
669 0 +5.868609289e+01 -4.034039071e+02 -4.034039071e+02 +2.8078e+00 +3.7769e+00 +2.7539e+00 -1.3572e+00 +1.9899e+00
795 0 +5.753230441e+01 -4.045576956e+02 -4.045576956e+02 +2.7726e+00 +3.7932e+00 +2.7659e+00 -1.3561e+00 +1.9808e+00
1104 0 +5.623176061e+01 -4.058582394e+02 -4.058582394e+02 +2.7066e+00 +3.7689e+00 +2.7584e+00 -1.3652e+00 +1.9855e+00
2531 0 +3.954784195e+01 -4.225421580e+02 -4.225421580e+02 +7.5047e-01 +1.7155e+00 +1.1753e+00 -2.0471e-01 +2.0236e+00
2564 0 +3.852323764e+01 -4.235667624e+02 -4.235667624e+02 +1.7613e+00 +2.9415e+00 +2.0737e+00 +3.7237e-01 +2.2682e+00
2602 0 +3.310254945e+01 -4.289874505e+02 -4.289874505e+02 +1.9394e+00 +3.1111e+00 +2.2057e+00 +7.0708e-01 +2.3208e+00
3151 0 +3.234326622e+01 -4.297467338e+02 -4.297467338e+02 +1.9194e+00 +3.0766e+00 +2.1812e+00 +7.0057e-01 +2.2958e+00
3182 0 +3.024212980e+01 -4.318478702e+02 -4.318478702e+02 +1.7916e+00 +3.0580e+00 +2.1506e+00 -1.6725e-01 +1.9734e+00
3191 0 +2.050014635e+01 -4.415898537e+02 -4.415898537e+02 +7.2849e-01 +3.1685e+00 +1.7444e+00 -1.7261e-01 +2.3011e+00
3385 0 +1.901344750e+01 -4.430765525e+02 -4.430765525e+02 +7.2829e-01 +3.1209e+00 +1.7254e+00 -1.7419e-01 +2.2922e+00
3621 0 +1.843177730e+01 -4.436582227e+02 -4.436582227e+02 +7.8584e-01 +3.1182e+00 +1.7136e+00 -1.5443e-01 +2.2896e+00
3652 0 +1.811675706e+01 -4.439732429e+02 -4.439732429e+02 +7.6760e-01 +3.0974e+00 +1.7090e+00 -1.5681e-01 +2.2882e+00
3679 0 +1.775554483e+01 -4.443344552e+02 -4.443344552e+02 +7.6509e-01 +3.1153e+00 +1.7034e+00 -1.5939e-01 +2.2873e+00
3705 0 +1.691628414e+01 -4.451737159e+02 -4.451737159e+02 +7.4588e-01 +3.0960e+00 +1.6496e+00 -1.6101e-01 +2.2744e+00
3786 0 +1.657732353e+01 -4.455126765e+02 -4.455126765e+02 +7.4890e-01 +3.1025e+00 +1.6567e+00 -1.6082e-01 +2.2798e+00
3805 0 +1.618636986e+01 -4.459036301e+02 -4.459036301e+02 +7.4925e-01 +3.1083e+00 +1.6644e+00 -1.5900e-01 +2.2876e+00
3852 0 +1.561593247e+01 -4.464740675e+02 -4.464740675e+02 +7.4223e-01 +3.1057e+00 +1.6384e+00 -1.5991e-01 +2.2886e+00
3998 0 +1.546832643e+01 -4.466216736e+02 -4.466216736e+02 +7.4553e-01 +3.1147e+00 +1.6448e+00 -1.5887e-01 +2.2958e+00
4706 0 +1.513199966e+01 -4.469580003e+02 -4.469580003e+02 +7.2469e-01 +3.1039e+00 +1.6187e+00 -1.5695e-01 +2.3000e+00
20051 0 +1.492435055e+01 -4.471656495e+02 -4.471656495e+02 +7.0332e-01 +3.1312e+00 +1.6176e+00 -1.5399e-01 +2.2992e+00
% f evaluations | g evaluations | best noise-free fitness - Fopt (7.766000000000e+01) + sum g_i+ | measured fitness | best measured fitness or single-digit g-values | x1 | x2...
1 0 +1.127184720e+03 +1.204844720e+03 +1.204844720e+03 +4.3299e+00 -1.1015e-01 -4.5127e+00 -3.3477e+00 +2.2654e+00
2 0 +6.524272487e+02 +7.300872487e+02 +7.300872487e+02 -4.7374e+00 +1.8753e+00 +4.6361e+00 -7.8949e-01 +6.2279e-01
3 0 +6.277785091e+02 +7.054385091e+02 +7.054385091e+02 -2.0221e+00 +1.6912e+00 -3.8594e+00 +4.5793e+00 +1.5611e+00
4 0 +9.735811327e+01 +1.750181133e+02 +1.750181133e+02 +4.2861e+00 -7.6667e-02 -3.2457e+00 +1.2963e+00 -1.0361e+00
16 0 +5.642770875e+01 +1.340877087e+02 +1.340877087e+02 +6.8552e-01 -8.0062e-01 -1.2849e+00 +1.6318e+00 -3.6609e+00
60 0 +4.046006614e+01 +1.181200661e+02 +1.181200661e+02 +2.0387e+00 +5.7670e-01 -1.0760e+00 +3.3326e+00 -1.8395e+00
105 0 +3.743732496e+01 +1.150973250e+02 +1.150973250e+02 +1.4641e+00 +7.3243e-02 -1.1600e+00 +2.5626e+00 -2.4148e+00
159 0 +2.697880496e+01 +1.046388050e+02 +1.046388050e+02 +1.4469e+00 +3.9737e-02 -1.1802e+00 +2.1977e+00 -2.8015e+00
183 0 +2.467193702e+01 +1.023319370e+02 +1.023319370e+02 +1.4436e+00 +5.3922e-02 -1.1973e+00 +2.5479e+00 -2.4536e+00
185 0 +2.313562466e+01 +1.007956247e+02 +1.007956247e+02 +1.4413e+00 +6.8339e-02 -1.1699e+00 +2.4638e+00 -2.5196e+00
194 0 +2.105883010e+01 +9.871883010e+01 +9.871883010e+01 +1.4531e+00 +7.2068e-02 -1.1684e+00 +2.4745e+00 -2.4321e+00
209 0 +1.741888425e+01 +9.507888425e+01 +9.507888425e+01 +1.4524e+00 +6.8381e-02 -1.1698e+00 +2.4429e+00 -2.4742e+00
214 0 +1.487859957e+01 +9.253859957e+01 +9.253859957e+01 +1.4267e+00 +6.5643e-02 -1.1967e+00 +2.4625e+00 -2.4894e+00
371 0 +1.450696409e+01 +9.216696409e+01 +9.216696409e+01 +1.3903e+00 +3.5588e-02 -1.2140e+00 +2.4402e+00 -2.5161e+00
409 0 +1.374939896e+01 +9.140939896e+01 +9.140939896e+01 +1.4131e+00 +4.7597e-02 -1.1978e+00 +2.4412e+00 -2.5007e+00
465 0 +1.282312736e+01 +9.048312736e+01 +9.048312736e+01 +1.4138e+00 +4.9427e-02 -1.1904e+00 +2.4460e+00 -2.4870e+00
551 0 +1.109499184e+01 +8.875499184e+01 +8.875499184e+01 +1.4072e+00 +3.4245e-02 -1.1966e+00 +2.4390e+00 -2.4881e+00
559 0 +1.063871072e+01 +8.829871072e+01 +8.829871072e+01 +1.4043e+00 +2.7647e-02 -1.1988e+00 +2.4363e+00 -2.4886e+00
581 0 +1.041215707e+01 +8.807215707e+01 +8.807215707e+01 +1.4036e+00 +2.5075e-02 -1.2001e+00 +2.4348e+00 -2.4882e+00
608 0 +9.974881185e+00 +8.763488118e+01 +8.763488118e+01 +1.4067e+00 +3.0913e-02 -1.1951e+00 +2.4361e+00 -2.4618e+00
713 0 +9.628280818e+00 +8.728828082e+01 +8.728828082e+01 +1.4013e+00 +1.3483e-02 -1.2064e+00 +2.4227e+00 -2.4795e+00
754 0 +9.129322883e+00 +8.678932288e+01 +8.678932288e+01 +1.4205e+00 +2.2716e-02 -1.2033e+00 +2.4374e+00 -2.4602e+00
761 0 +8.987018197e+00 +8.664701820e+01 +8.664701820e+01 +1.4034e+00 +1.8216e-02 -1.2049e+00 +2.4288e+00 -2.4643e+00
784 0 +8.827692910e+00 +8.648769291e+01 +8.648769291e+01 +1.4042e+00 +1.5578e-02 -1.2060e+00 +2.4305e+00 -2.4680e+00
833 0 +8.528819811e+00 +8.618881981e+01 +8.618881981e+01 +1.4038e+00 +2.6351e-03 -1.2094e+00 +2.4290e+00 -2.4710e+00
853 0 +8.495218793e+00 +8.615521879e+01 +8.615521879e+01 +1.4053e+00 +4.9536e-03 -1.2084e+00 +2.4311e+00 -2.4702e+00
916 0 +8.143450851e+00 +8.580345085e+01 +8.580345085e+01 +1.4020e+00 -3.2230e-02 -1.2248e+00 +2.4227e+00 -2.4724e+00
959 0 +7.882362594e+00 +8.554236259e+01 +8.554236259e+01 +1.4006e+00 -6.3012e-02 -1.2355e+00 +2.4189e+00 -2.4727e+00
1105 0 +7.757113381e+00 +8.541711338e+01 +8.541711338e+01 +1.4014e+00 -5.6496e-02 -1.2354e+00 +2.4199e+00 -2.4732e+00
1156 0 +7.122892064e+00 +8.478289206e+01 +8.478289206e+01 +1.4059e+00 -5.3924e-02 -1.2340e+00 +2.4288e+00 -2.4677e+00
1205 0 +6.971824008e+00 +8.463182401e+01 +8.463182401e+01 +1.4126e+00 -5.0160e-02 -1.2320e+00 +2.4419e+00 -2.4595e+00
1221 0 +6.908123002e+00 +8.456812300e+01 +8.456812300e+01 +1.4102e+00 -5.1676e-02 -1.2328e+00 +2.4372e+00 -2.4624e+00
1438 0 +6.752982881e+00 +8.441298288e+01 +8.441298288e+01 +1.4094e+00 -5.1921e-02 -1.2383e+00 +2.4345e+00 -2.4655e+00
1661 0 +6.562587959e+00 +8.422258796e+01 +8.422258796e+01 +1.4108e+00 -5.3045e-02 -1.2527e+00 +2.4325e+00 -2.4706e+00
1726 0 +6.451329566e+00 +8.411132957e+01 +8.411132957e+01 +1.4133e+00 -5.2934e-02 -1.2511e+00 +2.4371e+00 -2.4665e+00
1856 0 +6.300720582e+00 +8.396072058e+01 +8.396072058e+01 +1.4098e+00 -5.5195e-02 -1.2616e+00 +2.4355e+00 -2.4669e+00
2213 0 +6.160781386e+00 +8.382078139e+01 +8.382078139e+01 +1.4120e+00 -4.9095e-02 -1.2684e+00 +2.4383e+00 -2.4609e+00
2971 0 +6.023458810e+00 +8.368345881e+01 +8.368345881e+01 +1.4103e+00 -3.3484e-02 -1.2688e+00 +2.4425e+00 -2.4638e+00
20051 0 +5.969749305e+00 +8.362974930e+01 +8.362974930e+01 +1.4019e+00 -2.4777e-02 -1.2720e+00 +2.4412e+00 -2.4640e+00
% f evaluations | g evaluations | best noise-free fitness - Fopt (1.156800000000e+02) + sum g_i+ | measured fitness | best measured fitness or single-digit g-values | x1 | x2...
1 0 +1.270161471e+03 +1.385841471e+03 +1.385841471e+03 -4.6879e+00 +4.5597e-01 +3.7244e+00 -3.9921e+00 +1.2279e+00
2 0 +1.886921022e+02 +3.043721022e+02 +3.043721022e+02 +2.8319e+00 +5.8167e-01 +8.3504e-01 +3.6889e-01 -1.3695e+00
4 0 +1.223670265e+02 +2.380470265e+02 +2.380470265e+02 +4.3263e+00 +8.1004e-02 +1.3772e+00 +2.1067e+00 -2.6277e+00
8 0 +7.000558692e+01 +1.856855869e+02 +1.856855869e+02 -1.7692e-01 -1.3722e+00 -1.3688e+00 +9.4338e-01 -2.6355e+00
38 0 +6.111735492e+01 +1.767973549e+02 +1.767973549e+02 -1.9287e+00 +2.4216e+00 -1.3708e+00 +3.9928e+00 -4.3550e+00
177 0 +5.990598892e+01 +1.755859889e+02 +1.755859889e+02 -1.9002e+00 +2.5303e+00 -1.3544e+00 +4.0011e+00 -4.2968e+00
266 0 +5.863433225e+01 +1.743143322e+02 +1.743143322e+02 -1.9080e+00 +2.5103e+00 -1.3679e+00 +3.9930e+00 -4.3019e+00
476 0 +5.741062947e+01 +1.730906295e+02 +1.730906295e+02 -1.9191e+00 +2.5034e+00 -1.3416e+00 +3.9800e+00 -4.3053e+00
486 0 +5.544385273e+01 +1.711238527e+02 +1.711238527e+02 -1.9380e+00 +2.4936e+00 -1.2961e+00 +3.9730e+00 -4.2990e+00
625 0 +5.475826246e+01 +1.704382625e+02 +1.704382625e+02 -1.9409e+00 +2.4970e+00 -1.2977e+00 +3.9781e+00 -4.2872e+00
705 0 +5.266624152e+01 +1.683462415e+02 +1.683462415e+02 -1.9481e+00 +2.4895e+00 -1.3209e+00 +4.0189e+00 -4.2787e+00
712 0 +5.239035026e+01 +1.680703503e+02 +1.680703503e+02 -1.9617e+00 +2.4643e+00 -1.3438e+00 +3.9820e+00 -4.2989e+00
739 0 +5.093807605e+01 +1.666180760e+02 +1.666180760e+02 -1.9555e+00 +2.4666e+00 -1.3264e+00 +3.9963e+00 -4.2928e+00
1052 0 +5.011104372e+01 +1.657910437e+02 +1.657910437e+02 -1.9653e+00 +2.4606e+00 -1.3110e+00 +3.9950e+00 -4.2943e+00
1320 0 +4.896493055e+01 +1.646449306e+02 +1.646449306e+02 -1.9801e+00 +2.4373e+00 -1.3107e+00 +4.0011e+00 -4.2916e+00
1358 0 +4.720663975e+01 +1.628866397e+02 +1.628866397e+02 -2.2702e+00 +1.8450e+00 -1.3175e+00 +3.5017e+00 -4.5870e+00
1415 0 +4.558603091e+01 +1.612660309e+02 +1.612660309e+02 -2.2628e+00 +1.8626e+00 -1.3170e+00 +3.5169e+00 -4.5809e+00
1424 0 +4.453601396e+01 +1.602160140e+02 +1.602160140e+02 -2.2648e+00 +1.8545e+00 -1.3164e+00 +3.5215e+00 -4.5792e+00
1815 0 +4.340743090e+01 +1.590874309e+02 +1.590874309e+02 -2.2686e+00 +1.8749e+00 -1.3169e+00 +3.5437e+00 -4.5622e+00
2051 0 +4.263844227e+01 +1.583184423e+02 +1.583184423e+02 -2.2791e+00 +1.8466e+00 -1.3166e+00 +3.5363e+00 -4.5628e+00
2174 0 +4.151191482e+01 +1.571919148e+02 +1.571919148e+02 -2.2952e+00 +1.7876e+00 -1.3179e+00 +3.5267e+00 -4.5628e+00
2304 0 +4.061102474e+01 +1.562910247e+02 +1.562910247e+02 -2.2957e+00 +1.7439e+00 -1.3174e+00 +3.5218e+00 -4.5622e+00
2452 0 +3.971954487e+01 +1.553995449e+02 +1.553995449e+02 -2.2896e+00 +1.7794e+00 -1.3156e+00 +3.5445e+00 -4.5577e+00
2606 0 +3.888411745e+01 +1.545641175e+02 +1.545641175e+02 -2.2852e+00 +1.7638e+00 -1.3159e+00 +3.5450e+00 -4.5589e+00
2660 0 +3.764019202e+01 +1.533201920e+02 +1.533201920e+02 -2.2836e+00 +1.7190e+00 -1.3166e+00 +3.5452e+00 -4.5622e+00
2773 0 +3.702314306e+01 +1.527031431e+02 +1.527031431e+02 -2.2803e+00 +1.6775e+00 -1.3174e+00 +3.5537e+00 -4.5577e+00
3575 0 +3.627517574e+01 +1.519551757e+02 +1.519551757e+02 -2.2630e+00 +1.6774e+00 -1.3169e+00 +3.5648e+00 -4.5601e+00
3817 0 +3.533330224e+01 +1.510133022e+02 +1.510133022e+02 -2.2138e+00 +1.6758e+00 -1.3167e+00 +3.5633e+00 -4.5604e+00
20051 0 +3.482340533e+01 +1.505034053e+02 +1.505034053e+02 -2.1784e+00 +1.6768e+00 -1.3034e+00 +3.5581e+00 -4.5649e+00
% f evaluations | g evaluations | best noise-free fitness - Fopt (-3.710000000000e+00) + sum g_i+ | measured fitness | best measured fitness or single-digit g-values | x1 | x2...
1 0 +2.077007355e+02 +2.039907355e+02 +2.039907355e+02 -5.6378e-01 -2.2488e+00 +3.6716e+00 +3.9040e-01 +5.7241e-01
2 0 +1.638725299e+02 +1.601625299e+02 +1.601625299e+02 +2.8522e+00 -2.9206e+00 +3.9332e+00 +1.0289e-01 +2.7016e+00
6 0 +1.411488130e+02 +1.374388130e+02 +1.374388130e+02 -4.2849e+00 -4.3636e+00 +3.9567e+00 +1.8274e+00 +3.2397e+00
12 0 +1.315384064e+02 +1.278284064e+02 +1.278284064e+02 -5.1190e-01 -4.0160e+00 +4.2205e+00 +3.4966e+00 +4.4682e+00
19 0 +7.502916517e+01 +7.131916517e+01 +7.131916517e+01 +3.2116e+00 -5.7892e-01 +8.4155e-01 +4.0583e+00 +4.2143e+00
58 0 +7.009110428e+01 +6.638110428e+01 +6.638110428e+01 +2.9473e+00 -6.7502e-01 -4.5059e-01 +2.1864e+00 +3.0690e+00
94 0 +5.622173381e+01 +5.251173381e+01 +5.251173381e+01 +2.8779e+00 -7.9167e-01 +5.1885e-01 +3.5010e+00 +3.9827e+00
109 0 +4.292406116e+01 +3.921406116e+01 +3.921406116e+01 +2.7152e+00 -8.0979e-01 +2.6185e-01 +3.3825e+00 +3.5107e+00
182 0 +3.885731563e+01 +3.514731563e+01 +3.514731563e+01 +2.9022e+00 -5.7414e-01 +3.1524e-01 +3.4511e+00 +3.8108e+00
184 0 +3.088807126e+01 +2.717807126e+01 +2.717807126e+01 +3.0800e+00 -7.1466e-01 +7.1155e-01 +3.6502e+00 +3.7572e+00
191 0 +2.599827543e+01 +2.228827543e+01 +2.228827543e+01 +2.9832e+00 -7.3373e-01 +7.6241e-01 +3.5657e+00 +3.7948e+00
236 0 +2.374914006e+01 +2.003914006e+01 +2.003914006e+01 +2.9795e+00 -7.5753e-01 +7.4674e-01 +3.5625e+00 +3.7632e+00
293 0 +2.233694752e+01 +1.862694752e+01 +1.862694752e+01 +2.9583e+00 -7.9082e-01 +7.2165e-01 +3.5534e+00 +3.7554e+00
333 0 +2.183712531e+01 +1.812712531e+01 +1.812712531e+01 +2.9550e+00 -8.0319e-01 +7.0911e-01 +3.5395e+00 +3.7444e+00
415 0 +2.132795513e+01 +1.761795513e+01 +1.761795513e+01 +2.9577e+00 -8.0115e-01 +6.9648e-01 +3.5334e+00 +3.7431e+00
449 0 +2.084527508e+01 +1.713527508e+01 +1.713527508e+01 +2.9837e+00 -7.7378e-01 +7.2016e-01 +3.5528e+00 +3.7532e+00
481 0 +1.931173444e+01 +1.560173444e+01 +1.560173444e+01 +2.9667e+00 -7.8283e-01 +7.1857e-01 +3.5039e+00 +3.7506e+00
507 0 +1.898650466e+01 +1.527650466e+01 +1.527650466e+01 +2.9849e+00 -7.5045e-01 +7.3177e-01 +3.5334e+00 +3.7680e+00
526 0 +1.729056270e+01 +1.358056270e+01 +1.358056270e+01 +3.0043e+00 -7.1975e-01 +7.2866e-01 +3.5082e+00 +3.7547e+00
601 0 +1.691422923e+01 +1.320422923e+01 +1.320422923e+01 +3.0195e+00 -6.9402e-01 +7.3271e-01 +3.5100e+00 +3.7565e+00
660 0 +1.639396109e+01 +1.268396109e+01 +1.268396109e+01 +3.0184e+00 -7.0293e-01 +7.2649e-01 +3.4978e+00 +3.7566e+00
757 0 +1.617473845e+01 +1.246473845e+01 +1.246473845e+01 +3.0231e+00 -7.0572e-01 +7.2884e-01 +3.4985e+00 +3.7587e+00
814 0 +1.527238049e+01 +1.156238049e+01 +1.156238049e+01 +3.0217e+00 -6.8255e-01 +7.0830e-01 +3.4937e+00 +3.7737e+00
912 0 +1.510031932e+01 +1.139031932e+01 +1.139031932e+01 +3.0277e+00 -6.8234e-01 +7.1289e-01 +3.4980e+00 +3.7791e+00
1063 0 +1.477111269e+01 +1.106111269e+01 +1.106111269e+01 +3.0283e+00 -6.9122e-01 +7.0846e-01 +3.5032e+00 +3.7712e+00
1372 0 +1.444669585e+01 +1.073669585e+01 +1.073669585e+01 +3.0459e+00 -6.9024e-01 +7.1366e-01 +3.5110e+00 +3.7759e+00
1602 0 +1.410042974e+01 +1.039042974e+01 +1.039042974e+01 +3.0443e+00 -7.0307e-01 +7.0575e-01 +3.5090e+00 +3.7746e+00
1855 0 +1.378697237e+01 +1.007697237e+01 +1.007697237e+01 +3.0577e+00 -7.0750e-01 +7.0325e-01 +3.5066e+00 +3.7785e+00
2106 0 +1.347759241e+01 +9.767592410e+00 +9.767592410e+00 +3.0970e+00 -7.0456e-01 +7.0446e-01 +3.5102e+00 +3.7891e+00
2352 0 +1.318222718e+01 +9.472227179e+00 +9.472227179e+00 +3.0987e+00 -7.0924e-01 +7.0331e-01 +3.5087e+00 +3.7741e+00
20051 0 +1.293445263e+01 +9.224452629e+00 +9.224452629e+00 +3.1200e+00 -7.4190e-01 +7.0027e-01 +3.5035e+00 +3.7746e+00
% f evaluations | g evaluations | best noise-free fitness - Fopt (1.321800000000e+02) + sum g_i+ | measured fitness | best measured fitness or single-digit g-values | x1 | x2...
1 0 +1.578567511e+03 +1.710747511e+03 +1.710747511e+03 -1.2976e+00 +4.1725e-01 -1.2288e+00 +2.6268e+00 +2.6453e+00
2 0 +3.374382964e+02 +4.696182964e+02 +4.696182964e+02 +3.9339e+00 +6.5453e-02 -2.4669e+00 -9.0942e-01 +9.1218e-02
4 0 +2.851866734e+02 +4.173666734e+02 +4.173666734e+02 +1.3355e+00 -1.4990e+00 +3.2702e-01 +1.4086e+00 -4.8621e+00
6 0 +1.199434775e+02 +2.521234775e+02 +2.521234775e+02 -2.1823e+00 +4.5374e+00 +1.3720e+00 -3.1642e+00 -9.5852e-01
23 0 +8.438658719e+01 +2.165665872e+02 +2.165665872e+02 -3.0658e+00 -8.1269e-02 +1.4501e+00 -1.7074e+00 -2.4324e+00
42 0 +5.982850184e+01 +1.920085018e+02 +1.920085018e+02 -5.4127e-01 -3.9005e-01 +3.7254e+00 -1.4867e+00 -2.4744e+00
89 0 +5.195957923e+01 +1.841395792e+02 +1.841395792e+02 -5.6494e-01 -4.0019e-01 +3.6107e+00 -1.5104e+00 -2.5359e+00
103 0 +4.211113298e+01 +1.742911330e+02 +1.742911330e+02 -6.8519e-01 -5.3098e-01 +3.4992e+00 -1.9852e+00 -2.5865e+00
203 0 +4.123529082e+01 +1.734152908e+02 +1.734152908e+02 -6.4571e-01 -5.1964e-01 +3.5183e+00 -1.9673e+00 -2.5742e+00
259 0 +3.834456689e+01 +1.705245669e+02 +1.705245669e+02 -5.0038e-01 -1.2212e-01 +4.0137e+00 -1.4783e+00 -2.4559e+00
443 0 +3.796818823e+01 +1.701481882e+02 +1.701481882e+02 -5.0490e-01 -1.3206e-01 +4.0056e+00 -1.4879e+00 -2.4585e+00
476 0 +3.658237992e+01 +1.687623799e+02 +1.687623799e+02 -5.6591e-01 -1.6790e-01 +3.9965e+00 -1.5147e+00 -2.4874e+00
507 0 +3.500156913e+01 +1.671815691e+02 +1.671815691e+02 -5.6196e-01 -1.5100e-01 +4.0183e+00 -1.4921e+00 -2.4837e+00
565 0 +3.467107993e+01 +1.668510799e+02 +1.668510799e+02 -5.6754e-01 -1.5113e-01 +4.0152e+00 -1.4949e+00 -2.4838e+00
566 0 +3.364712841e+01 +1.658271284e+02 +1.658271284e+02 -6.0059e-01 -1.5358e-01 +4.0025e+00 -1.4956e+00 -2.4993e+00
609 0 +3.277489024e+01 +1.649548902e+02 +1.649548902e+02 -5.8458e-01 -1.3163e-01 +4.0133e+00 -1.4872e+00 -2.4903e+00
672 0 +3.217573411e+01 +1.643557341e+02 +1.643557341e+02 -6.1145e-01 -1.3739e-01 +4.0102e+00 -1.4948e+00 -2.4987e+00
757 0 +3.131729741e+01 +1.634972974e+02 +1.634972974e+02 -5.9206e-01 -1.1213e-01 +4.0236e+00 -1.4888e+00 -2.4924e+00
845 0 +3.066091287e+01 +1.628409129e+02 +1.628409129e+02 -6.0708e-01 -1.1294e-01 +4.0008e+00 -1.4950e+00 -2.4968e+00
861 0 +3.009964559e+01 +1.622796456e+02 +1.622796456e+02 -6.0478e-01 -1.0604e-01 +4.0059e+00 -1.4926e+00 -2.4952e+00
919 0 +2.949799720e+01 +1.616779972e+02 +1.616779972e+02 -6.0589e-01 -7.5668e-02 +4.0368e+00 -1.4779e+00 -2.4943e+00
964 0 +2.856135879e+01 +1.607413588e+02 +1.607413588e+02 -5.9071e-01 -4.4637e-02 +4.0421e+00 -1.4717e+00 -2.4896e+00
1010 0 +2.692970364e+01 +1.591097036e+02 +1.591097036e+02 -5.8336e-01 -4.8904e-03 +4.0476e+00 -1.4661e+00 -2.4894e+00
1054 0 +2.680452262e+01 +1.589845226e+02 +1.589845226e+02 -5.8664e-01 -2.3087e-02 +4.0320e+00 -1.4680e+00 -2.4926e+00
1056 0 +2.609303968e+01 +1.582730397e+02 +1.582730397e+02 -5.8182e-01 +9.2208e-03 +4.0489e+00 -1.4659e+00 -2.4886e+00
1066 0 +2.493561599e+01 +1.571156160e+02 +1.571156160e+02 -5.8633e-01 -1.3035e-02 +4.0168e+00 -1.4752e+00 -2.5074e+00
1120 0 +2.244771615e+01 +1.546277161e+02 +1.546277161e+02 -5.7849e-01 +4.2023e-02 +4.0298e+00 -1.4680e+00 -2.4950e+00
1133 0 +2.186226677e+01 +1.540422668e+02 +1.540422668e+02 -5.7504e-01 +5.1189e-02 +4.0230e+00 -1.4672e+00 -2.4926e+00
1204 0 +2.070657367e+01 +1.528865737e+02 +1.528865737e+02 -5.7496e-01 +8.0619e-02 +4.0283e+00 -1.4684e+00 -2.4939e+00
1262 0 +2.037991392e+01 +1.525599139e+02 +1.525599139e+02 -5.7533e-01 +7.8691e-02 +4.0262e+00 -1.4703e+00 -2.4943e+00
1318 0 +1.990006471e+01 +1.520800647e+02 +1.520800647e+02 -5.7614e-01 +6.6390e-02 +4.0213e+00 -1.4793e+00 -2.5049e+00
1434 0 +1.934927388e+01 +1.515292739e+02 +1.515292739e+02 -5.7211e-01 +1.1529e-01 +4.0258e+00 -1.4745e+00 -2.4968e+00
1457 0 +1.879103567e+01 +1.509710357e+02 +1.509710357e+02 -5.7397e-01 +1.1307e-01 +4.0182e+00 -1.4777e+00 -2.5020e+00
1528 0 +1.860787360e+01 +1.507878736e+02 +1.507878736e+02 -5.7463e-01 +9.8084e-02 +4.0132e+00 -1.4820e+00 -2.5048e+00
1842 0 +1.809088634e+01 +1.502708863e+02 +1.502708863e+02 -5.7821e-01 +1.1844e-01 +4.0103e+00 -1.4911e+00 -2.5087e+00
2036 0 +1.768477584e+01 +1.498647758e+02 +1.498647758e+02 -5.8227e-01 +1.1617e-01 +4.0116e+00 -1.4997e+00 -2.5051e+00
2417 0 +1.737407148e+01 +1.495540715e+02 +1.495540715e+02 -5.8101e-01 +1.2121e-01 +4.0109e+00 -1.4979e+00 -2.4938e+00
3360 0 +1.695080460e+01 +1.491308046e+02 +1.491308046e+02 -5.9926e-01 +1.1410e-01 +3.9997e+00 -1.4995e+00 -2.4958e+00
3403 0 +1.641589063e+01 +1.485958906e+02 +1.485958906e+02 -6.1487e-01 +1.0836e-01 +4.0025e+00 -1.4986e+00 -2.4948e+00
3507 0 +1.618458278e+01 +1.483645828e+02 +1.483645828e+02 -6.2489e-01 +1.0472e-01 +4.0027e+00 -1.4984e+00 -2.4943e+00
3559 0 +1.567715057e+01 +1.478571506e+02 +1.478571506e+02 -6.6366e-01 +9.0051e-02 +4.0040e+00 -1.4980e+00 -2.4936e+00
4078 0 +1.546172388e+01 +1.476417239e+02 +1.476417239e+02 -6.8207e-01 +8.8347e-02 +4.0081e+00 -1.4963e+00 -2.4902e+00
4359 0 +1.513276210e+01 +1.473127621e+02 +1.473127621e+02 -7.1234e-01 +1.0171e-01 +4.0146e+00 -1.4940e+00 -2.4870e+00
20051 0 +1.492435055e+01 +1.471043505e+02 +1.471043505e+02 -7.1988e-01 +1.1697e-01 +4.0096e+00 -1.4963e+00 -2.4920e+00
% f evaluations | g evaluations | best noise-free fitness - Fopt (-4.620900000000e+02) + sum g_i+ | measured fitness | best measured fitness or single-digit g-values | x1 | x2...
1 0 +1.581474360e+02 -3.039425640e+02 -3.039425640e+02 +1.0908e+00 +4.7436e+00 +3.7364e+00 -2.2234e+00 +3.5960e+00
2 0 +1.303305974e+02 -3.317594026e+02 -3.317594026e+02 -1.6405e+00 -1.7863e+00 +2.0481e-01 +7.4394e-01 +5.0787e-01
21 0 +1.227335409e+02 -3.393564591e+02 -3.393564591e+02 -1.6266e+00 -2.1249e+00 +2.9788e+00 +2.8926e+00 +2.2692e+00
23 0 +1.150865199e+02 -3.470034801e+02 -3.470034801e+02 +1.6889e+00 -3.1281e+00 -1.7544e-01 +9.2855e-01 +2.0606e+00
27 0 +1.107435623e+02 -3.513464377e+02 -3.513464377e+02 -3.4826e-01 +4.6805e+00 +3.7009e+00 -1.0165e+00 +1.4001e+00
38 0 +8.452140694e+01 -3.775685931e+02 -3.775685931e+02 +4.4553e-01 +3.2203e+00 +4.4110e+00 +1.3399e+00 +2.9834e+00
67 0 +7.568977556e+01 -3.864002244e+02 -3.864002244e+02 +6.4000e-01 +3.4491e+00 +4.5438e+00 +1.7126e+00 +2.9864e+00
69 0 +5.731654110e+01 -4.047734589e+02 -4.047734589e+02 -2.4057e-02 +3.1830e+00 +2.5584e+00 +3.2905e-01 +2.7504e+00
96 0 +4.949443565e+01 -4.125955643e+02 -4.125955643e+02 +3.7734e-01 +3.1871e+00 +4.1826e+00 +1.1596e+00 +2.9759e+00
117 0 +4.385844437e+01 -4.182315556e+02 -4.182315556e+02 +3.9285e-01 +3.2025e+00 +4.2040e+00 +1.1922e+00 +2.9765e+00
128 0 +4.167164476e+01 -4.204183552e+02 -4.204183552e+02 -1.9975e+00 +2.2557e+00 +2.9251e+00 +4.1408e-01 +2.2425e+00
172 0 +2.941475909e+01 -4.326752409e+02 -4.326752409e+02 -2.3617e+00 +2.1444e+00 +2.7852e+00 +3.3480e-01 +2.1771e+00
187 0 +2.480254828e+01 -4.372874517e+02 -4.372874517e+02 -1.3679e+00 +2.3525e+00 +3.3865e+00 +7.3122e-01 +2.2876e+00
228 0 +2.218932941e+01 -4.399006706e+02 -4.399006706e+02 -1.4087e+00 +2.3462e+00 +3.3565e+00 +7.1064e-01 +2.2847e+00
268 0 +1.870691156e+01 -4.433830884e+02 -4.433830884e+02 -1.4851e+00 +2.3439e+00 +3.3003e+00 +6.8291e-01 +2.2835e+00
305 0 +1.778360834e+01 -4.443063917e+02 -4.443063917e+02 -1.4513e+00 +2.3635e+00 +3.3129e+00 +6.9076e-01 +2.2969e+00
343 0 +1.153649168e+01 -4.505535083e+02 -4.505535083e+02 -1.3557e+00 +2.3776e+00 +3.3034e+00 +7.7271e-01 +2.2906e+00
355 0 +1.118315229e+01 -4.509068477e+02 -4.509068477e+02 -1.3585e+00 +2.3772e+00 +3.3032e+00 +7.7029e-01 +2.2904e+00
359 0 +8.946293793e+00 -4.531437062e+02 -4.531437062e+02 -1.3846e+00 +2.3598e+00 +3.2812e+00 +7.6264e-01 +2.2837e+00
362 0 +7.770748051e+00 -4.543192519e+02 -4.543192519e+02 -1.3778e+00 +2.3647e+00 +3.2808e+00 +7.4687e-01 +2.2881e+00
461 0 +7.667917592e+00 -4.544220824e+02 -4.544220824e+02 -1.3839e+00 +2.3611e+00 +3.2752e+00 +7.4004e-01 +2.2874e+00
464 0 +7.324185697e+00 -4.547658143e+02 -4.547658143e+02 -1.3895e+00 +2.3132e+00 +3.2774e+00 +7.4592e-01 +2.2827e+00
486 0 +6.985342318e+00 -4.551046577e+02 -4.551046577e+02 -1.3820e+00 +2.3173e+00 +3.2765e+00 +7.1815e-01 +2.2794e+00
534 0 +6.301527670e+00 -4.557884723e+02 -4.557884723e+02 -1.3415e+00 +2.3191e+00 +3.2888e+00 +7.2627e-01 +2.2865e+00
554 0 +6.087972293e+00 -4.560020277e+02 -4.560020277e+02 -1.3561e+00 +2.3110e+00 +3.2851e+00 +7.2433e-01 +2.2856e+00
561 0 +6.007275408e+00 -4.560827246e+02 -4.560827246e+02 -1.3634e+00 +2.2975e+00 +3.2818e+00 +7.1917e-01 +2.2861e+00
618 0 +5.872362507e+00 -4.562176375e+02 -4.562176375e+02 -1.3494e+00 +2.3046e+00 +3.2841e+00 +7.2244e-01 +2.2863e+00
728 0 +5.714051116e+00 -4.563759489e+02 -4.563759489e+02 -1.3518e+00 +2.3004e+00 +3.2809e+00 +7.2075e-01 +2.2861e+00
897 0 +5.622724593e+00 -4.564672754e+02 -4.564672754e+02 -1.3480e+00 +2.3017e+00 +3.2808e+00 +7.2205e-01 +2.2868e+00
962 0 +5.493838328e+00 -4.565961617e+02 -4.565961617e+02 -1.3487e+00 +2.3014e+00 +3.2783e+00 +7.2167e-01 +2.2870e+00
1069 0 +5.345560656e+00 -4.567444393e+02 -4.567444393e+02 -1.3446e+00 +2.3012e+00 +3.2771e+00 +7.2261e-01 +2.2884e+00
1102 0 +5.156303176e+00 -4.569336968e+02 -4.569336968e+02 -1.3420e+00 +2.3057e+00 +3.2760e+00 +7.3146e-01 +2.2929e+00
1160 0 +5.106006212e+00 -4.569839938e+02 -4.569839938e+02 -1.3455e+00 +2.3004e+00 +3.2740e+00 +7.2767e-01 +2.2919e+00
1977 0 +5.009975550e+00 -4.570800245e+02 -4.570800245e+02 -1.3427e+00 +2.2977e+00 +3.2710e+00 +7.3284e-01 +2.2973e+00
20051 0 +4.974790248e+00 -4.571152098e+02 -4.571152098e+02 -1.3435e+00 +2.3000e+00 +3.2704e+00 +7.2800e-01 +2.2992e+00
% f evaluations | g evaluations | best noise-free fitness - Fopt (7.766000000000e+01) + sum g_i+ | measured fitness | best measured fitness or single-digit g-values | x1 | x2...
1 0 +5.800812587e+03 +5.878472587e+03 +5.878472587e+03 -1.2036e-02 +4.5526e+00 +1.9713e+00 +2.9247e+00 +4.9051e+00
2 0 +2.876094283e+02 +3.652694283e+02 +3.652694283e+02 +3.9427e+00 +1.3332e+00 -3.1723e+00 -2.1706e+00 -4.2465e+00
3 0 +1.249317842e+02 +2.025917842e+02 +2.025917842e+02 +3.9583e+00 -4.0481e+00 -2.8400e+00 +2.3217e+00 -4.1438e+00
6 0 +1.105729305e+02 +1.882329305e+02 +1.882329305e+02 -2.4997e+00 -4.3662e+00 -2.9471e+00 +1.2989e+00 -2.4464e+00
18 0 +7.260547643e+01 +1.502654764e+02 +1.502654764e+02 +1.5381e+00 -1.1432e+00 -2.5466e+00 +4.2028e+00 -1.6421e+00
50 0 +4.079827130e+01 +1.184582713e+02 +1.184582713e+02 +4.3031e+00 -8.4291e-01 -6.2917e-02 +3.3588e+00 -1.7669e+00
75 0 +3.905686403e+01 +1.167168640e+02 +1.167168640e+02 +4.3012e+00 -8.5401e-01 -7.5932e-02 +3.3507e+00 -1.7943e+00
120 0 +3.534926105e+01 +1.130092611e+02 +1.130092611e+02 +4.2991e+00 -8.8604e-01 -1.1560e-01 +3.2792e+00 -1.8591e+00
222 0 +3.319266380e+01 +1.108526638e+02 +1.108526638e+02 +4.3125e+00 -8.8566e-01 -1.1294e-01 +3.2952e+00 -1.8576e+00
253 0 +3.298936428e+01 +1.106493643e+02 +1.106493643e+02 +4.3146e+00 -8.8546e-01 -1.1246e-01 +3.2969e+00 -1.8575e+00
261 0 +2.717899521e+01 +1.048389952e+02 +1.048389952e+02 +3.5159e+00 -9.7929e-01 -5.1861e-01 +2.9332e+00 -2.1029e+00
340 0 +2.342436262e+01 +1.010843626e+02 +1.010843626e+02 +3.4793e+00 -9.8607e-01 -5.4183e-01 +2.9167e+00 -2.1206e+00
383 0 +2.145292328e+01 +9.911292328e+01 +9.911292328e+01 +3.4188e+00 -9.9486e-01 -5.7721e-01 +2.8838e+00 -2.1446e+00
431 0 +2.112662581e+01 +9.878662581e+01 +9.878662581e+01 +3.4263e+00 -9.8986e-01 -5.7565e-01 +2.8849e+00 -2.1431e+00
474 0 +2.080598590e+01 +9.846598590e+01 +9.846598590e+01 +3.4306e+00 -9.8758e-01 -5.7494e-01 +2.8869e+00 -2.1401e+00
494 0 +2.022889648e+01 +9.788889648e+01 +9.788889648e+01 +3.4381e+00 -9.8337e-01 -5.6824e-01 +2.8937e+00 -2.1327e+00
508 0 +1.641291029e+01 +9.407291029e+01 +9.407291029e+01 +3.4404e+00 -9.3866e-01 -5.3617e-01 +2.9212e+00 -2.1123e+00
611 0 +1.535948157e+01 +9.301948157e+01 +9.301948157e+01 +3.4270e+00 -9.2785e-01 -5.3320e-01 +2.9229e+00 -2.1131e+00
652 0 +1.490320462e+01 +9.256320462e+01 +9.256320462e+01 +3.4144e+00 -9.3068e-01 -5.3816e-01 +2.9184e+00 -2.1166e+00
721 0 +1.476212537e+01 +9.242212537e+01 +9.242212537e+01 +3.4025e+00 -9.3352e-01 -5.4308e-01 +2.9139e+00 -2.1203e+00
815 0 +1.433464028e+01 +9.199464028e+01 +9.199464028e+01 +3.4037e+00 -9.0250e-01 -5.2640e-01 +2.9272e+00 -2.1126e+00
868 0 +1.411363649e+01 +9.177363649e+01 +9.177363649e+01 +3.3906e+00 -9.0356e-01 -5.3277e-01 +2.9214e+00 -2.1165e+00
902 0 +1.376140237e+01 +9.142140237e+01 +9.142140237e+01 +3.3982e+00 -8.8487e-01 -5.2637e-01 +2.9260e+00 -2.1141e+00
1056 0 +1.338293590e+01 +9.104293590e+01 +9.104293590e+01 +3.4017e+00 -8.6357e-01 -5.2903e-01 +2.9241e+00 -2.1141e+00
1224 0 +1.317568103e+01 +9.083568103e+01 +9.083568103e+01 +3.3926e+00 -8.7835e-01 -5.4286e-01 +2.9149e+00 -2.1183e+00
1549 0 +1.287965096e+01 +9.053965096e+01 +9.053965096e+01 +3.4002e+00 -8.6367e-01 -5.4855e-01 +2.9099e+00 -2.1149e+00
1765 0 +1.251586173e+01 +9.017586173e+01 +9.017586173e+01 +3.4094e+00 -8.7826e-01 -5.7369e-01 +2.9127e+00 -2.1075e+00
1809 0 +1.201195781e+01 +8.967195781e+01 +8.967195781e+01 +3.4002e+00 -8.7828e-01 -5.9164e-01 +2.9111e+00 -2.1134e+00
1862 0 +1.142540841e+01 +8.908540841e+01 +8.908540841e+01 +3.3992e+00 -8.8348e-01 -6.1230e-01 +2.9083e+00 -2.1146e+00
1877 0 +1.005437797e+01 +8.771437797e+01 +8.771437797e+01 +3.3999e+00 -9.0186e-01 -6.4597e-01 +2.9073e+00 -2.1149e+00
1905 0 +6.964529052e+00 +8.462452905e+01 +8.462452905e+01 +3.3943e+00 -9.1602e-01 -6.8955e-01 +2.9042e+00 -2.1193e+00
1919 0 +6.400606739e+00 +8.406060674e+01 +8.406060674e+01 +3.3956e+00 -9.3743e-01 -7.2078e-01 +2.8972e+00 -2.1207e+00
1930 0 +6.117697280e+00 +8.377769728e+01 +8.377769728e+01 +3.3875e+00 -9.2011e-01 -7.3411e-01 +2.8944e+00 -2.1225e+00
1963 0 +5.928702700e+00 +8.358870270e+01 +8.358870270e+01 +3.3920e+00 -9.1625e-01 -7.0964e-01 +2.8981e+00 -2.1198e+00
1977 0 +5.816795425e+00 +8.347679543e+01 +8.347679543e+01 +3.3888e+00 -9.1822e-01 -7.2495e-01 +2.8957e+00 -2.1217e+00
1988 0 +5.571716149e+00 +8.323171615e+01 +8.323171615e+01 +3.4176e+00 -9.1893e-01 -7.2002e-01 +2.9196e+00 -2.1058e+00
2009 0 +5.457804886e+00 +8.311780489e+01 +8.311780489e+01 +3.4130e+00 -9.1930e-01 -7.2816e-01 +2.9156e+00 -2.1084e+00
2112 0 +5.368908454e+00 +8.302890845e+01 +8.302890845e+01 +3.4073e+00 -9.1885e-01 -7.2105e-01 +2.9115e+00 -2.1121e+00
2505 0 +5.215754083e+00 +8.287575408e+01 +8.287575408e+01 +3.4084e+00 -9.1095e-01 -7.1693e-01 +2.9134e+00 -2.1064e+00
2603 0 +5.036885676e+00 +8.269688568e+01 +8.269688568e+01 +3.4089e+00 -9.0493e-01 -7.1883e-01 +2.9151e+00 -2.1028e+00
2627 0 +4.954705169e+00 +8.261470517e+01 +8.261470517e+01 +3.4096e+00 -9.0110e-01 -7.1893e-01 +2.9163e+00 -2.0997e+00
2657 0 +4.893432054e+00 +8.255343205e+01 +8.255343205e+01 +3.4025e+00 -9.0167e-01 -7.1914e-01 +2.9103e+00 -2.1030e+00
2661 0 +4.743987254e+00 +8.240398725e+01 +8.240398725e+01 +3.4116e+00 -8.8896e-01 -7.1714e-01 +2.9201e+00 -2.0910e+00
2733 0 +4.625789566e+00 +8.228578957e+01 +8.228578957e+01 +3.4072e+00 -8.8927e-01 -7.1852e-01 +2.9170e+00 -2.0911e+00
2735 0 +4.483046456e+00 +8.214304646e+01 +8.214304646e+01 +3.4007e+00 -8.8857e-01 -7.2072e-01 +2.9107e+00 -2.0956e+00
2752 0 +4.325954634e+00 +8.198595463e+01 +8.198595463e+01 +3.4027e+00 -8.7750e-01 -7.2053e-01 +2.9108e+00 -2.0894e+00
2974 0 +4.255714176e+00 +8.191571418e+01 +8.191571418e+01 +3.4012e+00 -8.7015e-01 -7.2016e-01 +2.9105e+00 -2.0879e+00
3159 0 +4.161350865e+00 +8.182135086e+01 +8.182135086e+01 +3.3995e+00 -8.6134e-01 -7.2085e-01 +2.9095e+00 -2.0896e+00
3516 0 +4.071562955e+00 +8.173156295e+01 +8.173156295e+01 +3.3960e+00 -8.6305e-01 -7.2283e-01 +2.9080e+00 -2.0997e+00
4555 0 +3.980917243e+00 +8.164091724e+01 +8.164091724e+01 +3.3962e+00 -8.5585e-01 -7.2359e-01 +2.9161e+00 -2.1041e+00
20051 0 +3.979836228e+00 +8.163983623e+01 +8.163983623e+01 +3.3957e+00 -8.5600e-01 -7.2399e-01 +2.9163e+00 -2.1030e+00
% f evaluations | g evaluations | best noise-free fitness - Fopt (1.156800000000e+02) + sum g_i+ | measured fitness | best measured fitness or single-digit g-values | x1 | x2...
1 0 +2.433606521e+03 +2.549286521e+03 +2.549286521e+03 -2.8771e+00 +2.9337e+00 -2.2077e+00 +3.8305e+00 +2.4829e+00
2 0 +9.096724104e+02 +1.025352410e+03 +1.025352410e+03 +2.8121e+00 +1.8424e+00 +3.7679e+00 -2.9888e+00 +6.1328e-01
3 0 +2.554535081e+02 +3.711335081e+02 +3.711335081e+02 +4.9762e+00 -2.9278e+00 +4.2804e+00 +2.1722e+00 -1.8512e+00
7 0 +2.039882527e+02 +3.196682527e+02 +3.196682527e+02 -1.9608e+00 +1.9769e+00 -3.4535e+00 -6.0637e-01 -4.0201e+00
11 0 +9.686129317e+01 +2.125412932e+02 +2.125412932e+02 -2.7794e+00 -3.8349e+00 +2.0583e+00 +1.9286e+00 -4.4025e+00
59 0 +8.525030458e+01 +2.009303046e+02 +2.009303046e+02 -2.5161e+00 -3.0867e+00 +2.1891e+00 +2.9061e+00 -4.2399e+00
62 0 +5.606625422e+01 +1.717462542e+02 +1.717462542e+02 -2.2538e-01 -2.3651e+00 +2.6056e+00 +3.4467e+00 -2.9033e+00
209 0 +5.267212000e+01 +1.683521200e+02 +1.683521200e+02 -2.3323e+00 -2.5511e+00 +1.6714e+00 +2.2206e+00 -3.5554e+00
248 0 +5.146381364e+01 +1.671438136e+02 +1.671438136e+02 -2.4391e-01 -2.6581e+00 +2.2769e+00 +3.0134e+00 -3.2651e+00
282 0 +4.367032078e+01 +1.593503208e+02 +1.593503208e+02 -2.3752e-01 -2.4467e+00 +2.5154e+00 +3.0379e+00 -3.2353e+00
310 0 +3.652010492e+01 +1.522001049e+02 +1.522001049e+02 -1.9672e-01 -2.4172e+00 +2.5289e+00 +3.0813e+00 -3.2282e+00
460 0 +3.578490916e+01 +1.514649092e+02 +1.514649092e+02 -1.6342e-01 -2.3936e+00 +2.5314e+00 +3.0646e+00 -3.2308e+00
513 0 +3.531288020e+01 +1.509928802e+02 +1.509928802e+02 -1.5937e-01 -2.3878e+00 +2.5352e+00 +3.0704e+00 -3.2276e+00
847 0 +3.457330086e+01 +1.502533009e+02 +1.502533009e+02 -1.8185e-01 -2.3782e+00 +2.5477e+00 +3.0881e+00 -3.2206e+00
1582 0 +3.388113037e+01 +1.495611304e+02 +1.495611304e+02 -1.8124e-01 -2.3557e+00 +2.5443e+00 +3.0919e+00 -3.2393e+00
20051 0 +3.382834437e+01 +1.495083444e+02 +1.495083444e+02 -1.7749e-01 -2.3486e+00 +2.5429e+00 +3.0888e+00 -3.2438e+00
% f evaluations | g evaluations | best noise-free fitness - Fopt (-3.710000000000e+00) + sum g_i+ | measured fitness | best measured fitness or single-digit g-values | x1 | x2...
1 0 +2.200719275e+02 +2.163619275e+02 +2.163619275e+02 +2.0742e+00 -3.1821e+00 +1.1886e+00 -2.4066e+00 +2.7776e+00
2 0 +1.326846219e+02 +1.289746219e+02 +1.289746219e+02 +3.0162e-01 +1.7291e+00 +3.2129e+00 +4.8696e+00 +1.8676e+00
25 0 +1.098687267e+02 +1.061587267e+02 +1.061587267e+02 -3.1167e+00 -1.1590e+00 +2.5380e+00 +3.9444e+00 +4.8071e+00
26 0 +9.511691410e+01 +9.140691410e+01 +9.140691410e+01 +3.6597e+00 -8.7317e-01 -7.1424e-01 +4.2088e+00 +4.0700e+00
59 0 +9.099676363e+01 +8.728676363e+01 +8.728676363e+01 +5.0000e+00 -7.6426e-01 +3.3700e+00 +2.6432e+00 +1.8108e+00
98 0 +6.360056512e+01 +5.989056512e+01 +5.989056512e+01 +5.0000e+00 -5.1168e-01 +1.0515e+00 +5.0000e+00 +4.0981e+00
123 0 +4.928546186e+01 +4.557546186e+01 +4.557546186e+01 +4.2982e+00 -1.1451e+00 +6.9335e-01 +5.0000e+00 +3.5520e+00
153 0 +3.516358008e+01 +3.145358008e+01 +3.145358008e+01 +3.9954e+00 -6.3156e-01 +6.4343e-01 +4.8657e+00 +3.5803e+00
191 0 +3.077790442e+01 +2.706790442e+01 +2.706790442e+01 +3.8750e+00 -8.3097e-01 +1.5422e-01 +3.8750e+00 +3.1658e+00
209 0 +2.923527190e+01 +2.552527190e+01 +2.552527190e+01 +3.9091e+00 -8.1631e-01 +2.0511e-01 +3.9145e+00 +3.1997e+00
295 0 +2.804240411e+01 +2.433240411e+01 +2.433240411e+01 +3.8916e+00 -8.1729e-01 +1.9579e-01 +3.8985e+00 +3.1876e+00
324 0 +2.714196592e+01 +2.343196592e+01 +2.343196592e+01 +3.8994e+00 -7.9016e-01 +2.3813e-01 +3.9169e+00 +3.1906e+00
363 0 +2.683241267e+01 +2.312241267e+01 +2.312241267e+01 +3.8923e+00 -7.9168e-01 +2.3246e-01 +3.9132e+00 +3.1831e+00
407 0 +2.627056402e+01 +2.256056402e+01 +2.256056402e+01 +3.8890e+00 -7.9860e-01 +2.2223e-01 +3.9095e+00 +3.1731e+00
560 0 +2.569931339e+01 +2.198931339e+01 +2.198931339e+01 +3.8893e+00 -7.7962e-01 +2.4381e-01 +3.9105e+00 +3.1636e+00
802 0 +2.509025497e+01 +2.138025497e+01 +2.138025497e+01 +3.9485e+00 -7.2996e-01 +2.6872e-01 +3.9441e+00 +3.1660e+00
1056 0 +2.453635245e+01 +2.082635245e+01 +2.082635245e+01 +3.9297e+00 -7.6426e-01 +2.4621e-01 +3.9252e+00 +3.1599e+00
1110 0 +2.390724442e+01 +2.019724442e+01 +2.019724442e+01 +3.9561e+00 -7.4791e-01 +2.5923e-01 +3.9302e+00 +3.1671e+00
1128 0 +2.265816011e+01 +1.894816011e+01 +1.894816011e+01 +3.9987e+00 -7.1870e-01 +2.7787e-01 +3.9492e+00 +3.1638e+00
1205 0 +2.172541093e+01 +1.801541093e+01 +1.801541093e+01 +4.0496e+00 -6.9202e-01 +2.9005e-01 +3.9652e+00 +3.1650e+00
1212 0 +2.097355534e+01 +1.726355534e+01 +1.726355534e+01 +4.0091e+00 -7.0821e-01 +2.1126e-01 +3.9469e+00 +3.1577e+00
1252 0 +2.055445689e+01 +1.684445689e+01 +1.684445689e+01 +4.0172e+00 -7.0372e-01 +2.2843e-01 +3.9511e+00 +3.1593e+00
1253 0 +2.005790432e+01 +1.634790432e+01 +1.634790432e+01 +4.0248e+00 -6.9576e-01 +2.2404e-01 +3.9506e+00 +3.1581e+00
1258 0 +1.970740494e+01 +1.599740494e+01 +1.599740494e+01 +4.0469e+00 -6.7846e-01 +2.3392e-01 +3.9578e+00 +3.1595e+00
1276 0 +1.910978488e+01 +1.539978488e+01 +1.539978488e+01 +4.0826e+00 -6.5459e-01 +2.4413e-01 +3.9677e+00 +3.1599e+00
1358 0 +1.902740987e+01 +1.531740987e+01 +1.531740987e+01 +4.0787e+00 -6.5902e-01 +2.3113e-01 +3.9660e+00 +3.1583e+00
1410 0 +1.833371899e+01 +1.462371899e+01 +1.462371899e+01 +4.0617e+00 -6.5580e-01 +2.1875e-01 +3.9487e+00 +3.1454e+00
1518 0 +1.817989833e+01 +1.446989833e+01 +1.446989833e+01 +4.0652e+00 -6.5063e-01 +2.1870e-01 +3.9471e+00 +3.1460e+00
1561 0 +1.760474007e+01 +1.389474007e+01 +1.389474007e+01 +4.0736e+00 -6.5027e-01 +2.1806e-01 +3.9394e+00 +3.1430e+00
1606 0 +1.723871939e+01 +1.352871939e+01 +1.352871939e+01 +4.0625e+00 -6.6598e-01 +2.1969e-01 +3.9294e+00 +3.1423e+00
1658 0 +1.697399890e+01 +1.326399890e+01 +1.326399890e+01 +4.0661e+00 -6.7095e-01 +2.2139e-01 +3.9314e+00 +3.1423e+00
1673 0 +1.654559544e+01 +1.283559544e+01 +1.283559544e+01 +4.0814e+00 -6.6398e-01 +2.2656e-01 +3.9345e+00 +3.1417e+00
1726 0 +1.616031716e+01 +1.245031716e+01 +1.245031716e+01 +4.0705e+00 -6.9474e-01 +2.1458e-01 +3.9169e+00 +3.1398e+00
1802 0 +1.576386885e+01 +1.205386885e+01 +1.205386885e+01 +4.0963e+00 -6.8952e-01 +2.2026e-01 +3.9465e+00 +3.1602e+00
1833 0 +1.532801916e+01 +1.161801916e+01 +1.161801916e+01 +4.0847e+00 -6.9071e-01 +2.2104e-01 +3.9196e+00 +3.1425e+00
1858 0 +1.488357540e+01 +1.117357540e+01 +1.117357540e+01 +4.0952e+00 -6.9006e-01 +2.2282e-01 +3.9202e+00 +3.1445e+00
1909 0 +1.478166117e+01 +1.107166117e+01 +1.107166117e+01 +4.0988e+00 -6.8967e-01 +2.2322e-01 +3.9206e+00 +3.1450e+00
1987 0 +1.444786705e+01 +1.073786705e+01 +1.073786705e+01 +4.1145e+00 -6.9963e-01 +2.1410e-01 +3.9151e+00 +3.1477e+00
2696 0 +1.411493874e+01 +1.040493874e+01 +1.040493874e+01 +4.1221e+00 -7.0653e-01 +2.2937e-01 +3.9108e+00 +3.1503e+00
20051 0 +1.392939149e+01 +1.021939149e+01 +1.021939149e+01 +4.1173e+00 -7.4190e-01 +2.3501e-01 +3.9104e+00 +3.1528e+00
% f evaluations | g evaluations | best noise-free fitness - Fopt (1.321800000000e+02) + sum g_i+ | measured fitness | best measured fitness or single-digit g-values | x1 | x2...
1 0 +2.368279076e+03 +2.500459076e+03 +2.500459076e+03 +4.0788e+00 -4.4213e+00 -3.4011e+00 -1.5601e+00 +3.4466e+00
2 0 +2.259960822e+02 +3.581760822e+02 +3.581760822e+02 +2.7065e+00 -6.0106e-02 -2.2098e+00 -4.5927e+00 -2.0482e+00
7 0 +1.928254865e+02 +3.250054865e+02 +3.250054865e+02 +2.0737e+00 -2.7986e+00 -1.1757e+00 -1.5001e+00 -4.3035e+00
9 0 +7.679739111e+01 +2.089773911e+02 +2.089773911e+02 -4.4594e+00 +1.6223e+00 +6.7575e-01 -3.0808e+00 -2.5668e+00
33 0 +3.998619095e+01 +1.721661910e+02 +1.721661910e+02 -3.6911e+00 -6.2936e-01 +3.4027e+00 -2.8397e+00 -2.9122e+00
129 0 +3.712956573e+01 +1.693095657e+02 +1.693095657e+02 -3.6495e+00 -3.7937e-01 +3.5310e+00 -2.8184e+00 -2.7937e+00
218 0 +3.489725649e+01 +1.670772565e+02 +1.670772565e+02 -3.6499e+00 -3.8436e-01 +3.4828e+00 -2.8200e+00 -2.7968e+00
229 0 +3.423986084e+01 +1.664198608e+02 +1.664198608e+02 -3.7012e+00 -3.8474e-01 +3.4810e+00 -2.8584e+00 -2.8332e+00
245 0 +3.273451437e+01 +1.649145144e+02 +1.649145144e+02 -3.6742e+00 -4.2206e-01 +3.4652e+00 -2.8604e+00 -2.8226e+00
329 0 +3.197733894e+01 +1.641573389e+02 +1.641573389e+02 -3.6835e+00 -4.2785e-01 +3.4667e+00 -2.8538e+00 -2.8241e+00
354 0 +3.109062698e+01 +1.632706270e+02 +1.632706270e+02 -3.6814e+00 -4.2774e-01 +3.4794e+00 -2.8481e+00 -2.8106e+00
416 0 +3.086855111e+01 +1.630485511e+02 +1.630485511e+02 -3.6855e+00 -4.3429e-01 +3.4787e+00 -2.8483e+00 -2.8143e+00
453 0 +3.018880919e+01 +1.623688092e+02 +1.623688092e+02 -3.7031e+00 -4.5780e-01 +3.4707e+00 -2.8632e+00 -2.8171e+00
482 0 +2.849383479e+01 +1.606738348e+02 +1.606738348e+02 -3.7586e+00 -5.2278e-01 +3.4706e+00 -2.8830e+00 -2.8190e+00
525 0 +2.788053850e+01 +1.600605385e+02 +1.600605385e+02 -3.7484e+00 -5.0951e-01 +3.4789e+00 -2.8772e+00 -2.7990e+00
640 0 +2.716666178e+01 +1.593466618e+02 +1.593466618e+02 -3.7525e+00 -5.2437e-01 +3.4830e+00 -2.8765e+00 -2.7968e+00
655 0 +2.578264858e+01 +1.579626486e+02 +1.579626486e+02 -3.7907e+00 -5.7990e-01 +3.4728e+00 -2.8873e+00 -2.8142e+00
708 0 +2.567890702e+01 +1.578589070e+02 +1.578589070e+02 -3.7804e+00 -5.6908e-01 +3.4736e+00 -2.8836e+00 -2.8122e+00
716 0 +2.464524635e+01 +1.568252463e+02 +1.568252463e+02 -3.8302e+00 -6.5563e-01 +3.4643e+00 -2.8920e+00 -2.8305e+00
774 0 +2.426285333e+01 +1.564428533e+02 +1.564428533e+02 -3.8268e+00 -6.4295e-01 +3.4755e+00 -2.8872e+00 -2.8279e+00
776 0 +2.213186561e+01 +1.543118656e+02 +1.543118656e+02 -3.8206e+00 -6.2643e-01 +3.4657e+00 -2.8744e+00 -2.8154e+00
793 0 +2.068559771e+01 +1.528655977e+02 +1.528655977e+02 -3.7963e+00 -6.4355e-01 +3.5087e+00 -2.8598e+00 -2.8019e+00
804 0 +1.959974539e+01 +1.517797454e+02 +1.517797454e+02 -3.8014e+00 -6.6284e-01 +3.5035e+00 -2.8643e+00 -2.8021e+00
805 0 +1.934196739e+01 +1.515219674e+02 +1.515219674e+02 -3.7998e+00 -6.8251e-01 +3.4867e+00 -2.8766e+00 -2.8094e+00
835 0 +1.867433240e+01 +1.508543324e+02 +1.508543324e+02 -3.8004e+00 -6.8934e-01 +3.4878e+00 -2.8734e+00 -2.8070e+00
856 0 +1.835487974e+01 +1.505348797e+02 +1.505348797e+02 -3.8016e+00 -7.0024e-01 +3.4874e+00 -2.8741e+00 -2.8086e+00
866 0 +1.812534193e+01 +1.503053419e+02 +1.503053419e+02 -3.8008e+00 -7.1132e-01 +3.4796e+00 -2.8786e+00 -2.8082e+00
868 0 +1.687125059e+01 +1.490512506e+02 +1.490512506e+02 -3.8227e+00 -8.1532e-01 +3.4873e+00 -2.8760e+00 -2.8134e+00
939 0 +1.652372726e+01 +1.487037273e+02 +1.487037273e+02 -3.8050e+00 -7.4894e-01 +3.5056e+00 -2.8625e+00 -2.8024e+00
958 0 +1.612947633e+01 +1.483094763e+02 +1.483094763e+02 -3.8070e+00 -7.6401e-01 +3.5029e+00 -2.8643e+00 -2.8032e+00
1004 0 +1.583313454e+01 +1.480131345e+02 +1.480131345e+02 -3.8043e+00 -7.7149e-01 +3.5019e+00 -2.8635e+00 -2.8020e+00
1053 0 +1.546627002e+01 +1.476462700e+02 +1.476462700e+02 -3.8017e+00 -8.0661e-01 +3.4974e+00 -2.8659e+00 -2.8009e+00
1152 0 +1.501592917e+01 +1.471959292e+02 +1.471959292e+02 -3.7800e+00 -7.9389e-01 +3.5002e+00 -2.8566e+00 -2.7942e+00
1222 0 +1.476383036e+01 +1.469438304e+02 +1.469438304e+02 -3.7929e+00 -8.1237e-01 +3.4872e+00 -2.8577e+00 -2.7979e+00
1359 0 +1.443731907e+01 +1.466173191e+02 +1.466173191e+02 -3.7809e+00 -8.1399e-01 +3.4868e+00 -2.8504e+00 -2.7999e+00
1514 0 +1.408871838e+01 +1.462687184e+02 +1.462687184e+02 -3.7728e+00 -8.1079e-01 +3.4751e+00 -2.8474e+00 -2.8053e+00
20051 0 +1.392939149e+01 +1.461093915e+02 +1.461093915e+02 -3.7640e+00 -8.0489e-01 +3.4616e+00 -2.8476e+00 -2.8019e+00
% f evaluations | g evaluations | best noise-free fitness - Fopt (-4.620900000000e+02) + sum g_i+ | measured fitness | best measured fitness or single-digit g-values | x1 | x2...
1 0 +6.074862394e+02 +1.453962394e+02 +1.453962394e+02 +4.1887e+00 +1.8399e-01 -3.3794e+00 -4.6470e+00 -2.7433e+00
2 0 +3.298279610e+02 -1.322620390e+02 -1.322620390e+02 +3.9539e+00 -2.1641e+00 -9.6285e-02 -4.9319e+00 +4.0262e+00
3 0 +1.386669455e+02 -3.234230545e+02 -3.234230545e+02 -1.6413e+00 +8.1137e-01 +1.2854e+00 +5.1301e-01 -1.9309e-01
27 0 +1.286904646e+02 -3.333995354e+02 -3.333995354e+02 +2.1590e+00 +4.8555e+00 +1.9287e+00 -1.0332e+00 +1.3056e+00
45 0 +1.174667718e+02 -3.446232282e+02 -3.446232282e+02 +3.1645e+00 -9.7888e-01 +2.7510e+00 -1.9398e-01 +8.2463e-01
74 0 +1.066883750e+02 -3.554016250e+02 -3.554016250e+02 +3.3080e+00 -9.1088e-01 +4.1992e+00 +6.2709e-01 +1.6022e+00
121 0 +1.038018940e+02 -3.582881060e+02 -3.582881060e+02 +3.3109e+00 -9.1044e-01 +4.2097e+00 +6.3219e-01 +1.6089e+00
167 0 +9.604408986e+01 -3.660459101e+02 -3.660459101e+02 +3.6989e+00 -8.2094e-01 +4.5887e+00 +7.0796e-01 +1.6324e+00
185 0 +7.957197206e+01 -3.825180279e+02 -3.825180279e+02 +3.5711e+00 -7.7209e-01 +4.2835e+00 +7.5246e-01 +1.6332e+00
273 0 +7.532498504e+01 -3.867650150e+02 -3.867650150e+02 +3.5604e+00 -7.7875e-01 +4.2663e+00 +7.3996e-01 +1.6238e+00
344 0 +7.361664577e+01 -3.884733542e+02 -3.884733542e+02 +3.5535e+00 -7.8235e-01 +4.2552e+00 +7.3054e-01 +1.6133e+00
621 0 +7.204935780e+01 -3.900406422e+02 -3.900406422e+02 +3.5867e+00 -7.6222e-01 +4.2442e+00 +7.3949e-01 +1.6100e+00
4722 0 +7.020599144e+01 -3.918840086e+02 -3.918840086e+02 +7.0416e-01 -3.0457e+00 +1.6127e+00 +2.3990e-01 +1.6396e+00
5185 0 +6.912261241e+01 -3.929673876e+02 -3.929673876e+02 +6.9462e-01 -3.0800e+00 +1.5939e+00 +2.3704e-01 +1.6225e+00
5299 0 +5.682440916e+01 -4.052655908e+02 -4.052655908e+02 +1.5383e+00 +3.7751e+00 +3.3222e+00 +3.8460e-01 +3.4307e+00
5304 0 +5.348174670e+01 -4.086082533e+02 -4.086082533e+02 +1.3501e+00 +2.4403e+00 +2.9332e+00 +3.4926e-01 +3.0246e+00
5305 0 +4.960376320e+01 -4.124862368e+02 -4.124862368e+02 +7.9804e-01 +2.1389e+00 +2.9923e+00 +2.6059e-01 +2.7728e+00
5310 0 +4.321460780e+01 -4.188753922e+02 -4.188753922e+02 +9.8371e-01 -7.3178e-01 +2.1881e+00 +2.8801e-01 +2.2417e+00
5327 0 +4.113546407e+01 -4.209545359e+02 -4.209545359e+02 +6.1087e-01 +1.7265e+00 +2.9090e+00 +2.2800e-01 +2.6072e+00
5330 0 +3.911157752e+01 -4.229784225e+02 -4.229784225e+02 +2.8420e-01 +1.0045e+00 +2.7634e+00 +1.7330e-01 +2.3169e+00
5409 0 +3.780072035e+01 -4.242892796e+02 -4.242892796e+02 +2.6365e-01 +9.5934e-01 +2.7542e+00 +1.6983e-01 +2.2988e+00
5412 0 +3.250793087e+01 -4.295820691e+02 -4.295820691e+02 +5.0182e-01 +2.8847e+00 +3.2832e+00 +2.0805e-01 +2.6339e+00
5417 0 +3.143756316e+01 -4.306524368e+02 -4.306524368e+02 +9.0848e-01 +1.4536e+00 +3.2352e+00 +2.6420e-01 +2.3507e+00
5513 0 +3.053099791e+01 -4.315590021e+02 -4.315590021e+02 +9.5683e-01 +1.5013e+00 +3.2782e+00 +2.7100e-01 +2.3591e+00
5581 0 +2.970475571e+01 -4.323852443e+02 -4.323852443e+02 +9.4491e-01 +1.4926e+00 +3.2692e+00 +2.6927e-01 +2.3583e+00
5593 0 +2.351702160e+01 -4.385729784e+02 -4.385729784e+02 +8.8127e-01 +1.4924e+00 +3.2686e+00 +2.5528e-01 +2.3257e+00
5704 0 +2.336803517e+01 -4.387219648e+02 -4.387219648e+02 +8.5965e-01 +1.4743e+00 +3.2487e+00 +2.4866e-01 +2.3038e+00
5731 0 +2.114734504e+01 -4.409426550e+02 -4.409426550e+02 +8.2596e-01 +1.4922e+00 +3.2681e+00 +2.4312e-01 +2.2974e+00
6208 0 +2.080118712e+01 -4.412888129e+02 -4.412888129e+02 +7.8879e-01 +1.4858e+00 +3.2721e+00 +2.3668e-01 +2.2953e+00
6801 0 +2.040741071e+01 -4.416825893e+02 -4.416825893e+02 +7.6141e-01 +1.4866e+00 +3.2707e+00 +2.3522e-01 +2.2982e+00
6902 0 +1.995107718e+01 -4.421389228e+02 -4.421389228e+02 +7.6714e-01 +1.5028e+00 +3.2691e+00 +2.4133e-01 +2.3029e+00
7261 0 +1.936311081e+01 -4.427268892e+02 -4.427268892e+02 +7.6705e-01 +1.5251e+00 +3.2710e+00 +2.5160e-01 +2.2995e+00
7658 0 +1.904252291e+01 -4.430474771e+02 -4.430474771e+02 +7.6726e-01 +1.5027e+00 +3.2677e+00 +2.5148e-01 +2.2997e+00
7835 0 +1.861228696e+01 -4.434777130e+02 -4.434777130e+02 +7.7048e-01 +1.5083e+00 +3.2700e+00 +2.5874e-01 +2.3067e+00
8015 0 +1.787546544e+01 -4.442145346e+02 -4.442145346e+02 +7.7308e-01 +1.5057e+00 +3.2631e+00 +2.7128e-01 +2.3090e+00
8017 0 +1.710699282e+01 -4.449830072e+02 -4.449830072e+02 +7.8020e-01 +1.5068e+00 +3.2749e+00 +2.9532e-01 +2.3209e+00
8120 0 +1.696219772e+01 -4.451278023e+02 -4.451278023e+02 +7.8062e-01 +1.5074e+00 +3.2739e+00 +2.9844e-01 +2.3208e+00
8264 0 +1.638350864e+01 -4.457064914e+02 -4.457064914e+02 +7.7792e-01 +1.5079e+00 +3.2718e+00 +2.9969e-01 +2.3126e+00
8318 0 +1.621671930e+01 -4.458732807e+02 -4.458732807e+02 +7.7849e-01 +1.5085e+00 +3.2723e+00 +3.0714e-01 +2.3138e+00
8382 0 +1.579547720e+01 -4.462945228e+02 -4.462945228e+02 +7.7683e-01 +1.5065e+00 +3.2674e+00 +3.1207e-01 +2.3058e+00
9705 0 +1.539575540e+01 -4.466942446e+02 -4.466942446e+02 +7.6017e-01 +1.5085e+00 +3.2727e+00 +3.2032e-01 +2.2998e+00
9822 0 +1.509671859e+01 -4.469932814e+02 -4.469932814e+02 +7.1202e-01 +1.5054e+00 +3.2657e+00 +3.1959e-01 +2.2945e+00
20051 0 +1.492435055e+01 -4.471656495e+02 -4.471656495e+02 +7.0332e-01 +1.4949e+00 +3.2704e+00 +3.2111e-01 +2.2992e+00
% f evaluations | g evaluations | best noise-free fitness - Fopt (7.766000000000e+01) + sum g_i+ | measured fitness | best measured fitness or single-digit g-values | x1 | x2...
1 0 +1.561634589e+02 +2.338234589e+02 +2.338234589e+02 -1.4986e+00 +1.7213e+00 +4.9448e-01 -8.8336e-01 -2.7024e+00
8 0 +1.504974464e+02 +2.281574464e+02 +2.281574464e+02 +3.0054e+00 +1.8187e+00 +1.1989e+00 +3.0099e+00 -4.4786e+00
14 0 +1.037415322e+02 +1.814015322e+02 +1.814015322e+02 +1.6036e+00 +2.4787e-01 +4.4883e-01 +3.4419e+00 -4.6473e+00
23 0 +3.480921299e+01 +1.124692130e+02 +1.124692130e+02 +2.3836e+00 -1.5849e+00 -2.9284e+00 +2.9563e+00 -1.6425e+00
110 0 +3.178456357e+01 +1.094445636e+02 +1.094445636e+02 +2.3686e+00 -1.5880e+00 -2.9306e+00 +2.9404e+00 -1.6554e+00
124 0 +3.074838053e+01 +1.084083805e+02 +1.084083805e+02 +2.3488e+00 -1.6402e+00 -2.9645e+00 +2.8511e+00 -1.7126e+00
189 0 +2.833816244e+01 +1.059981624e+02 +1.059981624e+02 +2.3503e+00 -1.6030e+00 -2.9428e+00 +2.8743e+00 -1.7095e+00
229 0 +2.702056539e+01 +1.046805654e+02 +1.046805654e+02 +2.4286e+00 -1.5398e+00 -2.8915e+00 +2.9262e+00 -1.6938e+00
265 0 +2.667429414e+01 +1.043342941e+02 +1.043342941e+02 +2.3854e+00 -1.5474e+00 -2.9100e+00 +2.9007e+00 -1.7135e+00
326 0 +2.594793618e+01 +1.036079362e+02 +1.036079362e+02 +2.4650e+00 -1.5350e+00 -2.8283e+00 +2.9142e+00 -1.6874e+00
355 0 +2.531851789e+01 +1.029785179e+02 +1.029785179e+02 +2.4470e+00 -1.5739e+00 -2.8488e+00 +2.8179e+00 -1.8183e+00
360 0 +2.437606791e+01 +1.020360679e+02 +1.020360679e+02 +2.4366e+00 -1.5525e+00 -2.8593e+00 +2.9057e+00 -1.6995e+00
377 0 +2.332237310e+01 +1.009823731e+02 +1.009823731e+02 +2.3760e+00 -1.5636e+00 -2.8418e+00 +2.8706e+00 -1.7304e+00
466 0 +2.286729450e+01 +1.005272945e+02 +1.005272945e+02 +2.3838e+00 -1.5636e+00 -2.8357e+00 +2.8773e+00 -1.7262e+00
486 0 +2.218874882e+01 +9.984874882e+01 +9.984874882e+01 +2.3558e+00 -1.5930e+00 -2.8522e+00 +2.8739e+00 -1.7304e+00
518 0 +2.170198274e+01 +9.936198274e+01 +9.936198274e+01 +2.3699e+00 -1.5848e+00 -2.8365e+00 +2.8812e+00 -1.7251e+00
560 0 +2.132108689e+01 +9.898108689e+01 +9.898108689e+01 +2.3302e+00 -1.6129e+00 -2.8406e+00 +2.8728e+00 -1.7367e+00
622 0 +2.005719381e+01 +9.771719381e+01 +9.771719381e+01 +2.3481e+00 -1.6619e+00 -2.8817e+00 +2.8925e+00 -1.7590e+00
657 0 +1.936702925e+01 +9.702702925e+01 +9.702702925e+01 +2.3783e+00 -1.6048e+00 -2.8248e+00 +2.9105e+00 -1.7309e+00
702 0 +1.886356008e+01 +9.652356008e+01 +9.652356008e+01 +2.3636e+00 -1.6356e+00 -2.8661e+00 +2.9145e+00 -1.7566e+00
754 0 +1.808468283e+01 +9.574468283e+01 +9.574468283e+01 +2.3602e+00 -1.6675e+00 -2.8597e+00 +2.9186e+00 -1.7696e+00
828 0 +1.768045134e+01 +9.534045134e+01 +9.534045134e+01 +2.3414e+00 -1.6974e+00 -2.8650e+00 +2.8923e+00 -1.8464e+00
866 0 +1.578499952e+01 +9.344499952e+01 +9.344499952e+01 +2.3668e+00 -1.6879e+00 -2.8409e+00 +2.9257e+00 -1.8416e+00
966 0 +1.547803970e+01 +9.313803970e+01 +9.313803970e+01 +2.3698e+00 -1.6796e+00 -2.8258e+00 +2.9304e+00 -1.8408e+00
2056 0 +1.513243937e+01 +9.279243937e+01 +9.279243937e+01 +2.3717e+00 -1.6607e+00 -2.8108e+00 +2.9207e+00 -1.8428e+00
20051 0 +1.492435055e+01 +9.258435055e+01 +9.258435055e+01 +2.3984e+00 -1.6611e+00 -2.8202e+00 +2.9163e+00 -1.8422e+00
% f evaluations | g evaluations | best noise-free fitness - Fopt (1.156800000000e+02) + sum g_i+ | measured fitness | best measured fitness or single-digit g-values | x1 | x2...
1 0 +2.335269304e+02 +3.492069304e+02 +3.492069304e+02 -3.1102e+00 -1.1471e+00 -4.7623e+00 -1.2276e+00 -4.0409e+00
4 0 +6.189134755e+01 +1.775713476e+02 +1.775713476e+02 -2.0943e+00 +3.6982e-01 -2.6992e-01 +4.1321e+00 -2.2293e+00
39 0 +6.007173616e+01 +1.757517362e+02 +1.757517362e+02 -1.1552e+00 -1.1271e+00 -1.9561e+00 +3.3979e+00 -4.6173e+00
121 0 +5.303987587e+01 +1.687198759e+02 +1.687198759e+02 -1.1541e+00 -1.1270e+00 -1.9558e+00 +3.4141e+00 -4.5986e+00
143 0 +4.132115638e+01 +1.570011564e+02 +1.570011564e+02 -1.1549e+00 -1.0525e+00 -1.9507e+00 +3.5024e+00 -4.5230e+00
165 0 +3.849227064e+01 +1.541722706e+02 +1.541722706e+02 -1.1777e+00 -1.0587e+00 -2.0461e+00 +3.4909e+00 -4.5260e+00
232 0 +3.568560146e+01 +1.513656015e+02 +1.513656015e+02 -1.2040e+00 -1.0660e+00 -2.0783e+00 +3.4850e+00 -4.5749e+00
268 0 +3.095550892e+01 +1.466355089e+02 +1.466355089e+02 -1.1367e+00 -1.0513e+00 -2.0511e+00 +3.5552e+00 -4.5458e+00
365 0 +3.058131395e+01 +1.462613140e+02 +1.462613140e+02 -1.1476e+00 -1.0533e+00 -2.0524e+00 +3.5381e+00 -4.5511e+00
577 0 +2.930425144e+01 +1.449842514e+02 +1.449842514e+02 -1.1477e+00 -1.0505e+00 -2.0487e+00 +3.5465e+00 -4.5622e+00
664 0 +2.862493202e+01 +1.443049320e+02 +1.443049320e+02 -1.1620e+00 -1.0556e+00 -2.0417e+00 +3.5570e+00 -4.5633e+00
902 0 +2.803967630e+01 +1.437196763e+02 +1.437196763e+02 -1.1696e+00 -1.0247e+00 -2.0388e+00 +3.5701e+00 -4.5680e+00
1179 0 +2.743082347e+01 +1.431108235e+02 +1.431108235e+02 -1.1740e+00 -1.0162e+00 -2.0422e+00 +3.5630e+00 -4.5687e+00
1533 0 +2.690116315e+01 +1.425811632e+02 +1.425811632e+02 -1.1775e+00 -9.9135e-01 -2.0436e+00 +3.5599e+00 -4.5650e+00
20051 0 +2.686376315e+01 +1.425437631e+02 +1.425437631e+02 -1.1811e+00 -9.8320e-01 -2.0421e+00 +3.5581e+00 -4.5649e+00
% f evaluations | g evaluations | best noise-free fitness - Fopt (-3.710000000000e+00) + sum g_i+ | measured fitness | best measured fitness or single-digit g-values | x1 | x2...
1 0 +4.931695325e+02 +4.894595325e+02 +4.894595325e+02 +6.6495e-01 +1.2513e+00 +3.4136e+00 -2.2255e+00 -1.6199e+00
2 0 +2.378597002e+02 +2.341497002e+02 +2.341497002e+02 +3.2133e+00 +3.6252e+00 -3.4745e+00 +4.9345e+00 +4.1762e+00
4 0 +1.183779640e+02 +1.146679640e+02 +1.146679640e+02 +1.7306e+00 -2.4958e+00 +2.9203e+00 +1.4939e+00 +2.9709e+00
18 0 +1.123843221e+02 +1.086743221e+02 +1.086743221e+02 +1.6032e+00 -3.9312e+00 +1.4336e+00 +2.7016e+00 +4.8861e+00
29 0 +9.975501515e+01 +9.604501515e+01 +9.604501515e+01 -1.9618e+00 -4.1991e+00 +3.0313e+00 +3.1529e+00 +3.0993e+00
61 0 +7.745864177e+01 +7.374864177e+01 +7.374864177e+01 -1.8359e+00 -4.1876e+00 +3.2423e+00 +3.4738e+00 +3.1356e+00
133 0 +6.202629031e+01 +5.831629031e+01 +5.831629031e+01 -9.9911e-01 -2.0386e+00 +3.5114e+00 +3.9696e+00 +3.7058e+00
137 0 +5.680647810e+01 +5.309647810e+01 +5.309647810e+01 -1.6559e+00 -2.9440e+00 +3.4701e+00 +3.9276e+00 +3.5799e+00
182 0 +5.182400097e+01 +4.811400097e+01 +4.811400097e+01 -2.0400e+00 -3.2155e+00 +3.3882e+00 +3.8726e+00 +3.5044e+00
243 0 +5.095789543e+01 +4.724789543e+01 +4.724789543e+01 -2.0296e+00 -3.2118e+00 +3.3901e+00 +3.8744e+00 +3.5047e+00
244 0 +4.087249759e+01 +3.716249759e+01 +3.716249759e+01 -2.0003e+00 -3.1089e+00 +3.4272e+00 +3.8888e+00 +3.5408e+00
269 0 +4.038715524e+01 +3.667715524e+01 +3.667715524e+01 -1.9446e+00 -3.0806e+00 +3.4813e+00 +3.9605e+00 +3.5567e+00
297 0 +3.899331254e+01 +3.528331254e+01 +3.528331254e+01 -1.9913e+00 -3.0811e+00 +3.4537e+00 +3.9309e+00 +3.5462e+00
309 0 +3.872683138e+01 +3.501683138e+01 +3.501683138e+01 -1.9977e+00 -3.0849e+00 +3.4531e+00 +3.9273e+00 +3.5426e+00
488 0 +3.801381372e+01 +3.430381372e+01 +3.430381372e+01 -2.0128e+00 -3.0898e+00 +3.4608e+00 +3.9197e+00 +3.5402e+00
729 0 +3.047355671e+01 +2.676355671e+01 +2.676355671e+01 +5.0000e+00 -3.1623e+00 +3.5216e+00 +4.3639e+00 +2.7952e+00
784 0 +2.611315284e+01 +2.240315284e+01 +2.240315284e+01 +5.0000e+00 -3.1617e+00 +3.5334e+00 +4.3974e+00 +2.8404e+00
886 0 +2.551962481e+01 +2.180962481e+01 +2.180962481e+01 +5.0000e+00 -3.1620e+00 +3.5308e+00 +4.3918e+00 +2.8400e+00
1253 0 +2.505543012e+01 +2.134543012e+01 +2.134543012e+01 +5.0000e+00 -3.1624e+00 +3.5270e+00 +4.3841e+00 +2.8370e+00
1470 0 +2.454367474e+01 +2.083367474e+01 +2.083367474e+01 +5.0000e+00 -3.1593e+00 +3.5232e+00 +4.3810e+00 +2.8403e+00
1589 0 +2.282057993e+01 +1.911057993e+01 +1.911057993e+01 +5.0000e+00 -3.1125e+00 +3.5204e+00 +4.3840e+00 +2.8401e+00
2054 0 +2.238199524e+01 +1.867199524e+01 +1.867199524e+01 +5.0000e+00 -3.0986e+00 +3.5066e+00 +4.3787e+00 +2.8389e+00
20051 0 +2.231559135e+01 +1.860559135e+01 +1.860559135e+01 +5.0000e+00 -3.1003e+00 +3.5023e+00 +4.3797e+00 +2.8429e+00
% f evaluations | g evaluations | best noise-free fitness - Fopt (1.321800000000e+02) + sum g_i+ | measured fitness | best measured fitness or single-digit g-values | x1 | x2...
1 0 +8.328154130e+02 +9.649954130e+02 +9.649954130e+02 +4.5834e+00 -2.5241e-01 +3.4649e+00 -2.9498e+00 +1.9474e+00
4 0 +2.834063489e+02 +4.155863489e+02 +4.155863489e+02 +3.3619e+00 +3.9213e-01 -1.9936e+00 -2.3684e-01 -4.8468e+00
5 0 +9.932203626e+01 +2.315020363e+02 +2.315020363e+02 -3.5265e+00 -6.2192e-01 +4.5637e+00 -3.8266e+00 -3.3334e+00
39 0 +8.937915512e+01 +2.215591551e+02 +2.215591551e+02 -4.1172e+00 -7.8103e-01 +2.2245e+00 -3.8193e+00 -2.5125e+00
62 0 +7.571701833e+01 +2.078970183e+02 +2.078970183e+02 -3.0689e+00 -6.2881e-01 +3.0632e+00 -3.6288e+00 -1.5320e+00
64 0 +6.708070176e+01 +1.992607018e+02 +1.992607018e+02 -3.7255e+00 -2.1177e-01 +3.7859e+00 -2.4393e+00 -2.0057e+00
65 0 +4.552071530e+01 +1.777007153e+02 +1.777007153e+02 -4.0426e+00 -7.5822e-01 +2.4863e+00 -1.8692e+00 -2.1356e+00
109 0 +4.410789886e+01 +1.762878989e+02 +1.762878989e+02 -3.7671e+00 +1.8724e-01 +2.6498e+00 -3.4449e+00 -2.4724e+00
113 0 +3.184173398e+01 +1.640217340e+02 +1.640217340e+02 -3.5304e+00 +5.9171e-01 +2.8599e+00 -3.1614e+00 -2.0473e+00
159 0 +3.064388173e+01 +1.628238817e+02 +1.628238817e+02 -3.5438e+00 +5.6885e-01 +2.8480e+00 -3.1774e+00 -2.0713e+00
245 0 +2.723806918e+01 +1.594180692e+02 +1.594180692e+02 -3.5354e+00 +6.2338e-01 +2.9274e+00 -3.1709e+00 -2.0696e+00
277 0 +2.627915664e+01 +1.584591566e+02 +1.584591566e+02 -3.5449e+00 +6.1522e-01 +2.9019e+00 -3.1819e+00 -2.0840e+00
474 0 +2.553732141e+01 +1.577173214e+02 +1.577173214e+02 -3.5345e+00 +6.1262e-01 +2.8953e+00 -3.1714e+00 -2.0863e+00
513 0 +2.495591802e+01 +1.571359180e+02 +1.571359180e+02 -3.5278e+00 +5.9887e-01 +2.8635e+00 -3.1624e+00 -2.1068e+00
607 0 +2.360465348e+01 +1.557846535e+02 +1.557846535e+02 -3.5411e+00 +6.1463e-01 +2.8882e+00 -3.1674e+00 -2.1052e+00
696 0 +2.329460752e+01 +1.554746075e+02 +1.554746075e+02 -3.5476e+00 +6.1351e-01 +2.8855e+00 -3.1700e+00 -2.1135e+00
750 0 +2.260265676e+01 +1.547826568e+02 +1.547826568e+02 -3.5758e+00 +6.1067e-01 +2.8509e+00 -3.1787e+00 -2.1282e+00
758 0 +1.987410884e+01 +1.520541088e+02 +1.520541088e+02 -3.5659e+00 +6.3434e-01 +2.8661e+00 -3.1508e+00 -2.1224e+00
803 0 +1.921410934e+01 +1.513941093e+02 +1.513941093e+02 -3.5806e+00 +6.3397e-01 +2.8460e+00 -3.1562e+00 -2.1326e+00
845 0 +1.670236779e+01 +1.488823678e+02 +1.488823678e+02 -3.6445e+00 +6.2199e-01 +2.8586e+00 -3.1532e+00 -2.1566e+00
862 0 +1.623933999e+01 +1.484193400e+02 +1.484193400e+02 -3.6866e+00 +6.1949e-01 +2.8554e+00 -3.1575e+00 -2.1733e+00
904 0 +1.591748110e+01 +1.480974811e+02 +1.480974811e+02 -3.6714e+00 +6.2674e-01 +2.8583e+00 -3.1455e+00 -2.1661e+00
956 0 +1.583264014e+01 +1.480126401e+02 +1.480126401e+02 -3.6927e+00 +6.2663e-01 +2.8489e+00 -3.1526e+00 -2.1765e+00
1007 0 +1.539017556e+01 +1.475701756e+02 +1.475701756e+02 -3.6722e+00 +6.3581e-01 +2.8725e+00 -3.1491e+00 -2.1651e+00
1055 0 +1.503074712e+01 +1.472107471e+02 +1.472107471e+02 -3.6864e+00 +6.3256e-01 +2.8695e+00 -3.1403e+00 -2.1678e+00
1137 0 +1.466658184e+01 +1.468465818e+02 +1.468465818e+02 -3.6817e+00 +6.3702e-01 +2.8767e+00 -3.1379e+00 -2.1582e+00
1162 0 +1.424508228e+01 +1.464250823e+02 +1.464250823e+02 -3.6801e+00 +6.5635e-01 +2.8858e+00 -3.1307e+00 -2.1432e+00
1246 0 +1.412400161e+01 +1.463040016e+02 +1.463040016e+02 -3.6818e+00 +6.5355e-01 +2.8835e+00 -3.1327e+00 -2.1468e+00
1288 0 +1.349504522e+01 +1.456750452e+02 +1.456750452e+02 -3.7003e+00 +6.5104e-01 +2.8699e+00 -3.1487e+00 -2.1583e+00
1309 0 +1.339864090e+01 +1.455786409e+02 +1.455786409e+02 -3.6923e+00 +6.5443e-01 +2.8767e+00 -3.1414e+00 -2.1516e+00
1503 0 +1.305170368e+01 +1.452317037e+02 +1.452317037e+02 -3.6910e+00 +6.6746e-01 +2.8752e+00 -3.1406e+00 -2.1423e+00
1667 0 +1.286030590e+01 +1.450403059e+02 +1.450403059e+02 -3.6926e+00 +6.7594e-01 +2.8747e+00 -3.1426e+00 -2.1365e+00
2553 0 +1.252656770e+01 +1.447065677e+02 +1.447065677e+02 -3.7158e+00 +6.7035e-01 +2.8633e+00 -3.1499e+00 -2.1327e+00
2615 0 +1.227781231e+01 +1.444578123e+02 +1.444578123e+02 -3.7331e+00 +6.6484e-01 +2.8560e+00 -3.1521e+00 -2.1350e+00
3668 0 +1.202088247e+01 +1.442008825e+02 +1.442008825e+02 -3.7550e+00 +6.6739e-01 +2.8615e+00 -3.1448e+00 -2.1326e+00
20051 0 +1.193947841e+01 +1.441194784e+02 +1.441194784e+02 -3.7640e+00 +6.7733e-01 +2.8656e+00 -3.1473e+00 -2.1310e+00
