% f evaluations | g evaluations | best noise-free fitness - Fopt (7.627000000000e+01) + sum g_i+ | measured fitness | best measured fitness or single-digit g-values | x1 | x2...
1 0 +8.187350770e+07 +8.187358397e+07 +8.187358397e+07 -3.3392e+00 +4.2557e+00 +4.3977e+00
2 0 +1.146034933e+05 +1.146797633e+05 +1.146797633e+05 +3.3030e+00 -2.3755e+00 -2.5488e+00
15 0 +1.139561527e+03 +1.215831527e+03 +1.215831527e+03 -2.2640e+00 -4.2391e+00 +7.2381e-01
287 0 +7.795205729e+02 +8.557905729e+02 +8.557905729e+02 -5.0000e+00 -5.0000e+00 +2.3545e+00
370 0 +4.814207984e+01 +1.244120798e+02 +1.244120798e+02 +5.5528e-01 -4.7871e+00 +1.0437e+00
402 0 +4.414515696e+01 +1.204151570e+02 +1.204151570e+02 +2.6350e+00 -1.8315e+00 -3.8946e+00
470 0 +8.019399432e+00 +8.428939943e+01 +8.428939943e+01 -1.1218e+00 -4.5428e+00 +9.4203e-01
781 0 +3.357664880e+00 +7.962766488e+01 +7.962766488e+01 -9.0422e-01 -2.2773e+00 -2.5981e+00
1515 0 +2.388484974e+00 +7.865848497e+01 +7.865848497e+01 -3.5605e-01 -3.2553e+00 -1.1767e+00
1708 0 +2.265466412e+00 +7.853546641e+01 +7.853546641e+01 -5.4164e-01 -3.8968e+00 -1.5700e-01
1770 0 +1.398168768e+00 +7.766816877e+01 +7.766816877e+01 -1.4611e+00 -3.3799e+00 -8.0087e-01
1785 0 +1.345884858e+00 +7.761588486e+01 +7.761588486e+01 +1.6402e-02 -3.4735e+00 -9.0475e-01
1929 0 +4.538960849e-01 +7.672389608e+01 +7.672389608e+01 -8.6242e-01 -3.2958e+00 -1.0296e+00
2030 0 +3.096872976e-01 +7.657968730e+01 +7.657968730e+01 -4.9093e-01 -3.1417e+00 -1.3325e+00
2358 0 +3.010069003e-01 +7.657100690e+01 +7.657100690e+01 -1.4001e+00 -2.9764e+00 -1.4324e+00
2394 0 +2.468153108e-01 +7.651681531e+01 +7.651681531e+01 -6.7314e-01 -3.2459e+00 -1.1393e+00
2421 0 +1.637404329e-01 +7.643374043e+01 +7.643374043e+01 -1.0625e+00 -3.3474e+00 -9.1719e-01
2449 0 +5.103391517e-02 +7.632103392e+01 +7.632103392e+01 -7.5389e-01 -3.1917e+00 -1.2097e+00
2605 0 +8.842886627e-03 +7.627884289e+01 +7.627884289e+01 -1.0190e+00 -3.1492e+00 -1.2305e+00
3487 0 +4.723736088e-03 +7.627472374e+01 +7.627472374e+01 -9.5110e-01 -3.1799e+00 -1.1948e+00
3726 0 +1.997886603e-03 +7.627199789e+01 +7.627199789e+01 -9.7064e-01 -3.1637e+00 -1.2164e+00
4105 0 +1.450934699e-03 +7.627145093e+01 +7.627145093e+01 -9.5748e-01 -3.1341e+00 -1.2644e+00
4106 0 +5.268625133e-04 +7.627052686e+01 +7.627052686e+01 -9.2662e-01 -3.1537e+00 -1.2393e+00
4712 0 +5.036396705e-04 +7.627050364e+01 +7.627050364e+01 -9.3430e-01 -3.1456e+00 -1.2504e+00
4854 0 +2.746702646e-04 +7.627027467e+01 +7.627027467e+01 -9.3265e-01 -3.1594e+00 -1.2295e+00
4933 0 +1.694785579e-04 +7.627016948e+01 +7.627016948e+01 -9.2896e-01 -3.1529e+00 -1.2401e+00
5205 0 +1.473243490e-04 +7.627014732e+01 +7.627014732e+01 -9.2744e-01 -3.1538e+00 -1.2390e+00
5271 0 +1.759739297e-05 +7.627001760e+01 +7.627001760e+01 -9.3918e-01 -3.1501e+00 -1.2428e+00
5782 0 +1.187095353e-05 +7.627001187e+01 +7.627001187e+01 -9.3926e-01 -3.1519e+00 -1.2399e+00
5882 0 +9.274588621e-06 +7.627000927e+01 +7.627000927e+01 -9.3926e-01 -3.1519e+00 -1.2399e+00
6207 0 +1.168138979e-06 +7.627000117e+01 +7.627000117e+01 -9.3931e-01 -3.1506e+00 -1.2420e+00
6718 0 +6.942664754e-07 +7.627000069e+01 +7.627000069e+01 -9.3853e-01 -3.1503e+00 -1.2426e+00
6806 0 +7.008650016e-08 +7.627000007e+01 +7.627000007e+01 -9.3847e-01 -3.1504e+00 -1.2424e+00
7379 0 +6.508837203e-08 +7.627000007e+01 +7.627000007e+01 -9.3847e-01 -3.1505e+00 -1.2423e+00
7508 0 +1.578760589e-08 +7.627000002e+01 +7.627000002e+01 -9.3837e-01 -3.1503e+00 -1.2425e+00
7616 0 +9.029619719e-09 +7.627000001e+01 +7.627000001e+01 -9.3839e-01 -3.1504e+00 -1.2425e+00
9884 0 +3.694822226e-13 +7.627000000e+01 +7.627000000e+01 -9.3840e-01 -3.1504e+00 -1.2424e+00
11175 0 +0.000000000e+00 +7.627000000e+01 +7.627000000e+01 -9.3840e-01 -3.1504e+00 -1.2424e+00
12051 0 +0.000000000e+00 +7.627000000e+01 +7.627000000e+01 -9.3840e-01 -3.1504e+00 -1.2424e+00
% f evaluations | g evaluations | best noise-free fitness - Fopt (-2.255000000000e+01) + sum g_i+ | measured fitness | best measured fitness or single-digit g-values | x1 | x2...
1 0 +2.610044236e+06 +2.610021686e+06 +2.610021686e+06 +4.4815e+00 -2.1321e+00 -3.3716e+00
3 0 +2.013235048e+06 +2.013212498e+06 +2.013212498e+06 +3.7300e+00 +4.3876e+00 +3.0370e+00
7 0 +9.297843581e+05 +9.297618081e+05 +9.297618081e+05 +1.1936e+00 +2.3441e+00 -4.2907e-01
11 0 +2.657572311e+05 +2.657346811e+05 +2.657346811e+05 +2.4446e+00 -2.5239e+00 -1.7460e+00
13 0 +2.820216099e+04 +2.817961099e+04 +2.817961099e+04 +3.4525e+00 -3.6235e+00 +1.1040e+00
53 0 +7.572192417e+02 +7.346692417e+02 +7.346692417e+02 +1.7870e+00 +4.3876e+00 -2.2438e-01
308 0 +3.290887683e+02 +3.065387683e+02 +3.065387683e+02 +1.6769e+00 +4.3737e+00 -1.3537e+00
378 0 +3.024199038e+02 +2.798699038e+02 +2.798699038e+02 +1.6315e+00 +4.7830e+00 -1.0866e+00
491 0 +2.308399272e+02 +2.082899272e+02 +2.082899272e+02 +2.9923e+00 -9.3215e-01 +6.3300e-01
508 0 +8.142252603e+01 +5.887252603e+01 +5.887252603e+01 +1.7330e+00 +4.0053e+00 -1.4037e+00
554 0 +6.673789850e+00 -1.587621015e+01 -1.587621015e+01 +2.6637e+00 +7.5325e-01 +6.0646e-01
915 0 +2.279240667e+00 -2.027075933e+01 -2.027075933e+01 +2.4987e+00 +3.1426e+00 +2.8270e+00
1060 0 +1.126682687e+00 -2.142331731e+01 -2.142331731e+01 +2.4367e+00 +2.6939e+00 +1.7658e+00
1502 0 +7.909382661e-01 -2.175906173e+01 -2.175906173e+01 +2.4573e+00 +3.3808e+00 +2.8859e+00
1760 0 +2.518448100e-01 -2.229815519e+01 -2.229815519e+01 +2.4636e+00 +2.9327e+00 +2.2925e+00
2655 0 +2.317184134e-01 -2.231828159e+01 -2.231828159e+01 +2.5193e+00 +2.4895e+00 +2.0537e+00
2941 0 +2.190994229e-01 -2.233090058e+01 -2.233090058e+01 +2.6446e+00 +2.1482e+00 +2.4544e+00
2967 0 +1.898046802e-01 -2.236019532e+01 -2.236019532e+01 +2.4939e+00 +2.6811e+00 +2.1484e+00
3024 0 +1.803431623e-01 -2.236965684e+01 -2.236965684e+01 +2.5227e+00 +2.8757e+00 +2.6293e+00
3158 0 +6.026161585e-02 -2.248973838e+01 -2.248973838e+01 +2.5791e+00 +2.5231e+00 +2.5225e+00
3402 0 +2.827161338e-02 -2.252172839e+01 -2.252172839e+01 +2.5792e+00 +2.5524e+00 +2.5677e+00
3641 0 +1.653123177e-02 -2.253346877e+01 -2.253346877e+01 +2.5717e+00 +2.5386e+00 +2.4944e+00
3645 0 +5.048704409e-04 -2.254949513e+01 -2.254949513e+01 +2.5647e+00 +2.5782e+00 +2.5008e+00
4661 0 +4.035482262e-04 -2.254959645e+01 -2.254959645e+01 +2.5642e+00 +2.5900e+00 +2.5138e+00
4753 0 +2.557362712e-04 -2.254974426e+01 -2.254974426e+01 +2.5678e+00 +2.5803e+00 +2.5255e+00
4998 0 +1.571547484e-04 -2.254984285e+01 -2.254984285e+01 +2.5637e+00 +2.5833e+00 +2.5010e+00
5053 0 +1.155255934e-04 -2.254988447e+01 -2.254988447e+01 +2.5635e+00 +2.5899e+00 +2.5087e+00
5150 0 +2.493947303e-05 -2.254997506e+01 -2.254997506e+01 +2.5653e+00 +2.5822e+00 +2.5104e+00
5548 0 +1.340629390e-05 -2.254998659e+01 -2.254998659e+01 +2.5655e+00 +2.5782e+00 +2.5066e+00
5639 0 +7.103438904e-08 -2.254999993e+01 -2.254999993e+01 +2.5656e+00 +2.5798e+00 +2.5095e+00
7254 0 +1.831795515e-08 -2.254999998e+01 -2.254999998e+01 +2.5656e+00 +2.5800e+00 +2.5097e+00
7708 0 +1.592171017e-08 -2.254999998e+01 -2.254999998e+01 +2.5656e+00 +2.5800e+00 +2.5097e+00
7790 0 +1.259716953e-08 -2.254999999e+01 -2.254999999e+01 +2.5656e+00 +2.5799e+00 +2.5097e+00
7938 0 +1.240334413e-08 -2.254999999e+01 -2.254999999e+01 +2.5656e+00 +2.5799e+00 +2.5097e+00
7954 0 +1.128205440e-08 -2.254999999e+01 -2.254999999e+01 +2.5656e+00 +2.5800e+00 +2.5097e+00
7986 0 +3.202508481e-09 -2.255000000e+01 -2.255000000e+01 +2.5656e+00 +2.5800e+00 +2.5096e+00
9946 0 +7.887024367e-13 -2.255000000e+01 -2.255000000e+01 +2.5656e+00 +2.5800e+00 +2.5096e+00
11715 0 +0.000000000e+00 -2.255000000e+01 -2.255000000e+01 +2.5656e+00 +2.5800e+00 +2.5096e+00
12051 0 +0.000000000e+00 -2.255000000e+01 -2.255000000e+01 +2.5656e+00 +2.5800e+00 +2.5096e+00
% f evaluations | g evaluations | best noise-free fitness - Fopt (1.366000000000e+01) + sum g_i+ | measured fitness | best measured fitness or single-digit g-values | x1 | x2...
1 0 +1.472721552e+07 +1.472722918e+07 +1.472722918e+07 -4.1435e+00 +3.7252e+00 +1.6099e+00
2 0 +3.064695893e+06 +3.064709553e+06 +3.064709553e+06 -3.7963e+00 +3.8766e+00 +4.8535e+00
6 0 +7.824541244e+05 +7.824677844e+05 +7.824677844e+05 -1.0839e+00 -2.2247e+00 -2.3041e+00
7 0 +6.710571296e+05 +6.710707896e+05 +6.710707896e+05 +2.5722e+00 +3.1306e+00 +3.2561e+00
8 0 +5.653959313e+05 +5.654095913e+05 +5.654095913e+05 -3.1399e+00 -1.4096e+00 +4.6590e-01
12 0 +9.711171110e+03 +9.724831110e+03 +9.724831110e+03 -3.2366e+00 +1.1354e+00 +4.4496e+00
37 0 +5.249910770e+03 +5.263570770e+03 +5.263570770e+03 +2.0885e+00 +1.2509e+00 +3.7164e-01
71 0 +1.973698683e+03 +1.987358683e+03 +1.987358683e+03 +1.4295e+00 +3.7919e+00 +3.5303e+00
100 0 +1.263150780e+03 +1.276810780e+03 +1.276810780e+03 -1.2526e+00 +3.0504e+00 +5.0000e+00
152 0 +4.674284368e+01 +6.040284368e+01 +6.040284368e+01 -5.0000e+00 -9.3367e-01 +3.9251e+00
232 0 +3.562955665e+01 +4.928955665e+01 +4.928955665e+01 +7.5192e-01 +2.5540e+00 +2.7221e+00
313 0 +5.572580546e+00 +1.923258055e+01 +1.923258055e+01 -1.3493e+00 +2.0074e+00 +3.9314e+00
1287 0 +3.839606643e-01 +1.404396066e+01 +1.404396066e+01 -5.5350e-03 +2.3509e+00 +3.1580e+00
1816 0 +1.975577844e-02 +1.367975578e+01 +1.367975578e+01 +5.3479e-01 +2.2199e+00 +2.5649e+00
2934 0 +1.934135290e-02 +1.367934135e+01 +1.367934135e+01 +4.6913e-01 +2.1927e+00 +2.5916e+00
3063 0 +1.601090193e-02 +1.367601090e+01 +1.367601090e+01 +5.0440e-01 +2.3132e+00 +2.6886e+00
3661 0 +1.552963644e-02 +1.367552964e+01 +1.367552964e+01 +4.2118e-01 +2.2611e+00 +2.7042e+00
3732 0 +5.601209433e-03 +1.366560121e+01 +1.366560121e+01 +4.0301e-01 +2.1968e+00 +2.6519e+00
3758 0 +5.308066913e-03 +1.366530807e+01 +1.366530807e+01 +3.7750e-01 +2.1893e+00 +2.6654e+00
3960 0 +3.339703536e-03 +1.366333970e+01 +1.366333970e+01 +4.5062e-01 +2.2556e+00 +2.6734e+00
4060 0 +1.078151617e-03 +1.366107815e+01 +1.366107815e+01 +4.2312e-01 +2.2010e+00 +2.6393e+00
4281 0 +5.477958233e-04 +1.366054780e+01 +1.366054780e+01 +4.2848e-01 +2.2187e+00 +2.6534e+00
4755 0 +1.992963576e-04 +1.366019930e+01 +1.366019930e+01 +4.2265e-01 +2.2281e+00 +2.6681e+00
4883 0 +7.534161211e-06 +1.366000753e+01 +1.366000753e+01 +4.2836e-01 +2.2262e+00 +2.6613e+00
5435 0 +3.449922039e-06 +1.366000345e+01 +1.366000345e+01 +4.2610e-01 +2.2232e+00 +2.6600e+00
5822 0 +3.055646514e-06 +1.366000306e+01 +1.366000306e+01 +4.2590e-01 +2.2240e+00 +2.6611e+00
5903 0 +2.921500277e-06 +1.366000292e+01 +1.366000292e+01 +4.2841e-01 +2.2244e+00 +2.6594e+00
6113 0 +2.012148466e-06 +1.366000201e+01 +1.366000201e+01 +4.2827e-01 +2.2242e+00 +2.6593e+00
6218 0 +1.307456584e-06 +1.366000131e+01 +1.366000131e+01 +4.2628e-01 +2.2239e+00 +2.6607e+00
6404 0 +3.325781481e-07 +1.366000033e+01 +1.366000033e+01 +4.2766e-01 +2.2242e+00 +2.6599e+00
6415 0 +3.236233876e-07 +1.366000032e+01 +1.366000032e+01 +4.2730e-01 +2.2237e+00 +2.6596e+00
6682 0 +1.285207354e-07 +1.366000013e+01 +1.366000013e+01 +4.2733e-01 +2.2242e+00 +2.6601e+00
6732 0 +1.188623937e-07 +1.366000012e+01 +1.366000012e+01 +4.2690e-01 +2.2238e+00 +2.6601e+00
6865 0 +9.688155522e-08 +1.366000010e+01 +1.366000010e+01 +4.2703e-01 +2.2238e+00 +2.6599e+00
6965 0 +2.383869990e-08 +1.366000002e+01 +1.366000002e+01 +4.2720e-01 +2.2239e+00 +2.6599e+00
7381 0 +1.892384027e-08 +1.366000002e+01 +1.366000002e+01 +4.2731e-01 +2.2241e+00 +2.6600e+00
7407 0 +6.406178699e-09 +1.366000001e+01 +1.366000001e+01 +4.2720e-01 +2.2240e+00 +2.6600e+00
9322 0 +9.308109838e-13 +1.366000000e+01 +1.366000000e+01 +4.2720e-01 +2.2240e+00 +2.6600e+00
11015 0 +0.000000000e+00 +1.366000000e+01 +1.366000000e+01 +4.2720e-01 +2.2240e+00 +2.6600e+00
12051 0 +0.000000000e+00 +1.366000000e+01 +1.366000000e+01 +4.2720e-01 +2.2240e+00 +2.6600e+00
% f evaluations | g evaluations | best noise-free fitness - Fopt (9.378400000000e+02) + sum g_i+ | measured fitness | best measured fitness or single-digit g-values | x1 | x2...
1 0 +3.532122319e+07 +3.532216103e+07 +3.532216103e+07 -4.5597e+00 +4.0110e+00 -7.2588e-01
2 0 +2.699535966e+06 +2.700473806e+06 +2.700473806e+06 +3.6627e+00 +3.5931e-02 +1.7081e+00
4 0 +2.185525488e+06 +2.186463328e+06 +2.186463328e+06 +9.5028e-01 +1.7790e+00 +4.5155e+00
8 0 +1.549279796e+05 +1.558658196e+05 +1.558658196e+05 -3.2715e+00 -2.4586e+00 +4.4855e+00
13 0 +1.215293466e+05 +1.224671866e+05 +1.224671866e+05 +4.8047e+00 -2.9165e+00 -2.2210e+00
14 0 +8.434216972e+04 +8.528000972e+04 +8.528000972e+04 +4.8024e+00 -3.9884e-02 -2.2749e+00
26 0 +2.683047414e+03 +3.620887414e+03 +3.620887414e+03 +2.1021e+00 -3.9953e+00 -5.5101e-01
133 0 +7.798017806e+02 +1.717641781e+03 +1.717641781e+03 +2.6422e+00 +4.5001e+00 +1.4448e+00
163 0 +2.217410178e+02 +1.159581018e+03 +1.159581018e+03 +3.9198e+00 -2.9165e+00 -1.8932e+00
256 0 +1.074142223e+02 +1.045254222e+03 +1.045254222e+03 +3.9372e+00 -2.9453e+00 -1.9058e+00
582 0 +9.601906960e+01 +1.033859070e+03 +1.033859070e+03 -1.1994e-01 -3.8210e+00 +1.6498e+00
688 0 +8.449464716e+01 +1.022334647e+03 +1.022334647e+03 +3.9784e-01 -2.8424e+00 +1.4660e+00
818 0 +4.908776924e+01 +9.869277692e+02 +9.869277692e+02 +1.2266e+00 -2.5508e+00 +7.5971e-01
835 0 +3.910669806e+01 +9.769466981e+02 +9.769466981e+02 +5.1051e-01 -2.0855e+00 +1.5730e+00
1153 0 +3.562563499e+01 +9.734656350e+02 +9.734656350e+02 +2.7700e+00 +2.2264e+00 +7.0631e-01
1161 0 +3.261199734e+01 +9.704519973e+02 +9.704519973e+02 +2.1037e+00 -2.3958e-01 +6.1260e-01
1513 0 +3.211460848e+01 +9.699546085e+02 +9.699546085e+02 +1.2749e+00 +1.7756e+00 +1.9701e+00
1557 0 +3.036666727e+01 +9.682066673e+02 +9.682066673e+02 -9.7456e-01 -1.6757e+00 +3.0853e+00
1586 0 +8.121962993e+00 +9.459619630e+02 +9.459619630e+02 +1.4799e+00 +2.4908e+00 +1.9923e+00
1640 0 +7.611257669e+00 +9.454512577e+02 +9.454512577e+02 -1.5784e+00 +1.7007e+00 +4.6403e+00
1836 0 +3.492585910e+00 +9.413325859e+02 +9.413325859e+02 +3.6566e-01 +4.5333e+00 +3.6360e+00
1927 0 +2.490513302e+00 +9.403305133e+02 +9.403305133e+02 -7.3163e-01 +4.8213e+00 +4.7502e+00
1936 0 +1.434647677e+00 +9.392746477e+02 +9.392746477e+02 -9.4352e-02 +4.5941e+00 +4.0835e+00
2069 0 +1.201217758e+00 +9.390412178e+02 +9.390412178e+02 -6.1039e-01 +4.4600e+00 +4.5304e+00
2442 0 +6.578295620e-01 +9.384978296e+02 +9.384978296e+02 -2.1149e-01 +4.3460e+00 +4.1223e+00
2453 0 +2.135986342e-01 +9.380535986e+02 +9.380535986e+02 -1.6715e-01 +3.8394e+00 +3.9328e+00
2467 0 +1.602171005e-01 +9.380002171e+02 +9.380002171e+02 -5.7111e-02 +3.4318e+00 +3.7111e+00
2983 0 +1.412019447e-01 +9.379812019e+02 +9.379812019e+02 -1.9068e-01 +3.8733e+00 +3.9655e+00
3034 0 +9.060676231e-02 +9.379306068e+02 +9.379306068e+02 -4.2523e-01 +3.6183e+00 +4.1119e+00
3053 0 +4.835270587e-02 +9.378883527e+02 +9.378883527e+02 -2.0216e-01 +3.6188e+00 +3.9017e+00
3210 0 +9.662280747e-03 +9.378496623e+02 +9.378496623e+02 -2.9180e-01 +3.4925e+00 +3.9495e+00
3343 0 +9.019356214e-03 +9.378490194e+02 +9.378490194e+02 -2.8798e-01 +3.6708e+00 +3.9978e+00
3420 0 +5.689252955e-04 +9.378405689e+02 +9.378405689e+02 -3.0047e-01 +3.5618e+00 +3.9778e+00
4230 0 +3.962319056e-04 +9.378403962e+02 +9.378403962e+02 -2.9422e-01 +3.5610e+00 +3.9717e+00
4463 0 +2.089224212e-04 +9.378402089e+02 +9.378402089e+02 -2.8649e-01 +3.5782e+00 +3.9694e+00
4644 0 +1.200878178e-04 +9.378401201e+02 +9.378401201e+02 -3.0059e-01 +3.5765e+00 +3.9822e+00
4716 0 +7.733897064e-06 +9.378400077e+02 +9.378400077e+02 -2.9806e-01 +3.5759e+00 +3.9797e+00
5213 0 +9.050381777e-07 +9.378400009e+02 +9.378400009e+02 -2.9685e-01 +3.5777e+00 +3.9790e+00
5899 0 +5.920496733e-07 +9.378400006e+02 +9.378400006e+02 -2.9629e-01 +3.5788e+00 +3.9788e+00
6135 0 +4.198742545e-07 +9.378400004e+02 +9.378400004e+02 -2.9693e-01 +3.5779e+00 +3.9792e+00
6152 0 +1.893004082e-07 +9.378400002e+02 +9.378400002e+02 -2.9695e-01 +3.5784e+00 +3.9793e+00
6433 0 +3.554430350e-08 +9.378400000e+02 +9.378400000e+02 -2.9691e-01 +3.5782e+00 +3.9793e+00
6527 0 +1.575631359e-08 +9.378400000e+02 +9.378400000e+02 -2.9679e-01 +3.5783e+00 +3.9792e+00
6683 0 +6.002323971e-09 +9.378400000e+02 +9.378400000e+02 -2.9675e-01 +3.5784e+00 +3.9791e+00
8802 0 +4.547473509e-13 +9.378400000e+02 +9.378400000e+02 -2.9680e-01 +3.5784e+00 +3.9792e+00
9338 0 +0.000000000e+00 +9.378400000e+02 +9.378400000e+02 -2.9680e-01 +3.5784e+00 +3.9792e+00
12051 0 +0.000000000e+00 +9.378400000e+02 +9.378400000e+02 -2.9680e-01 +3.5784e+00 +3.9792e+00
% f evaluations | g evaluations | best noise-free fitness - Fopt (-7.872000000000e+01) + sum g_i+ | measured fitness | best measured fitness or single-digit g-values | x1 | x2...
1 0 +8.890371930e+06 +8.890293210e+06 +8.890293210e+06 +2.2147e+00 +2.6819e+00 -1.0226e+00
3 0 +2.400926800e+06 +2.400848080e+06 +2.400848080e+06 +1.0541e-01 +1.2095e+00 -9.5874e-01
4 0 +5.804347166e+04 +5.796475166e+04 +5.796475166e+04 +6.7615e-01 +1.6718e+00 -3.4434e+00
8 0 +1.312781197e+04 +1.304909197e+04 +1.304909197e+04 -4.1431e+00 +4.5365e+00 -4.4934e+00
36 0 +9.857406506e+02 +9.070206506e+02 +9.070206506e+02 +1.6257e+00 +2.6964e+00 -4.8621e+00
164 0 +3.234230232e+02 +2.447030232e+02 +2.447030232e+02 -4.2682e+00 +5.0000e+00 -5.0000e+00
271 0 +1.481161029e+02 +6.939610286e+01 +6.939610286e+01 -5.0000e+00 +5.0000e+00 -4.7466e+00
367 0 +8.824581619e+01 +9.525816185e+00 +9.525816185e+00 -3.7997e+00 +4.4380e+00 -4.6612e+00
816 0 +7.786510427e+01 -8.548957255e-01 -8.548957255e-01 -3.3020e+00 -1.2781e+00 -9.8296e-02
871 0 +7.727709182e+01 -1.442908177e+00 -1.442908177e+00 -3.4934e+00 +2.6833e+00 -3.3114e+00
920 0 +6.422123356e+01 -1.449876644e+01 -1.449876644e+01 -1.5158e+00 +3.4056e-01 -1.9759e+00
937 0 +5.179194169e+01 -2.692805831e+01 -2.692805831e+01 -1.1874e+00 -2.1897e-01 -1.6165e+00
1088 0 +4.392347252e+01 -3.479652748e+01 -3.479652748e+01 -2.7499e+00 -3.5672e-01 -1.0228e+00
1220 0 +3.292574968e+01 -4.579425032e+01 -4.579425032e+01 +1.3018e-01 -2.7907e+00 +9.7500e-02
1263 0 +1.793925367e+01 -6.078074633e+01 -6.078074633e+01 -6.3045e-01 +2.6020e-02 -1.9998e+00
1491 0 +1.299381832e+01 -6.572618168e+01 -6.572618168e+01 +2.8949e+00 -2.2138e+00 -1.2379e+00
1641 0 +7.833872441e+00 -7.088612756e+01 -7.088612756e+01 +1.1864e+00 -2.1573e+00 -7.5870e-01
1739 0 +7.356434820e-01 -7.798435652e+01 -7.798435652e+01 +2.5678e+00 -1.1857e+00 -1.9904e+00
2360 0 +5.622156034e-01 -7.815778440e+01 -7.815778440e+01 +3.4803e+00 -9.3180e-01 -2.4833e+00
2392 0 +4.184586785e-01 -7.830154132e+01 -7.830154132e+01 +2.9483e+00 -1.0024e+00 -2.2601e+00
2800 0 +3.254711071e-01 -7.839452889e+01 -7.839452889e+01 +3.0129e+00 -1.0584e+00 -2.2342e+00
2853 0 +2.040505264e-01 -7.851594947e+01 -7.851594947e+01 +3.2175e+00 -1.0985e+00 -2.2647e+00
3103 0 +1.362825479e-01 -7.858371745e+01 -7.858371745e+01 +3.1260e+00 -1.2115e+00 -2.1427e+00
3382 0 +1.082462756e-01 -7.861175372e+01 -7.861175372e+01 +3.6294e+00 -1.5622e+00 -2.0094e+00
3472 0 +8.961157633e-02 -7.863038842e+01 -7.863038842e+01 +3.2928e+00 -1.5504e+00 -1.9147e+00
3529 0 +6.991426996e-02 -7.865008573e+01 -7.865008573e+01 +3.3752e+00 -1.5961e+00 -1.9020e+00
3585 0 +5.358251447e-02 -7.866641749e+01 -7.866641749e+01 +3.5642e+00 -1.3233e+00 -2.1864e+00
3635 0 +4.026375941e-02 -7.867973624e+01 -7.867973624e+01 +3.3113e+00 -1.2805e+00 -2.1432e+00
3730 0 +2.409619747e-02 -7.869590380e+01 -7.869590380e+01 +3.3472e+00 -1.3405e+00 -2.1046e+00
4007 0 +1.535613862e-02 -7.870464386e+01 -7.870464386e+01 +3.3866e+00 -1.3539e+00 -2.1060e+00
4079 0 +1.007681934e-03 -7.871899232e+01 -7.871899232e+01 +3.4032e+00 -1.4248e+00 -2.0525e+00
4968 0 +8.440395873e-04 -7.871915596e+01 -7.871915596e+01 +3.4035e+00 -1.3994e+00 -2.0736e+00
4980 0 +5.414096551e-04 -7.871945859e+01 -7.871945859e+01 +3.3907e+00 -1.4235e+00 -2.0496e+00
5135 0 +5.349648030e-04 -7.871946504e+01 -7.871946504e+01 +3.4162e+00 -1.4050e+00 -2.0729e+00
5220 0 +4.705963366e-04 -7.871952940e+01 -7.871952940e+01 +3.4261e+00 -1.4180e+00 -2.0652e+00
5225 0 +4.455411370e-04 -7.871955446e+01 -7.871955446e+01 +3.4225e+00 -1.4277e+00 -2.0561e+00
5253 0 +1.085034112e-04 -7.871989150e+01 -7.871989150e+01 +3.4117e+00 -1.4287e+00 -2.0519e+00
5328 0 +4.761567666e-05 -7.871995238e+01 -7.871995238e+01 +3.4058e+00 -1.4188e+00 -2.0583e+00
5813 0 +2.411451915e-05 -7.871997589e+01 -7.871997589e+01 +3.4098e+00 -1.4184e+00 -2.0598e+00
6121 0 +3.179115780e-06 -7.871999682e+01 -7.871999682e+01 +3.4102e+00 -1.4205e+00 -2.0582e+00
6370 0 +2.778993277e-06 -7.871999722e+01 -7.871999722e+01 +3.4105e+00 -1.4210e+00 -2.0579e+00
6760 0 +2.475036013e-06 -7.871999752e+01 -7.871999752e+01 +3.4114e+00 -1.4229e+00 -2.0566e+00
6783 0 +2.233271175e-06 -7.871999777e+01 -7.871999777e+01 +3.4123e+00 -1.4214e+00 -2.0581e+00
6800 0 +2.029409387e-06 -7.871999797e+01 -7.871999797e+01 +3.4126e+00 -1.4218e+00 -2.0579e+00
6960 0 +1.743618668e-06 -7.871999826e+01 -7.871999826e+01 +3.4113e+00 -1.4226e+00 -2.0568e+00
7034 0 +6.086565492e-07 -7.871999939e+01 -7.871999939e+01 +3.4107e+00 -1.4219e+00 -2.0572e+00
7126 0 +2.475903500e-07 -7.871999975e+01 -7.871999975e+01 +3.4113e+00 -1.4214e+00 -2.0578e+00
7530 0 +1.853927785e-07 -7.871999981e+01 -7.871999981e+01 +3.4114e+00 -1.4217e+00 -2.0576e+00
7592 0 +7.146174141e-08 -7.871999993e+01 -7.871999993e+01 +3.4111e+00 -1.4215e+00 -2.0576e+00
7636 0 +6.527541530e-08 -7.871999993e+01 -7.871999993e+01 +3.4114e+00 -1.4215e+00 -2.0577e+00
7906 0 +5.510270285e-08 -7.871999994e+01 -7.871999994e+01 +3.4110e+00 -1.4217e+00 -2.0575e+00
7918 0 +1.626276003e-08 -7.871999998e+01 -7.871999998e+01 +3.4111e+00 -1.4217e+00 -2.0575e+00
7968 0 +1.531537919e-08 -7.871999998e+01 -7.871999998e+01 +3.4113e+00 -1.4216e+00 -2.0576e+00
8158 0 +7.485709830e-09 -7.871999999e+01 -7.871999999e+01 +3.4113e+00 -1.4216e+00 -2.0576e+00
10794 0 +9.094947018e-13 -7.872000000e+01 -7.872000000e+01 +3.4112e+00 -1.4216e+00 -2.0576e+00
11735 0 +0.000000000e+00 -7.872000000e+01 -7.872000000e+01 +3.4112e+00 -1.4216e+00 -2.0576e+00
12051 0 +0.000000000e+00 -7.872000000e+01 -7.872000000e+01 +3.4112e+00 -1.4216e+00 -2.0576e+00
% f evaluations | g evaluations | best noise-free fitness - Fopt (7.627000000000e+01) + sum g_i+ | measured fitness | best measured fitness or single-digit g-values | x1 | x2...
1 0 +1.943208611e+07 +1.943216238e+07 +1.943216238e+07 +2.3912e+00 +2.4117e+00 -2.2358e+00
6 0 +4.810530821e+06 +4.810607091e+06 +4.810607091e+06 +4.4638e+00 -4.4078e+00 +3.9046e+00
9 0 +3.046035789e+06 +3.046112059e+06 +3.046112059e+06 -2.8437e+00 -2.7405e-01 -2.3577e+00
11 0 +1.093785127e+05 +1.094547827e+05 +1.094547827e+05 +4.5799e+00 -1.7122e+00 -4.9980e+00
26 0 +2.873729718e+04 +2.881356718e+04 +2.881356718e+04 +1.6296e-01 -1.1055e+00 -4.2923e+00
94 0 +1.516023929e+04 +1.523650929e+04 +1.523650929e+04 +1.4389e+00 -3.9088e+00 -2.5293e-01
100 0 +7.152618012e+00 +8.342261801e+01 +8.342261801e+01 -2.2641e+00 -3.9916e+00 +2.8464e-01
1063 0 +3.596715350e+00 +7.986671535e+01 +7.986671535e+01 -2.2333e+00 -3.1589e+00 -1.0119e+00
1498 0 +1.168731041e+00 +7.743873104e+01 +7.743873104e+01 -9.9478e-01 -3.7471e+00 -3.1061e-01
2067 0 +5.392448869e-01 +7.680924489e+01 +7.680924489e+01 -5.9467e-01 -2.8136e+00 -1.8214e+00
2209 0 +3.534639512e-01 +7.662346395e+01 +7.662346395e+01 -8.8594e-01 -3.2584e+00 -1.0835e+00
2519 0 +1.298988705e-01 +7.639989887e+01 +7.639989887e+01 -6.5657e-01 -3.2497e+00 -1.1366e+00
2577 0 +4.580604875e-02 +7.631580605e+01 +7.631580605e+01 -8.1595e-01 -3.2318e+00 -1.1377e+00
2757 0 +3.521228916e-02 +7.630521229e+01 +7.630521229e+01 -1.1262e+00 -3.1446e+00 -1.2195e+00
2791 0 +2.057817126e-02 +7.629057817e+01 +7.629057817e+01 -9.5286e-01 -3.1972e+00 -1.1675e+00
3117 0 +1.813594779e-02 +7.628813595e+01 +7.628813595e+01 -8.2051e-01 -3.1296e+00 -1.2946e+00
3320 0 +2.934722050e-03 +7.627293472e+01 +7.627293472e+01 -9.8617e-01 -3.1362e+00 -1.2562e+00
3651 0 +1.974977884e-03 +7.627197498e+01 +7.627197498e+01 -9.5240e-01 -3.1308e+00 -1.2702e+00
3904 0 +1.473561690e-03 +7.627147356e+01 +7.627147356e+01 -9.6248e-01 -3.1466e+00 -1.2442e+00
4221 0 +3.277379675e-04 +7.627032774e+01 +7.627032774e+01 -9.5511e-01 -3.1533e+00 -1.2351e+00
4574 0 +2.240572106e-04 +7.627022406e+01 +7.627022406e+01 -9.3363e-01 -3.1431e+00 -1.2545e+00
4749 0 +1.139062238e-04 +7.627011391e+01 +7.627011391e+01 -9.4193e-01 -3.1489e+00 -1.2441e+00
4821 0 +1.119791222e-04 +7.627011198e+01 +7.627011198e+01 -9.4228e-01 -3.1490e+00 -1.2439e+00
4846 0 +8.730922539e-05 +7.627008731e+01 +7.627008731e+01 -9.3892e-01 -3.1481e+00 -1.2459e+00
5200 0 +6.824640703e-05 +7.627006825e+01 +7.627006825e+01 -9.3830e-01 -3.1470e+00 -1.2476e+00
5236 0 +3.578818564e-06 +7.627000358e+01 +7.627000358e+01 -9.3882e-01 -3.1499e+00 -1.2431e+00
5639 0 +2.332455551e-06 +7.627000233e+01 +7.627000233e+01 -9.3969e-01 -3.1502e+00 -1.2425e+00
5651 0 +2.131993398e-06 +7.627000213e+01 +7.627000213e+01 -9.3824e-01 -3.1498e+00 -1.2434e+00
6308 0 +2.751011721e-07 +7.627000028e+01 +7.627000028e+01 -9.3828e-01 -3.1502e+00 -1.2428e+00
6416 0 +1.080083365e-07 +7.627000011e+01 +7.627000011e+01 -9.3867e-01 -3.1505e+00 -1.2422e+00
6766 0 +6.280555453e-08 +7.627000006e+01 +7.627000006e+01 -9.3837e-01 -3.1503e+00 -1.2426e+00
6871 0 +4.431500145e-08 +7.627000004e+01 +7.627000004e+01 -9.3853e-01 -3.1504e+00 -1.2423e+00
7306 0 +4.298517808e-08 +7.627000004e+01 +7.627000004e+01 -9.3828e-01 -3.1505e+00 -1.2423e+00
7358 0 +4.015254262e-08 +7.627000004e+01 +7.627000004e+01 -9.3839e-01 -3.1505e+00 -1.2423e+00
7398 0 +1.701735641e-08 +7.627000002e+01 +7.627000002e+01 -9.3828e-01 -3.1504e+00 -1.2423e+00
7403 0 +1.319969556e-08 +7.627000001e+01 +7.627000001e+01 -9.3841e-01 -3.1505e+00 -1.2423e+00
7455 0 +8.460474987e-09 +7.627000001e+01 +7.627000001e+01 -9.3835e-01 -3.1504e+00 -1.2424e+00
10120 0 +7.389644452e-13 +7.627000000e+01 +7.627000000e+01 -9.3840e-01 -3.1504e+00 -1.2424e+00
10872 0 +0.000000000e+00 +7.627000000e+01 +7.627000000e+01 -9.3840e-01 -3.1504e+00 -1.2424e+00
12051 0 +0.000000000e+00 +7.627000000e+01 +7.627000000e+01 -9.3840e-01 -3.1504e+00 -1.2424e+00
% f evaluations | g evaluations | best noise-free fitness - Fopt (-2.255000000000e+01) + sum g_i+ | measured fitness | best measured fitness or single-digit g-values | x1 | x2...
1 0 +7.234497086e+07 +7.234494831e+07 +7.234494831e+07 -4.8062e+00 -3.7650e+00 +4.1252e+00
2 0 +4.155313127e+06 +4.155290577e+06 +4.155290577e+06 +1.0695e+00 +1.3091e+00 +4.8590e+00
3 0 +1.690476009e+05 +1.690250509e+05 +1.690250509e+05 +2.2428e+00 +3.7392e+00 -1.2927e+00
12 0 +8.499422878e+04 +8.497167878e+04 +8.497167878e+04 +1.8393e+00 +2.6729e+00 -3.8389e-01
14 0 +1.336634627e+03 +1.314084627e+03 +1.314084627e+03 +1.3030e+00 +3.8723e+00 -4.3289e+00
255 0 +5.012748691e+02 +4.787248691e+02 +4.787248691e+02 +1.9879e+00 +1.1045e+00 -3.8276e+00
352 0 +3.893539256e+02 +3.668039256e+02 +3.668039256e+02 +2.1167e+00 -1.2137e-01 -4.6455e+00
508 0 +2.045752311e+02 +1.820252311e+02 +1.820252311e+02 +2.4174e+00 -1.1866e+00 -3.8062e+00
566 0 +2.032602766e+02 +1.807102766e+02 +1.807102766e+02 +1.7750e+00 +1.1668e+00 -5.0000e+00
586 0 +6.646969872e+01 +4.391969872e+01 +4.391969872e+01 +1.8152e+00 +1.8882e+00 -3.8140e+00
630 0 +2.905606097e+01 +6.506060965e+00 +6.506060965e+00 +1.8117e+00 +2.6616e+00 -2.7110e+00
1175 0 +2.640186906e+01 +3.851869056e+00 +3.851869056e+00 +2.4035e+00 +2.6339e-01 -1.9431e+00
1201 0 +2.005501264e+01 -2.494987355e+00 -2.494987355e+00 +1.5781e+00 +4.9257e+00 -1.1284e+00
1251 0 +1.859680929e+01 -3.953190710e+00 -3.953190710e+00 +1.7976e+00 +4.2774e+00 -5.2249e-01
1341 0 +1.682147446e+01 -5.728525539e+00 -5.728525539e+00 +2.2504e+00 +1.7446e+00 -9.2100e-01
1453 0 +1.615529927e+01 -6.394700727e+00 -6.394700727e+00 +1.9475e+00 +3.6923e+00 -2.9672e-01
1615 0 +1.031926596e+01 -1.223073404e+01 -1.223073404e+01 +2.2700e+00 +1.9995e+00 -4.1637e-01
1628 0 +6.375787859e+00 -1.617421214e+01 -1.617421214e+01 +2.0585e+00 +3.6308e+00 +4.2002e-01
1871 0 +6.072665478e+00 -1.647733452e+01 -1.647733452e+01 +2.2336e+00 +2.6239e+00 +2.1901e-01
1905 0 +5.920822300e+00 -1.662917770e+01 -1.662917770e+01 +2.1667e+00 +2.9355e+00 +1.9549e-01
2076 0 +5.793463209e+00 -1.675653679e+01 -1.675653679e+01 +2.0815e+00 +3.6727e+00 +6.4781e-01
2170 0 +2.843375491e+00 -1.970662451e+01 -1.970662451e+01 +2.2237e+00 +3.3390e+00 +1.1790e+00
2171 0 +3.016458467e-01 -2.224835415e+01 -2.224835415e+01 +2.4444e+00 +3.0242e+00 +2.2836e+00
2536 0 +2.299104566e-01 -2.232008954e+01 -2.232008954e+01 +2.6590e+00 +2.3776e+00 +2.8832e+00
2870 0 +1.375053396e-01 -2.241249466e+01 -2.241249466e+01 +2.4908e+00 +2.9399e+00 +2.4931e+00
3043 0 +1.168043885e-01 -2.243319561e+01 -2.243319561e+01 +2.5026e+00 +2.9035e+00 +2.5249e+00
3191 0 +4.300227880e-02 -2.250699772e+01 -2.250699772e+01 +2.5235e+00 +2.6954e+00 +2.3771e+00
3318 0 +3.610125135e-02 -2.251389875e+01 -2.251389875e+01 +2.5753e+00 +2.4457e+00 +2.3871e+00
3344 0 +1.466554255e-02 -2.253533446e+01 -2.253533446e+01 +2.5612e+00 +2.5423e+00 +2.4257e+00
3600 0 +2.893923200e-03 -2.254710608e+01 -2.254710608e+01 +2.5576e+00 +2.6272e+00 +2.5197e+00
3986 0 +2.447736314e-03 -2.254755226e+01 -2.254755226e+01 +2.5631e+00 +2.5672e+00 +2.4738e+00
4211 0 +1.766002214e-03 -2.254823400e+01 -2.254823400e+01 +2.5689e+00 +2.5661e+00 +2.5126e+00
4265 0 +5.716015589e-04 -2.254942840e+01 -2.254942840e+01 +2.5667e+00 +2.5628e+00 +2.4928e+00
4764 0 +4.946874603e-04 -2.254950531e+01 -2.254950531e+01 +2.5650e+00 +2.5903e+00 +2.5203e+00
4923 0 +9.643843596e-05 -2.254990356e+01 -2.254990356e+01 +2.5656e+00 +2.5810e+00 +2.5110e+00
4953 0 +6.563282892e-05 -2.254993437e+01 -2.254993437e+01 +2.5673e+00 +2.5736e+00 +2.5126e+00
5387 0 +4.070215379e-05 -2.254995930e+01 -2.254995930e+01 +2.5660e+00 +2.5806e+00 +2.5132e+00
5563 0 +3.953752483e-05 -2.254996046e+01 -2.254996046e+01 +2.5655e+00 +2.5829e+00 +2.5132e+00
5577 0 +1.897817345e-05 -2.254998102e+01 -2.254998102e+01 +2.5653e+00 +2.5806e+00 +2.5086e+00
5608 0 +2.436539752e-06 -2.254999756e+01 -2.254999756e+01 +2.5658e+00 +2.5787e+00 +2.5089e+00
5731 0 +1.817509997e-06 -2.254999818e+01 -2.254999818e+01 +2.5655e+00 +2.5808e+00 +2.5103e+00
6274 0 +8.342085245e-07 -2.254999917e+01 -2.254999917e+01 +2.5654e+00 +2.5809e+00 +2.5097e+00
6521 0 +5.712549900e-07 -2.254999943e+01 -2.254999943e+01 +2.5656e+00 +2.5804e+00 +2.5099e+00
6802 0 +3.366721586e-07 -2.254999966e+01 -2.254999966e+01 +2.5656e+00 +2.5802e+00 +2.5096e+00
6957 0 +1.653800652e-07 -2.254999983e+01 -2.254999983e+01 +2.5656e+00 +2.5802e+00 +2.5099e+00
6999 0 +3.023595241e-08 -2.254999997e+01 -2.254999997e+01 +2.5656e+00 +2.5800e+00 +2.5097e+00
7223 0 +7.499782129e-09 -2.254999999e+01 -2.254999999e+01 +2.5656e+00 +2.5801e+00 +2.5096e+00
9915 0 +7.958078641e-13 -2.255000000e+01 -2.255000000e+01 +2.5656e+00 +2.5800e+00 +2.5096e+00
10729 0 +0.000000000e+00 -2.255000000e+01 -2.255000000e+01 +2.5656e+00 +2.5800e+00 +2.5096e+00
12051 0 +0.000000000e+00 -2.255000000e+01 -2.255000000e+01 +2.5656e+00 +2.5800e+00 +2.5096e+00
% f evaluations | g evaluations | best noise-free fitness - Fopt (1.366000000000e+01) + sum g_i+ | measured fitness | best measured fitness or single-digit g-values | x1 | x2...
1 0 +3.007001172e+05 +3.007137772e+05 +3.007137772e+05 +4.9060e+00 +4.8001e+00 +2.5605e+00
6 0 +8.259077848e+01 +9.625077848e+01 +9.625077848e+01 +1.6231e+00 +2.6053e+00 +2.0682e+00
648 0 +1.526355499e+01 +2.892355499e+01 +2.892355499e+01 -1.8981e+00 +1.5593e+00 +3.9173e+00
962 0 +1.207176743e+01 +2.573176743e+01 +2.573176743e+01 +2.3346e+00 +3.1064e+00 +1.9737e+00
1089 0 +7.590651517e+00 +2.125065152e+01 +2.125065152e+01 +2.0093e+00 +1.9653e+00 +1.0570e+00
1309 0 +5.473228979e+00 +1.913322898e+01 +1.913322898e+01 +1.4537e-02 +5.5842e-01 +1.2579e+00
1584 0 +3.702585511e+00 +1.736258551e+01 +1.736258551e+01 +8.9485e-01 +2.8230e+00 +2.8976e+00
1673 0 +2.909477985e+00 +1.656947799e+01 +1.656947799e+01 +9.0202e-01 +1.7900e+00 +1.8019e+00
1912 0 +2.363228873e+00 +1.602322887e+01 +1.602322887e+01 +1.3379e+00 +1.7127e+00 +1.3555e+00
2134 0 +3.802264212e-01 +1.404022642e+01 +1.404022642e+01 +5.2669e-01 +2.3401e+00 +2.6970e+00
2259 0 +1.735911960e-01 +1.383359120e+01 +1.383359120e+01 +8.2486e-02 +2.0716e+00 +2.7905e+00
2334 0 +9.089520418e-02 +1.375089520e+01 +1.375089520e+01 +1.8578e-01 +2.1078e+00 +2.7414e+00
3170 0 +7.935841171e-03 +1.366793584e+01 +1.366793584e+01 +4.8178e-01 +2.2050e+00 +2.5940e+00
3720 0 +1.446156505e-03 +1.366144616e+01 +1.366144616e+01 +4.2177e-01 +2.2048e+00 +2.6445e+00
4669 0 +4.935601609e-04 +1.366049356e+01 +1.366049356e+01 +4.2145e-01 +2.2139e+00 +2.6542e+00
4887 0 +2.703026981e-04 +1.366027030e+01 +1.366027030e+01 +4.2980e-01 +2.2234e+00 +2.6572e+00
5113 0 +8.984426088e-05 +1.366008984e+01 +1.366008984e+01 +4.3560e-01 +2.2287e+00 +2.6579e+00
5544 0 +8.822649811e-05 +1.366008823e+01 +1.366008823e+01 +4.2502e-01 +2.2243e+00 +2.6622e+00
5614 0 +4.405296422e-05 +1.366004405e+01 +1.366004405e+01 +4.2626e-01 +2.2272e+00 +2.6642e+00
5802 0 +2.337146655e-05 +1.366002337e+01 +1.366002337e+01 +4.2732e-01 +2.2229e+00 +2.6587e+00
5842 0 +2.271449257e-05 +1.366002271e+01 +1.366002271e+01 +4.2606e-01 +2.2208e+00 +2.6577e+00
6054 0 +1.642908613e-05 +1.366001643e+01 +1.366001643e+01 +4.2473e-01 +2.2214e+00 +2.6593e+00
6157 0 +9.510125510e-06 +1.366000951e+01 +1.366000951e+01 +4.2720e-01 +2.2220e+00 +2.6579e+00
6451 0 +7.219606092e-06 +1.366000722e+01 +1.366000722e+01 +4.2611e-01 +2.2250e+00 +2.6620e+00
6575 0 +3.550138279e-06 +1.366000355e+01 +1.366000355e+01 +4.2838e-01 +2.2255e+00 +2.6605e+00
6605 0 +3.662460184e-07 +1.366000037e+01 +1.366000037e+01 +4.2741e-01 +2.2244e+00 +2.6603e+00
6939 0 +1.616961196e-07 +1.366000016e+01 +1.366000016e+01 +4.2730e-01 +2.2243e+00 +2.6602e+00
7153 0 +8.132849239e-08 +1.366000008e+01 +1.366000008e+01 +4.2720e-01 +2.2240e+00 +2.6600e+00
7641 0 +2.224255802e-08 +1.366000002e+01 +1.366000002e+01 +4.2721e-01 +2.2239e+00 +2.6599e+00
7853 0 +1.606377786e-08 +1.366000002e+01 +1.366000002e+01 +4.2711e-01 +2.2240e+00 +2.6600e+00
7867 0 +7.252314305e-10 +1.366000000e+01 +1.366000000e+01 +4.2719e-01 +2.2240e+00 +2.6600e+00
9740 0 +8.206768598e-13 +1.366000000e+01 +1.366000000e+01 +4.2720e-01 +2.2240e+00 +2.6600e+00
11571 0 +0.000000000e+00 +1.366000000e+01 +1.366000000e+01 +4.2720e-01 +2.2240e+00 +2.6600e+00
12051 0 +0.000000000e+00 +1.366000000e+01 +1.366000000e+01 +4.2720e-01 +2.2240e+00 +2.6600e+00
% f evaluations | g evaluations | best noise-free fitness - Fopt (9.378400000000e+02) + sum g_i+ | measured fitness | best measured fitness or single-digit g-values | x1 | x2...
1 0 +2.200557551e+07 +2.200651335e+07 +2.200651335e+07 -1.0410e+00 +4.7414e+00 -1.6417e+00
4 0 +3.831080460e+03 +4.768920460e+03 +4.768920460e+03 -1.4361e+00 -1.4614e+00 +3.6764e+00
57 0 +1.718808581e+03 +2.656648581e+03 +2.656648581e+03 +8.4354e-01 +4.5237e+00 +3.1276e+00
148 0 +5.539205498e+02 +1.491760550e+03 +1.491760550e+03 +3.7253e-01 +4.8248e+00 +3.7442e+00
238 0 +9.088927938e+01 +1.028729279e+03 +1.028729279e+03 -1.3981e+00 -3.9788e-01 +3.8693e+00
374 0 +8.286164933e+01 +1.020701649e+03 +1.020701649e+03 +1.9358e+00 +3.4093e+00 +1.8418e+00
470 0 +3.081083420e+01 +9.686508342e+02 +9.686508342e+02 +3.8178e-01 -9.4028e-01 +2.0291e+00
757 0 +3.514485217e+00 +9.413544852e+02 +9.413544852e+02 -6.4372e-01 +4.1155e+00 +4.4643e+00
1146 0 +1.906226694e+00 +9.397462267e+02 +9.397462267e+02 +3.2182e-01 +3.0565e+00 +3.2443e+00
1668 0 +1.322771921e+00 +9.391627719e+02 +9.391627719e+02 +3.0150e-02 +3.9662e+00 +3.7831e+00
1741 0 +1.824017979e-01 +9.380224018e+02 +9.380224018e+02 -3.8371e-02 +3.7455e+00 +3.7850e+00
2594 0 +5.813720485e-02 +9.378981372e+02 +9.378981372e+02 -3.2573e-01 +3.3518e+00 +3.9404e+00
2794 0 +5.212359758e-02 +9.378921236e+02 +9.378921236e+02 -2.0789e-01 +3.4162e+00 +3.8483e+00
3139 0 +1.996426118e-02 +9.378599643e+02 +9.378599643e+02 -2.1166e-01 +3.6669e+00 +3.9250e+00
3251 0 +1.682515455e-02 +9.378568252e+02 +9.378568252e+02 -2.2562e-01 +3.6533e+00 +3.9341e+00
3306 0 +1.246281095e-02 +9.378524628e+02 +9.378524628e+02 -2.2242e-01 +3.6137e+00 +3.9196e+00
3402 0 +1.224143065e-02 +9.378522414e+02 +9.378522414e+02 -2.5568e-01 +3.6690e+00 +3.9669e+00
3457 0 +7.804688647e-03 +9.378478047e+02 +9.378478047e+02 -2.6485e-01 +3.6218e+00 +3.9619e+00
3561 0 +4.745628234e-03 +9.378447456e+02 +9.378447456e+02 -3.1229e-01 +3.5402e+00 +3.9827e+00
3752 0 +4.635900332e-03 +9.378446359e+02 +9.378446359e+02 -2.7956e-01 +3.6332e+00 +3.9790e+00
3832 0 +2.709622262e-03 +9.378427096e+02 +9.378427096e+02 -2.9239e-01 +3.6295e+00 +3.9899e+00
3860 0 +2.371630735e-03 +9.378423716e+02 +9.378423716e+02 -2.7198e-01 +3.5967e+00 +3.9612e+00
4140 0 +9.430386398e-04 +9.378409430e+02 +9.378409430e+02 -3.0014e-01 +3.5862e+00 +3.9846e+00
4174 0 +8.782267690e-04 +9.378408782e+02 +9.378408782e+02 -3.1078e-01 +3.5957e+00 +3.9974e+00
4271 0 +8.541350149e-04 +9.378408541e+02 +9.378408541e+02 -2.9285e-01 +3.5519e+00 +3.9678e+00
4350 0 +7.131308333e-04 +9.378407131e+02 +9.378407131e+02 -2.8214e-01 +3.5814e+00 +3.9663e+00
4416 0 +3.294008400e-05 +9.378400329e+02 +9.378400329e+02 -3.0043e-01 +3.5790e+00 +3.9828e+00
5140 0 +1.896822994e-05 +9.378400190e+02 +9.378400190e+02 -2.9698e-01 +3.5758e+00 +3.9786e+00
5298 0 +1.266346783e-05 +9.378400127e+02 +9.378400127e+02 -2.9617e-01 +3.5753e+00 +3.9777e+00
5419 0 +4.462375159e-06 +9.378400045e+02 +9.378400045e+02 -2.9551e-01 +3.5792e+00 +3.9782e+00
5462 0 +4.880564575e-08 +9.378400000e+02 +9.378400000e+02 -2.9675e-01 +3.5785e+00 +3.9792e+00
6571 0 +3.997001841e-08 +9.378400000e+02 +9.378400000e+02 -2.9675e-01 +3.5784e+00 +3.9792e+00
6771 0 +1.531157068e-08 +9.378400000e+02 +9.378400000e+02 -2.9676e-01 +3.5784e+00 +3.9791e+00
6883 0 +1.385501491e-08 +9.378400000e+02 +9.378400000e+02 -2.9673e-01 +3.5785e+00 +3.9792e+00
6959 0 +9.158156900e-09 +9.378400000e+02 +9.378400000e+02 -2.9685e-01 +3.5784e+00 +3.9792e+00
8913 0 +6.821210263e-13 +9.378400000e+02 +9.378400000e+02 -2.9680e-01 +3.5784e+00 +3.9792e+00
9477 0 +0.000000000e+00 +9.378400000e+02 +9.378400000e+02 -2.9680e-01 +3.5784e+00 +3.9792e+00
12051 0 +0.000000000e+00 +9.378400000e+02 +9.378400000e+02 -2.9680e-01 +3.5784e+00 +3.9792e+00
% f evaluations | g evaluations | best noise-free fitness - Fopt (-7.872000000000e+01) + sum g_i+ | measured fitness | best measured fitness or single-digit g-values | x1 | x2...
1 0 +8.736595791e+05 +8.735808591e+05 +8.735808591e+05 +1.1384e+00 -2.5272e+00 -1.7102e+00
2 0 +1.708132289e+05 +1.707345089e+05 +1.707345089e+05 +2.7564e-01 +1.6966e+00 -3.0777e+00
8 0 +1.326678196e+05 +1.325890996e+05 +1.325890996e+05 +4.5160e+00 -4.6545e+00 +7.7250e-01
9 0 +3.625759083e+04 +3.617887083e+04 +3.617887083e+04 -4.8620e+00 +4.5352e+00 -4.6567e+00
18 0 +3.147484797e+04 +3.139612797e+04 +3.139612797e+04 -2.3636e-01 -4.9407e+00 +1.7584e+00
20 0 +9.488318632e+03 +9.409598632e+03 +9.409598632e+03 +8.2001e-01 +2.9235e+00 -4.7208e+00
22 0 +4.983882604e+03 +4.905162604e+03 +4.905162604e+03 +2.0523e+00 +2.2664e+00 -4.7874e+00
100 0 +3.632643066e+03 +3.553923066e+03 +3.553923066e+03 -1.3384e+00 -5.0912e-02 -1.8017e+00
130 0 +3.416445159e+03 +3.337725159e+03 +3.337725159e+03 -3.1341e+00 -2.3854e+00 +6.8966e-01
147 0 +6.020368550e+02 +5.233168550e+02 +5.233168550e+02 +1.3069e+00 +2.4983e-01 -2.8184e+00
169 0 +4.005132218e+02 +3.217932218e+02 +3.217932218e+02 -3.1004e+00 +4.6146e+00 -5.0000e+00
205 0 +8.719295389e+01 +8.472953889e+00 +8.472953889e+00 -4.0848e+00 -3.1758e+00 +1.7142e+00
225 0 +2.323401818e+01 -5.548598182e+01 -5.548598182e+01 +2.3322e+00 +2.1999e+00 -4.7135e+00
775 0 +1.936539637e+01 -5.935460363e+01 -5.935460363e+01 +7.5585e-01 +1.5963e+00 -3.7263e+00
1227 0 +1.286809685e+01 -6.585190315e+01 -6.585190315e+01 +1.9599e+00 +1.2145e+00 -3.7871e+00
1347 0 +7.647415751e+00 -7.107258425e+01 -7.107258425e+01 +4.0278e+00 +4.2595e-01 -3.7771e+00
1355 0 +6.393663534e+00 -7.232633647e+01 -7.232633647e+01 +1.4065e+00 -1.7473e+00 -1.1649e+00
1639 0 +3.255483267e+00 -7.546451673e+01 -7.546451673e+01 +1.6127e+00 -1.2774e+00 -1.6179e+00
1797 0 +2.660299184e+00 -7.605970082e+01 -7.605970082e+01 +2.2505e+00 -4.6020e-01 -2.4919e+00
1858 0 +8.034182419e-01 -7.791658176e+01 -7.791658176e+01 +2.6549e+00 -1.0781e+00 -2.1063e+00
1998 0 +4.878765967e-01 -7.823212340e+01 -7.823212340e+01 +3.2924e+00 -1.1254e+00 -2.2647e+00
2276 0 +4.114307001e-01 -7.830856930e+01 -7.830856930e+01 +2.9441e+00 -1.5775e+00 -1.7841e+00
2540 0 +1.237283528e-01 -7.859627165e+01 -7.859627165e+01 +3.6907e+00 -1.3203e+00 -2.2281e+00
2590 0 +1.141379159e-01 -7.860586208e+01 -7.860586208e+01 +3.6929e+00 -1.3395e+00 -2.2129e+00
2648 0 +1.118099069e-01 -7.860819009e+01 -7.860819009e+01 +3.7286e+00 -1.4960e+00 -2.0946e+00
2946 0 +7.019097723e-02 -7.864980902e+01 -7.864980902e+01 +3.2930e+00 -1.3436e+00 -2.0857e+00
3187 0 +7.091933159e-03 -7.871290807e+01 -7.871290807e+01 +3.4654e+00 -1.3980e+00 -2.0939e+00
3289 0 +3.447860545e-03 -7.871655214e+01 -7.871655214e+01 +3.4608e+00 -1.4053e+00 -2.0865e+00
3838 0 +1.214768860e-03 -7.871878523e+01 -7.871878523e+01 +3.4199e+00 -1.4468e+00 -2.0395e+00
4168 0 +2.878884089e-04 -7.871971211e+01 -7.871971211e+01 +3.3995e+00 -1.4269e+00 -2.0496e+00
4811 0 +2.256894570e-04 -7.871977431e+01 -7.871977431e+01 +3.4238e+00 -1.4183e+00 -2.0642e+00
4841 0 +1.102443019e-04 -7.871988976e+01 -7.871988976e+01 +3.4076e+00 -1.4134e+00 -2.0633e+00
5251 0 +3.423464904e-06 -7.871999658e+01 -7.871999658e+01 +3.4130e+00 -1.4217e+00 -2.0581e+00
6048 0 +2.068987897e-06 -7.871999793e+01 -7.871999793e+01 +3.4098e+00 -1.4212e+00 -2.0575e+00
6238 0 +8.627263099e-07 -7.871999914e+01 -7.871999914e+01 +3.4108e+00 -1.4209e+00 -2.0580e+00
6749 0 +8.487389636e-07 -7.871999915e+01 -7.871999915e+01 +3.4113e+00 -1.4223e+00 -2.0570e+00
6805 0 +7.366496533e-07 -7.871999926e+01 -7.871999926e+01 +3.4110e+00 -1.4210e+00 -2.0581e+00
6963 0 +7.050662987e-07 -7.871999929e+01 -7.871999929e+01 +3.4119e+00 -1.4220e+00 -2.0575e+00
7059 0 +2.424366699e-07 -7.871999976e+01 -7.871999976e+01 +3.4111e+00 -1.4213e+00 -2.0578e+00
7167 0 +1.277516333e-07 -7.871999987e+01 -7.871999987e+01 +3.4114e+00 -1.4216e+00 -2.0577e+00
7191 0 +7.735680185e-08 -7.871999992e+01 -7.871999992e+01 +3.4109e+00 -1.4215e+00 -2.0576e+00
7210 0 +3.132376492e-08 -7.871999997e+01 -7.871999997e+01 +3.4111e+00 -1.4216e+00 -2.0576e+00
7652 0 +2.112854247e-08 -7.871999998e+01 -7.871999998e+01 +3.4111e+00 -1.4217e+00 -2.0575e+00
7685 0 +8.044835909e-09 -7.871999999e+01 -7.871999999e+01 +3.4112e+00 -1.4216e+00 -2.0576e+00
10139 0 +5.258016245e-13 -7.872000000e+01 -7.872000000e+01 +3.4112e+00 -1.4216e+00 -2.0576e+00
11124 0 +0.000000000e+00 -7.872000000e+01 -7.872000000e+01 +3.4112e+00 -1.4216e+00 -2.0576e+00
12051 0 +0.000000000e+00 -7.872000000e+01 -7.872000000e+01 +3.4112e+00 -1.4216e+00 -2.0576e+00
% f evaluations | g evaluations | best noise-free fitness - Fopt (7.627000000000e+01) + sum g_i+ | measured fitness | best measured fitness or single-digit g-values | x1 | x2...
1 0 +8.141178668e+06 +8.141254938e+06 +8.141254938e+06 +7.0995e-01 -4.0328e-01 -3.4879e-01
3 0 +1.783414129e+06 +1.783490399e+06 +1.783490399e+06 +8.4713e-01 -4.8203e+00 +3.3220e+00
8 0 +3.845833771e+05 +3.846596471e+05 +3.846596471e+05 -3.8299e+00 -3.5498e+00 +1.1156e+00
12 0 +2.073983844e+04 +2.081610844e+04 +2.081610844e+04 -4.9560e+00 -2.7027e+00 -9.9943e-01
29 0 +1.016584701e+04 +1.024211701e+04 +1.024211701e+04 -1.0748e+00 -3.4580e+00 -9.1939e-01
106 0 +6.810359539e+01 +1.443735954e+02 +1.443735954e+02 -3.1325e+00 -2.5027e+00 -1.8543e+00
282 0 +3.168966378e+01 +1.079596638e+02 +1.079596638e+02 -4.1193e+00 -2.5213e+00 -1.6818e+00
603 0 +6.213670911e+00 +8.248367091e+01 +8.248367091e+01 -1.9568e+00 -3.1759e+00 -1.0256e+00
877 0 +1.494570531e+00 +7.776457053e+01 +7.776457053e+01 -1.7972e+00 -2.7637e+00 -1.6949e+00
1566 0 +1.057543729e+00 +7.732754373e+01 +7.732754373e+01 -1.9207e-01 -3.0239e+00 -1.5632e+00
1865 0 +6.900360633e-01 +7.696003606e+01 +7.696003606e+01 -4.1869e-01 -3.3168e+00 -1.0726e+00
2027 0 +5.411395048e-01 +7.681113950e+01 +7.681113950e+01 -7.0699e-01 -3.5205e+00 -7.0998e-01
2328 0 +4.084238895e-01 +7.667842389e+01 +7.667842389e+01 -8.2235e-01 -3.2450e+00 -1.1150e+00
2410 0 +2.350465222e-01 +7.650504652e+01 +7.650504652e+01 -1.0882e+00 -3.2079e+00 -1.1290e+00
2504 0 +3.425857525e-02 +7.630425858e+01 +7.630425858e+01 -7.7842e-01 -3.2067e+00 -1.1825e+00
2810 0 +1.531699959e-02 +7.628531700e+01 +7.628531700e+01 -9.2072e-01 -3.0814e+00 -1.3519e+00
2954 0 +7.060027119e-03 +7.627706003e+01 +7.627706003e+01 -9.1066e-01 -3.1705e+00 -1.2159e+00
3531 0 +2.978145437e-03 +7.627297815e+01 +7.627297815e+01 -9.2479e-01 -3.1567e+00 -1.2350e+00
3954 0 +5.371553539e-05 +7.627005372e+01 +7.627005372e+01 -9.4015e-01 -3.1511e+00 -1.2410e+00
4862 0 +5.123768200e-05 +7.627005124e+01 +7.627005124e+01 -9.3477e-01 -3.1470e+00 -1.2482e+00
5402 0 +4.957944424e-05 +7.627004958e+01 +7.627004958e+01 -9.4029e-01 -3.1482e+00 -1.2454e+00
5491 0 +1.678175305e-05 +7.627001678e+01 +7.627001678e+01 -9.3579e-01 -3.1517e+00 -1.2408e+00
5575 0 +2.953211222e-06 +7.627000295e+01 +7.627000295e+01 -9.3898e-01 -3.1497e+00 -1.2434e+00
5822 0 +2.681471386e-06 +7.627000268e+01 +7.627000268e+01 -9.3766e-01 -3.1499e+00 -1.2432e+00
6016 0 +8.281312489e-07 +7.627000083e+01 +7.627000083e+01 -9.3785e-01 -3.1500e+00 -1.2431e+00
6174 0 +3.027313227e-07 +7.627000030e+01 +7.627000030e+01 -9.3823e-01 -3.1506e+00 -1.2422e+00
6508 0 +2.588361099e-07 +7.627000026e+01 +7.627000026e+01 -9.3881e-01 -3.1503e+00 -1.2424e+00
6714 0 +2.276704549e-07 +7.627000023e+01 +7.627000023e+01 -9.3877e-01 -3.1505e+00 -1.2422e+00
6732 0 +1.831722329e-07 +7.627000018e+01 +7.627000018e+01 -9.3818e-01 -3.1502e+00 -1.2427e+00
6780 0 +1.288173479e-07 +7.627000013e+01 +7.627000013e+01 -9.3867e-01 -3.1505e+00 -1.2423e+00
6825 0 +1.241422467e-07 +7.627000012e+01 +7.627000012e+01 -9.3864e-01 -3.1505e+00 -1.2422e+00
6851 0 +8.728149226e-08 +7.627000009e+01 +7.627000009e+01 -9.3830e-01 -3.1504e+00 -1.2424e+00
6906 0 +8.695290887e-08 +7.627000009e+01 +7.627000009e+01 -9.3822e-01 -3.1504e+00 -1.2424e+00
7018 0 +8.064296253e-08 +7.627000008e+01 +7.627000008e+01 -9.3837e-01 -3.1504e+00 -1.2424e+00
7035 0 +4.496681072e-08 +7.627000004e+01 +7.627000004e+01 -9.3854e-01 -3.1504e+00 -1.2423e+00
7257 0 +2.428730284e-08 +7.627000002e+01 +7.627000002e+01 -9.3850e-01 -3.1504e+00 -1.2424e+00
7302 0 +1.308551134e-08 +7.627000001e+01 +7.627000001e+01 -9.3851e-01 -3.1504e+00 -1.2424e+00
7516 0 +2.957420975e-09 +7.627000000e+01 +7.627000000e+01 -9.3837e-01 -3.1504e+00 -1.2424e+00
9670 0 +4.121147867e-13 +7.627000000e+01 +7.627000000e+01 -9.3840e-01 -3.1504e+00 -1.2424e+00
10714 0 +0.000000000e+00 +7.627000000e+01 +7.627000000e+01 -9.3840e-01 -3.1504e+00 -1.2424e+00
12051 0 +0.000000000e+00 +7.627000000e+01 +7.627000000e+01 -9.3840e-01 -3.1504e+00 -1.2424e+00
% f evaluations | g evaluations | best noise-free fitness - Fopt (-2.255000000000e+01) + sum g_i+ | measured fitness | best measured fitness or single-digit g-values | x1 | x2...
1 0 +5.057377405e+07 +5.057375150e+07 +5.057375150e+07 -4.3960e+00 -1.6127e+00 +1.8121e+00
2 0 +9.274410125e+06 +9.274387575e+06 +9.274387575e+06 +7.6432e-01 -4.4034e+00 +2.4610e+00
3 0 +7.991985070e+05 +7.991759570e+05 +7.991759570e+05 +1.6394e+00 +1.6673e+00 +1.3878e+00
4 0 +7.359953002e+04 +7.357698002e+04 +7.357698002e+04 +3.1069e+00 -1.1424e+00 +3.0131e+00
9 0 +4.201293808e+04 +4.199038808e+04 +4.199038808e+04 +2.5283e+00 -6.3965e-01 -8.7273e-01
34 0 +6.778829847e+03 +6.756279847e+03 +6.756279847e+03 +3.4873e+00 -4.7140e+00 -7.0752e-01
62 0 +1.609432708e+02 +1.383932708e+02 +1.383932708e+02 +2.7201e+00 -2.8877e+00 -4.1043e+00
260 0 +5.381370000e+01 +3.126370000e+01 +3.126370000e+01 +3.1603e+00 -3.0338e+00 -1.3005e+00
267 0 +3.445903061e+00 -1.910409694e+01 -1.910409694e+01 +2.5926e+00 +1.8061e+00 +1.6094e+00
912 0 +2.154876126e+00 -2.039512387e+01 -2.039512387e+01 +2.7873e+00 +1.5269e+00 +2.5709e+00
1358 0 +1.606207653e+00 -2.094379235e+01 -2.094379235e+01 +2.3845e+00 +2.7658e+00 +1.4880e+00
1703 0 +9.804869846e-01 -2.156951302e+01 -2.156951302e+01 +2.4673e+00 +2.5168e+00 +1.7288e+00
1816 0 +7.095590095e-01 -2.184044099e+01 -2.184044099e+01 +2.7021e+00 +2.1856e+00 +2.9085e+00
2002 0 +4.077014174e-01 -2.214229858e+01 -2.214229858e+01 +2.4811e+00 +2.7910e+00 +2.2162e+00
2115 0 +2.931889148e-01 -2.225681109e+01 -2.225681109e+01 +2.5494e+00 +2.4893e+00 +2.2623e+00
2162 0 +2.633374946e-01 -2.228666251e+01 -2.228666251e+01 +2.5575e+00 +2.6126e+00 +2.5021e+00
2396 0 +2.549020828e-01 -2.229509792e+01 -2.229509792e+01 +2.4921e+00 +2.9398e+00 +2.4996e+00
2511 0 +2.022776372e-01 -2.234772236e+01 -2.234772236e+01 +2.5272e+00 +2.7983e+00 +2.5514e+00
2514 0 +1.931605406e-01 -2.235683946e+01 -2.235683946e+01 +2.5476e+00 +2.4253e+00 +2.1636e+00
2664 0 +1.119729747e-01 -2.243802703e+01 -2.243802703e+01 +2.6308e+00 +2.2899e+00 +2.5567e+00
2934 0 +5.452273591e-02 -2.249547726e+01 -2.249547726e+01 +2.6125e+00 +2.4416e+00 +2.6429e+00
3146 0 +4.070281620e-02 -2.250929718e+01 -2.250929718e+01 +2.6056e+00 +2.4743e+00 +2.6423e+00
3197 0 +2.452039183e-02 -2.252547961e+01 -2.252547961e+01 +2.5911e+00 +2.5271e+00 +2.6155e+00
3239 0 +5.682205416e-03 -2.254431779e+01 -2.254431779e+01 +2.5786e+00 +2.5665e+00 +2.5822e+00
3753 0 +4.373560274e-03 -2.254562644e+01 -2.254562644e+01 +2.5492e+00 +2.6359e+00 +2.4731e+00
3757 0 +4.034261339e-03 -2.254596574e+01 -2.254596574e+01 +2.5802e+00 +2.5381e+00 +2.5537e+00
3906 0 +1.062605426e-03 -2.254893739e+01 -2.254893739e+01 +2.5681e+00 +2.5855e+00 +2.5350e+00
4523 0 +5.670847597e-05 -2.254994329e+01 -2.254994329e+01 +2.5661e+00 +2.5826e+00 +2.5166e+00
4911 0 +7.379498591e-06 -2.254999262e+01 -2.254999262e+01 +2.5653e+00 +2.5825e+00 +2.5111e+00
5586 0 +6.728399409e-06 -2.254999327e+01 -2.254999327e+01 +2.5656e+00 +2.5807e+00 +2.5107e+00
5816 0 +5.292738901e-06 -2.254999471e+01 -2.254999471e+01 +2.5652e+00 +2.5817e+00 +2.5089e+00
6200 0 +4.052928883e-06 -2.254999595e+01 -2.254999595e+01 +2.5655e+00 +2.5811e+00 +2.5103e+00
6346 0 +3.454457243e-06 -2.254999655e+01 -2.254999655e+01 +2.5657e+00 +2.5806e+00 +2.5111e+00
6379 0 +1.483728834e-06 -2.254999852e+01 -2.254999852e+01 +2.5658e+00 +2.5791e+00 +2.5096e+00
6504 0 +1.376715197e-06 -2.254999862e+01 -2.254999862e+01 +2.5653e+00 +2.5809e+00 +2.5091e+00
6608 0 +1.118891422e-06 -2.254999888e+01 -2.254999888e+01 +2.5658e+00 +2.5792e+00 +2.5096e+00
6769 0 +3.669285675e-07 -2.254999963e+01 -2.254999963e+01 +2.5656e+00 +2.5801e+00 +2.5096e+00
6789 0 +1.656164628e-07 -2.254999983e+01 -2.254999983e+01 +2.5656e+00 +2.5802e+00 +2.5099e+00
6800 0 +9.297097137e-08 -2.254999991e+01 -2.254999991e+01 +2.5655e+00 +2.5803e+00 +2.5095e+00
7056 0 +5.890091970e-08 -2.254999994e+01 -2.254999994e+01 +2.5657e+00 +2.5798e+00 +2.5097e+00
7327 0 +4.788026331e-08 -2.254999995e+01 -2.254999995e+01 +2.5656e+00 +2.5799e+00 +2.5094e+00
7393 0 +4.214532723e-08 -2.254999996e+01 -2.254999996e+01 +2.5656e+00 +2.5801e+00 +2.5095e+00
7466 0 +2.321144166e-09 -2.255000000e+01 -2.255000000e+01 +2.5656e+00 +2.5800e+00 +2.5096e+00
10340 0 +8.100187188e-13 -2.255000000e+01 -2.255000000e+01 +2.5656e+00 +2.5800e+00 +2.5096e+00
11661 0 +0.000000000e+00 -2.255000000e+01 -2.255000000e+01 +2.5656e+00 +2.5800e+00 +2.5096e+00
12051 0 +0.000000000e+00 -2.255000000e+01 -2.255000000e+01 +2.5656e+00 +2.5800e+00 +2.5096e+00
% f evaluations | g evaluations | best noise-free fitness - Fopt (1.366000000000e+01) + sum g_i+ | measured fitness | best measured fitness or single-digit g-values | x1 | x2...
1 0 +6.841697003e+06 +6.841710663e+06 +6.841710663e+06 +3.7279e+00 -4.3799e+00 -2.5224e+00
2 0 +2.316528717e+06 +2.316542377e+06 +2.316542377e+06 -3.2463e+00 -2.4603e+00 +3.1740e+00
6 0 +1.995506137e+06 +1.995519797e+06 +1.995519797e+06 -1.3105e+00 -1.6550e+00 -2.2576e+00
11 0 +3.116791134e+04 +3.118157134e+04 +3.118157134e+04 +1.9951e+00 -3.8782e+00 -4.7872e+00
14 0 +6.389161680e+01 +7.755161680e+01 +7.755161680e+01 -4.3472e+00 -3.5573e+00 +6.1678e-01
620 0 +5.095030580e+01 +6.461030580e+01 +6.461030580e+01 +7.4202e-01 -4.2009e-01 -3.7133e-01
712 0 +4.522219902e+01 +5.888219902e+01 +5.888219902e+01 -2.2727e+00 -1.3184e+00 +1.2249e+00
786 0 +3.688051669e+01 +5.054051669e+01 +5.054051669e+01 +2.2401e-01 -1.2340e+00 -7.9277e-01
1112 0 +2.574009238e+01 +3.940009238e+01 +3.940009238e+01 -1.8937e+00 -1.0719e+00 +1.1519e+00
1212 0 +1.840150991e+01 +3.206150991e+01 +3.206150991e+01 -1.5196e+00 -1.0719e+00 +8.4214e-01
1642 0 +1.637434471e+01 +3.003434471e+01 +3.003434471e+01 +7.9701e-02 -6.5426e-01 -6.7654e-02
1670 0 +1.442696755e+01 +2.808696755e+01 +2.808696755e+01 +1.5339e-01 -3.4232e-01 +1.9585e-01
1727 0 +6.233294637e+00 +1.989329464e+01 +1.989329464e+01 -1.1588e+00 +5.5537e-01 +2.2459e+00
1962 0 +2.199940380e+00 +1.585994038e+01 +1.585994038e+01 +7.4869e-01 +3.1978e+00 +3.4126e+00
2154 0 +1.495920588e+00 +1.515592059e+01 +1.515592059e+01 -3.0723e-01 +1.4890e+00 +2.5084e+00
2229 0 +7.465357532e-01 +1.440653575e+01 +1.440653575e+01 +5.1774e-01 +1.6552e+00 +1.9864e+00
2613 0 +2.537562058e-01 +1.391375621e+01 +1.391375621e+01 +1.1496e-01 +2.3101e+00 +3.0139e+00
2858 0 +1.479885138e-01 +1.380798851e+01 +1.380798851e+01 +4.0959e-01 +2.0000e+00 +2.4393e+00
3371 0 +6.735476235e-02 +1.372735476e+01 +1.372735476e+01 +4.1938e-01 +2.1706e+00 +2.6101e+00
3533 0 +3.985982662e-02 +1.369985983e+01 +1.369985983e+01 +2.7606e-01 +2.1732e+00 +2.7339e+00
3718 0 +2.817132727e-02 +1.368817133e+01 +1.368817133e+01 +5.6577e-01 +2.2799e+00 +2.6019e+00
3763 0 +2.165695550e-02 +1.368165696e+01 +1.368165696e+01 +3.2929e-01 +2.1303e+00 +2.6443e+00
3922 0 +7.078981772e-05 +1.366007079e+01 +1.366007079e+01 +4.3106e-01 +2.2302e+00 +2.6633e+00
5263 0 +3.236849206e-05 +1.366003237e+01 +1.366003237e+01 +4.3096e-01 +2.2243e+00 +2.6572e+00
5369 0 +2.279125531e-05 +1.366002279e+01 +1.366002279e+01 +4.2668e-01 +2.2225e+00 +2.6588e+00
5739 0 +8.778048814e-06 +1.366000878e+01 +1.366000878e+01 +4.2765e-01 +2.2228e+00 +2.6584e+00
5769 0 +6.590311425e-06 +1.366000659e+01 +1.366000659e+01 +4.2772e-01 +2.2229e+00 +2.6584e+00
6045 0 +2.411660727e-06 +1.366000241e+01 +1.366000241e+01 +4.2598e-01 +2.2233e+00 +2.6603e+00
6355 0 +1.093906681e-06 +1.366000109e+01 +1.366000109e+01 +4.2719e-01 +2.2233e+00 +2.6593e+00
6545 0 +1.016542935e-06 +1.366000102e+01 +1.366000102e+01 +4.2654e-01 +2.2233e+00 +2.6598e+00
6587 0 +7.463201310e-07 +1.366000075e+01 +1.366000075e+01 +4.2775e-01 +2.2238e+00 +2.6593e+00
6613 0 +5.713081510e-07 +1.366000057e+01 +1.366000057e+01 +4.2748e-01 +2.2246e+00 +2.6603e+00
6686 0 +4.051434548e-07 +1.366000041e+01 +1.366000041e+01 +4.2673e-01 +2.2238e+00 +2.6602e+00
6711 0 +3.343770132e-07 +1.366000033e+01 +1.366000033e+01 +4.2756e-01 +2.2244e+00 +2.6601e+00
6763 0 +1.590188763e-07 +1.366000016e+01 +1.366000016e+01 +4.2702e-01 +2.2237e+00 +2.6599e+00
6914 0 +5.358866773e-08 +1.366000005e+01 +1.366000005e+01 +4.2730e-01 +2.2240e+00 +2.6599e+00
7253 0 +4.671287357e-08 +1.366000005e+01 +1.366000005e+01 +4.2720e-01 +2.2239e+00 +2.6599e+00
7298 0 +2.831488288e-08 +1.366000003e+01 +1.366000003e+01 +4.2729e-01 +2.2241e+00 +2.6600e+00
7473 0 +2.780305763e-08 +1.366000003e+01 +1.366000003e+01 +4.2723e-01 +2.2241e+00 +2.6601e+00
7519 0 +1.156653440e-08 +1.366000001e+01 +1.366000001e+01 +4.2724e-01 +2.2240e+00 +2.6600e+00
7646 0 +7.228065257e-09 +1.366000001e+01 +1.366000001e+01 +4.2719e-01 +2.2240e+00 +2.6600e+00
9680 0 +7.283063042e-13 +1.366000000e+01 +1.366000000e+01 +4.2720e-01 +2.2240e+00 +2.6600e+00
11682 0 +0.000000000e+00 +1.366000000e+01 +1.366000000e+01 +4.2720e-01 +2.2240e+00 +2.6600e+00
12051 0 +0.000000000e+00 +1.366000000e+01 +1.366000000e+01 +4.2720e-01 +2.2240e+00 +2.6600e+00
% f evaluations | g evaluations | best noise-free fitness - Fopt (9.378400000000e+02) + sum g_i+ | measured fitness | best measured fitness or single-digit g-values | x1 | x2...
1 0 +2.010450847e+06 +2.011388687e+06 +2.011388687e+06 +4.3492e+00 -2.4436e+00 -1.7045e-01
8 0 +6.680633767e+05 +6.690012167e+05 +6.690012167e+05 +1.9846e+00 -3.0245e+00 +1.1594e+00
10 0 +6.999488367e+04 +7.093272367e+04 +7.093272367e+04 +4.9437e-01 -1.9589e+00 +1.9912e+00
11 0 +2.749763775e+04 +2.843547775e+04 +2.843547775e+04 +4.0684e+00 -2.5020e+00 -1.6619e+00
17 0 +2.398215705e+03 +3.336055705e+03 +3.336055705e+03 +1.9490e+00 -2.2067e+00 +2.4715e-01
111 0 +9.922177265e+02 +1.930057727e+03 +1.930057727e+03 +4.0684e+00 -1.8469e+00 -1.6619e+00
261 0 +1.671368058e+02 +1.104976806e+03 +1.104976806e+03 +4.0070e+00 -1.8469e+00 -1.6619e+00
361 0 +1.217292312e+02 +1.059569231e+03 +1.059569231e+03 +5.0000e+00 -1.8469e+00 -2.5769e+00
399 0 +8.526698570e+01 +1.023106986e+03 +1.023106986e+03 +1.2370e+00 -5.0000e+00 +4.0180e-02
504 0 +5.237489586e+01 +9.902148959e+02 +9.902148959e+02 +1.3360e+00 -8.6159e-02 +1.3697e+00
656 0 +3.212833337e+01 +9.699683334e+02 +9.699683334e+02 +1.5683e+00 -4.3752e-01 +1.0588e+00
738 0 +2.937073443e+01 +9.672107344e+02 +9.672107344e+02 +1.0662e+00 -3.9815e-01 +1.5428e+00
1174 0 +2.693218583e+01 +9.647721858e+02 +9.647721858e+02 +3.1092e+00 +2.0849e+00 +3.4224e-01
1304 0 +2.330899716e+01 +9.611489972e+02 +9.611489972e+02 +1.3360e+00 -1.1127e-01 +1.3697e+00
1318 0 +5.183306378e+00 +9.430233064e+02 +9.430233064e+02 +3.3722e-01 +1.8717e+00 +2.8849e+00
1603 0 +4.224992715e+00 +9.420649927e+02 +9.420649927e+02 +1.1189e+00 +3.3669e+00 +2.5858e+00
1625 0 +3.855422040e+00 +9.416954220e+02 +9.416954220e+02 -8.0888e-01 +3.7682e+00 +4.5135e+00
1693 0 +3.756002078e+00 +9.415960021e+02 +9.415960021e+02 -2.7066e-01 +2.8751e+00 +3.7473e+00
1861 0 +1.472278447e+00 +9.393122784e+02 +9.393122784e+02 +1.2372e-01 +2.7279e+00 +3.3358e+00
1909 0 +1.048438483e+00 +9.388884385e+02 +9.388884385e+02 -4.4988e-01 +3.3781e+00 +4.0634e+00
2049 0 +8.129724018e-01 +9.386529724e+02 +9.386529724e+02 -4.6639e-01 +2.9045e+00 +3.9434e+00
2099 0 +6.993704736e-01 +9.385393705e+02 +9.385393705e+02 -5.0030e-01 +2.7557e+00 +3.9315e+00
2149 0 +9.660991199e-02 +9.379366099e+02 +9.379366099e+02 -2.9767e-01 +3.3178e+00 +3.9040e+00
2805 0 +6.620709630e-02 +9.379062071e+02 +9.379062071e+02 -3.3535e-01 +3.5079e+00 +3.9953e+00
2842 0 +4.074903587e-02 +9.378807490e+02 +9.378807490e+02 -3.4757e-01 +3.4531e+00 +3.9903e+00
3221 0 +1.067399853e-02 +9.378506740e+02 +9.378506740e+02 -3.7304e-01 +3.5350e+00 +4.0383e+00
3625 0 +2.240699542e-03 +9.378422407e+02 +9.378422407e+02 -3.0555e-01 +3.5952e+00 +3.9923e+00
3683 0 +7.775726656e-04 +9.378407776e+02 +9.378407776e+02 -3.0344e-01 +3.5746e+00 +3.9843e+00
3919 0 +4.842672897e-04 +9.378404843e+02 +9.378404843e+02 -2.9623e-01 +3.5993e+00 +3.9847e+00
4075 0 +2.982895439e-04 +9.378402983e+02 +9.378402983e+02 -3.0561e-01 +3.5837e+00 +3.9890e+00
4317 0 +1.519358943e-04 +9.378401519e+02 +9.378401519e+02 -2.9385e-01 +3.5863e+00 +3.9787e+00
4482 0 +1.199377200e-04 +9.378401199e+02 +9.378401199e+02 -2.9959e-01 +3.5866e+00 +3.9842e+00
4622 0 +5.449782839e-05 +9.378400545e+02 +9.378400545e+02 -2.9732e-01 +3.5731e+00 +3.9782e+00
4839 0 +3.315338927e-05 +9.378400332e+02 +9.378400332e+02 -2.9959e-01 +3.5814e+00 +3.9827e+00
5009 0 +2.961901305e-05 +9.378400296e+02 +9.378400296e+02 -2.9928e-01 +3.5818e+00 +3.9825e+00
5086 0 +1.752544949e-05 +9.378400175e+02 +9.378400175e+02 -2.9687e-01 +3.5775e+00 +3.9790e+00
5157 0 +5.106107665e-06 +9.378400051e+02 +9.378400051e+02 -2.9709e-01 +3.5773e+00 +3.9792e+00
5276 0 +3.763216455e-06 +9.378400038e+02 +9.378400038e+02 -2.9653e-01 +3.5803e+00 +3.9795e+00
5374 0 +3.658037144e-06 +9.378400037e+02 +9.378400037e+02 -2.9772e-01 +3.5771e+00 +3.9797e+00
5490 0 +3.153507123e-06 +9.378400032e+02 +9.378400032e+02 -2.9719e-01 +3.5800e+00 +3.9800e+00
5619 0 +2.464433578e-06 +9.378400025e+02 +9.378400025e+02 -2.9755e-01 +3.5771e+00 +3.9795e+00
5714 0 +1.913284905e-06 +9.378400019e+02 +9.378400019e+02 -2.9710e-01 +3.5784e+00 +3.9795e+00
5727 0 +6.877278338e-07 +9.378400007e+02 +9.378400007e+02 -2.9667e-01 +3.5791e+00 +3.9793e+00
5779 0 +7.005212410e-08 +9.378400001e+02 +9.378400001e+02 -2.9698e-01 +3.5784e+00 +3.9794e+00
6197 0 +3.840705176e-08 +9.378400000e+02 +9.378400000e+02 -2.9670e-01 +3.5785e+00 +3.9792e+00
6440 0 +3.617026323e-08 +9.378400000e+02 +9.378400000e+02 -2.9678e-01 +3.5785e+00 +3.9792e+00
6584 0 +1.150397111e-08 +9.378400000e+02 +9.378400000e+02 -2.9678e-01 +3.5784e+00 +3.9792e+00
6818 0 +1.366174729e-09 +9.378400000e+02 +9.378400000e+02 -2.9677e-01 +3.5784e+00 +3.9792e+00
8346 0 +6.821210263e-13 +9.378400000e+02 +9.378400000e+02 -2.9680e-01 +3.5784e+00 +3.9792e+00
8764 0 +0.000000000e+00 +9.378400000e+02 +9.378400000e+02 -2.9680e-01 +3.5784e+00 +3.9792e+00
12051 0 +0.000000000e+00 +9.378400000e+02 +9.378400000e+02 -2.9680e-01 +3.5784e+00 +3.9792e+00
% f evaluations | g evaluations | best noise-free fitness - Fopt (-7.872000000000e+01) + sum g_i+ | measured fitness | best measured fitness or single-digit g-values | x1 | x2...
1 0 +3.408040372e+06 +3.407961652e+06 +3.407961652e+06 +5.2259e-02 -4.6220e+00 +4.1810e+00
2 0 +3.337148602e+02 +2.549948602e+02 +2.549948602e+02 +5.5551e-01 -4.9256e+00 +1.7489e+00
95 0 +2.421436123e+01 -5.450563877e+01 -5.450563877e+01 +4.6536e+00 -5.0000e+00 +5.1652e-01
488 0 +2.330810938e+00 -7.638918906e+01 -7.638918906e+01 +2.0979e+00 -1.4730e+00 -1.6081e+00
1870 0 +2.101053619e+00 -7.661894638e+01 -7.661894638e+01 +2.9405e+00 -1.7333e+00 -1.6522e+00
1930 0 +4.009171829e-01 -7.831908282e+01 -7.831908282e+01 +3.2063e+00 -1.8046e+00 -1.6771e+00
2445 0 +3.051333031e-01 -7.841486670e+01 -7.841486670e+01 +2.9686e+00 -1.2950e+00 -2.0244e+00
2835 0 +2.545422073e-01 -7.846545779e+01 -7.846545779e+01 +3.8183e+00 -1.3843e+00 -2.2145e+00
2889 0 +1.617915224e-01 -7.855820848e+01 -7.855820848e+01 +3.0855e+00 -1.2252e+00 -2.1187e+00
3008 0 +9.078719372e-02 -7.862921281e+01 -7.862921281e+01 +3.6935e+00 -1.5244e+00 -2.0602e+00
3032 0 +3.876851195e-02 -7.868123149e+01 -7.868123149e+01 +3.4609e+00 -1.5503e+00 -1.9665e+00
3422 0 +3.772057828e-02 -7.868227942e+01 -7.868227942e+01 +3.2987e+00 -1.2898e+00 -2.1316e+00
3439 0 +3.982189574e-04 -7.871960178e+01 -7.871960178e+01 +3.4105e+00 -1.4298e+00 -2.0506e+00
4886 0 +2.571742627e-04 -7.871974283e+01 -7.871974283e+01 +3.4080e+00 -1.4313e+00 -2.0486e+00
5019 0 +1.109806500e-04 -7.871988902e+01 -7.871988902e+01 +3.4048e+00 -1.4139e+00 -2.0620e+00
5193 0 +3.706264708e-05 -7.871996294e+01 -7.871996294e+01 +3.4050e+00 -1.4205e+00 -2.0566e+00
5515 0 +2.928212588e-05 -7.871997072e+01 -7.871997072e+01 +3.4077e+00 -1.4230e+00 -2.0554e+00
5655 0 +2.423310877e-05 -7.871997577e+01 -7.871997577e+01 +3.4074e+00 -1.4219e+00 -2.0562e+00
5740 0 +1.347635695e-05 -7.871998652e+01 -7.871998652e+01 +3.4111e+00 -1.4189e+00 -2.0598e+00
5915 0 +3.086272045e-06 -7.871999691e+01 -7.871999691e+01 +3.4114e+00 -1.4206e+00 -2.0585e+00
6022 0 +2.134079168e-06 -7.871999787e+01 -7.871999787e+01 +3.4120e+00 -1.4208e+00 -2.0585e+00
6127 0 +1.099342683e-06 -7.871999890e+01 -7.871999890e+01 +3.4115e+00 -1.4211e+00 -2.0581e+00
6232 0 +6.471985472e-07 -7.871999935e+01 -7.871999935e+01 +3.4106e+00 -1.4217e+00 -2.0573e+00
6377 0 +1.851523024e-07 -7.871999981e+01 -7.871999981e+01 +3.4114e+00 -1.4214e+00 -2.0579e+00
6500 0 +1.019653837e-07 -7.871999990e+01 -7.871999990e+01 +3.4115e+00 -1.4216e+00 -2.0577e+00
6769 0 +9.207214191e-08 -7.871999991e+01 -7.871999991e+01 +3.4110e+00 -1.4215e+00 -2.0576e+00
6821 0 +4.465979941e-08 -7.871999996e+01 -7.871999996e+01 +3.4113e+00 -1.4215e+00 -2.0577e+00
7169 0 +1.363595459e-08 -7.871999999e+01 -7.871999999e+01 +3.4112e+00 -1.4217e+00 -2.0575e+00
7469 0 +9.418371860e-09 -7.871999999e+01 -7.871999999e+01 +3.4113e+00 -1.4216e+00 -2.0576e+00
9750 0 +7.815970093e-13 -7.872000000e+01 -7.872000000e+01 +3.4112e+00 -1.4216e+00 -2.0576e+00
11404 0 +0.000000000e+00 -7.872000000e+01 -7.872000000e+01 +3.4112e+00 -1.4216e+00 -2.0576e+00
12051 0 +0.000000000e+00 -7.872000000e+01 -7.872000000e+01 +3.4112e+00 -1.4216e+00 -2.0576e+00
