% f evaluations | g evaluations | best noise-free fitness - Fopt (-4.620900000000e+02) + sum g_i+ | measured fitness | best measured fitness or single-digit g-values | x1 | x2...
1 0 +3.493563120e+02 -1.127336880e+02 -1.127336880e+02 +2.9654e+00 -3.1657e+00
2 0 +7.483312820e+01 -3.872568718e+02 -3.872568718e+02 +2.7969e+00 +9.6850e-01
5 0 +6.796952693e+01 -3.941204731e+02 -3.941204731e+02 -3.5713e+00 +1.5089e+00
6 0 +6.670578183e+01 -3.953842182e+02 -3.953842182e+02 -4.4359e+00 +2.2200e+00
13 0 +6.484595576e+01 -3.972440442e+02 -3.972440442e+02 -4.0939e+00 +1.1839e+00
15 0 +6.251975949e+01 -3.995702405e+02 -3.995702405e+02 -3.3237e-01 +3.5994e+00
20 0 +5.015674008e+01 -4.119332599e+02 -4.119332599e+02 -2.5897e+00 +1.8326e+00
21 0 +4.436360698e+01 -4.177263930e+02 -4.177263930e+02 +1.1000e+00 +3.3319e+00
25 0 +3.114372949e+01 -4.309462705e+02 -4.309462705e+02 +1.1000e+00 +3.0201e+00
32 0 +2.284184361e+01 -4.392481564e+02 -4.392481564e+02 +1.9403e+00 +1.6032e+00
34 0 +8.429594123e+00 -4.536604059e+02 -4.536604059e+02 +2.3561e+00 +1.6251e+00
184 0 +7.803399897e+00 -4.542866001e+02 -4.542866001e+02 +3.0945e-01 +2.0207e+00
266 0 +4.299162586e+00 -4.577908374e+02 -4.577908374e+02 +1.2633e+00 +2.2809e+00
287 0 +3.282729982e+00 -4.588072700e+02 -4.588072700e+02 +2.3380e+00 +2.0209e+00
420 0 +1.605589840e+00 -4.604844102e+02 -4.604844102e+02 +2.2830e+00 +2.2773e+00
965 0 +1.140562453e+00 -4.609494375e+02 -4.609494375e+02 +1.3633e+00 +2.3014e+00
1143 0 +9.420638768e-01 -4.611479361e+02 -4.611479361e+02 +2.2908e+00 +2.2857e+00
1454 0 +6.453894555e-01 -4.614446105e+02 -4.614446105e+02 +2.2908e+00 +2.2914e+00
1482 0 +5.854296055e-01 -4.615045704e+02 -4.615045704e+02 +2.3465e+00 +2.2995e+00
1635 0 +8.636230176e-02 -4.620036377e+02 -4.620036377e+02 +2.3289e+00 +2.2949e+00
1780 0 +5.743457447e-02 -4.620325654e+02 -4.620325654e+02 +2.3408e+00 +2.3056e+00
1959 0 +1.445939233e-02 -4.620755406e+02 -4.620755406e+02 +2.3372e+00 +2.3022e+00
2126 0 +1.107300372e-02 -4.620789270e+02 -4.620789270e+02 +2.3335e+00 +2.2990e+00
2144 0 +7.943020606e-03 -4.620820570e+02 -4.620820570e+02 +2.3356e+00 +2.2990e+00
2159 0 +5.334348755e-03 -4.620846657e+02 -4.620846657e+02 +2.3364e+00 +2.3006e+00
2387 0 +1.087286238e-03 -4.620889127e+02 -4.620889127e+02 +2.3410e+00 +2.2997e+00
2521 0 +3.315205059e-04 -4.620896685e+02 -4.620896685e+02 +2.3395e+00 +2.3001e+00
2534 0 +1.577626232e-04 -4.620898422e+02 -4.620898422e+02 +2.3407e+00 +2.3003e+00
2639 0 +1.536377403e-04 -4.620898464e+02 -4.620898464e+02 +2.3402e+00 +2.3002e+00
2724 0 +1.743351248e-05 -4.620899826e+02 -4.620899826e+02 +2.3405e+00 +2.3000e+00
2772 0 +9.158094542e-06 -4.620899908e+02 -4.620899908e+02 +2.3408e+00 +2.3001e+00
2790 0 +6.607335081e-06 -4.620899934e+02 -4.620899934e+02 +2.3406e+00 +2.3000e+00
2825 0 +3.998802242e-06 -4.620899960e+02 -4.620899960e+02 +2.3407e+00 +2.3000e+00
2904 0 +1.345434328e-06 -4.620899987e+02 -4.620899987e+02 +2.3408e+00 +2.3000e+00
2951 0 +4.014850106e-07 -4.620899996e+02 -4.620899996e+02 +2.3408e+00 +2.3000e+00
3093 0 +2.544737185e-07 -4.620899997e+02 -4.620899997e+02 +2.3408e+00 +2.3000e+00
3137 0 +2.059051099e-07 -4.620899998e+02 -4.620899998e+02 +2.3408e+00 +2.3000e+00
3149 0 +2.332353688e-08 -4.620900000e+02 -4.620900000e+02 +2.3408e+00 +2.3000e+00
3167 0 +2.216177108e-08 -4.620900000e+02 -4.620900000e+02 +2.3408e+00 +2.3000e+00
3237 0 +1.405862804e-08 -4.620900000e+02 -4.620900000e+02 +2.3408e+00 +2.3000e+00
3286 0 +9.459427019e-09 -4.620900000e+02 -4.620900000e+02 +2.3408e+00 +2.3000e+00
3507 0 +4.547473509e-13 -4.620900000e+02 -4.620900000e+02 +2.3408e+00 +2.3000e+00
3617 0 +0.000000000e+00 -4.620900000e+02 -4.620900000e+02 +2.3408e+00 +2.3000e+00
3808 0 +0.000000000e+00 -4.620900000e+02 -4.620900000e+02 +2.3408e+00 +2.3000e+00
% f evaluations | g evaluations | best noise-free fitness - Fopt (7.766000000000e+01) + sum g_i+ | measured fitness | best measured fitness or single-digit g-values | x1 | x2...
1 0 +9.433281884e+01 +1.719928188e+02 +1.719928188e+02 +2.9654e+00 -3.1657e+00
2 0 +7.043215803e+01 +1.480921580e+02 +1.480921580e+02 +2.7969e+00 +9.6850e-01
4 0 +4.148570361e+01 +1.191457036e+02 +1.191457036e+02 -4.0751e-01 -1.6629e+00
16 0 +2.385107938e+01 +1.015110794e+02 +1.015110794e+02 +1.8031e+00 -4.9501e-01
18 0 +9.368463390e+00 +8.702846339e+01 +8.702846339e+01 +6.3288e-01 -1.1458e+00
141 0 +8.246040668e+00 +8.590604067e+01 +8.590604067e+01 +3.9507e-01 -4.9716e-01
148 0 +5.464961889e+00 +8.312496189e+01 +8.312496189e+01 +1.4972e+00 -8.8178e-01
313 0 +4.709092855e+00 +8.236909285e+01 +8.236909285e+01 +3.6337e-01 -8.4884e-01
370 0 +3.331074827e+00 +8.099107483e+01 +8.099107483e+01 +2.2963e+00 -1.1792e+00
426 0 +1.001974216e+00 +7.866197422e+01 +7.866197422e+01 +2.3989e+00 -5.5133e-01
832 0 +9.773852264e-01 +7.863738523e+01 +7.863738523e+01 +2.3207e+00 -8.5402e-01
919 0 +9.689120425e-01 +7.862891204e+01 +7.862891204e+01 +2.3207e+00 -8.5547e-01
987 0 +1.897177230e-01 +7.784971772e+01 +7.784971772e+01 +2.3822e+00 -8.4793e-01
1559 0 +1.091300822e-01 +7.776913008e+01 +7.776913008e+01 +2.3978e+00 -8.4860e-01
1787 0 +7.593248125e-02 +7.773593248e+01 +7.773593248e+01 +2.3954e+00 -8.4957e-01
1875 0 +4.984325845e-02 +7.770984326e+01 +7.770984326e+01 +2.3958e+00 -8.5136e-01
1883 0 +3.534088956e-02 +7.769534089e+01 +7.769534089e+01 +2.3856e+00 -8.5493e-01
1957 0 +3.051123597e-04 +7.766030511e+01 +7.766030511e+01 +2.3978e+00 -8.5633e-01
2290 0 +1.486338234e-04 +7.766014863e+01 +7.766014863e+01 +2.3980e+00 -8.5573e-01
2362 0 +1.473787296e-04 +7.766014738e+01 +7.766014738e+01 +2.3980e+00 -8.5574e-01
2620 0 +8.126538376e-06 +7.766000813e+01 +7.766000813e+01 +2.3984e+00 -8.5596e-01
2894 0 +6.648582854e-06 +7.766000665e+01 +7.766000665e+01 +2.3982e+00 -8.5598e-01
2910 0 +3.691069381e-06 +7.766000369e+01 +7.766000369e+01 +2.3983e+00 -8.5598e-01
2926 0 +2.149093035e-06 +7.766000215e+01 +7.766000215e+01 +2.3983e+00 -8.5601e-01
2959 0 +1.465482782e-06 +7.766000147e+01 +7.766000147e+01 +2.3984e+00 -8.5597e-01
2988 0 +1.141478492e-06 +7.766000114e+01 +7.766000114e+01 +2.3983e+00 -8.5601e-01
3006 0 +1.360713497e-07 +7.766000014e+01 +7.766000014e+01 +2.3984e+00 -8.5601e-01
3011 0 +3.410421812e-08 +7.766000003e+01 +7.766000003e+01 +2.3984e+00 -8.5600e-01
3127 0 +8.713627153e-09 +7.766000001e+01 +7.766000001e+01 +2.3984e+00 -8.5600e-01
3547 0 +2.700062396e-13 +7.766000000e+01 +7.766000000e+01 +2.3984e+00 -8.5600e-01
3744 0 +0.000000000e+00 +7.766000000e+01 +7.766000000e+01 +2.3984e+00 -8.5600e-01
3864 0 +0.000000000e+00 +7.766000000e+01 +7.766000000e+01 +2.3984e+00 -8.5600e-01
% f evaluations | g evaluations | best noise-free fitness - Fopt (1.156800000000e+02) + sum g_i+ | measured fitness | best measured fitness or single-digit g-values | x1 | x2...
1 0 +1.162559513e+02 +2.319359513e+02 +2.319359513e+02 +2.9654e+00 -3.1657e+00
2 0 +9.512882081e+01 +2.108088208e+02 +2.108088208e+02 +2.7969e+00 +9.6850e-01
4 0 +3.031792345e+01 +1.459979235e+02 +1.459979235e+02 -4.0751e-01 -1.6629e+00
26 0 +2.192521359e+01 +1.376052136e+02 +1.376052136e+02 -6.3248e-01 -1.2645e+00
51 0 +1.933987704e+01 +1.350198770e+02 +1.350198770e+02 +3.4289e-01 -2.6577e-01
74 0 +1.705121190e+01 +1.327312119e+02 +1.327312119e+02 +1.4154e+00 -6.3098e-01
80 0 +1.655826241e+01 +1.322382624e+02 +1.322382624e+02 -6.2156e-03 -9.1133e-01
119 0 +5.767096703e+00 +1.214470967e+02 +1.214470967e+02 +1.6534e-01 -6.9183e-01
241 0 +2.908815878e+00 +1.185888159e+02 +1.185888159e+02 +1.2531e+00 -9.7816e-01
423 0 +2.389621671e+00 +1.180696217e+02 +1.180696217e+02 +1.2047e+00 -6.8699e-01
661 0 +2.287806105e+00 +1.179678061e+02 +1.179678061e+02 +1.1406e+00 -1.0005e+00
888 0 +1.603606890e+00 +1.172836069e+02 +1.172836069e+02 +1.2188e+00 -9.7651e-01
1050 0 +1.141957793e+00 +1.168219578e+02 +1.168219578e+02 +1.1848e+00 -9.9239e-01
1278 0 +1.066354360e+00 +1.167463544e+02 +1.167463544e+02 +1.1760e+00 -9.7757e-01
1555 0 +1.020399521e+00 +1.167003995e+02 +1.167003995e+02 +1.1752e+00 -9.8518e-01
1845 0 +9.999106627e-01 +1.166799107e+02 +1.166799107e+02 +1.1800e+00 -9.8452e-01
3446 0 +9.949590571e-01 +1.166749591e+02 +1.166749591e+02 +1.1819e+00 -9.8320e-01
% f evaluations | g evaluations | best noise-free fitness - Fopt (-3.710000000000e+00) + sum g_i+ | measured fitness | best measured fitness or single-digit g-values | x1 | x2...
1 0 +2.950440661e+01 +2.579440661e+01 +2.579440661e+01 +2.9654e+00 -3.1657e+00
24 0 +2.611905282e+01 +2.240905282e+01 +2.240905282e+01 -7.4844e-01 -2.9206e+00
28 0 +2.545822783e+01 +2.174822783e+01 +2.174822783e+01 +7.8565e-01 -1.6629e+00
51 0 +1.985684827e+01 +1.614684827e+01 +1.614684827e+01 +8.9007e-01 -1.6629e+00
53 0 +1.629659548e+01 +1.258659548e+01 +1.258659548e+01 +2.7963e+00 -2.0019e+00
99 0 +1.207318530e+01 +8.363185302e+00 +8.363185302e+00 +2.8589e+00 -2.0019e+00
120 0 +8.325943513e+00 +4.615943513e+00 +4.615943513e+00 +1.2986e+00 -2.5794e+00
194 0 +5.414197924e+00 +1.704197924e+00 +1.704197924e+00 +1.2311e+00 -1.9906e+00
252 0 +4.483472869e+00 +7.734728688e-01 +7.734728688e-01 +1.1800e+00 -2.3104e+00
323 0 +1.859292858e+00 -1.850707142e+00 -1.850707142e+00 +3.0749e+00 -1.9740e+00
708 0 +1.540292165e+00 -2.169707835e+00 -2.169707835e+00 +2.1306e+00 -2.3112e+00
796 0 +8.466985123e-01 -2.863301488e+00 -2.863301488e+00 +3.0823e+00 -2.3112e+00
829 0 +6.238345698e-01 -3.086165430e+00 -3.086165430e+00 +3.1209e+00 -2.2768e+00
983 0 +2.759705424e-01 -3.434029458e+00 -3.434029458e+00 +3.0856e+00 -2.2926e+00
1517 0 +2.128936547e-01 -3.497106345e+00 -3.497106345e+00 +3.0890e+00 -2.2932e+00
1691 0 +2.060294038e-01 -3.503970596e+00 -3.503970596e+00 +3.0943e+00 -2.2887e+00
1769 0 +6.311416359e-02 -3.646885836e+00 -3.646885836e+00 +3.1045e+00 -2.2978e+00
1817 0 +1.182414345e-02 -3.698175857e+00 -3.698175857e+00 +3.1169e+00 -2.2932e+00
1950 0 +7.824700234e-03 -3.702175300e+00 -3.702175300e+00 +3.1189e+00 -2.2933e+00
2027 0 +6.625653447e-03 -3.703374347e+00 -3.703374347e+00 +3.1144e+00 -2.2951e+00
2115 0 +6.379983937e-03 -3.703620016e+00 -3.703620016e+00 +3.1150e+00 -2.2946e+00
2144 0 +4.583765798e-03 -3.705416234e+00 -3.705416234e+00 +3.1193e+00 -2.2967e+00
2170 0 +2.592258500e-03 -3.707407742e+00 -3.707407742e+00 +3.1170e+00 -2.2946e+00
2198 0 +9.675358083e-04 -3.709032464e+00 -3.709032464e+00 +3.1180e+00 -2.2955e+00
2235 0 +6.375002806e-04 -3.709362500e+00 -3.709362500e+00 +3.1195e+00 -2.2947e+00
2270 0 +4.909499713e-04 -3.709509050e+00 -3.709509050e+00 +3.1185e+00 -2.2951e+00
2341 0 +2.738541999e-04 -3.709726146e+00 -3.709726146e+00 +3.1200e+00 -2.2948e+00
2432 0 +4.398158203e-05 -3.709956018e+00 -3.709956018e+00 +3.1197e+00 -2.2951e+00
2571 0 +3.134790205e-05 -3.709968652e+00 -3.709968652e+00 +3.1198e+00 -2.2951e+00
2588 0 +1.310231182e-05 -3.709986898e+00 -3.709986898e+00 +3.1198e+00 -2.2952e+00
2759 0 +1.284949168e-05 -3.709987151e+00 -3.709987151e+00 +3.1199e+00 -2.2953e+00
2825 0 +1.208645536e-05 -3.709987914e+00 -3.709987914e+00 +3.1197e+00 -2.2952e+00
2842 0 +4.917048233e-06 -3.709995083e+00 -3.709995083e+00 +3.1199e+00 -2.2952e+00
2854 0 +9.227879993e-07 -3.709999077e+00 -3.709999077e+00 +3.1200e+00 -2.2952e+00
2919 0 +3.161760329e-07 -3.709999684e+00 -3.709999684e+00 +3.1200e+00 -2.2952e+00
3031 0 +1.798860980e-07 -3.709999820e+00 -3.709999820e+00 +3.1200e+00 -2.2952e+00
3164 0 +3.853186481e-08 -3.709999961e+00 -3.709999961e+00 +3.1200e+00 -2.2952e+00
3223 0 +3.632931600e-08 -3.709999964e+00 -3.709999964e+00 +3.1200e+00 -2.2952e+00
3270 0 +2.242621333e-08 -3.709999978e+00 -3.709999978e+00 +3.1200e+00 -2.2952e+00
3271 0 +5.719952512e-09 -3.709999994e+00 -3.709999994e+00 +3.1200e+00 -2.2952e+00
3657 0 +9.192646644e-13 -3.710000000e+00 -3.710000000e+00 +3.1200e+00 -2.2952e+00
3850 0 +0.000000000e+00 -3.710000000e+00 -3.710000000e+00 +3.1200e+00 -2.2952e+00
3990 0 +0.000000000e+00 -3.710000000e+00 -3.710000000e+00 +3.1200e+00 -2.2952e+00
% f evaluations | g evaluations | best noise-free fitness - Fopt (1.321800000000e+02) + sum g_i+ | measured fitness | best measured fitness or single-digit g-values | x1 | x2...
1 0 +2.425884262e+02 +3.747684262e+02 +3.747684262e+02 +2.9654e+00 -3.1657e+00
2 0 +2.215287413e+01 +1.543328741e+02 +1.543328741e+02 +2.7969e+00 +9.6850e-01
48 0 +2.123560947e+01 +1.534156095e+02 +1.534156095e+02 +2.7900e+00 +9.5826e-01
108 0 +1.110719404e+01 +1.432871940e+02 +1.432871940e+02 +1.7628e+00 +7.5178e-01
193 0 +7.357355804e+00 +1.395373558e+02 +1.395373558e+02 +2.8170e+00 +8.2888e-01
232 0 +5.560558797e+00 +1.377405588e+02 +1.377405588e+02 +2.8048e+00 +8.0109e-01
299 0 +4.873570661e+00 +1.370535707e+02 +1.370535707e+02 +2.8113e+00 +1.1434e+00
306 0 +4.603117674e+00 +1.367831177e+02 +1.367831177e+02 +2.6878e+00 +1.1791e+00
346 0 +3.774599408e+00 +1.359545994e+02 +1.359545994e+02 +2.7006e+00 +1.7868e+00
368 0 +3.371447669e+00 +1.355514477e+02 +1.355514477e+02 +2.8224e+00 +1.1628e+00
382 0 +2.243319016e+00 +1.344233190e+02 +1.344233190e+02 +2.7923e+00 +1.4595e+00
966 0 +1.313167539e+00 +1.334931675e+02 +1.334931675e+02 +2.7890e+00 +1.4905e+00
1092 0 +1.018050788e+00 +1.331980508e+02 +1.331980508e+02 +2.7600e+00 +1.4821e+00
1838 0 +9.991771486e-01 +1.331791771e+02 +1.331791771e+02 +2.7700e+00 +1.4833e+00
2496 0 +7.069987762e-01 +1.328869988e+02 +1.328869988e+02 +3.7534e+00 +1.4638e+00
2564 0 +2.444108579e-01 +1.324244109e+02 +1.324244109e+02 +3.7537e+00 +1.4931e+00
2918 0 +2.358268643e-01 +1.324158269e+02 +1.324158269e+02 +3.7569e+00 +1.4931e+00
2982 0 +2.309651411e-01 +1.324109651e+02 +1.324109651e+02 +3.7642e+00 +1.4932e+00
3077 0 +1.604647083e-01 +1.323404647e+02 +1.323404647e+02 +3.7536e+00 +1.4906e+00
3102 0 +1.181243596e-01 +1.322981244e+02 +1.322981244e+02 +3.7481e+00 +1.4885e+00
3174 0 +3.346366352e-02 +1.322134637e+02 +1.322134637e+02 +3.7582e+00 +1.4860e+00
3206 0 +2.723147410e-02 +1.322072315e+02 +1.322072315e+02 +3.7621e+00 +1.4860e+00
3212 0 +1.915112552e-02 +1.321991511e+02 +1.321991511e+02 +3.7615e+00 +1.4857e+00
3222 0 +7.666009234e-03 +1.321876660e+02 +1.321876660e+02 +3.7621e+00 +1.4842e+00
3466 0 +4.296707366e-03 +1.321842967e+02 +1.321842967e+02 +3.7632e+00 +1.4840e+00
3481 0 +2.955526166e-03 +1.321829555e+02 +1.321829555e+02 +3.7632e+00 +1.4835e+00
3540 0 +1.259783749e-03 +1.321812598e+02 +1.321812598e+02 +3.7620e+00 +1.4829e+00
3698 0 +5.591966497e-04 +1.321805592e+02 +1.321805592e+02 +3.7624e+00 +1.4825e+00
3742 0 +4.715972075e-04 +1.321804716e+02 +1.321804716e+02 +3.7625e+00 +1.4825e+00
3755 0 +1.675524408e-04 +1.321801676e+02 +1.321801676e+02 +3.7632e+00 +1.4822e+00
3771 0 +5.741171529e-05 +1.321800574e+02 +1.321800574e+02 +3.7636e+00 +1.4823e+00
3813 0 +5.313156439e-05 +1.321800531e+02 +1.321800531e+02 +3.7637e+00 +1.4823e+00
3840 0 +2.377273003e-05 +1.321800238e+02 +1.321800238e+02 +3.7640e+00 +1.4825e+00
3880 0 +9.633151308e-06 +1.321800096e+02 +1.321800096e+02 +3.7639e+00 +1.4824e+00
3964 0 +2.724542412e-06 +1.321800027e+02 +1.321800027e+02 +3.7640e+00 +1.4824e+00
3982 0 +2.090135041e-06 +1.321800021e+02 +1.321800021e+02 +3.7640e+00 +1.4824e+00
3984 0 +2.252789102e-07 +1.321800002e+02 +1.321800002e+02 +3.7640e+00 +1.4824e+00
4093 0 +2.979487590e-08 +1.321800000e+02 +1.321800000e+02 +3.7640e+00 +1.4824e+00
4139 0 +1.779105219e-08 +1.321800000e+02 +1.321800000e+02 +3.7640e+00 +1.4824e+00
4144 0 +1.496519531e-08 +1.321800000e+02 +1.321800000e+02 +3.7640e+00 +1.4824e+00
4160 0 +4.640497764e-09 +1.321800000e+02 +1.321800000e+02 +3.7640e+00 +1.4824e+00
4366 0 +2.842170943e-13 +1.321800000e+02 +1.321800000e+02 +3.7640e+00 +1.4824e+00
4461 0 +0.000000000e+00 +1.321800000e+02 +1.321800000e+02 +3.7640e+00 +1.4824e+00
4567 0 +0.000000000e+00 +1.321800000e+02 +1.321800000e+02 +3.7640e+00 +1.4824e+00
% f evaluations | g evaluations | best noise-free fitness - Fopt (-5.847300000000e+02) + sum g_i+ | measured fitness | best measured fitness or single-digit g-values | x1 | x2...
1 0 +4.240002448e+01 -5.423299755e+02 -5.423299755e+02 +2.9654e+00 -3.1657e+00
3 0 +2.253921883e+01 -5.621907812e+02 -5.621907812e+02 -5.4167e-01 -4.0003e+00
33 0 +1.131334834e+01 -5.734166517e+02 -5.734166517e+02 +8.0145e-01 -3.0919e+00
40 0 +9.965323508e+00 -5.747646765e+02 -5.747646765e+02 +1.7527e+00 -2.7661e+00
63 0 +4.140573766e+00 -5.805894262e+02 -5.805894262e+02 +1.6534e+00 -2.7537e+00
233 0 +2.970765713e+00 -5.817592343e+02 -5.817592343e+02 +1.6472e+00 -2.9945e+00
312 0 +1.062087907e+00 -5.836679121e+02 -5.836679121e+02 +1.6368e+00 -3.0314e+00
635 0 +6.505186481e-01 -5.840794814e+02 -5.840794814e+02 +2.6104e+00 -3.0432e+00
1554 0 +5.933626787e-01 -5.841366373e+02 -5.841366373e+02 +2.6104e+00 -3.0422e+00
1653 0 +3.255323692e-01 -5.844044676e+02 -5.844044676e+02 +2.6104e+00 -3.0341e+00
1692 0 +2.110949834e-01 -5.845189050e+02 -5.845189050e+02 +2.6176e+00 -3.0245e+00
1730 0 +1.629181078e-01 -5.845670819e+02 -5.845670819e+02 +2.6176e+00 -3.0311e+00
1749 0 +1.615918257e-01 -5.845684082e+02 -5.845684082e+02 +2.6176e+00 -3.0284e+00
2087 0 +3.896720907e-03 -5.847261033e+02 -5.847261033e+02 +2.6425e+00 -3.0286e+00
2256 0 +9.805175044e-04 -5.847290195e+02 -5.847290195e+02 +2.6458e+00 -3.0297e+00
2565 0 +7.837644057e-04 -5.847292162e+02 -5.847292162e+02 +2.6440e+00 -3.0292e+00
2735 0 +7.130324431e-04 -5.847292870e+02 -5.847292870e+02 +2.6439e+00 -3.0293e+00
2754 0 +6.684253109e-04 -5.847293316e+02 -5.847293316e+02 +2.6439e+00 -3.0294e+00
2786 0 +5.900315808e-04 -5.847294100e+02 -5.847294100e+02 +2.6439e+00 -3.0297e+00
2869 0 +3.401971254e-04 -5.847296598e+02 -5.847296598e+02 +2.6448e+00 -3.0299e+00
2901 0 +4.433736945e-05 -5.847299557e+02 -5.847299557e+02 +2.6452e+00 -3.0295e+00
3159 0 +3.693310543e-05 -5.847299631e+02 -5.847299631e+02 +2.6453e+00 -3.0295e+00
3194 0 +1.280148342e-05 -5.847299872e+02 -5.847299872e+02 +2.6455e+00 -3.0295e+00
3254 0 +4.125675332e-06 -5.847299959e+02 -5.847299959e+02 +2.6455e+00 -3.0296e+00
3307 0 +1.173003056e-06 -5.847299988e+02 -5.847299988e+02 +2.6455e+00 -3.0296e+00
3342 0 +4.164754728e-07 -5.847299996e+02 -5.847299996e+02 +2.6456e+00 -3.0296e+00
3438 0 +4.009691565e-07 -5.847299996e+02 -5.847299996e+02 +2.6456e+00 -3.0296e+00
3439 0 +2.684214451e-07 -5.847299997e+02 -5.847299997e+02 +2.6456e+00 -3.0296e+00
3459 0 +2.343141432e-07 -5.847299998e+02 -5.847299998e+02 +2.6456e+00 -3.0296e+00
3467 0 +2.168530955e-07 -5.847299998e+02 -5.847299998e+02 +2.6456e+00 -3.0296e+00
3510 0 +1.623313892e-07 -5.847299998e+02 -5.847299998e+02 +2.6456e+00 -3.0296e+00
3523 0 +8.435654308e-08 -5.847299999e+02 -5.847299999e+02 +2.6456e+00 -3.0296e+00
3555 0 +4.632170203e-09 -5.847300000e+02 -5.847300000e+02 +2.6456e+00 -3.0296e+00
3912 0 +1.136868377e-13 -5.847300000e+02 -5.847300000e+02 +2.6456e+00 -3.0296e+00
3968 0 +0.000000000e+00 -5.847300000e+02 -5.847300000e+02 +2.6456e+00 -3.0296e+00
4240 0 +0.000000000e+00 -5.847300000e+02 -5.847300000e+02 +2.6456e+00 -3.0296e+00
% f evaluations | g evaluations | best noise-free fitness - Fopt (-3.654000000000e+01) + sum g_i+ | measured fitness | best measured fitness or single-digit g-values | x1 | x2...
1 0 +7.997463826e+02 +7.632063826e+02 +7.632063826e+02 +2.9654e+00 -3.1657e+00
3 0 +5.245771954e+01 +1.591771954e+01 +1.591771954e+01 -5.4167e-01 -4.0003e+00
4 0 +2.369301053e+01 -1.284698947e+01 -1.284698947e+01 -4.0751e-01 -1.6629e+00
24 0 +5.797987448e+00 -3.074201255e+01 -3.074201255e+01 -7.4844e-01 -2.9206e+00
57 0 +2.590064216e+00 -3.394993578e+01 -3.394993578e+01 +1.9207e-01 -2.5182e+00
293 0 +2.506979348e+00 -3.403302065e+01 -3.403302065e+01 -8.2153e-01 -1.9167e+00
467 0 +2.090537089e+00 -3.444946291e+01 -3.444946291e+01 -7.8827e-01 -1.9342e+00
473 0 +2.015623728e+00 -3.452437627e+01 -3.452437627e+01 -8.3140e-01 -2.2176e+00
693 0 +1.390728939e+00 -3.514927106e+01 -3.514927106e+01 +1.2650e-01 -2.2176e+00
883 0 +6.626725131e-01 -3.587732749e+01 -3.587732749e+01 +1.4194e-01 -2.2303e+00
1030 0 +5.383621769e-01 -3.600163782e+01 -3.600163782e+01 +1.7418e-01 -2.2198e+00
1198 0 +3.844974576e-01 -3.615550254e+01 -3.615550254e+01 +1.7418e-01 -2.2448e+00
1579 0 +3.384896145e-01 -3.620151039e+01 -3.620151039e+01 +1.7495e-01 -2.2441e+00
1627 0 +1.312909404e-01 -3.640870906e+01 -3.640870906e+01 +1.8505e-01 -2.2398e+00
1767 0 +8.249564917e-02 -3.645750435e+01 -3.645750435e+01 +1.9287e-01 -2.2395e+00
1845 0 +7.884401359e-02 -3.646115599e+01 -3.646115599e+01 +1.8212e-01 -2.2322e+00
1906 0 +5.302929550e-02 -3.648697070e+01 -3.648697070e+01 +1.9705e-01 -2.2290e+00
1957 0 +5.203682519e-03 -3.653479632e+01 -3.653479632e+01 +2.0112e-01 -2.2352e+00
2342 0 +3.001202981e-03 -3.653699880e+01 -3.653699880e+01 +2.0074e-01 -2.2348e+00
2375 0 +2.197443565e-03 -3.653780256e+01 -3.653780256e+01 +1.9988e-01 -2.2346e+00
2490 0 +1.789533880e-03 -3.653821047e+01 -3.653821047e+01 +1.9981e-01 -2.2328e+00
2514 0 +6.068367024e-04 -3.653939316e+01 -3.653939316e+01 +1.9988e-01 -2.2337e+00
2618 0 +5.843128153e-04 -3.653941569e+01 -3.653941569e+01 +1.9997e-01 -2.2338e+00
2622 0 +1.915740850e-04 -3.653980843e+01 -3.653980843e+01 +2.0090e-01 -2.2334e+00
2718 0 +3.206774664e-05 -3.653996793e+01 -3.653996793e+01 +2.0126e-01 -2.2337e+00
2918 0 +9.992963570e-06 -3.653999001e+01 -3.653999001e+01 +2.0144e-01 -2.2336e+00
2966 0 +9.764243664e-06 -3.653999024e+01 -3.653999024e+01 +2.0144e-01 -2.2336e+00
2970 0 +8.276012807e-06 -3.653999172e+01 -3.653999172e+01 +2.0139e-01 -2.2336e+00
3064 0 +1.782534106e-06 -3.653999822e+01 -3.653999822e+01 +2.0156e-01 -2.2336e+00
3079 0 +2.782641459e-07 -3.653999972e+01 -3.653999972e+01 +2.0157e-01 -2.2336e+00
3198 0 +7.936269242e-08 -3.653999992e+01 -3.653999992e+01 +2.0158e-01 -2.2336e+00
3289 0 +7.465498442e-08 -3.653999993e+01 -3.653999993e+01 +2.0158e-01 -2.2336e+00
3319 0 +7.044490502e-08 -3.653999993e+01 -3.653999993e+01 +2.0158e-01 -2.2336e+00
3383 0 +6.404070518e-08 -3.653999994e+01 -3.653999994e+01 +2.0160e-01 -2.2336e+00
3387 0 +2.264973631e-08 -3.653999998e+01 -3.653999998e+01 +2.0159e-01 -2.2336e+00
3417 0 +1.457775767e-08 -3.653999999e+01 -3.653999999e+01 +2.0159e-01 -2.2336e+00
3462 0 +9.578783988e-09 -3.653999999e+01 -3.653999999e+01 +2.0159e-01 -2.2336e+00
3745 0 +6.750155990e-13 -3.654000000e+01 -3.654000000e+01 +2.0160e-01 -2.2336e+00
3912 0 +0.000000000e+00 -3.654000000e+01 -3.654000000e+01 +2.0160e-01 -2.2336e+00
4058 0 +0.000000000e+00 -3.654000000e+01 -3.654000000e+01 +2.0160e-01 -2.2336e+00
% f evaluations | g evaluations | best noise-free fitness - Fopt (1.000000000000e+03) + sum g_i+ | measured fitness | best measured fitness or single-digit g-values | x1 | x2...
1 0 +2.656020961e+02 +1.265602096e+03 +1.265602096e+03 +2.9654e+00 -3.1657e+00
2 0 +2.388826750e+02 +1.238882675e+03 +1.238882675e+03 +2.7969e+00 +9.6850e-01
3 0 +1.067647535e+02 +1.106764754e+03 +1.106764754e+03 -5.4167e-01 -4.0003e+00
4 0 +3.026898810e+01 +1.030268988e+03 +1.030268988e+03 -4.0751e-01 -1.6629e+00
16 0 +1.998097363e+01 +1.019980974e+03 +1.019980974e+03 +1.8031e+00 -4.9501e-01
18 0 +3.793312967e+00 +1.003793313e+03 +1.003793313e+03 +6.3288e-01 -1.1458e+00
324 0 +2.706987029e+00 +1.002706987e+03 +1.002706987e+03 +5.5927e-01 -1.1458e+00
407 0 +1.077379313e+00 +1.001077379e+03 +1.001077379e+03 +5.8568e-01 -8.1622e-01
822 0 +7.938769229e-01 +1.000793877e+03 +1.000793877e+03 +1.5525e+00 -8.3979e-01
1514 0 +3.879325008e-01 +1.000387933e+03 +1.000387933e+03 +1.5525e+00 -8.3327e-01
1574 0 +8.288817563e-02 +1.000082888e+03 +1.000082888e+03 +1.5525e+00 -8.2182e-01
1843 0 +8.121464476e-02 +1.000081215e+03 +1.000081215e+03 +1.5528e+00 -8.2182e-01
1868 0 +4.203063870e-02 +1.000042031e+03 +1.000042031e+03 +1.5585e+00 -8.2093e-01
2106 0 +5.641080094e-03 +1.000005641e+03 +1.000005641e+03 +1.5688e+00 -8.2182e-01
2124 0 +3.871895129e-03 +1.000003872e+03 +1.000003872e+03 +1.5688e+00 -8.2109e-01
2584 0 +1.273180337e-03 +1.000001273e+03 +1.000001273e+03 +1.5702e+00 -8.2098e-01
2684 0 +1.784090362e-04 +1.000000178e+03 +1.000000178e+03 +1.5718e+00 -8.2082e-01
2753 0 +3.347195354e-05 +1.000000033e+03 +1.000000033e+03 +1.5724e+00 -8.2079e-01
2806 0 +2.565977752e-05 +1.000000026e+03 +1.000000026e+03 +1.5725e+00 -8.2085e-01
2938 0 +3.659654112e-06 +1.000000004e+03 +1.000000004e+03 +1.5727e+00 -8.2081e-01
3102 0 +7.067505976e-07 +1.000000001e+03 +1.000000001e+03 +1.5728e+00 -8.2082e-01
3214 0 +1.888448651e-07 +1.000000000e+03 +1.000000000e+03 +1.5728e+00 -8.2080e-01
3231 0 +4.394405551e-08 +1.000000000e+03 +1.000000000e+03 +1.5728e+00 -8.2080e-01
3241 0 +5.668994163e-09 +1.000000000e+03 +1.000000000e+03 +1.5728e+00 -8.2080e-01
3652 0 +3.410605132e-13 +1.000000000e+03 +1.000000000e+03 +1.5728e+00 -8.2080e-01
3742 0 +0.000000000e+00 +1.000000000e+03 +1.000000000e+03 +1.5728e+00 -8.2080e-01
3878 0 +0.000000000e+00 +1.000000000e+03 +1.000000000e+03 +1.5728e+00 -8.2080e-01
% f evaluations | g evaluations | best noise-free fitness - Fopt (4.661000000000e+01) + sum g_i+ | measured fitness | best measured fitness or single-digit g-values | x1 | x2...
1 0 +9.347286477e+02 +9.813386477e+02 +9.813386477e+02 +2.9654e+00 -3.1657e+00
2 0 +4.655098683e+02 +5.121198683e+02 +5.121198683e+02 +2.7969e+00 +9.6850e-01
4 0 +3.048562313e+02 +3.514662313e+02 +3.514662313e+02 -4.0751e-01 -1.6629e+00
5 0 +1.106903712e+02 +1.573003712e+02 +1.573003712e+02 -3.5713e+00 +1.5089e+00
6 0 +7.366292809e+01 +1.202729281e+02 +1.202729281e+02 -4.4359e+00 +2.2200e+00
14 0 +2.559599868e+01 +7.220599868e+01 +7.220599868e+01 -1.1754e+00 +4.8323e+00
15 0 +1.219843418e+01 +5.880843418e+01 +5.880843418e+01 -3.3237e-01 +3.5994e+00
27 0 +5.083994493e+00 +5.169399449e+01 +5.169399449e+01 +6.9575e-01 +3.8973e+00
132 0 +4.460260227e+00 +5.107026023e+01 +5.107026023e+01 -1.8401e-01 +3.6415e+00
175 0 +2.490109579e+00 +4.910010958e+01 +4.910010958e+01 +8.0452e-01 +4.2566e+00
258 0 +1.146539180e+00 +4.775653918e+01 +4.775653918e+01 -1.6041e-01 +3.9293e+00
681 0 +1.017258142e+00 +4.762725814e+01 +4.762725814e+01 -1.5418e-01 +3.9218e+00
752 0 +6.355848866e-01 +4.724558489e+01 +4.724558489e+01 +7.8586e-01 +3.9286e+00
1374 0 +4.106671263e-01 +4.702066713e+01 +4.702066713e+01 +7.9656e-01 +3.9148e+00
1579 0 +6.557820198e-02 +4.667557820e+01 +4.667557820e+01 +8.1861e-01 +3.9186e+00
2008 0 +6.452039224e-02 +4.667452039e+01 +4.667452039e+01 +8.3261e-01 +3.9154e+00
2016 0 +5.936715766e-02 +4.666936716e+01 +4.666936716e+01 +8.2624e-01 +3.9164e+00
2052 0 +1.175874059e-02 +4.662175874e+01 +4.662175874e+01 +8.3377e-01 +3.9230e+00
2271 0 +6.102126990e-03 +4.661610213e+01 +4.661610213e+01 +8.3076e-01 +3.9217e+00
2358 0 +5.552430911e-03 +4.661555243e+01 +4.661555243e+01 +8.3209e-01 +3.9222e+00
2393 0 +2.150319481e-03 +4.661215032e+01 +4.661215032e+01 +8.3222e-01 +3.9212e+00
2431 0 +1.831687871e-05 +4.661001832e+01 +4.661001832e+01 +8.3520e-01 +3.9209e+00
2956 0 +6.861675693e-06 +4.661000686e+01 +4.661000686e+01 +8.3515e-01 +3.9207e+00
3054 0 +4.698982643e-06 +4.661000470e+01 +4.661000470e+01 +8.3506e-01 +3.9208e+00
3062 0 +1.653961689e-06 +4.661000165e+01 +4.661000165e+01 +8.3512e-01 +3.9208e+00
3102 0 +2.520749831e-09 +4.661000000e+01 +4.661000000e+01 +8.3520e-01 +3.9208e+00
3641 0 +7.176481631e-13 +4.661000000e+01 +4.661000000e+01 +8.3520e-01 +3.9208e+00
3848 0 +0.000000000e+00 +4.661000000e+01 +4.661000000e+01 +8.3520e-01 +3.9208e+00
3976 0 +0.000000000e+00 +4.661000000e+01 +4.661000000e+01 +8.3520e-01 +3.9208e+00
% f evaluations | g evaluations | best noise-free fitness - Fopt (-2.643100000000e+02) + sum g_i+ | measured fitness | best measured fitness or single-digit g-values | x1 | x2...
1 0 +5.668156015e+01 -2.076284399e+02 -2.076284399e+02 +2.9654e+00 -3.1657e+00
4 0 +4.477457440e+01 -2.195354256e+02 -2.195354256e+02 -4.0751e-01 -1.6629e+00
16 0 +3.045382119e+01 -2.338561788e+02 -2.338561788e+02 +1.8031e+00 -4.9501e-01
18 0 +2.727148979e+01 -2.370385102e+02 -2.370385102e+02 +6.3288e-01 -1.1458e+00
49 0 +2.645273420e+01 -2.378572658e+02 -2.378572658e+02 +1.4812e+00 -1.2773e+00
53 0 +4.026267339e+00 -2.602837327e+02 -2.602837327e+02 +2.3184e+00 -1.1342e+00
176 0 +3.552251988e+00 -2.607577480e+02 -2.607577480e+02 +2.3005e+00 -1.1700e+00
303 0 +3.181507410e+00 -2.611284926e+02 -2.611284926e+02 +2.1906e+00 -1.4740e+00
314 0 +2.999793147e+00 -2.613102069e+02 -2.613102069e+02 +2.3005e+00 -1.4341e+00
490 0 +2.784309021e+00 -2.615256910e+02 -2.615256910e+02 +2.2059e+00 -1.4783e+00
493 0 +1.601772399e+00 -2.627082276e+02 -2.627082276e+02 +2.2660e+00 -1.4400e+00
549 0 +1.443698097e+00 -2.628663019e+02 -2.628663019e+02 +2.2714e+00 -1.4447e+00
623 0 +2.971584918e-01 -2.640128415e+02 -2.640128415e+02 +3.2150e+00 -1.4562e+00
1404 0 +1.621344858e-01 -2.641478655e+02 -2.641478655e+02 +3.2299e+00 -1.4638e+00
1437 0 +5.521229684e-02 -2.642547877e+02 -2.642547877e+02 +3.2361e+00 -1.4597e+00
1659 0 +5.902944112e-03 -2.643040971e+02 -2.643040971e+02 +3.2461e+00 -1.4577e+00
2043 0 +4.867981589e-03 -2.643051320e+02 -2.643051320e+02 +3.2484e+00 -1.4562e+00
2188 0 +1.187114317e-03 -2.643088129e+02 -2.643088129e+02 +3.2492e+00 -1.4571e+00
2437 0 +6.922407935e-04 -2.643093078e+02 -2.643093078e+02 +3.2494e+00 -1.4578e+00
2532 0 +4.002995561e-04 -2.643095997e+02 -2.643095997e+02 +3.2498e+00 -1.4576e+00
2536 0 +3.668527102e-04 -2.643096331e+02 -2.643096331e+02 +3.2499e+00 -1.4578e+00
2537 0 +2.907360772e-04 -2.643097093e+02 -2.643097093e+02 +3.2500e+00 -1.4577e+00
2576 0 +8.587304592e-05 -2.643099141e+02 -2.643099141e+02 +3.2510e+00 -1.4578e+00
2620 0 +1.152981213e-07 -2.643099999e+02 -2.643099999e+02 +3.2512e+00 -1.4576e+00
2901 0 +6.901933602e-08 -2.643099999e+02 -2.643099999e+02 +3.2512e+00 -1.4576e+00
2978 0 +6.392951946e-08 -2.643099999e+02 -2.643099999e+02 +3.2512e+00 -1.4576e+00
2988 0 +2.278795819e-09 -2.643100000e+02 -2.643100000e+02 +3.2512e+00 -1.4576e+00
3365 0 +3.410605132e-13 -2.643100000e+02 -2.643100000e+02 +3.2512e+00 -1.4576e+00
3455 0 +0.000000000e+00 -2.643100000e+02 -2.643100000e+02 +3.2512e+00 -1.4576e+00
3654 0 +0.000000000e+00 -2.643100000e+02 -2.643100000e+02 +3.2512e+00 -1.4576e+00
% f evaluations | g evaluations | best noise-free fitness - Fopt (7.273000000000e+01) + sum g_i+ | measured fitness | best measured fitness or single-digit g-values | x1 | x2...
1 0 +4.876849142e+01 +1.214984914e+02 +1.214984914e+02 +2.9654e+00 -3.1657e+00
4 0 +1.623628213e+01 +8.896628213e+01 +8.896628213e+01 -4.0751e-01 -1.6629e+00
96 0 +1.114274579e+01 +8.387274579e+01 +8.387274579e+01 -5.1840e-01 -2.5701e+00
120 0 +4.577714785e+00 +7.730771479e+01 +7.730771479e+01 +2.4624e+00 -2.3053e+00
233 0 +3.078622006e+00 +7.580862201e+01 +7.580862201e+01 +1.6392e+00 -2.2990e+00
279 0 +1.601714005e+00 +7.433171400e+01 +7.433171400e+01 +2.5268e+00 -2.2990e+00
359 0 +1.321833972e+00 +7.405183397e+01 +7.405183397e+01 +1.5600e+00 -2.2704e+00
529 0 +1.272903980e+00 +7.400290398e+01 +7.400290398e+01 +1.5676e+00 -2.2852e+00
638 0 +1.050961616e+00 +7.378096162e+01 +7.378096162e+01 +2.5523e+00 -2.2550e+00
877 0 +4.242656635e-01 +7.315426566e+01 +7.315426566e+01 +2.5788e+00 -2.2614e+00
1013 0 +1.607225611e-01 +7.289072256e+01 +7.289072256e+01 +2.5543e+00 -2.2760e+00
1277 0 +5.872253904e-02 +7.278872254e+01 +7.278872254e+01 +2.5673e+00 -2.2738e+00
1693 0 +5.920404471e-03 +7.273592040e+01 +7.273592040e+01 +2.5788e+00 -2.2748e+00
1694 0 +2.909869719e-03 +7.273290987e+01 +7.273290987e+01 +2.5788e+00 -2.2760e+00
1790 0 +2.862689180e-03 +7.273286269e+01 +7.273286269e+01 +2.5789e+00 -2.2762e+00
1838 0 +1.859883689e-03 +7.273185988e+01 +7.273185988e+01 +2.5799e+00 -2.2754e+00
1884 0 +6.770291648e-04 +7.273067703e+01 +7.273067703e+01 +2.5824e+00 -2.2765e+00
1998 0 +5.082685619e-04 +7.273050827e+01 +7.273050827e+01 +2.5817e+00 -2.2764e+00
2069 0 +4.582323115e-04 +7.273045823e+01 +7.273045823e+01 +2.5812e+00 -2.2763e+00
2071 0 +2.898503150e-04 +7.273028985e+01 +7.273028985e+01 +2.5820e+00 -2.2763e+00
2108 0 +1.974342869e-04 +7.273019743e+01 +7.273019743e+01 +2.5816e+00 -2.2762e+00
2180 0 +1.820998434e-04 +7.273018210e+01 +7.273018210e+01 +2.5816e+00 -2.2762e+00
2220 0 +9.603193155e-05 +7.273009603e+01 +7.273009603e+01 +2.5822e+00 -2.2762e+00
2303 0 +9.436295460e-05 +7.273009436e+01 +7.273009436e+01 +2.5821e+00 -2.2762e+00
2434 0 +8.130807305e-05 +7.273008131e+01 +7.273008131e+01 +2.5822e+00 -2.2762e+00
2450 0 +1.142021692e-05 +7.273001142e+01 +7.273001142e+01 +2.5823e+00 -2.2761e+00
2553 0 +8.600286833e-06 +7.273000860e+01 +7.273000860e+01 +2.5823e+00 -2.2761e+00
2635 0 +1.401885328e-06 +7.273000140e+01 +7.273000140e+01 +2.5823e+00 -2.2760e+00
2686 0 +1.338349037e-06 +7.273000134e+01 +7.273000134e+01 +2.5824e+00 -2.2760e+00
2707 0 +7.149252212e-07 +7.273000071e+01 +7.273000071e+01 +2.5824e+00 -2.2760e+00
2735 0 +1.652318389e-07 +7.273000017e+01 +7.273000017e+01 +2.5824e+00 -2.2760e+00
2788 0 +5.017798799e-08 +7.273000005e+01 +7.273000005e+01 +2.5824e+00 -2.2760e+00
2902 0 +3.387263803e-08 +7.273000003e+01 +7.273000003e+01 +2.5824e+00 -2.2760e+00
2955 0 +1.186593579e-08 +7.273000001e+01 +7.273000001e+01 +2.5824e+00 -2.2760e+00
2987 0 +6.969585797e-09 +7.273000001e+01 +7.273000001e+01 +2.5824e+00 -2.2760e+00
3378 0 +7.958078641e-13 +7.273000000e+01 +7.273000000e+01 +2.5824e+00 -2.2760e+00
3527 0 +0.000000000e+00 +7.273000000e+01 +7.273000000e+01 +2.5824e+00 -2.2760e+00
3738 0 +0.000000000e+00 +7.273000000e+01 +7.273000000e+01 +2.5824e+00 -2.2760e+00
% f evaluations | g evaluations | best noise-free fitness - Fopt (1.368700000000e+02) + sum g_i+ | measured fitness | best measured fitness or single-digit g-values | x1 | x2...
1 0 +4.325304463e+02 +5.694004463e+02 +5.694004463e+02 +2.9654e+00 -3.1657e+00
2 0 +8.274367248e+01 +2.196136725e+02 +2.196136725e+02 +2.7969e+00 +9.6850e-01
14 0 +6.489277511e+01 +2.017627751e+02 +2.017627751e+02 -1.1754e+00 +4.8323e+00
15 0 +1.898024651e+01 +1.558502465e+02 +1.558502465e+02 -3.3237e-01 +3.5994e+00
107 0 +1.830647692e+01 +1.551764769e+02 +1.551764769e+02 +2.5063e+00 +2.4496e+00
123 0 +8.483604745e+00 +1.453536047e+02 +1.453536047e+02 +1.6349e+00 +3.6565e+00
221 0 +5.094568741e+00 +1.419645687e+02 +1.419645687e+02 +2.5358e+00 +2.9280e+00
269 0 +4.947609436e+00 +1.418176094e+02 +1.418176094e+02 +2.4434e+00 +3.6402e+00
362 0 +2.492363524e+00 +1.393623635e+02 +1.393623635e+02 +3.4495e+00 +3.6429e+00
394 0 +1.548447450e+00 +1.384184475e+02 +1.384184475e+02 +3.4604e+00 +3.5897e+00
638 0 +4.769861568e-01 +1.373469862e+02 +1.373469862e+02 +3.5189e+00 +3.6249e+00
961 0 +1.509664033e-01 +1.370209664e+02 +1.370209664e+02 +3.5189e+00 +3.6144e+00
1514 0 +2.283062568e-02 +1.368928306e+02 +1.368928306e+02 +3.5158e+00 +3.6155e+00
1923 0 +4.804741894e-03 +1.368748047e+02 +1.368748047e+02 +3.5125e+00 +3.6109e+00
2218 0 +2.810711052e-03 +1.368728107e+02 +1.368728107e+02 +3.5134e+00 +3.6111e+00
2253 0 +1.381285417e-03 +1.368713813e+02 +1.368713813e+02 +3.5149e+00 +3.6112e+00
2417 0 +1.053165554e-03 +1.368710532e+02 +1.368710532e+02 +3.5162e+00 +3.6121e+00
2503 0 +7.263976971e-04 +1.368707264e+02 +1.368707264e+02 +3.5155e+00 +3.6115e+00
2533 0 +1.927116597e-04 +1.368701927e+02 +1.368701927e+02 +3.5151e+00 +3.6118e+00
2686 0 +1.422976195e-04 +1.368701423e+02 +1.368701423e+02 +3.5151e+00 +3.6120e+00
2721 0 +5.363669516e-05 +1.368700536e+02 +1.368700536e+02 +3.5156e+00 +3.6119e+00
2735 0 +3.086973709e-05 +1.368700309e+02 +1.368700309e+02 +3.5157e+00 +3.6121e+00
2752 0 +2.312222932e-05 +1.368700231e+02 +1.368700231e+02 +3.5157e+00 +3.6120e+00
2965 0 +2.111113679e-05 +1.368700211e+02 +1.368700211e+02 +3.5157e+00 +3.6120e+00
3061 0 +1.927627918e-05 +1.368700193e+02 +1.368700193e+02 +3.5157e+00 +3.6120e+00
3062 0 +9.382630196e-06 +1.368700094e+02 +1.368700094e+02 +3.5159e+00 +3.6121e+00
3131 0 +2.792782396e-06 +1.368700028e+02 +1.368700028e+02 +3.5159e+00 +3.6120e+00
3197 0 +1.417157080e-06 +1.368700014e+02 +1.368700014e+02 +3.5159e+00 +3.6120e+00
3200 0 +8.179313227e-07 +1.368700008e+02 +1.368700008e+02 +3.5159e+00 +3.6120e+00
3237 0 +5.793395985e-09 +1.368700000e+02 +1.368700000e+02 +3.5160e+00 +3.6120e+00
3977 0 +1.989519660e-13 +1.368700000e+02 +1.368700000e+02 +3.5160e+00 +3.6120e+00
4051 0 +0.000000000e+00 +1.368700000e+02 +1.368700000e+02 +3.5160e+00 +3.6120e+00
4214 0 +0.000000000e+00 +1.368700000e+02 +1.368700000e+02 +3.5160e+00 +3.6120e+00
% f evaluations | g evaluations | best noise-free fitness - Fopt (2.196000000000e+01) + sum g_i+ | measured fitness | best measured fitness or single-digit g-values | x1 | x2...
1 0 +8.559152146e+01 +1.075515215e+02 +1.075515215e+02 +2.9654e+00 -3.1657e+00
2 0 +5.537814325e+01 +7.733814325e+01 +7.733814325e+01 +2.7969e+00 +9.6850e-01
4 0 +4.962056257e+01 +7.158056257e+01 +7.158056257e+01 -4.0751e-01 -1.6629e+00
16 0 +3.886866093e+01 +6.082866093e+01 +6.082866093e+01 +1.8031e+00 -4.9501e-01
25 0 +3.763654322e+01 +5.959654322e+01 +5.959654322e+01 +1.8031e+00 -1.0521e+00
59 0 +3.035524727e+01 +5.231524727e+01 +5.231524727e+01 +2.4838e+00 -4.8529e-01
68 0 +2.600686933e+01 +4.796686933e+01 +4.796686933e+01 +3.3124e+00 -1.0702e+00
95 0 +8.539062474e+00 +3.049906247e+01 +3.049906247e+01 +3.4949e+00 -1.3344e+00
186 0 +6.257742343e+00 +2.821774234e+01 +2.821774234e+01 +2.2518e+00 -1.3049e+00
207 0 +4.239023846e+00 +2.619902385e+01 +2.619902385e+01 +3.2654e+00 -6.1280e-02
212 0 +2.430223988e+00 +2.439022399e+01 +2.439022399e+01 +2.2880e+00 -3.4376e-01
478 0 +1.835594001e+00 +2.379559400e+01 +2.379559400e+01 +3.2033e+00 -6.2014e-01
533 0 +1.645299111e+00 +2.360529911e+01 +2.360529911e+01 +3.2645e+00 -6.6333e-01
535 0 +1.538757905e+00 +2.349875790e+01 +2.349875790e+01 +2.3246e+00 -6.4745e-01
640 0 +1.230869568e+00 +2.319086957e+01 +2.319086957e+01 +3.2711e+00 -9.5311e-01
790 0 +9.974804793e-01 +2.295748048e+01 +2.295748048e+01 +2.2948e+00 -6.3562e-01
899 0 +3.669687043e-01 +2.232696870e+01 +2.232696870e+01 +3.2711e+00 -6.2437e-01
1072 0 +3.437137614e-01 +2.230371376e+01 +2.230371376e+01 +3.2696e+00 -6.2516e-01
1235 0 +4.628863242e-02 +2.200628863e+01 +2.200628863e+01 +3.2949e+00 -6.3325e-01
1585 0 +3.551999961e-02 +2.199552000e+01 +2.199552000e+01 +3.2889e+00 -6.3964e-01
1679 0 +1.693474805e-02 +2.197693475e+01 +2.197693475e+01 +3.2840e+00 -6.3669e-01
1794 0 +1.695515036e-04 +2.196016955e+01 +2.196016955e+01 +3.2931e+00 -6.3625e-01
2357 0 +1.610369346e-04 +2.196016104e+01 +2.196016104e+01 +3.2931e+00 -6.3578e-01
2483 0 +9.954260078e-05 +2.196009954e+01 +2.196009954e+01 +3.2929e+00 -6.3605e-01
2534 0 +6.077201384e-06 +2.196000608e+01 +2.196000608e+01 +3.2935e+00 -6.3596e-01
2568 0 +2.588322062e-06 +2.196000259e+01 +2.196000259e+01 +3.2935e+00 -6.3597e-01
2625 0 +8.534860996e-08 +2.196000009e+01 +2.196000009e+01 +3.2936e+00 -6.3600e-01
2837 0 +1.847356401e-08 +2.196000002e+01 +2.196000002e+01 +3.2936e+00 -6.3600e-01
2853 0 +9.949406632e-09 +2.196000001e+01 +2.196000001e+01 +3.2936e+00 -6.3600e-01
3372 0 +3.836930773e-13 +2.196000000e+01 +2.196000000e+01 +3.2936e+00 -6.3600e-01
3565 0 +0.000000000e+00 +2.196000000e+01 +2.196000000e+01 +3.2936e+00 -6.3600e-01
3724 0 +0.000000000e+00 +2.196000000e+01 +2.196000000e+01 +3.2936e+00 -6.3600e-01
% f evaluations | g evaluations | best noise-free fitness - Fopt (-2.139000000000e+01) + sum g_i+ | measured fitness | best measured fitness or single-digit g-values | x1 | x2...
1 0 +3.316384977e+02 +3.102484977e+02 +3.102484977e+02 +2.9654e+00 -3.1657e+00
2 0 +5.523770109e+01 +3.384770109e+01 +3.384770109e+01 +2.7969e+00 +9.6850e-01
15 0 +5.158936515e+01 +3.019936515e+01 +3.019936515e+01 -3.3237e-01 +3.5994e+00
21 0 +1.935274294e+01 -2.037257056e+00 -2.037257056e+00 +1.1000e+00 +3.3319e+00
119 0 +1.382202671e+01 -7.567973292e+00 -7.567973292e+00 +2.8364e-01 +3.1182e+00
140 0 +1.352685376e+01 -7.863146235e+00 -7.863146235e+00 +2.1822e+00 +1.8126e+00
159 0 +1.039456132e+01 -1.099543868e+01 -1.099543868e+01 +1.2613e-01 +2.4820e+00
187 0 +8.850510539e+00 -1.253948946e+01 -1.253948946e+01 +1.3851e+00 +3.1491e+00
197 0 +1.330960320e+00 -2.005903968e+01 -2.005903968e+01 +2.1820e+00 +2.7963e+00
461 0 +1.261600748e+00 -2.012839925e+01 -2.012839925e+01 +2.1820e+00 +2.8036e+00
610 0 +1.225182401e+00 -2.016481760e+01 -2.016481760e+01 +2.1927e+00 +2.8106e+00
685 0 +1.127663531e+00 -2.026233647e+01 -2.026233647e+01 +2.1946e+00 +2.7969e+00
817 0 +1.067143486e+00 -2.032285651e+01 -2.032285651e+01 +2.1946e+00 +2.8009e+00
1219 0 +1.014919749e+00 -2.037508025e+01 -2.037508025e+01 +2.2107e+00 +2.7995e+00
1339 0 +9.954488428e-01 -2.039455116e+01 -2.039455116e+01 +2.2066e+00 +2.8021e+00
1524 0 +1.352955485e-01 -2.125470445e+01 -2.125470445e+01 +3.1836e+00 +2.8077e+00
1748 0 +1.321111801e-01 -2.125788882e+01 -2.125788882e+01 +3.1836e+00 +2.8072e+00
1862 0 +9.067969092e-02 -2.129932031e+01 -2.129932031e+01 +3.1858e+00 +2.8059e+00
1929 0 +5.615711454e-02 -2.133384289e+01 -2.133384289e+01 +3.1989e+00 +2.8072e+00
2098 0 +4.507814236e-02 -2.134492186e+01 -2.134492186e+01 +3.1920e+00 +2.8056e+00
2116 0 +3.126983051e-02 -2.135873017e+01 -2.135873017e+01 +3.1920e+00 +2.8037e+00
2231 0 +8.390869788e-03 -2.138160913e+01 -2.138160913e+01 +3.2007e+00 +2.8042e+00
2397 0 +6.465724585e-03 -2.138353428e+01 -2.138353428e+01 +3.2044e+00 +2.8037e+00
2520 0 +5.000506519e-03 -2.138499949e+01 -2.138499949e+01 +3.2014e+00 +2.8010e+00
2548 0 +3.495015518e-04 -2.138965050e+01 -2.138965050e+01 +3.2027e+00 +2.8025e+00
2655 0 +8.268253518e-05 -2.138991732e+01 -2.138991732e+01 +3.2038e+00 +2.8022e+00
2689 0 +6.698049731e-06 -2.138999330e+01 -2.138999330e+01 +3.2039e+00 +2.8024e+00
2911 0 +2.675991759e-06 -2.138999732e+01 -2.138999732e+01 +3.2039e+00 +2.8024e+00
3138 0 +1.859965423e-06 -2.138999814e+01 -2.138999814e+01 +3.2039e+00 +2.8024e+00
3231 0 +7.007039500e-07 -2.138999930e+01 -2.138999930e+01 +3.2040e+00 +2.8024e+00
3243 0 +6.204395149e-07 -2.138999938e+01 -2.138999938e+01 +3.2040e+00 +2.8024e+00
3273 0 +5.342352054e-07 -2.138999947e+01 -2.138999947e+01 +3.2040e+00 +2.8024e+00
3288 0 +5.094539048e-07 -2.138999949e+01 -2.138999949e+01 +3.2040e+00 +2.8024e+00
3291 0 +2.666557997e-07 -2.138999973e+01 -2.138999973e+01 +3.2040e+00 +2.8024e+00
3304 0 +1.989401852e-07 -2.138999980e+01 -2.138999980e+01 +3.2040e+00 +2.8024e+00
3312 0 +6.707462319e-08 -2.138999993e+01 -2.138999993e+01 +3.2040e+00 +2.8024e+00
3344 0 +6.437274536e-08 -2.138999994e+01 -2.138999994e+01 +3.2040e+00 +2.8024e+00
3375 0 +3.177694552e-08 -2.138999997e+01 -2.138999997e+01 +3.2040e+00 +2.8024e+00
3377 0 +5.000941883e-09 -2.138999999e+01 -2.138999999e+01 +3.2040e+00 +2.8024e+00
3687 0 +1.065814104e-14 -2.139000000e+01 -2.139000000e+01 +3.2040e+00 +2.8024e+00
3882 0 +0.000000000e+00 -2.139000000e+01 -2.139000000e+01 +3.2040e+00 +2.8024e+00
4045 0 +0.000000000e+00 -2.139000000e+01 -2.139000000e+01 +3.2040e+00 +2.8024e+00
% f evaluations | g evaluations | best noise-free fitness - Fopt (5.176600000000e+02) + sum g_i+ | measured fitness | best measured fitness or single-digit g-values | x1 | x2...
1 0 +3.621129429e+02 +8.797729429e+02 +8.797729429e+02 +2.9654e+00 -3.1657e+00
2 0 +5.481615558e+01 +5.724761556e+02 +5.724761556e+02 +2.7969e+00 +9.6850e-01
14 0 +5.354898044e+01 +5.712089804e+02 +5.712089804e+02 -1.1754e+00 +4.8323e+00
15 0 +3.929662824e+01 +5.569566282e+02 +5.569566282e+02 -3.3237e-01 +3.5994e+00
26 0 +3.125723904e+01 +5.489172390e+02 +5.489172390e+02 -2.0364e-01 +4.1171e+00
31 0 +2.926491573e+01 +5.469249157e+02 +5.469249157e+02 +7.0270e-02 +2.2200e+00
49 0 +2.648865311e+01 +5.441486531e+02 +5.441486531e+02 +2.5712e+00 +3.7754e+00
72 0 +1.275394396e+01 +5.304139440e+02 +5.304139440e+02 +3.0365e+00 +3.7754e+00
166 0 +9.652556694e+00 +5.273125567e+02 +5.273125567e+02 +2.0643e+00 +2.4815e+00
200 0 +1.389447770e+00 +5.190494478e+02 +5.190494478e+02 +2.8837e+00 +3.1863e+00
810 0 +5.268183532e-01 +5.181868184e+02 +5.181868184e+02 +3.8543e+00 +3.1846e+00
813 0 +4.144750409e-01 +5.180744750e+02 +5.180744750e+02 +3.8733e+00 +3.1863e+00
1255 0 +3.173990972e-01 +5.179773991e+02 +5.179773991e+02 +3.8617e+00 +3.1627e+00
1435 0 +1.576029707e-01 +5.178176030e+02 +5.178176030e+02 +3.8617e+00 +3.1697e+00
1499 0 +1.246559230e-01 +5.177846559e+02 +5.177846559e+02 +3.8639e+00 +3.1750e+00
1522 0 +3.000390128e-02 +5.176900039e+02 +5.176900039e+02 +3.8759e+00 +3.1736e+00
1732 0 +6.158538296e-03 +5.176661585e+02 +5.176661585e+02 +3.8831e+00 +3.1723e+00
2106 0 +8.167069267e-04 +5.176608167e+02 +5.176608167e+02 +3.8878e+00 +3.1722e+00
2385 0 +5.307216062e-04 +5.176605307e+02 +5.176605307e+02 +3.8877e+00 +3.1723e+00
2430 0 +3.877297360e-04 +5.176603877e+02 +5.176603877e+02 +3.8868e+00 +3.1726e+00
2514 0 +2.549237596e-04 +5.176602549e+02 +5.176602549e+02 +3.8874e+00 +3.1725e+00
2532 0 +1.749954182e-04 +5.176601750e+02 +5.176601750e+02 +3.8870e+00 +3.1727e+00
2566 0 +1.265815719e-04 +5.176601266e+02 +5.176601266e+02 +3.8872e+00 +3.1727e+00
2573 0 +5.035048309e-05 +5.176600504e+02 +5.176600504e+02 +3.8879e+00 +3.1726e+00
2639 0 +4.054349347e-05 +5.176600405e+02 +5.176600405e+02 +3.8879e+00 +3.1729e+00
2641 0 +4.177329629e-07 +5.176600004e+02 +5.176600004e+02 +3.8880e+00 +3.1728e+00
2692 0 +3.769995374e-07 +5.176600004e+02 +5.176600004e+02 +3.8880e+00 +3.1728e+00
2780 0 +3.811544502e-08 +5.176600000e+02 +5.176600000e+02 +3.8880e+00 +3.1728e+00
2831 0 +8.916117622e-09 +5.176600000e+02 +5.176600000e+02 +3.8880e+00 +3.1728e+00
3396 0 +3.410605132e-13 +5.176600000e+02 +5.176600000e+02 +3.8880e+00 +3.1728e+00
3509 0 +0.000000000e+00 +5.176600000e+02 +5.176600000e+02 +3.8880e+00 +3.1728e+00
3654 0 +0.000000000e+00 +5.176600000e+02 +5.176600000e+02 +3.8880e+00 +3.1728e+00
