% f evaluations | g evaluations | best noise-free fitness - Fopt (7.627000000000e+01) + sum g_i+ | measured fitness | best measured fitness or single-digit g-values | x1 | x2...
1 0 +2.456797125e+07 +2.456804752e+07 +2.456804752e+07 +2.7396e+00 -6.1122e-01 +3.5860e+00
5 0 +1.552338412e+07 +1.552346039e+07 +1.552346039e+07 -5.0000e+00 -5.0000e+00 -5.0000e+00
8 0 +1.552338412e+07 +1.552346039e+07 +1.552346039e+07 -5.0000e+00 -5.0000e+00 -5.0000e+00
% f evaluations | g evaluations | best noise-free fitness - Fopt (-2.255000000000e+01) + sum g_i+ | measured fitness | best measured fitness or single-digit g-values | x1 | x2...
1 0 +3.183023463e+05 +3.182797963e+05 +3.182797963e+05 +2.7396e+00 -6.1122e-01 +3.5860e+00
2 0 +3.183023387e+05 +3.182797887e+05 +3.182797887e+05 +2.7396e+00 -6.1122e-01 +3.5860e+00
9 0 +2.021104549e+05 +2.020879049e+05 +2.020879049e+05 +2.8216e+00 -4.0763e-01 +3.2745e+00
17 0 +2.263888488e+03 +2.241338488e+03 +2.241338488e+03 +3.0671e+00 +2.0184e-01 +2.3419e+00
25 0 +1.322999487e+01 -9.320005130e+00 -9.320005130e+00 +3.0455e+00 +1.4825e-01 +2.4239e+00
29 0 +1.257473561e+01 -9.975264391e+00 -9.975264391e+00 +3.0454e+00 +1.4793e-01 +2.4244e+00
33 0 +8.267837213e+00 -1.428216279e+01 -1.428216279e+01 +3.0449e+00 +1.4666e-01 +2.4263e+00
37 0 +6.773147702e+00 -1.577685230e+01 -1.577685230e+01 +3.0443e+00 +1.4526e-01 +2.4285e+00
89 0 +6.753515509e+00 -1.579648449e+01 -1.579648449e+01 +3.0429e+00 +1.4914e-01 +2.4245e+00
97 0 +6.497281479e+00 -1.605271852e+01 -1.605271852e+01 +3.0195e+00 +2.1768e-01 +2.3549e+00
101 0 +6.080338902e+00 -1.646966110e+01 -1.646966110e+01 +2.9498e+00 +4.2159e-01 +2.1476e+00
105 0 +5.925370019e+00 -1.662462998e+01 -1.662462998e+01 +2.9535e+00 +4.1043e-01 +2.1590e+00
109 0 +4.897562734e+00 -1.765243727e+01 -1.765243727e+01 +2.8867e+00 +6.0371e-01 +1.9630e+00
113 0 +3.635713057e+00 -1.891428694e+01 -1.891428694e+01 +2.7079e+00 +1.1216e+00 +1.4384e+00
117 0 +3.529729514e+00 -1.902027049e+01 -1.902027049e+01 +2.6614e+00 +1.2561e+00 +1.3022e+00
173 0 +3.420537857e+00 -1.912946214e+01 -1.912946214e+01 +2.6264e+00 +1.4150e+00 +1.2847e+00
177 0 +3.258559432e+00 -1.929144057e+01 -1.929144057e+01 +2.6217e+00 +1.4470e+00 +1.2963e+00
181 0 +2.795685221e+00 -1.975431478e+01 -1.975431478e+01 +2.6028e+00 +1.5752e+00 +1.3430e+00
185 0 +9.752873169e-01 -2.157471268e+01 -2.157471268e+01 +2.4904e+00 +2.4300e+00 +1.7601e+00
189 0 +6.403481564e-01 -2.190965184e+01 -2.190965184e+01 +2.5251e+00 +2.3347e+00 +1.8711e+00
193 0 +2.048160343e-01 -2.234518397e+01 -2.234518397e+01 +2.5534e+00 +2.3748e+00 +2.1305e+00
201 0 +2.333756334e-02 -2.252666244e+01 -2.252666244e+01 +2.5709e+00 +2.5175e+00 +2.4590e+00
205 0 +3.315610553e-03 -2.254668439e+01 -2.254668439e+01 +2.5651e+00 +2.5634e+00 +2.4831e+00
209 0 +1.487316695e-03 -2.254851268e+01 -2.254851268e+01 +2.5614e+00 +2.6070e+00 +2.5184e+00
213 0 +1.334340103e-04 -2.254986657e+01 -2.254986657e+01 +2.5631e+00 +2.5910e+00 +2.5074e+00
217 0 +8.421461041e-05 -2.254991579e+01 -2.254991579e+01 +2.5637e+00 +2.5842e+00 +2.5022e+00
221 0 +4.332176098e-05 -2.254995668e+01 -2.254995668e+01 +2.5641e+00 +2.5841e+00 +2.5048e+00
229 0 +2.103487405e-05 -2.254997897e+01 -2.254997897e+01 +2.5647e+00 +2.5816e+00 +2.5057e+00
237 0 +6.981911653e-07 -2.254999930e+01 -2.254999930e+01 +2.5655e+00 +2.5801e+00 +2.5088e+00
245 0 +6.909758277e-07 -2.254999931e+01 -2.254999931e+01 +2.5654e+00 +2.5803e+00 +2.5088e+00
272 0 +6.852857339e-07 -2.254999931e+01 -2.254999931e+01 +2.5654e+00 +2.5802e+00 +2.5088e+00
% f evaluations | g evaluations | best noise-free fitness - Fopt (1.366000000000e+01) + sum g_i+ | measured fitness | best measured fitness or single-digit g-values | x1 | x2...
1 0 +1.204087580e+07 +1.204088946e+07 +1.204088946e+07 +2.7396e+00 -6.1122e-01 +3.5860e+00
3 0 +1.204087575e+07 +1.204088941e+07 +1.204088941e+07 +2.7396e+00 -6.1122e-01 +3.5860e+00
9 0 +3.158690233e+06 +3.158703893e+06 +3.158703893e+06 +1.6122e+00 +2.0616e-01 +2.3353e+00
13 0 +3.176221143e+05 +3.176357743e+05 +3.176357743e+05 +9.5505e-01 +6.8256e-01 +1.6063e+00
17 0 +3.854667793e+04 +3.856033793e+04 +3.856033793e+04 +7.0082e-01 +8.6688e-01 +1.3243e+00
21 0 +1.154239805e+04 +1.155605805e+04 +1.155605805e+04 +5.2127e-01 +9.9706e-01 +1.1251e+00
25 0 +5.997199366e+02 +6.133799366e+02 +6.133799366e+02 +5.9822e-01 +9.4127e-01 +1.2105e+00
29 0 +9.765961779e+00 +2.342596178e+01 +2.342596178e+01 +5.8463e-01 +9.5113e-01 +1.1954e+00
33 0 +3.644679513e+00 +1.730467951e+01 +1.730467951e+01 +5.8297e-01 +9.5233e-01 +1.1935e+00
73 0 +3.629570939e+00 +1.728957094e+01 +1.728957094e+01 +5.8340e-01 +9.5309e-01 +1.1941e+00
85 0 +3.507133135e+00 +1.716713314e+01 +1.716713314e+01 +5.9656e-01 +9.8045e-01 +1.2121e+00
89 0 +3.465488383e+00 +1.712548838e+01 +1.712548838e+01 +6.3351e-01 +1.0577e+00 +1.2628e+00
93 0 +3.304904128e+00 +1.696490413e+01 +1.696490413e+01 +6.4920e-01 +1.0908e+00 +1.2843e+00
97 0 +2.524339746e+00 +1.618433975e+01 +1.618433975e+01 +7.4439e-01 +1.2955e+00 +1.4177e+00
101 0 +2.500478331e+00 +1.616047833e+01 +1.616047833e+01 +7.5690e-01 +1.3220e+00 +1.4350e+00
105 0 +2.335787111e+00 +1.599578711e+01 +1.599578711e+01 +8.0697e-01 +1.4278e+00 +1.5042e+00
109 0 +2.115553466e+00 +1.577555347e+01 +1.577555347e+01 +1.0072e+00 +1.8512e+00 +1.7811e+00
117 0 +2.025600543e+00 +1.568560054e+01 +1.568560054e+01 +1.0665e+00 +1.9768e+00 +1.8632e+00
125 0 +1.581614486e+00 +1.524161449e+01 +1.524161449e+01 +1.2358e+00 +2.3369e+00 +2.0983e+00
129 0 +1.119090713e+00 +1.477909071e+01 +1.477909071e+01 +1.2357e+00 +2.3380e+00 +2.0989e+00
133 0 +9.400205969e-01 +1.460002060e+01 +1.460002060e+01 +1.2421e+00 +2.3542e+00 +2.1092e+00
137 0 +8.501659894e-01 +1.451016599e+01 +1.451016599e+01 +1.2383e+00 +2.3449e+00 +2.1032e+00
181 0 +8.207261837e-01 +1.448072618e+01 +1.448072618e+01 +1.1364e+00 +2.1766e+00 +2.0124e+00
185 0 +7.747141665e-01 +1.443471417e+01 +1.443471417e+01 +1.0865e+00 +2.1225e+00 +1.9978e+00
189 0 +5.832913230e-01 +1.424329132e+01 +1.424329132e+01 +9.5826e-01 +2.0632e+00 +2.0433e+00
193 0 +5.233291091e-01 +1.418332911e+01 +1.418332911e+01 +8.4564e-01 +2.0005e+00 +2.0724e+00
197 0 +5.019660345e-01 +1.416196603e+01 +1.416196603e+01 +8.2005e-01 +1.9971e+00 +2.0906e+00
201 0 +4.974072552e-01 +1.415740726e+01 +1.415740726e+01 +7.9880e-01 +1.9992e+00 +2.1108e+00
205 0 +4.580634648e-01 +1.411806346e+01 +1.411806346e+01 +7.4335e-01 +2.0067e+00 +2.1654e+00
209 0 +1.265023631e-01 +1.378650236e+01 +1.378650236e+01 +5.2152e-01 +2.0366e+00 +2.3838e+00
213 0 +5.434767107e-02 +1.371434767e+01 +1.371434767e+01 +2.5572e-01 +2.0724e+00 +2.6455e+00
221 0 +5.333951592e-02 +1.371333952e+01 +1.371333952e+01 +2.5577e-01 +2.0727e+00 +2.6457e+00
229 0 +3.334045322e-02 +1.369334045e+01 +1.369334045e+01 +3.6642e-01 +2.0813e+00 +2.5615e+00
237 0 +7.703888072e-03 +1.366770389e+01 +1.366770389e+01 +4.7424e-01 +2.2044e+00 +2.5999e+00
241 0 +5.759808532e-04 +1.366057598e+01 +1.366057598e+01 +4.2584e-01 +2.2160e+00 +2.6528e+00
245 0 +3.095175333e-04 +1.366030952e+01 +1.366030952e+01 +4.2496e-01 +2.2198e+00 +2.6575e+00
249 0 +9.042530411e-05 +1.366009043e+01 +1.366009043e+01 +4.2502e-01 +2.2297e+00 +2.6678e+00
344 0 +8.992364221e-05 +1.366008992e+01 +1.366008992e+01 +4.2502e-01 +2.2297e+00 +2.6678e+00
% f evaluations | g evaluations | best noise-free fitness - Fopt (9.378400000000e+02) + sum g_i+ | measured fitness | best measured fitness or single-digit g-values | x1 | x2...
1 0 +7.411900436e+06 +7.412838276e+06 +7.412838276e+06 +2.7396e+00 -6.1122e-01 +3.5860e+00
3 0 +7.411900429e+06 +7.412838269e+06 +7.412838269e+06 +2.7396e+00 -6.1122e-01 +3.5860e+00
9 0 +3.155610609e+06 +3.156548449e+06 +3.156548449e+06 +2.2698e+00 -2.7065e-01 +3.0649e+00
17 0 +1.054318744e+02 +1.043271874e+03 +1.043271874e+03 +1.1167e+00 +5.6533e-01 +1.7857e+00
21 0 +2.347768095e+01 +9.613176810e+02 +9.613176810e+02 +1.1093e+00 +5.7076e-01 +1.7774e+00
25 0 +1.686482308e+01 +9.547048231e+02 +9.547048231e+02 +1.1115e+00 +5.6914e-01 +1.7799e+00
29 0 +1.614866183e+01 +9.539886618e+02 +9.539886618e+02 +1.1110e+00 +5.6954e-01 +1.7793e+00
93 0 +1.556385714e+01 +9.534038571e+02 +9.534038571e+02 +1.0901e+00 +6.3535e-01 +1.8185e+00
97 0 +9.554158086e+00 +9.473941581e+02 +9.473941581e+02 +8.5774e-01 +1.3648e+00 +2.2503e+00
101 0 +4.323751205e+00 +9.421637512e+02 +9.421637512e+02 +4.6880e-01 +2.5844e+00 +2.9713e+00
105 0 +1.047723439e+00 +9.388877234e+02 +9.388877234e+02 +1.8952e-01 +3.4595e+00 +3.4883e+00
109 0 +4.462514920e-01 +9.382862515e+02 +9.382862515e+02 +1.0447e-01 +3.7254e+00 +3.6451e+00
117 0 +3.325621283e-01 +9.381725621e+02 +9.381725621e+02 +4.7379e-02 +3.9041e+00 +3.7506e+00
121 0 +2.998487435e-01 +9.381398487e+02 +9.381398487e+02 +7.2156e-02 +3.8264e+00 +3.7046e+00
125 0 +2.736691554e-01 +9.381136692e+02 +9.381136692e+02 +9.6189e-02 +3.7508e+00 +3.6598e+00
129 0 +2.593157311e-01 +9.380993157e+02 +9.380993157e+02 +8.3493e-02 +3.7906e+00 +3.6833e+00
133 0 +2.405391092e-01 +9.380805391e+02 +9.380805391e+02 +6.1312e-02 +3.8222e+00 +3.7133e+00
137 0 +2.251969354e-01 +9.380651969e+02 +9.380651969e+02 +4.3098e-02 +3.8375e+00 +3.7349e+00
141 0 +1.512790399e-01 +9.379912790e+02 +9.379912790e+02 -4.7069e-02 +3.8663e+00 +3.8281e+00
145 0 +1.258099985e-01 +9.379658100e+02 +9.379658100e+02 -1.2584e-01 +3.8846e+00 +3.9075e+00
149 0 +1.083910389e-01 +9.379483910e+02 +9.379483910e+02 -1.5657e-01 +3.8628e+00 +3.9301e+00
153 0 +4.013814125e-02 +9.378801381e+02 +9.378801381e+02 -2.7948e-01 +3.7756e+00 +4.0203e+00
161 0 +3.226399446e-02 +9.378722640e+02 +9.378722640e+02 -3.4223e-01 +3.7310e+00 +4.0664e+00
165 0 +2.216722868e-02 +9.378621672e+02 +9.378621672e+02 -4.0708e-01 +3.5650e+00 +4.0790e+00
169 0 +2.817994709e-03 +9.378428180e+02 +9.378428180e+02 -3.0809e-01 +3.6194e+00 +4.0017e+00
177 0 +1.460086132e-03 +9.378414601e+02 +9.378414601e+02 -2.8570e-01 +3.6087e+00 +3.9776e+00
185 0 +1.165343072e-03 +9.378411653e+02 +9.378411653e+02 -2.8178e-01 +3.6118e+00 +3.9748e+00
189 0 +1.137389777e-03 +9.378411374e+02 +9.378411374e+02 -2.9278e-01 +3.6021e+00 +3.9823e+00
193 0 +3.382116348e-04 +9.378403382e+02 +9.378403382e+02 -2.9938e-01 +3.5906e+00 +3.9852e+00
201 0 +5.849905494e-05 +9.378400585e+02 +9.378400585e+02 -2.9834e-01 +3.5852e+00 +3.9826e+00
205 0 +8.365210306e-06 +9.378400084e+02 +9.378400084e+02 -2.9887e-01 +3.5787e+00 +3.9812e+00
209 0 +6.555468417e-06 +9.378400066e+02 +9.378400066e+02 -2.9829e-01 +3.5792e+00 +3.9808e+00
212 0 +6.553093044e-06 +9.378400066e+02 +9.378400066e+02 -2.9829e-01 +3.5792e+00 +3.9808e+00
% f evaluations | g evaluations | best noise-free fitness - Fopt (-7.872000000000e+01) + sum g_i+ | measured fitness | best measured fitness or single-digit g-values | x1 | x2...
1 0 +2.085199299e+07 +2.085191427e+07 +2.085191427e+07 +2.7396e+00 -6.1122e-01 +3.5860e+00
9 0 +3.082566441e+06 +3.082487721e+06 +3.082487721e+06 +8.1579e-01 -1.7021e+00 +1.4518e+00
17 0 +3.766630545e+03 +3.687910545e+03 +3.687910545e+03 -4.4747e-01 -2.4185e+00 +5.0403e-02
21 0 +3.214702560e+03 +3.135982560e+03 +3.135982560e+03 -4.5695e-01 -2.4238e+00 +3.9880e-02
25 0 +2.586721292e+01 -5.285278708e+01 -5.285278708e+01 -4.9487e-01 -2.4453e+00 -2.2134e-03
33 0 +2.104499280e+01 -5.767500720e+01 -5.767500720e+01 -4.9375e-01 -2.4447e+00 -9.6691e-04
37 0 +2.044479824e+01 -5.827520176e+01 -5.827520176e+01 -4.9330e-01 -2.4445e+00 -4.7831e-04
41 0 +2.040649062e+01 -5.831350938e+01 -5.831350938e+01 -4.9317e-01 -2.4444e+00 -3.4174e-04
85 0 +1.917809592e+01 -5.954190408e+01 -5.954190408e+01 -3.3780e-01 -2.4212e+00 -6.8227e-02
89 0 +1.568956205e+01 -6.303043795e+01 -6.303043795e+01 +4.1513e-02 -2.3645e+00 -2.3315e-01
93 0 +8.058677893e+00 -7.066132211e+01 -7.066132211e+01 +1.5588e+00 -2.1376e+00 -8.9283e-01
97 0 +7.689607322e+00 -7.103039268e+01 -7.103039268e+01 +5.0000e+00 -1.6226e+00 -2.3877e+00
105 0 +3.780876704e+00 -7.493912330e+01 -7.493912330e+01 +3.2912e+00 -1.8783e+00 -1.6454e+00
109 0 +1.718660519e+00 -7.700133948e+01 -7.700133948e+01 +3.3808e+00 -1.8642e+00 -1.6840e+00
117 0 +5.056868281e-01 -7.821431317e+01 -7.821431317e+01 +3.4491e+00 -1.8524e+00 -1.7128e+00
121 0 +3.253235740e-01 -7.839467643e+01 -7.839467643e+01 +3.5228e+00 -1.8417e+00 -1.7449e+00
125 0 +3.226838783e-01 -7.839731612e+01 -7.839731612e+01 +3.6601e+00 -1.8213e+00 -1.8047e+00
129 0 +3.052693834e-01 -7.841473062e+01 -7.841473062e+01 +3.5926e+00 -1.8313e+00 -1.7753e+00
252 0 +3.027444424e-01 -7.841725556e+01 -7.841725556e+01 +3.6308e+00 -1.8256e+00 -1.7919e+00
% f evaluations | g evaluations | best noise-free fitness - Fopt (7.627000000000e+01) + sum g_i+ | measured fitness | best measured fitness or single-digit g-values | x1 | x2...
1 0 +2.456797125e+07 +2.456804752e+07 +2.456804752e+07 +2.7396e+00 -6.1122e-01 +3.5860e+00
5 0 +1.552338412e+07 +1.552346039e+07 +1.552346039e+07 -5.0000e+00 -5.0000e+00 -5.0000e+00
8 0 +1.552338412e+07 +1.552346039e+07 +1.552346039e+07 -5.0000e+00 -5.0000e+00 -5.0000e+00
% f evaluations | g evaluations | best noise-free fitness - Fopt (-2.255000000000e+01) + sum g_i+ | measured fitness | best measured fitness or single-digit g-values | x1 | x2...
1 0 +3.183023463e+05 +3.182797963e+05 +3.182797963e+05 +2.7396e+00 -6.1122e-01 +3.5860e+00
2 0 +3.183023387e+05 +3.182797887e+05 +3.182797887e+05 +2.7396e+00 -6.1122e-01 +3.5860e+00
9 0 +2.021104549e+05 +2.020879049e+05 +2.020879049e+05 +2.8216e+00 -4.0763e-01 +3.2745e+00
17 0 +2.263888488e+03 +2.241338488e+03 +2.241338488e+03 +3.0671e+00 +2.0184e-01 +2.3419e+00
25 0 +1.322999487e+01 -9.320005130e+00 -9.320005130e+00 +3.0455e+00 +1.4825e-01 +2.4239e+00
29 0 +1.257473561e+01 -9.975264391e+00 -9.975264391e+00 +3.0454e+00 +1.4793e-01 +2.4244e+00
33 0 +8.267837213e+00 -1.428216279e+01 -1.428216279e+01 +3.0449e+00 +1.4666e-01 +2.4263e+00
37 0 +6.773147702e+00 -1.577685230e+01 -1.577685230e+01 +3.0443e+00 +1.4526e-01 +2.4285e+00
89 0 +6.753515509e+00 -1.579648449e+01 -1.579648449e+01 +3.0429e+00 +1.4914e-01 +2.4245e+00
97 0 +6.497281479e+00 -1.605271852e+01 -1.605271852e+01 +3.0195e+00 +2.1768e-01 +2.3549e+00
101 0 +6.080338902e+00 -1.646966110e+01 -1.646966110e+01 +2.9498e+00 +4.2159e-01 +2.1476e+00
105 0 +5.925370019e+00 -1.662462998e+01 -1.662462998e+01 +2.9535e+00 +4.1043e-01 +2.1590e+00
109 0 +4.897562734e+00 -1.765243727e+01 -1.765243727e+01 +2.8867e+00 +6.0371e-01 +1.9630e+00
113 0 +3.635713057e+00 -1.891428694e+01 -1.891428694e+01 +2.7079e+00 +1.1216e+00 +1.4384e+00
117 0 +3.529729514e+00 -1.902027049e+01 -1.902027049e+01 +2.6614e+00 +1.2561e+00 +1.3022e+00
173 0 +3.420537857e+00 -1.912946214e+01 -1.912946214e+01 +2.6264e+00 +1.4150e+00 +1.2847e+00
177 0 +3.258559432e+00 -1.929144057e+01 -1.929144057e+01 +2.6217e+00 +1.4470e+00 +1.2963e+00
181 0 +2.795685221e+00 -1.975431478e+01 -1.975431478e+01 +2.6028e+00 +1.5752e+00 +1.3430e+00
185 0 +9.752873169e-01 -2.157471268e+01 -2.157471268e+01 +2.4904e+00 +2.4300e+00 +1.7601e+00
189 0 +6.403481564e-01 -2.190965184e+01 -2.190965184e+01 +2.5251e+00 +2.3347e+00 +1.8711e+00
193 0 +2.048160343e-01 -2.234518397e+01 -2.234518397e+01 +2.5534e+00 +2.3748e+00 +2.1305e+00
201 0 +2.333756334e-02 -2.252666244e+01 -2.252666244e+01 +2.5709e+00 +2.5175e+00 +2.4590e+00
205 0 +3.315610553e-03 -2.254668439e+01 -2.254668439e+01 +2.5651e+00 +2.5634e+00 +2.4831e+00
209 0 +1.487316695e-03 -2.254851268e+01 -2.254851268e+01 +2.5614e+00 +2.6070e+00 +2.5184e+00
213 0 +1.334340103e-04 -2.254986657e+01 -2.254986657e+01 +2.5631e+00 +2.5910e+00 +2.5074e+00
217 0 +8.421461041e-05 -2.254991579e+01 -2.254991579e+01 +2.5637e+00 +2.5842e+00 +2.5022e+00
221 0 +4.332176098e-05 -2.254995668e+01 -2.254995668e+01 +2.5641e+00 +2.5841e+00 +2.5048e+00
229 0 +2.103487405e-05 -2.254997897e+01 -2.254997897e+01 +2.5647e+00 +2.5816e+00 +2.5057e+00
237 0 +6.981911653e-07 -2.254999930e+01 -2.254999930e+01 +2.5655e+00 +2.5801e+00 +2.5088e+00
245 0 +6.909758277e-07 -2.254999931e+01 -2.254999931e+01 +2.5654e+00 +2.5803e+00 +2.5088e+00
272 0 +6.852857339e-07 -2.254999931e+01 -2.254999931e+01 +2.5654e+00 +2.5802e+00 +2.5088e+00
% f evaluations | g evaluations | best noise-free fitness - Fopt (1.366000000000e+01) + sum g_i+ | measured fitness | best measured fitness or single-digit g-values | x1 | x2...
1 0 +1.204087580e+07 +1.204088946e+07 +1.204088946e+07 +2.7396e+00 -6.1122e-01 +3.5860e+00
3 0 +1.204087575e+07 +1.204088941e+07 +1.204088941e+07 +2.7396e+00 -6.1122e-01 +3.5860e+00
9 0 +3.158690233e+06 +3.158703893e+06 +3.158703893e+06 +1.6122e+00 +2.0616e-01 +2.3353e+00
13 0 +3.176221143e+05 +3.176357743e+05 +3.176357743e+05 +9.5505e-01 +6.8256e-01 +1.6063e+00
17 0 +3.854667793e+04 +3.856033793e+04 +3.856033793e+04 +7.0082e-01 +8.6688e-01 +1.3243e+00
21 0 +1.154239805e+04 +1.155605805e+04 +1.155605805e+04 +5.2127e-01 +9.9706e-01 +1.1251e+00
25 0 +5.997199366e+02 +6.133799366e+02 +6.133799366e+02 +5.9822e-01 +9.4127e-01 +1.2105e+00
29 0 +9.765961779e+00 +2.342596178e+01 +2.342596178e+01 +5.8463e-01 +9.5113e-01 +1.1954e+00
33 0 +3.644679513e+00 +1.730467951e+01 +1.730467951e+01 +5.8297e-01 +9.5233e-01 +1.1935e+00
73 0 +3.629570939e+00 +1.728957094e+01 +1.728957094e+01 +5.8340e-01 +9.5309e-01 +1.1941e+00
85 0 +3.507133135e+00 +1.716713314e+01 +1.716713314e+01 +5.9656e-01 +9.8045e-01 +1.2121e+00
89 0 +3.465488383e+00 +1.712548838e+01 +1.712548838e+01 +6.3351e-01 +1.0577e+00 +1.2628e+00
93 0 +3.304904128e+00 +1.696490413e+01 +1.696490413e+01 +6.4920e-01 +1.0908e+00 +1.2843e+00
97 0 +2.524339746e+00 +1.618433975e+01 +1.618433975e+01 +7.4439e-01 +1.2955e+00 +1.4177e+00
101 0 +2.500478331e+00 +1.616047833e+01 +1.616047833e+01 +7.5690e-01 +1.3220e+00 +1.4350e+00
105 0 +2.335787111e+00 +1.599578711e+01 +1.599578711e+01 +8.0697e-01 +1.4278e+00 +1.5042e+00
109 0 +2.115553466e+00 +1.577555347e+01 +1.577555347e+01 +1.0072e+00 +1.8512e+00 +1.7811e+00
117 0 +2.025600543e+00 +1.568560054e+01 +1.568560054e+01 +1.0665e+00 +1.9768e+00 +1.8632e+00
125 0 +1.581614486e+00 +1.524161449e+01 +1.524161449e+01 +1.2358e+00 +2.3369e+00 +2.0983e+00
129 0 +1.119090713e+00 +1.477909071e+01 +1.477909071e+01 +1.2357e+00 +2.3380e+00 +2.0989e+00
133 0 +9.400205969e-01 +1.460002060e+01 +1.460002060e+01 +1.2421e+00 +2.3542e+00 +2.1092e+00
137 0 +8.501659894e-01 +1.451016599e+01 +1.451016599e+01 +1.2383e+00 +2.3449e+00 +2.1032e+00
181 0 +8.207261837e-01 +1.448072618e+01 +1.448072618e+01 +1.1364e+00 +2.1766e+00 +2.0124e+00
185 0 +7.747141665e-01 +1.443471417e+01 +1.443471417e+01 +1.0865e+00 +2.1225e+00 +1.9978e+00
189 0 +5.832913230e-01 +1.424329132e+01 +1.424329132e+01 +9.5826e-01 +2.0632e+00 +2.0433e+00
193 0 +5.233291091e-01 +1.418332911e+01 +1.418332911e+01 +8.4564e-01 +2.0005e+00 +2.0724e+00
197 0 +5.019660345e-01 +1.416196603e+01 +1.416196603e+01 +8.2005e-01 +1.9971e+00 +2.0906e+00
201 0 +4.974072552e-01 +1.415740726e+01 +1.415740726e+01 +7.9880e-01 +1.9992e+00 +2.1108e+00
205 0 +4.580634648e-01 +1.411806346e+01 +1.411806346e+01 +7.4335e-01 +2.0067e+00 +2.1654e+00
209 0 +1.265023631e-01 +1.378650236e+01 +1.378650236e+01 +5.2152e-01 +2.0366e+00 +2.3838e+00
213 0 +5.434767107e-02 +1.371434767e+01 +1.371434767e+01 +2.5572e-01 +2.0724e+00 +2.6455e+00
221 0 +5.333951592e-02 +1.371333952e+01 +1.371333952e+01 +2.5577e-01 +2.0727e+00 +2.6457e+00
229 0 +3.334045322e-02 +1.369334045e+01 +1.369334045e+01 +3.6642e-01 +2.0813e+00 +2.5615e+00
237 0 +7.703888072e-03 +1.366770389e+01 +1.366770389e+01 +4.7424e-01 +2.2044e+00 +2.5999e+00
241 0 +5.759808532e-04 +1.366057598e+01 +1.366057598e+01 +4.2584e-01 +2.2160e+00 +2.6528e+00
245 0 +3.095175333e-04 +1.366030952e+01 +1.366030952e+01 +4.2496e-01 +2.2198e+00 +2.6575e+00
249 0 +9.042530411e-05 +1.366009043e+01 +1.366009043e+01 +4.2502e-01 +2.2297e+00 +2.6678e+00
344 0 +8.992364221e-05 +1.366008992e+01 +1.366008992e+01 +4.2502e-01 +2.2297e+00 +2.6678e+00
% f evaluations | g evaluations | best noise-free fitness - Fopt (9.378400000000e+02) + sum g_i+ | measured fitness | best measured fitness or single-digit g-values | x1 | x2...
1 0 +7.411900436e+06 +7.412838276e+06 +7.412838276e+06 +2.7396e+00 -6.1122e-01 +3.5860e+00
3 0 +7.411900429e+06 +7.412838269e+06 +7.412838269e+06 +2.7396e+00 -6.1122e-01 +3.5860e+00
9 0 +3.155610609e+06 +3.156548449e+06 +3.156548449e+06 +2.2698e+00 -2.7065e-01 +3.0649e+00
17 0 +1.054318744e+02 +1.043271874e+03 +1.043271874e+03 +1.1167e+00 +5.6533e-01 +1.7857e+00
21 0 +2.347768095e+01 +9.613176810e+02 +9.613176810e+02 +1.1093e+00 +5.7076e-01 +1.7774e+00
25 0 +1.686482308e+01 +9.547048231e+02 +9.547048231e+02 +1.1115e+00 +5.6914e-01 +1.7799e+00
29 0 +1.614866183e+01 +9.539886618e+02 +9.539886618e+02 +1.1110e+00 +5.6954e-01 +1.7793e+00
93 0 +1.556385714e+01 +9.534038571e+02 +9.534038571e+02 +1.0901e+00 +6.3535e-01 +1.8185e+00
97 0 +9.554158086e+00 +9.473941581e+02 +9.473941581e+02 +8.5774e-01 +1.3648e+00 +2.2503e+00
101 0 +4.323751205e+00 +9.421637512e+02 +9.421637512e+02 +4.6880e-01 +2.5844e+00 +2.9713e+00
105 0 +1.047723439e+00 +9.388877234e+02 +9.388877234e+02 +1.8952e-01 +3.4595e+00 +3.4883e+00
109 0 +4.462514920e-01 +9.382862515e+02 +9.382862515e+02 +1.0447e-01 +3.7254e+00 +3.6451e+00
117 0 +3.325621283e-01 +9.381725621e+02 +9.381725621e+02 +4.7379e-02 +3.9041e+00 +3.7506e+00
121 0 +2.998487435e-01 +9.381398487e+02 +9.381398487e+02 +7.2156e-02 +3.8264e+00 +3.7046e+00
125 0 +2.736691554e-01 +9.381136692e+02 +9.381136692e+02 +9.6189e-02 +3.7508e+00 +3.6598e+00
129 0 +2.593157311e-01 +9.380993157e+02 +9.380993157e+02 +8.3493e-02 +3.7906e+00 +3.6833e+00
133 0 +2.405391092e-01 +9.380805391e+02 +9.380805391e+02 +6.1312e-02 +3.8222e+00 +3.7133e+00
137 0 +2.251969354e-01 +9.380651969e+02 +9.380651969e+02 +4.3098e-02 +3.8375e+00 +3.7349e+00
141 0 +1.512790399e-01 +9.379912790e+02 +9.379912790e+02 -4.7069e-02 +3.8663e+00 +3.8281e+00
145 0 +1.258099985e-01 +9.379658100e+02 +9.379658100e+02 -1.2584e-01 +3.8846e+00 +3.9075e+00
149 0 +1.083910389e-01 +9.379483910e+02 +9.379483910e+02 -1.5657e-01 +3.8628e+00 +3.9301e+00
153 0 +4.013814125e-02 +9.378801381e+02 +9.378801381e+02 -2.7948e-01 +3.7756e+00 +4.0203e+00
161 0 +3.226399446e-02 +9.378722640e+02 +9.378722640e+02 -3.4223e-01 +3.7310e+00 +4.0664e+00
165 0 +2.216722868e-02 +9.378621672e+02 +9.378621672e+02 -4.0708e-01 +3.5650e+00 +4.0790e+00
169 0 +2.817994709e-03 +9.378428180e+02 +9.378428180e+02 -3.0809e-01 +3.6194e+00 +4.0017e+00
177 0 +1.460086132e-03 +9.378414601e+02 +9.378414601e+02 -2.8570e-01 +3.6087e+00 +3.9776e+00
185 0 +1.165343072e-03 +9.378411653e+02 +9.378411653e+02 -2.8178e-01 +3.6118e+00 +3.9748e+00
189 0 +1.137389777e-03 +9.378411374e+02 +9.378411374e+02 -2.9278e-01 +3.6021e+00 +3.9823e+00
193 0 +3.382116348e-04 +9.378403382e+02 +9.378403382e+02 -2.9938e-01 +3.5906e+00 +3.9852e+00
201 0 +5.849905494e-05 +9.378400585e+02 +9.378400585e+02 -2.9834e-01 +3.5852e+00 +3.9826e+00
205 0 +8.365210306e-06 +9.378400084e+02 +9.378400084e+02 -2.9887e-01 +3.5787e+00 +3.9812e+00
209 0 +6.555468417e-06 +9.378400066e+02 +9.378400066e+02 -2.9829e-01 +3.5792e+00 +3.9808e+00
212 0 +6.553093044e-06 +9.378400066e+02 +9.378400066e+02 -2.9829e-01 +3.5792e+00 +3.9808e+00
% f evaluations | g evaluations | best noise-free fitness - Fopt (-7.872000000000e+01) + sum g_i+ | measured fitness | best measured fitness or single-digit g-values | x1 | x2...
1 0 +2.085199299e+07 +2.085191427e+07 +2.085191427e+07 +2.7396e+00 -6.1122e-01 +3.5860e+00
9 0 +3.082566441e+06 +3.082487721e+06 +3.082487721e+06 +8.1579e-01 -1.7021e+00 +1.4518e+00
17 0 +3.766630545e+03 +3.687910545e+03 +3.687910545e+03 -4.4747e-01 -2.4185e+00 +5.0403e-02
21 0 +3.214702560e+03 +3.135982560e+03 +3.135982560e+03 -4.5695e-01 -2.4238e+00 +3.9880e-02
25 0 +2.586721292e+01 -5.285278708e+01 -5.285278708e+01 -4.9487e-01 -2.4453e+00 -2.2134e-03
33 0 +2.104499280e+01 -5.767500720e+01 -5.767500720e+01 -4.9375e-01 -2.4447e+00 -9.6691e-04
37 0 +2.044479824e+01 -5.827520176e+01 -5.827520176e+01 -4.9330e-01 -2.4445e+00 -4.7831e-04
41 0 +2.040649062e+01 -5.831350938e+01 -5.831350938e+01 -4.9317e-01 -2.4444e+00 -3.4174e-04
85 0 +1.917809592e+01 -5.954190408e+01 -5.954190408e+01 -3.3780e-01 -2.4212e+00 -6.8227e-02
89 0 +1.568956205e+01 -6.303043795e+01 -6.303043795e+01 +4.1513e-02 -2.3645e+00 -2.3315e-01
93 0 +8.058677893e+00 -7.066132211e+01 -7.066132211e+01 +1.5588e+00 -2.1376e+00 -8.9283e-01
97 0 +7.689607322e+00 -7.103039268e+01 -7.103039268e+01 +5.0000e+00 -1.6226e+00 -2.3877e+00
105 0 +3.780876704e+00 -7.493912330e+01 -7.493912330e+01 +3.2912e+00 -1.8783e+00 -1.6454e+00
109 0 +1.718660519e+00 -7.700133948e+01 -7.700133948e+01 +3.3808e+00 -1.8642e+00 -1.6840e+00
117 0 +5.056868281e-01 -7.821431317e+01 -7.821431317e+01 +3.4491e+00 -1.8524e+00 -1.7128e+00
121 0 +3.253235740e-01 -7.839467643e+01 -7.839467643e+01 +3.5228e+00 -1.8417e+00 -1.7449e+00
125 0 +3.226838783e-01 -7.839731612e+01 -7.839731612e+01 +3.6601e+00 -1.8213e+00 -1.8047e+00
129 0 +3.052693834e-01 -7.841473062e+01 -7.841473062e+01 +3.5926e+00 -1.8313e+00 -1.7753e+00
252 0 +3.027444424e-01 -7.841725556e+01 -7.841725556e+01 +3.6308e+00 -1.8256e+00 -1.7919e+00
% f evaluations | g evaluations | best noise-free fitness - Fopt (7.627000000000e+01) + sum g_i+ | measured fitness | best measured fitness or single-digit g-values | x1 | x2...
1 0 +2.456797125e+07 +2.456804752e+07 +2.456804752e+07 +2.7396e+00 -6.1122e-01 +3.5860e+00
5 0 +1.552338412e+07 +1.552346039e+07 +1.552346039e+07 -5.0000e+00 -5.0000e+00 -5.0000e+00
8 0 +1.552338412e+07 +1.552346039e+07 +1.552346039e+07 -5.0000e+00 -5.0000e+00 -5.0000e+00
% f evaluations | g evaluations | best noise-free fitness - Fopt (-2.255000000000e+01) + sum g_i+ | measured fitness | best measured fitness or single-digit g-values | x1 | x2...
1 0 +3.183023463e+05 +3.182797963e+05 +3.182797963e+05 +2.7396e+00 -6.1122e-01 +3.5860e+00
2 0 +3.183023387e+05 +3.182797887e+05 +3.182797887e+05 +2.7396e+00 -6.1122e-01 +3.5860e+00
9 0 +2.021104549e+05 +2.020879049e+05 +2.020879049e+05 +2.8216e+00 -4.0763e-01 +3.2745e+00
17 0 +2.263888488e+03 +2.241338488e+03 +2.241338488e+03 +3.0671e+00 +2.0184e-01 +2.3419e+00
25 0 +1.322999487e+01 -9.320005130e+00 -9.320005130e+00 +3.0455e+00 +1.4825e-01 +2.4239e+00
29 0 +1.257473561e+01 -9.975264391e+00 -9.975264391e+00 +3.0454e+00 +1.4793e-01 +2.4244e+00
33 0 +8.267837213e+00 -1.428216279e+01 -1.428216279e+01 +3.0449e+00 +1.4666e-01 +2.4263e+00
37 0 +6.773147702e+00 -1.577685230e+01 -1.577685230e+01 +3.0443e+00 +1.4526e-01 +2.4285e+00
89 0 +6.753515509e+00 -1.579648449e+01 -1.579648449e+01 +3.0429e+00 +1.4914e-01 +2.4245e+00
97 0 +6.497281479e+00 -1.605271852e+01 -1.605271852e+01 +3.0195e+00 +2.1768e-01 +2.3549e+00
101 0 +6.080338902e+00 -1.646966110e+01 -1.646966110e+01 +2.9498e+00 +4.2159e-01 +2.1476e+00
105 0 +5.925370019e+00 -1.662462998e+01 -1.662462998e+01 +2.9535e+00 +4.1043e-01 +2.1590e+00
109 0 +4.897562734e+00 -1.765243727e+01 -1.765243727e+01 +2.8867e+00 +6.0371e-01 +1.9630e+00
113 0 +3.635713057e+00 -1.891428694e+01 -1.891428694e+01 +2.7079e+00 +1.1216e+00 +1.4384e+00
117 0 +3.529729514e+00 -1.902027049e+01 -1.902027049e+01 +2.6614e+00 +1.2561e+00 +1.3022e+00
173 0 +3.420537857e+00 -1.912946214e+01 -1.912946214e+01 +2.6264e+00 +1.4150e+00 +1.2847e+00
177 0 +3.258559432e+00 -1.929144057e+01 -1.929144057e+01 +2.6217e+00 +1.4470e+00 +1.2963e+00
181 0 +2.795685221e+00 -1.975431478e+01 -1.975431478e+01 +2.6028e+00 +1.5752e+00 +1.3430e+00
185 0 +9.752873169e-01 -2.157471268e+01 -2.157471268e+01 +2.4904e+00 +2.4300e+00 +1.7601e+00
189 0 +6.403481564e-01 -2.190965184e+01 -2.190965184e+01 +2.5251e+00 +2.3347e+00 +1.8711e+00
193 0 +2.048160343e-01 -2.234518397e+01 -2.234518397e+01 +2.5534e+00 +2.3748e+00 +2.1305e+00
201 0 +2.333756334e-02 -2.252666244e+01 -2.252666244e+01 +2.5709e+00 +2.5175e+00 +2.4590e+00
205 0 +3.315610553e-03 -2.254668439e+01 -2.254668439e+01 +2.5651e+00 +2.5634e+00 +2.4831e+00
209 0 +1.487316695e-03 -2.254851268e+01 -2.254851268e+01 +2.5614e+00 +2.6070e+00 +2.5184e+00
213 0 +1.334340103e-04 -2.254986657e+01 -2.254986657e+01 +2.5631e+00 +2.5910e+00 +2.5074e+00
217 0 +8.421461041e-05 -2.254991579e+01 -2.254991579e+01 +2.5637e+00 +2.5842e+00 +2.5022e+00
221 0 +4.332176098e-05 -2.254995668e+01 -2.254995668e+01 +2.5641e+00 +2.5841e+00 +2.5048e+00
229 0 +2.103487405e-05 -2.254997897e+01 -2.254997897e+01 +2.5647e+00 +2.5816e+00 +2.5057e+00
237 0 +6.981911653e-07 -2.254999930e+01 -2.254999930e+01 +2.5655e+00 +2.5801e+00 +2.5088e+00
245 0 +6.909758277e-07 -2.254999931e+01 -2.254999931e+01 +2.5654e+00 +2.5803e+00 +2.5088e+00
272 0 +6.852857339e-07 -2.254999931e+01 -2.254999931e+01 +2.5654e+00 +2.5802e+00 +2.5088e+00
% f evaluations | g evaluations | best noise-free fitness - Fopt (1.366000000000e+01) + sum g_i+ | measured fitness | best measured fitness or single-digit g-values | x1 | x2...
1 0 +1.204087580e+07 +1.204088946e+07 +1.204088946e+07 +2.7396e+00 -6.1122e-01 +3.5860e+00
3 0 +1.204087575e+07 +1.204088941e+07 +1.204088941e+07 +2.7396e+00 -6.1122e-01 +3.5860e+00
9 0 +3.158690233e+06 +3.158703893e+06 +3.158703893e+06 +1.6122e+00 +2.0616e-01 +2.3353e+00
13 0 +3.176221143e+05 +3.176357743e+05 +3.176357743e+05 +9.5505e-01 +6.8256e-01 +1.6063e+00
17 0 +3.854667793e+04 +3.856033793e+04 +3.856033793e+04 +7.0082e-01 +8.6688e-01 +1.3243e+00
21 0 +1.154239805e+04 +1.155605805e+04 +1.155605805e+04 +5.2127e-01 +9.9706e-01 +1.1251e+00
25 0 +5.997199366e+02 +6.133799366e+02 +6.133799366e+02 +5.9822e-01 +9.4127e-01 +1.2105e+00
29 0 +9.765961779e+00 +2.342596178e+01 +2.342596178e+01 +5.8463e-01 +9.5113e-01 +1.1954e+00
33 0 +3.644679513e+00 +1.730467951e+01 +1.730467951e+01 +5.8297e-01 +9.5233e-01 +1.1935e+00
73 0 +3.629570939e+00 +1.728957094e+01 +1.728957094e+01 +5.8340e-01 +9.5309e-01 +1.1941e+00
85 0 +3.507133135e+00 +1.716713314e+01 +1.716713314e+01 +5.9656e-01 +9.8045e-01 +1.2121e+00
89 0 +3.465488383e+00 +1.712548838e+01 +1.712548838e+01 +6.3351e-01 +1.0577e+00 +1.2628e+00
93 0 +3.304904128e+00 +1.696490413e+01 +1.696490413e+01 +6.4920e-01 +1.0908e+00 +1.2843e+00
97 0 +2.524339746e+00 +1.618433975e+01 +1.618433975e+01 +7.4439e-01 +1.2955e+00 +1.4177e+00
101 0 +2.500478331e+00 +1.616047833e+01 +1.616047833e+01 +7.5690e-01 +1.3220e+00 +1.4350e+00
105 0 +2.335787111e+00 +1.599578711e+01 +1.599578711e+01 +8.0697e-01 +1.4278e+00 +1.5042e+00
109 0 +2.115553466e+00 +1.577555347e+01 +1.577555347e+01 +1.0072e+00 +1.8512e+00 +1.7811e+00
117 0 +2.025600543e+00 +1.568560054e+01 +1.568560054e+01 +1.0665e+00 +1.9768e+00 +1.8632e+00
125 0 +1.581614486e+00 +1.524161449e+01 +1.524161449e+01 +1.2358e+00 +2.3369e+00 +2.0983e+00
129 0 +1.119090713e+00 +1.477909071e+01 +1.477909071e+01 +1.2357e+00 +2.3380e+00 +2.0989e+00
133 0 +9.400205969e-01 +1.460002060e+01 +1.460002060e+01 +1.2421e+00 +2.3542e+00 +2.1092e+00
137 0 +8.501659894e-01 +1.451016599e+01 +1.451016599e+01 +1.2383e+00 +2.3449e+00 +2.1032e+00
181 0 +8.207261837e-01 +1.448072618e+01 +1.448072618e+01 +1.1364e+00 +2.1766e+00 +2.0124e+00
185 0 +7.747141665e-01 +1.443471417e+01 +1.443471417e+01 +1.0865e+00 +2.1225e+00 +1.9978e+00
189 0 +5.832913230e-01 +1.424329132e+01 +1.424329132e+01 +9.5826e-01 +2.0632e+00 +2.0433e+00
193 0 +5.233291091e-01 +1.418332911e+01 +1.418332911e+01 +8.4564e-01 +2.0005e+00 +2.0724e+00
197 0 +5.019660345e-01 +1.416196603e+01 +1.416196603e+01 +8.2005e-01 +1.9971e+00 +2.0906e+00
201 0 +4.974072552e-01 +1.415740726e+01 +1.415740726e+01 +7.9880e-01 +1.9992e+00 +2.1108e+00
205 0 +4.580634648e-01 +1.411806346e+01 +1.411806346e+01 +7.4335e-01 +2.0067e+00 +2.1654e+00
209 0 +1.265023631e-01 +1.378650236e+01 +1.378650236e+01 +5.2152e-01 +2.0366e+00 +2.3838e+00
213 0 +5.434767107e-02 +1.371434767e+01 +1.371434767e+01 +2.5572e-01 +2.0724e+00 +2.6455e+00
221 0 +5.333951592e-02 +1.371333952e+01 +1.371333952e+01 +2.5577e-01 +2.0727e+00 +2.6457e+00
229 0 +3.334045322e-02 +1.369334045e+01 +1.369334045e+01 +3.6642e-01 +2.0813e+00 +2.5615e+00
237 0 +7.703888072e-03 +1.366770389e+01 +1.366770389e+01 +4.7424e-01 +2.2044e+00 +2.5999e+00
241 0 +5.759808532e-04 +1.366057598e+01 +1.366057598e+01 +4.2584e-01 +2.2160e+00 +2.6528e+00
245 0 +3.095175333e-04 +1.366030952e+01 +1.366030952e+01 +4.2496e-01 +2.2198e+00 +2.6575e+00
249 0 +9.042530411e-05 +1.366009043e+01 +1.366009043e+01 +4.2502e-01 +2.2297e+00 +2.6678e+00
344 0 +8.992364221e-05 +1.366008992e+01 +1.366008992e+01 +4.2502e-01 +2.2297e+00 +2.6678e+00
% f evaluations | g evaluations | best noise-free fitness - Fopt (9.378400000000e+02) + sum g_i+ | measured fitness | best measured fitness or single-digit g-values | x1 | x2...
1 0 +7.411900436e+06 +7.412838276e+06 +7.412838276e+06 +2.7396e+00 -6.1122e-01 +3.5860e+00
3 0 +7.411900429e+06 +7.412838269e+06 +7.412838269e+06 +2.7396e+00 -6.1122e-01 +3.5860e+00
9 0 +3.155610609e+06 +3.156548449e+06 +3.156548449e+06 +2.2698e+00 -2.7065e-01 +3.0649e+00
17 0 +1.054318744e+02 +1.043271874e+03 +1.043271874e+03 +1.1167e+00 +5.6533e-01 +1.7857e+00
21 0 +2.347768095e+01 +9.613176810e+02 +9.613176810e+02 +1.1093e+00 +5.7076e-01 +1.7774e+00
25 0 +1.686482308e+01 +9.547048231e+02 +9.547048231e+02 +1.1115e+00 +5.6914e-01 +1.7799e+00
29 0 +1.614866183e+01 +9.539886618e+02 +9.539886618e+02 +1.1110e+00 +5.6954e-01 +1.7793e+00
93 0 +1.556385714e+01 +9.534038571e+02 +9.534038571e+02 +1.0901e+00 +6.3535e-01 +1.8185e+00
97 0 +9.554158086e+00 +9.473941581e+02 +9.473941581e+02 +8.5774e-01 +1.3648e+00 +2.2503e+00
101 0 +4.323751205e+00 +9.421637512e+02 +9.421637512e+02 +4.6880e-01 +2.5844e+00 +2.9713e+00
105 0 +1.047723439e+00 +9.388877234e+02 +9.388877234e+02 +1.8952e-01 +3.4595e+00 +3.4883e+00
109 0 +4.462514920e-01 +9.382862515e+02 +9.382862515e+02 +1.0447e-01 +3.7254e+00 +3.6451e+00
117 0 +3.325621283e-01 +9.381725621e+02 +9.381725621e+02 +4.7379e-02 +3.9041e+00 +3.7506e+00
121 0 +2.998487435e-01 +9.381398487e+02 +9.381398487e+02 +7.2156e-02 +3.8264e+00 +3.7046e+00
125 0 +2.736691554e-01 +9.381136692e+02 +9.381136692e+02 +9.6189e-02 +3.7508e+00 +3.6598e+00
129 0 +2.593157311e-01 +9.380993157e+02 +9.380993157e+02 +8.3493e-02 +3.7906e+00 +3.6833e+00
133 0 +2.405391092e-01 +9.380805391e+02 +9.380805391e+02 +6.1312e-02 +3.8222e+00 +3.7133e+00
137 0 +2.251969354e-01 +9.380651969e+02 +9.380651969e+02 +4.3098e-02 +3.8375e+00 +3.7349e+00
141 0 +1.512790399e-01 +9.379912790e+02 +9.379912790e+02 -4.7069e-02 +3.8663e+00 +3.8281e+00
145 0 +1.258099985e-01 +9.379658100e+02 +9.379658100e+02 -1.2584e-01 +3.8846e+00 +3.9075e+00
149 0 +1.083910389e-01 +9.379483910e+02 +9.379483910e+02 -1.5657e-01 +3.8628e+00 +3.9301e+00
153 0 +4.013814125e-02 +9.378801381e+02 +9.378801381e+02 -2.7948e-01 +3.7756e+00 +4.0203e+00
161 0 +3.226399446e-02 +9.378722640e+02 +9.378722640e+02 -3.4223e-01 +3.7310e+00 +4.0664e+00
165 0 +2.216722868e-02 +9.378621672e+02 +9.378621672e+02 -4.0708e-01 +3.5650e+00 +4.0790e+00
169 0 +2.817994709e-03 +9.378428180e+02 +9.378428180e+02 -3.0809e-01 +3.6194e+00 +4.0017e+00
177 0 +1.460086132e-03 +9.378414601e+02 +9.378414601e+02 -2.8570e-01 +3.6087e+00 +3.9776e+00
185 0 +1.165343072e-03 +9.378411653e+02 +9.378411653e+02 -2.8178e-01 +3.6118e+00 +3.9748e+00
189 0 +1.137389777e-03 +9.378411374e+02 +9.378411374e+02 -2.9278e-01 +3.6021e+00 +3.9823e+00
193 0 +3.382116348e-04 +9.378403382e+02 +9.378403382e+02 -2.9938e-01 +3.5906e+00 +3.9852e+00
201 0 +5.849905494e-05 +9.378400585e+02 +9.378400585e+02 -2.9834e-01 +3.5852e+00 +3.9826e+00
205 0 +8.365210306e-06 +9.378400084e+02 +9.378400084e+02 -2.9887e-01 +3.5787e+00 +3.9812e+00
209 0 +6.555468417e-06 +9.378400066e+02 +9.378400066e+02 -2.9829e-01 +3.5792e+00 +3.9808e+00
212 0 +6.553093044e-06 +9.378400066e+02 +9.378400066e+02 -2.9829e-01 +3.5792e+00 +3.9808e+00
% f evaluations | g evaluations | best noise-free fitness - Fopt (-7.872000000000e+01) + sum g_i+ | measured fitness | best measured fitness or single-digit g-values | x1 | x2...
1 0 +2.085199299e+07 +2.085191427e+07 +2.085191427e+07 +2.7396e+00 -6.1122e-01 +3.5860e+00
9 0 +3.082566441e+06 +3.082487721e+06 +3.082487721e+06 +8.1579e-01 -1.7021e+00 +1.4518e+00
17 0 +3.766630545e+03 +3.687910545e+03 +3.687910545e+03 -4.4747e-01 -2.4185e+00 +5.0403e-02
21 0 +3.214702560e+03 +3.135982560e+03 +3.135982560e+03 -4.5695e-01 -2.4238e+00 +3.9880e-02
25 0 +2.586721292e+01 -5.285278708e+01 -5.285278708e+01 -4.9487e-01 -2.4453e+00 -2.2134e-03
33 0 +2.104499280e+01 -5.767500720e+01 -5.767500720e+01 -4.9375e-01 -2.4447e+00 -9.6691e-04
37 0 +2.044479824e+01 -5.827520176e+01 -5.827520176e+01 -4.9330e-01 -2.4445e+00 -4.7831e-04
41 0 +2.040649062e+01 -5.831350938e+01 -5.831350938e+01 -4.9317e-01 -2.4444e+00 -3.4174e-04
85 0 +1.917809592e+01 -5.954190408e+01 -5.954190408e+01 -3.3780e-01 -2.4212e+00 -6.8227e-02
89 0 +1.568956205e+01 -6.303043795e+01 -6.303043795e+01 +4.1513e-02 -2.3645e+00 -2.3315e-01
93 0 +8.058677893e+00 -7.066132211e+01 -7.066132211e+01 +1.5588e+00 -2.1376e+00 -8.9283e-01
97 0 +7.689607322e+00 -7.103039268e+01 -7.103039268e+01 +5.0000e+00 -1.6226e+00 -2.3877e+00
105 0 +3.780876704e+00 -7.493912330e+01 -7.493912330e+01 +3.2912e+00 -1.8783e+00 -1.6454e+00
109 0 +1.718660519e+00 -7.700133948e+01 -7.700133948e+01 +3.3808e+00 -1.8642e+00 -1.6840e+00
117 0 +5.056868281e-01 -7.821431317e+01 -7.821431317e+01 +3.4491e+00 -1.8524e+00 -1.7128e+00
121 0 +3.253235740e-01 -7.839467643e+01 -7.839467643e+01 +3.5228e+00 -1.8417e+00 -1.7449e+00
125 0 +3.226838783e-01 -7.839731612e+01 -7.839731612e+01 +3.6601e+00 -1.8213e+00 -1.8047e+00
129 0 +3.052693834e-01 -7.841473062e+01 -7.841473062e+01 +3.5926e+00 -1.8313e+00 -1.7753e+00
252 0 +3.027444424e-01 -7.841725556e+01 -7.841725556e+01 +3.6308e+00 -1.8256e+00 -1.7919e+00
