% f evaluations | g evaluations | best noise-free fitness - Fopt (-5.494000000000e+01) + sum g_i+ | measured fitness | best measured fitness or single-digit g-values | x1 | x2...
1 0 +3.999725188e+07 +3.999719694e+07 +3.999719694e+07 +3.1515e+00 +7.2112e-02 -1.0164e+00 +8.0610e-01 -2.8239e+00 -4.6892e+00 +1.3022e+00 +6.7277e-01 -2.2952e-01 -3.2485e-01
2 0 +2.958227757e+07 +2.958222263e+07 +2.958222263e+07 +4.2751e+00 -2.5925e+00 -4.5582e-01 -1.2188e+00 +2.0737e+00 -4.7975e-03 +4.5912e+00 -2.1716e+00 +3.2703e+00 -3.1393e+00
4 0 +1.469499194e+07 +1.469493700e+07 +1.469493700e+07 +2.1516e-01 -4.0880e-01 -2.1640e+00 +5.7343e-01 +4.1860e+00 -3.9888e+00 -5.3957e-01 -4.1186e+00 +4.8773e+00 -2.8028e+00
6 0 +4.169374676e+06 +4.169319736e+06 +4.169319736e+06 -1.2200e+00 +2.3643e+00 +9.0557e-01 +3.6969e+00 -3.5082e+00 -4.9015e-02 -3.5254e+00 +4.5911e+00 -2.9250e+00 +4.6189e+00
8 0 +2.740966862e+06 +2.740911922e+06 +2.740911922e+06 -1.6879e-01 -1.5850e-01 +4.0681e+00 +3.5834e+00 +1.9560e+00 -4.4140e+00 -8.4189e-01 -2.5180e+00 +2.3794e+00 -2.8303e+00
13 0 +2.131376751e+06 +2.131321811e+06 +2.131321811e+06 +4.2077e+00 -2.7528e+00 +4.7242e+00 -6.6492e-01 +6.2783e-02 +4.5130e+00 +1.8542e+00 +2.9402e+00 +7.8149e-01 -8.7963e-01
63 0 +9.254917075e+05 +9.254367675e+05 +9.254367675e+05 +1.2030e+00 +1.6104e+00 +4.9187e+00 +7.9045e-02 +4.1981e+00 +1.8056e+00 -1.2255e+00 -3.4156e+00 -1.9359e+00 +1.1374e+00
103 0 +5.945501085e+05 +5.944951685e+05 +5.944951685e+05 +1.1736e+00 +1.5634e+00 +4.3985e+00 +3.5367e+00 +5.0000e+00 -1.4596e+00 -5.6385e-01 -2.5926e+00 -3.1167e-01 -1.1588e+00
105 0 +4.114476814e+05 +4.113927414e+05 +4.113927414e+05 +5.5308e-01 -4.2315e+00 +5.0000e+00 +1.2349e+00 +2.6273e+00 +1.5152e+00 +7.5772e-01 -5.0000e+00 -1.3447e+00 +2.1596e-01
163 0 +3.414504078e+05 +3.413954678e+05 +3.413954678e+05 -3.4748e+00 -3.1977e+00 +2.6499e+00 +3.8170e-02 +4.9191e+00 +2.1954e+00 -1.2839e+00 -5.0000e+00 -4.2572e-01 -7.4039e-01
189 0 +2.288964660e+05 +2.288415260e+05 +2.288415260e+05 -5.0000e+00 -7.6402e-01 +4.4734e+00 +1.9078e+00 +5.0000e+00 -8.0746e-01 -8.2763e-01 -5.0000e+00 +3.6008e-01 -3.5345e+00
220 0 +3.987663476e+04 +3.982169476e+04 +3.982169476e+04 +2.1568e-01 -1.8991e+00 +3.8940e+00 +5.3096e-01 +4.5662e+00 +2.2499e+00 -5.3309e-01 -5.0000e+00 +5.3777e-01 -1.0249e+00
265 0 +1.694638794e+04 +1.689144794e+04 +1.689144794e+04 +9.2275e-01 -1.5738e+00 +5.0000e+00 +1.3470e+00 +4.7692e+00 +7.2929e-01 +4.5347e-01 -4.5592e+00 +1.3547e+00 -1.3445e+00
4221 0 +1.450326491e+04 +1.444832491e+04 +1.444832491e+04 +9.4778e-01 -1.5050e+00 +3.7899e+00 +2.6156e+00 +5.0000e+00 +3.8554e-01 +4.2299e-01 -4.1112e+00 +6.2016e-01 -1.1136e+00
4783 0 +1.308011916e+04 +1.302517916e+04 +1.302517916e+04 +9.7348e-01 -1.2554e+00 +3.7522e+00 +2.5613e+00 +5.0000e+00 +3.8055e-01 +2.8039e-01 -3.8858e+00 +8.4988e-01 -9.6770e-01
8576 0 +1.253920596e+04 +1.248426596e+04 +1.248426596e+04 +3.3560e-01 -1.1477e+00 +2.6500e+00 +3.7537e+00 +4.9851e+00 +2.8531e-01 +3.4917e-01 -2.8728e+00 +3.2680e-01 -7.8238e-01
9034 0 +9.754323341e+03 +9.699383341e+03 +9.699383341e+03 +8.2624e-01 -1.1236e+00 +3.4659e+00 +2.7258e+00 +5.0000e+00 +5.0673e-01 +3.1590e-01 -3.2668e+00 +8.6133e-01 -7.0911e-01
9286 0 +8.986757131e+03 +8.931817131e+03 +8.931817131e+03 +4.9202e-01 -1.2119e+00 +2.3418e+00 +4.0210e+00 +5.0000e+00 +7.3158e-01 +3.7772e-01 -2.2732e+00 +8.3675e-01 -9.8866e-01
11786 0 +8.785657051e+03 +8.730717051e+03 +8.730717051e+03 +7.8733e-01 -1.2186e+00 +3.4156e+00 +2.7734e+00 +5.0000e+00 +6.3573e-01 +3.7599e-01 -3.1422e+00 +1.0556e+00 -8.4604e-01
14769 0 +8.635179802e+03 +8.580239802e+03 +8.580239802e+03 +4.4790e-01 -1.1131e+00 +2.9841e+00 +3.3110e+00 +5.0000e+00 +7.9841e-01 +4.6801e-01 -2.4542e+00 +8.8725e-01 -1.0582e+00
16745 0 +8.284168206e+03 +8.229228206e+03 +8.229228206e+03 +5.2908e-01 -1.1942e+00 +3.0112e+00 +2.9701e+00 +4.9466e+00 +9.4241e-01 +4.8121e-01 -2.3915e+00 +6.8076e-01 -6.3810e-01
18769 0 +8.083379812e+03 +8.028439812e+03 +8.028439812e+03 +3.5601e-01 -8.9527e-01 +2.8527e+00 +3.1922e+00 +5.0000e+00 +6.9934e-01 +4.0960e-01 -2.2184e+00 +6.3484e-01 -9.5179e-01
22933 0 +7.437159314e+03 +7.382219314e+03 +7.382219314e+03 +4.0356e-01 -8.7481e-01 +2.6109e+00 +3.5574e+00 +5.0000e+00 +6.6471e-01 +4.9691e-01 -1.9099e+00 +6.4272e-01 -7.2654e-01
23554 0 +7.259754170e+03 +7.204814170e+03 +7.204814170e+03 +3.1211e-01 -8.9029e-01 +2.3602e+00 +3.4361e+00 +5.0000e+00 +7.5697e-01 +3.5798e-01 -1.7198e+00 +5.1954e-01 -3.6519e-01
24710 0 +7.208757487e+03 +7.153817487e+03 +7.153817487e+03 +3.3267e-01 -8.0482e-01 +2.3334e+00 +3.7604e+00 +5.0000e+00 +5.5285e-01 +3.7651e-01 -1.7356e+00 +6.1792e-01 -5.5977e-01
24950 0 +6.642597512e+03 +6.587657512e+03 +6.587657512e+03 +3.0172e-01 -7.2629e-01 +1.9412e+00 +4.1068e+00 +5.0000e+00 +5.7870e-01 +4.3807e-01 -1.1533e+00 +4.4776e-01 -1.9770e-01
25576 0 +6.587648202e+03 +6.532708202e+03 +6.532708202e+03 +2.9030e-01 -8.8362e-01 +2.0172e+00 +4.3215e+00 +5.0000e+00 +5.1180e-01 +4.3579e-01 -1.4473e+00 +4.5219e-01 -4.3455e-01
26602 0 +6.028833246e+03 +5.973893246e+03 +5.973893246e+03 +2.5706e-01 -6.4347e-01 +1.9054e+00 +4.2927e+00 +5.0000e+00 +5.1277e-01 +4.2034e-01 -1.1126e+00 +4.3388e-01 -3.9760e-01
27539 0 +5.938533138e+03 +5.883593138e+03 +5.883593138e+03 +2.4615e-01 -7.4237e-01 +1.8996e+00 +4.2581e+00 +4.8633e+00 +7.0192e-01 +3.6762e-01 -9.6029e-01 +5.4726e-01 -3.4187e-01
28528 0 +5.882731119e+03 +5.827791119e+03 +5.827791119e+03 +2.1717e-01 -7.3323e-01 +1.6933e+00 +4.5935e+00 +4.9987e+00 +4.7613e-01 +4.3545e-01 -9.7099e-01 +4.4174e-01 -3.0621e-01
29702 0 +5.720639173e+03 +5.665699173e+03 +5.665699173e+03 +2.1144e-01 -8.2290e-01 +1.5829e+00 +4.5981e+00 +4.9418e+00 +6.5493e-01 +3.7672e-01 -9.5347e-01 +3.9222e-01 -3.7950e-01
30617 0 +5.502578712e+03 +5.447638712e+03 +5.447638712e+03 +2.0805e-01 -6.5208e-01 +1.5896e+00 +4.4944e+00 +5.0000e+00 +6.5001e-01 +4.4039e-01 -7.8437e-01 +3.7267e-01 -3.4792e-01
31332 0 +5.233476784e+03 +5.178536784e+03 +5.178536784e+03 +2.0477e-01 -6.6631e-01 +1.5711e+00 +4.5320e+00 +5.0000e+00 +6.0730e-01 +3.9492e-01 -8.0926e-01 +3.8506e-01 -2.4215e-01
31962 0 +5.124893513e+03 +5.069953513e+03 +5.069953513e+03 +1.9537e-01 -6.4205e-01 +1.4479e+00 +4.6660e+00 +5.0000e+00 +5.8803e-01 +3.8574e-01 -6.9864e-01 +3.9373e-01 -2.3932e-01
34407 0 +4.994902845e+03 +4.939962845e+03 +4.939962845e+03 +2.0193e-01 -6.4252e-01 +1.4254e+00 +4.6086e+00 +5.0000e+00 +6.3152e-01 +3.7788e-01 -6.6209e-01 +3.6193e-01 -2.0227e-01
35515 0 +4.855422484e+03 +4.800482484e+03 +4.800482484e+03 +1.6239e-01 -6.5007e-01 +1.3442e+00 +4.6905e+00 +4.9579e+00 +6.7074e-01 +3.4954e-01 -5.7405e-01 +3.3826e-01 -2.1302e-01
36716 0 +4.781393401e+03 +4.726453401e+03 +4.726453401e+03 +1.5624e-01 -6.1064e-01 +1.3629e+00 +4.6538e+00 +4.9400e+00 +7.0994e-01 +3.4503e-01 -5.2529e-01 +3.1879e-01 -1.9474e-01
38681 0 +4.676340597e+03 +4.621400597e+03 +4.621400597e+03 +1.4949e-01 -6.4387e-01 +1.2828e+00 +4.7517e+00 +4.9354e+00 +6.9846e-01 +3.4881e-01 -4.8620e-01 +3.2004e-01 -1.8679e-01
40051 0 +4.635881843e+03 +4.580941843e+03 +4.580941843e+03 +1.4477e-01 -6.5592e-01 +1.2801e+00 +4.7717e+00 +4.9175e+00 +7.0868e-01 +3.5045e-01 -4.7160e-01 +3.1152e-01 -1.8154e-01
% f evaluations | g evaluations | best noise-free fitness - Fopt (5.913000000000e+01) + sum g_i+ | measured fitness | best measured fitness or single-digit g-values | x1 | x2...
1 0 +1.013061531e+07 +1.013067444e+07 +1.013067444e+07 -2.0156e+00 -2.3881e+00 -1.9335e+00 -1.9428e+00 +2.5973e+00 +3.8045e-01 +4.1487e+00 +2.5389e+00 +3.2663e-01 +2.1089e+00
2 0 +7.715704236e+06 +7.715763366e+06 +7.715763366e+06 -3.7932e+00 +4.3775e+00 -4.8347e+00 +1.9113e+00 -4.5271e+00 -2.8265e+00 -4.6079e+00 +1.5851e-02 -9.0774e-01 -2.6284e+00
6 0 +3.136198845e+06 +3.136257975e+06 +3.136257975e+06 -1.4714e-01 +1.5364e+00 -1.6775e+00 +4.7895e+00 +3.1561e-01 +1.7613e+00 -2.4928e+00 -8.9988e-01 +5.5899e-01 +3.6665e+00
10 0 +2.760202658e+06 +2.760261788e+06 +2.760261788e+06 -4.6686e-02 +4.5303e+00 -4.5543e+00 -3.7990e+00 -4.7256e+00 -4.5552e+00 -1.3322e+00 -7.0189e-01 +3.4668e+00 +9.4763e-01
21 0 +1.237481621e+06 +1.237540751e+06 +1.237540751e+06 -2.4587e+00 +1.1876e+00 -3.0262e+00 -4.7625e+00 +2.7118e+00 -2.9709e+00 +2.2086e+00 +1.4976e+00 +1.5694e+00 +3.8440e+00
63 0 +4.439418147e+05 +4.440009447e+05 +4.440009447e+05 -3.2589e+00 +1.5491e+00 -4.8923e-01 +1.0724e+00 +2.2180e+00 +5.0000e+00 +1.2209e+00 +2.4089e+00 -3.4151e+00 +4.9522e+00
88 0 +3.660720257e+05 +3.661311557e+05 +3.661311557e+05 -8.0349e-01 +1.3437e+00 +1.1442e+00 +1.5794e+00 -4.0705e+00 -1.6955e+00 +1.7362e-01 +5.8705e-01 +2.4263e+00 +4.2194e+00
95 0 +1.565076627e+05 +1.565667927e+05 +1.565667927e+05 -5.0000e+00 +5.0000e+00 -3.2008e+00 -5.0000e+00 -4.8270e-01 +7.0497e-01 +1.6521e+00 +1.5038e+00 -1.4158e+00 +3.6820e+00
151 0 +1.396660791e+05 +1.397252091e+05 +1.397252091e+05 -2.0118e+00 +1.0323e+00 -1.7319e+00 -1.5589e-01 +2.1968e+00 -2.3822e+00 +1.9251e+00 -1.2889e+00 -4.0171e+00 +4.8976e+00
453 0 +8.008425636e+04 +8.014338636e+04 +8.014338636e+04 -2.2120e+00 +2.1885e+00 -2.7894e+00 -6.3358e-01 -1.1265e-01 +6.7166e-01 +1.8707e+00 -1.7754e+00 -2.6179e+00 +4.7633e+00
534 0 +3.140796735e+04 +3.146709735e+04 +3.146709735e+04 -1.2685e+00 +1.3343e+00 -1.2343e+00 -3.3901e-01 +1.8175e-01 -3.6267e-01 +1.7558e+00 -1.1233e+00 -3.5684e+00 +4.7832e+00
1048 0 +1.272358906e+04 +1.278271906e+04 +1.278271906e+04 -4.6129e-01 +7.0749e-01 -2.1869e+00 -3.1566e-03 +9.0756e-01 -1.0328e+00 +2.5765e+00 -1.0203e+00 -4.9423e+00 +3.4357e+00
3061 0 +1.258534594e+04 +1.264447594e+04 +1.264447594e+04 -1.1556e-01 +5.6058e-01 -1.9723e+00 -2.8081e-01 +1.5067e+00 -5.5308e-01 +2.0129e+00 -9.1718e-01 -3.7710e+00 +4.5414e+00
4381 0 +1.075751482e+04 +1.081664482e+04 +1.081664482e+04 -3.0262e-01 +9.1745e-01 -1.8398e+00 -5.7493e-01 +8.5840e-01 -4.6358e-01 +1.7816e+00 -6.1428e-01 -4.2691e+00 +4.1335e+00
9762 0 +1.054603994e+04 +1.060516994e+04 +1.060516994e+04 -3.6157e-01 +9.3819e-01 -2.1660e+00 -4.5322e-01 +1.0763e+00 -4.7677e-01 +2.2071e+00 -6.7939e-01 -5.0000e+00 +3.5681e+00
12175 0 +9.518716560e+03 +9.577846560e+03 +9.577846560e+03 -3.2397e-01 +9.9812e-01 -1.7328e+00 -5.5867e-01 +7.3987e-01 -4.1117e-01 +1.9317e+00 -4.8661e-01 -5.0000e+00 +3.6793e+00
14444 0 +9.242900945e+03 +9.302030945e+03 +9.302030945e+03 -6.7153e-01 +9.5366e-01 -1.8763e+00 -8.2226e-01 +1.6399e+00 -6.3454e-01 +2.0009e+00 -4.6839e-01 -4.8036e+00 +4.1220e+00
19301 0 +8.829297682e+03 +8.888427682e+03 +8.888427682e+03 -4.2838e-01 +9.2707e-01 -1.7116e+00 -7.5737e-01 +1.5192e+00 -3.4093e-01 +1.9396e+00 -3.3524e-01 -4.7717e+00 +4.0572e+00
20042 0 +8.579715690e+03 +8.638845690e+03 +8.638845690e+03 -5.7828e-01 +1.0516e+00 -1.6763e+00 -6.7709e-01 +1.2969e+00 -2.5628e-01 +1.8854e+00 -5.0069e-01 -4.2755e+00 +4.2910e+00
20979 0 +8.445321508e+03 +8.504451508e+03 +8.504451508e+03 -7.5849e-01 +1.1677e+00 -2.0520e+00 -7.6019e-01 +1.3657e+00 -2.0914e-01 +1.9265e+00 -3.0006e-01 -4.4757e+00 +3.9973e+00
21468 0 +8.144444347e+03 +8.203574347e+03 +8.203574347e+03 -6.2164e-01 +1.2569e+00 -1.7994e+00 -6.6312e-01 +8.0833e-01 -1.9062e-01 +1.8474e+00 -3.1820e-01 -4.7164e+00 +3.7659e+00
25983 0 +7.834191346e+03 +7.893321346e+03 +7.893321346e+03 -6.4024e-01 +1.3215e+00 -1.6131e+00 -7.4152e-01 +7.5414e-01 -1.6195e-01 +1.9337e+00 -4.2893e-01 -4.7076e+00 +3.8528e+00
28915 0 +7.727935560e+03 +7.787065560e+03 +7.787065560e+03 -6.8865e-01 +1.3565e+00 -1.6144e+00 -7.4462e-01 +6.4604e-01 -2.1195e-01 +1.9965e+00 -3.9970e-01 -4.7978e+00 +3.7389e+00
34820 0 +7.567092311e+03 +7.626222311e+03 +7.626222311e+03 -6.7151e-01 +1.3540e+00 -1.5744e+00 -7.6978e-01 +5.5758e-01 -2.0738e-01 +1.8173e+00 -3.3648e-01 -4.6345e+00 +3.8079e+00
40051 0 +7.419745401e+03 +7.478875401e+03 +7.478875401e+03 -7.0592e-01 +1.3642e+00 -1.5446e+00 -7.5390e-01 +5.1553e-01 -1.9101e-01 +1.7892e+00 -2.9598e-01 -4.6085e+00 +3.8211e+00
% f evaluations | g evaluations | best noise-free fitness - Fopt (-4.915300000000e+02) + sum g_i+ | measured fitness | best measured fitness or single-digit g-values | x1 | x2...
1 0 +1.452986114e+07 +1.452936961e+07 +1.452936961e+07 -2.5252e+00 -9.2057e-01 +3.2248e+00 -2.7294e-01 -6.3598e-02 +3.0872e+00 +4.8591e+00 -1.5130e+00 +1.1309e+00 -4.8773e+00
2 0 +7.064814731e+06 +7.064323201e+06 +7.064323201e+06 +5.8649e-01 -1.2432e+00 -4.2498e+00 -3.8056e+00 +3.5748e+00 -2.7586e+00 -4.4775e+00 -3.6932e+00 +9.3629e-02 -9.6808e-01
4 0 +3.296722794e+06 +3.296231264e+06 +3.296231264e+06 +2.5021e+00 +4.7418e+00 +1.8327e+00 +1.2093e+00 +6.0478e-01 +1.6236e+00 -1.7017e+00 +7.7363e-01 -2.9674e+00 +2.6840e+00
16 0 +9.038428304e+05 +9.033513004e+05 +9.033513004e+05 -8.6833e-01 +9.4018e-01 +2.2573e+00 -1.9407e+00 -4.8178e+00 -2.9210e+00 +4.0290e+00 -6.8777e-01 -3.1964e+00 -4.5958e+00
47 0 +7.055933261e+05 +7.051017961e+05 +7.051017961e+05 +3.5629e+00 -3.3021e+00 -4.3028e+00 -1.3545e+00 +3.4183e+00 -2.4957e+00 -2.6439e+00 +2.5190e+00 +9.0063e-01 +1.9447e+00
96 0 +4.227364510e+05 +4.222449210e+05 +4.222449210e+05 +8.8789e-01 -8.7552e-01 -1.7736e+00 -4.7659e+00 +3.5028e+00 -1.8237e+00 -2.1262e+00 +4.8141e-01 -1.9912e+00 +5.0000e+00
110 0 +3.275780304e+05 +3.270865004e+05 +3.270865004e+05 +3.9721e-01 -2.3810e+00 -9.0375e-01 -4.1783e+00 +2.0038e+00 -1.1978e+00 +2.6514e+00 -9.2227e-01 -2.2721e+00 -3.1797e+00
121 0 +2.202732538e+05 +2.197817238e+05 +2.197817238e+05 +1.2820e+00 -2.5286e+00 -5.0000e+00 +2.1854e+00 +1.1646e+00 -3.6525e+00 -3.0807e+00 +2.6070e+00 -1.3560e+00 -1.2856e+00
186 0 +7.249438911e+04 +7.200285911e+04 +7.200285911e+04 +1.2138e+00 -2.2631e+00 -5.0000e+00 -1.0097e+00 +2.7519e+00 -7.7576e-01 -2.6246e+00 +7.4225e-01 -3.1736e+00 -3.8295e-01
253 0 +5.245682808e+04 +5.196529808e+04 +5.196529808e+04 +6.2755e-01 -1.8319e+00 -4.6059e+00 -1.1691e+00 +4.2551e+00 -1.8995e+00 -8.3738e-01 -2.8764e-01 -2.4961e+00 -2.3485e+00
379 0 +2.280991489e+04 +2.231838489e+04 +2.231838489e+04 +3.0131e-01 -2.5191e+00 -5.0000e+00 -4.4153e-01 +2.3467e+00 -1.6926e+00 -1.3818e+00 -1.3490e-01 -2.2306e+00 -3.6091e+00
878 0 +1.503775765e+04 +1.454622765e+04 +1.454622765e+04 -3.4023e-02 -3.1677e+00 -2.4187e+00 -5.9244e-01 +2.7455e+00 -2.8067e+00 +6.9042e-01 -9.2181e-01 -3.7701e+00 -2.3916e+00
3196 0 +1.303080867e+04 +1.253927867e+04 +1.253927867e+04 +3.4276e-02 -2.3248e+00 -3.5591e+00 -1.6548e-01 +2.1426e+00 -2.5645e+00 -8.5964e-02 -1.4721e-01 -4.8023e+00 -2.1765e+00
3806 0 +1.115083007e+04 +1.065930007e+04 +1.065930007e+04 -2.3021e-01 -2.2297e+00 -3.2946e+00 +1.9135e-02 -1.4963e-01 -1.9931e+00 -1.5043e-01 -1.0302e-01 -5.0000e+00 -3.7020e+00
4281 0 +7.718750693e+03 +7.227220693e+03 +7.227220693e+03 +1.2631e+00 -2.3001e+00 -2.9237e+00 +3.5299e-01 +5.3554e-01 -2.1070e+00 -2.2062e-01 -1.9183e-01 -3.4594e+00 -3.8952e+00
6153 0 +7.254158088e+03 +6.762628088e+03 +6.762628088e+03 +5.6265e-02 -2.4473e+00 -2.4598e+00 +1.5939e-01 -2.4437e-01 -2.5482e+00 +3.1021e-01 -2.8199e-01 -3.7521e+00 -4.1940e+00
9891 0 +6.729674510e+03 +6.238144510e+03 +6.238144510e+03 -7.4616e-02 -2.8916e+00 -2.6732e+00 +3.9133e-01 +5.0770e-01 -2.8721e+00 +3.1778e-01 -2.7663e-01 -2.6073e+00 -4.5713e+00
10615 0 +5.964573404e+03 +5.473043404e+03 +5.473043404e+03 +5.6268e-01 -2.2793e+00 -2.1888e+00 +7.2278e-01 -2.0575e-02 -2.8475e+00 +3.0994e-01 -2.0207e-01 -3.6341e+00 -3.9237e+00
11502 0 +2.169831675e+03 +1.678301675e+03 +1.678301675e+03 -1.7037e-02 -3.2694e+00 -2.1495e+00 +6.7352e-01 -9.3343e-01 -2.7401e+00 +1.8119e-01 -2.9041e-01 -2.9308e+00 -4.7381e+00
19408 0 +2.120872863e+03 +1.629342863e+03 +1.629342863e+03 -9.6044e-02 -3.2673e+00 -2.0417e+00 +8.2536e-01 -1.0245e+00 -2.7873e+00 +1.6001e-01 -1.9786e-01 -3.2270e+00 -4.4893e+00
20442 0 +1.957579005e+03 +1.466049005e+03 +1.466049005e+03 -1.3875e-01 -3.1361e+00 -2.3758e+00 +8.7308e-01 -1.0241e+00 -2.5826e+00 +2.0422e-01 -2.9356e-01 -3.6309e+00 -5.0000e+00
24733 0 +1.699984866e+03 +1.208454866e+03 +1.208454866e+03 -8.9572e-02 -3.1340e+00 -2.3544e+00 +9.0604e-01 -8.3200e-01 -2.7219e+00 +1.6057e-01 -2.4633e-01 -3.4805e+00 -4.7164e+00
26689 0 +1.542346455e+03 +1.050816455e+03 +1.050816455e+03 -1.1103e-01 -3.0196e+00 -2.6230e+00 +7.8924e-01 -7.7360e-01 -2.5624e+00 +1.3426e-01 -2.2554e-01 -3.8277e+00 -4.7777e+00
30066 0 +1.458478142e+03 +9.669481419e+02 +9.669481419e+02 -1.2032e-01 -2.9129e+00 -2.5799e+00 +7.6294e-01 -6.9661e-01 -2.6386e+00 +1.6105e-01 -2.4435e-01 -3.6837e+00 -4.7463e+00
31238 0 +1.305714388e+03 +8.141843880e+02 +8.141843880e+02 -1.0822e-01 -2.9145e+00 -2.6486e+00 +7.2931e-01 -7.3741e-01 -2.6118e+00 +1.5327e-01 -2.1024e-01 -3.6727e+00 -4.8124e+00
37428 0 +1.277882768e+03 +7.863527682e+02 +7.863527682e+02 -1.1172e-01 -2.9761e+00 -2.6732e+00 +6.9016e-01 -7.4739e-01 -2.5965e+00 +1.5620e-01 -1.9867e-01 -3.5884e+00 -4.8837e+00
39225 0 +1.252997308e+03 +7.614673082e+02 +7.614673082e+02 -1.1121e-01 -2.9855e+00 -2.6061e+00 +7.2361e-01 -7.3207e-01 -2.6285e+00 +1.4940e-01 -2.1116e-01 -3.5395e+00 -4.8219e+00
40051 0 +1.248324893e+03 +7.567948935e+02 +7.567948935e+02 -1.1026e-01 -2.9859e+00 -2.6107e+00 +7.1625e-01 -7.3596e-01 -2.6194e+00 +1.4879e-01 -2.1230e-01 -3.5324e+00 -4.8318e+00
% f evaluations | g evaluations | best noise-free fitness - Fopt (-1.702000000000e+02) + sum g_i+ | measured fitness | best measured fitness or single-digit g-values | x1 | x2...
1 0 +3.573424157e+06 +3.573253957e+06 +3.573253957e+06 +2.4947e+00 -4.5084e+00 -3.0070e+00 +3.9891e+00 +1.6446e+00 +4.9839e+00 +2.2500e+00 -2.5489e+00 +1.5351e+00 +1.3426e+00
24 0 +1.923534840e+06 +1.923364640e+06 +1.923364640e+06 -3.9755e+00 +2.1796e+00 -4.2790e+00 -2.5345e+00 +3.5522e+00 +1.0999e-01 +2.7413e+00 +4.1373e+00 -2.7054e-01 +4.8271e+00
28 0 +6.680331308e+05 +6.678629308e+05 +6.678629308e+05 -9.5363e-02 +4.7082e-01 +3.3483e+00 +1.1805e+00 +4.1802e+00 +1.6076e+00 +4.7549e+00 +1.3062e+00 -2.4857e+00 +2.1112e-01
46 0 +3.493367002e+05 +3.491665002e+05 +3.491665002e+05 +1.1806e+00 -4.8237e+00 -6.7129e-01 -1.2839e+00 +4.1241e+00 +3.6548e+00 +3.1763e+00 +1.7699e+00 -4.7377e+00 +1.7075e+00
73 0 +2.772365201e+05 +2.770663201e+05 +2.770663201e+05 +2.7416e+00 -1.3121e+00 +8.9354e-01 -1.0618e+00 +5.0000e+00 +1.8146e+00 +2.3278e+00 -2.5062e+00 +1.9785e+00 +3.8834e+00
84 0 +2.301526954e+05 +2.299824954e+05 +2.299824954e+05 +2.0319e+00 -3.1888e-01 -6.1789e-01 +5.0000e+00 +2.9958e+00 +2.9440e+00 +4.5552e+00 +1.1157e+00 -5.0000e+00 -3.5621e+00
162 0 +2.089465099e+05 +2.087763099e+05 +2.087763099e+05 +3.9490e+00 -5.0000e+00 -6.1976e-01 +2.1722e+00 +3.0845e+00 +3.1360e+00 +2.9080e+00 -2.7211e-01 -1.9833e+00 +1.0788e+00
174 0 +1.277906790e+05 +1.276204790e+05 +1.276204790e+05 +2.8063e+00 -3.9309e+00 -1.6095e+00 +1.5513e+00 +4.6033e+00 +3.4885e+00 +3.7214e+00 -7.3054e-01 -2.5236e+00 +4.9086e-01
323 0 +1.116984564e+05 +1.115282564e+05 +1.115282564e+05 +4.0558e+00 -2.0741e+00 +7.3775e-01 +8.6622e-01 +5.0000e+00 +3.9997e+00 +1.1099e+00 -3.4298e-01 -3.5988e+00 -1.1113e+00
456 0 +7.747549245e+04 +7.730529245e+04 +7.730529245e+04 +4.9802e+00 -3.7774e+00 -1.9942e+00 +1.9302e+00 +5.0000e+00 +4.8767e+00 +9.9699e-01 -1.0885e+00 -5.0000e+00 -1.0575e+00
467 0 +7.265154506e+04 +7.248134506e+04 +7.248134506e+04 +5.0000e+00 -2.8309e+00 -8.6163e-01 +1.0916e+00 +5.0000e+00 +2.9121e+00 +3.8877e+00 -1.1453e+00 -5.0000e+00 -1.3303e+00
480 0 +5.270320578e+04 +5.253300578e+04 +5.253300578e+04 +4.0568e+00 -3.9428e+00 -3.3160e+00 +9.2788e-01 +5.0000e+00 +3.0259e+00 +2.9712e+00 -6.5609e-01 -5.0000e+00 +8.0127e-01
486 0 +4.968841900e+04 +4.951821900e+04 +4.951821900e+04 +3.5987e+00 -3.3343e+00 -9.2100e-01 +1.4156e+00 +5.0000e+00 +3.5518e+00 +2.1810e+00 -7.3421e-01 -3.7750e+00 -8.4210e-02
916 0 +3.065092576e+04 +3.048072576e+04 +3.048072576e+04 +3.7047e+00 -5.0000e+00 -1.2065e+00 +9.2065e-01 +4.9400e+00 +1.9127e+00 +4.8029e+00 -1.5014e+00 -5.0000e+00 +1.0838e+00
941 0 +2.716168235e+04 +2.699148235e+04 +2.699148235e+04 +4.3549e+00 -5.0000e+00 -1.1737e+00 +1.2940e+00 +4.3703e+00 +2.5776e+00 +4.3381e+00 -8.3678e-01 -5.0000e+00 +6.2902e-01
1672 0 +2.166228223e+04 +2.149208223e+04 +2.149208223e+04 +3.4706e+00 -2.5806e+00 -2.5045e+00 +8.6165e-01 +5.0000e+00 +2.6851e+00 +5.0000e+00 -9.8061e-01 -2.6233e+00 +4.5278e-01
3242 0 +1.935139064e+04 +1.918119064e+04 +1.918119064e+04 +3.7567e+00 -3.1551e+00 -3.3600e+00 +9.0325e-01 +5.0000e+00 +2.5100e+00 +5.0000e+00 -4.3508e-01 -4.3298e+00 +4.2391e-01
3582 0 +1.828020216e+04 +1.811000216e+04 +1.811000216e+04 +3.5620e+00 -5.0000e+00 -4.6968e-01 +1.1671e+00 +4.3752e+00 +1.7330e+00 +5.0000e+00 -9.6392e-01 -5.0000e+00 +1.0324e+00
4829 0 +1.648726424e+04 +1.631706424e+04 +1.631706424e+04 +3.3222e+00 -3.8721e+00 -1.5908e+00 +1.1751e+00 +4.5355e+00 +2.4994e+00 +5.0000e+00 -2.1463e-01 -4.8038e+00 +2.5564e-01
8831 0 +1.560807897e+04 +1.543787897e+04 +1.543787897e+04 +3.2627e+00 -3.6718e+00 -1.8083e+00 +1.1664e+00 +4.4697e+00 +2.3025e+00 +4.8984e+00 -5.2107e-02 -5.0000e+00 +1.7891e-01
9663 0 +1.331786857e+04 +1.314766857e+04 +1.314766857e+04 +2.2059e+00 -2.5301e+00 -5.6190e-01 +1.8626e+00 +4.4823e+00 +1.7373e+00 +4.9711e+00 -4.6763e-01 -3.1398e+00 +3.2871e-01
12296 0 +1.301682025e+04 +1.284662025e+04 +1.284662025e+04 +4.0327e+00 -3.9043e+00 -1.3691e+00 +1.3878e+00 +3.8248e+00 +2.5524e+00 +4.5028e+00 -3.2860e-01 -4.0578e+00 +6.6015e-01
16929 0 +8.845218872e+03 +8.675018872e+03 +8.675018872e+03 +3.4381e+00 -3.3475e+00 -1.2278e+00 +1.8807e+00 +3.7988e+00 +2.4353e+00 +5.0000e+00 -3.4184e-01 -3.6997e+00 +3.5696e-01
19080 0 +8.213601324e+03 +8.043401324e+03 +8.043401324e+03 +2.9892e+00 -3.5586e+00 -8.0978e-01 +2.1131e+00 +3.6490e+00 +1.8882e+00 +4.8698e+00 -2.5972e-01 -3.7533e+00 +8.1009e-01
24224 0 +7.823447019e+03 +7.653247019e+03 +7.653247019e+03 +3.1401e+00 -3.6170e+00 -9.2472e-01 +2.4596e+00 +3.4029e+00 +2.0417e+00 +5.0000e+00 -2.5244e-01 -3.6856e+00 +6.3005e-01
27667 0 +7.503366139e+03 +7.333166139e+03 +7.333166139e+03 +3.4387e+00 -3.6020e+00 -8.5117e-01 +1.8413e+00 +3.3602e+00 +2.4541e+00 +5.0000e+00 -2.3843e-01 -3.2307e+00 +7.6216e-01
28262 0 +6.900990128e+03 +6.730790128e+03 +6.730790128e+03 +3.1822e+00 -3.5258e+00 -8.7499e-01 +2.2307e+00 +3.5120e+00 +2.1392e+00 +4.7889e+00 -1.8389e-01 -3.7985e+00 +6.0282e-01
33847 0 +6.703125653e+03 +6.532925653e+03 +6.532925653e+03 +3.2443e+00 -3.6557e+00 -9.6502e-01 +2.1540e+00 +3.4838e+00 +2.2420e+00 +5.0000e+00 -1.9168e-01 -3.6967e+00 +6.1892e-01
35076 0 +6.552175909e+03 +6.381975909e+03 +6.381975909e+03 +3.3309e+00 -3.7466e+00 -9.4744e-01 +2.1206e+00 +3.3925e+00 +2.2230e+00 +5.0000e+00 -2.0235e-01 -3.6680e+00 +7.1673e-01
35954 0 +6.325959247e+03 +6.155759247e+03 +6.155759247e+03 +3.1983e+00 -3.4736e+00 -9.6323e-01 +2.1174e+00 +3.4471e+00 +2.2460e+00 +5.0000e+00 -1.8045e-01 -3.4587e+00 +6.5896e-01
38260 0 +6.270475029e+03 +6.100275029e+03 +6.100275029e+03 +3.2150e+00 -3.5396e+00 -9.7515e-01 +2.0839e+00 +3.4872e+00 +2.1902e+00 +5.0000e+00 -1.7782e-01 -3.5681e+00 +6.6828e-01
40051 0 +6.178229023e+03 +6.008029023e+03 +6.008029023e+03 +3.2003e+00 -3.5000e+00 -9.8041e-01 +2.0991e+00 +3.4751e+00 +2.1853e+00 +5.0000e+00 -1.6835e-01 -3.5643e+00 +6.6306e-01
% f evaluations | g evaluations | best noise-free fitness - Fopt (-4.697500000000e+02) + sum g_i+ | measured fitness | best measured fitness or single-digit g-values | x1 | x2...
1 0 +1.810958431e+07 +1.810911456e+07 +1.810911456e+07 +4.2586e+00 +3.5762e-01 +4.7414e+00 -9.8842e-01 -3.7507e+00 +1.8741e+00 -4.4310e+00 +2.3281e+00 +3.7369e+00 +4.9386e+00
2 0 +6.165005253e+06 +6.164535503e+06 +6.164535503e+06 -4.6191e+00 +1.3397e+00 +1.2271e+00 +3.6901e+00 +3.6829e-01 -2.6981e+00 +3.0850e+00 +3.9573e+00 +3.1322e+00 +4.4341e+00
3 0 +1.864347504e+06 +1.863877754e+06 +1.863877754e+06 +5.1155e-01 -1.8120e+00 -2.3804e-01 +4.3573e+00 -1.9859e+00 -6.4591e-01 +3.3599e+00 -2.8653e+00 -3.3224e+00 -4.2949e+00
14 0 +1.400948152e+06 +1.400478402e+06 +1.400478402e+06 +3.2172e+00 -1.4040e+00 +1.1655e+00 +1.8448e+00 -4.5592e+00 +1.3460e+00 +2.5049e+00 +2.7335e+00 +2.1141e+00 +4.0178e-01
19 0 +1.590549788e+05 +1.585852288e+05 +1.585852288e+05 +2.6507e-01 -2.6872e+00 +4.2812e+00 -4.2098e+00 -6.8393e-01 +2.2533e+00 -4.8834e+00 +3.0213e+00 -3.1078e+00 +3.5799e+00
179 0 +1.314079129e+05 +1.309381629e+05 +1.309381629e+05 +5.0000e+00 +8.4379e-01 +2.3630e+00 -5.0000e+00 +1.5518e-01 +5.0000e+00 -3.9777e+00 +3.0552e+00 -1.4751e+00 +3.7526e+00
193 0 +6.751915519e+04 +6.704940519e+04 +6.704940519e+04 +2.5826e+00 -9.4944e-01 -1.0486e+00 -5.2035e-01 +1.7253e+00 +3.4831e+00 -5.0000e+00 +3.9284e+00 -1.3414e+00 +3.6267e+00
384 0 +5.305336392e+04 +5.258361392e+04 +5.258361392e+04 +5.0000e+00 -5.6040e-01 +4.7047e-02 -5.0000e+00 +1.1644e+00 +5.0000e+00 -5.0000e+00 +4.4120e+00 -1.2576e+00 +1.8335e+00
891 0 +3.227891408e+04 +3.180916408e+04 +3.180916408e+04 +1.6330e+00 -4.9859e-01 +6.1972e-03 -7.6929e-01 +3.2387e+00 +5.0000e+00 -3.5542e+00 +2.5405e+00 -7.6415e-01 +3.1700e+00
1580 0 +2.371965763e+04 +2.324990763e+04 +2.324990763e+04 +3.8194e+00 -1.0457e+00 -4.6612e-01 -3.4560e+00 +1.9574e+00 +5.0000e+00 -3.5652e+00 +5.0000e+00 -3.2362e-01 +1.4804e+00
2833 0 +2.062681836e+04 +2.015706836e+04 +2.015706836e+04 +3.4542e+00 -1.4169e+00 +8.1556e-01 -2.6708e+00 +1.2862e+00 +4.4111e+00 -2.7537e+00 +5.0000e+00 -4.4467e-01 +1.9492e+00
4404 0 +1.985841048e+04 +1.938866048e+04 +1.938866048e+04 +4.3081e+00 -1.4807e+00 +3.5709e-01 -2.8671e+00 +5.1182e-01 +4.8623e+00 -2.3781e+00 +4.2552e+00 -8.2311e-02 +1.6881e+00
4428 0 +1.650476957e+04 +1.603501957e+04 +1.603501957e+04 +3.0414e+00 -1.1888e+00 +8.3308e-01 -2.0126e+00 +1.2259e+00 +3.9791e+00 -2.1644e+00 +5.0000e+00 -2.1802e-01 +2.0767e+00
5015 0 +1.527950153e+04 +1.480975153e+04 +1.480975153e+04 +4.4565e+00 -1.1959e+00 +7.8286e-02 -3.1073e+00 +4.6314e-01 +4.8492e+00 -2.0429e+00 +4.6693e+00 +8.6080e-02 +1.0233e+00
6268 0 +1.076668901e+04 +1.029693901e+04 +1.029693901e+04 +3.7354e+00 -1.8686e+00 -1.6847e-01 -2.4520e+00 +3.8414e-01 +4.3429e+00 -2.3315e+00 +3.7084e+00 -5.5888e-02 +1.0430e+00
6350 0 +7.309207941e+03 +6.839457941e+03 +6.839457941e+03 +4.0861e+00 -1.7375e+00 +9.9285e-01 -3.2211e+00 +2.7066e-01 +4.0305e+00 -1.7295e+00 +4.9417e+00 +3.8306e-01 +1.3330e+00
7153 0 +6.589230178e+03 +6.119480178e+03 +6.119480178e+03 +3.4892e+00 -2.3510e+00 +9.9619e-01 -2.9917e+00 +2.5441e-01 +3.7246e+00 -1.9599e+00 +5.0000e+00 +2.5433e-01 +1.2541e+00
23090 0 +6.040238609e+03 +5.570488609e+03 +5.570488609e+03 +3.9858e+00 -1.6454e+00 +1.1402e+00 -2.8819e+00 +1.8962e-01 +4.8666e+00 -1.3156e+00 +3.3355e+00 +3.3644e-01 +1.4042e+00
23669 0 +5.990110304e+03 +5.520360304e+03 +5.520360304e+03 +4.0709e+00 -1.7702e+00 +8.8415e-01 -2.8335e+00 +1.5663e-01 +4.4927e+00 -1.2858e+00 +4.2134e+00 +2.9603e-01 +1.0684e+00
23749 0 +5.624429576e+03 +5.154679576e+03 +5.154679576e+03 +3.3106e+00 -2.2079e+00 +1.0861e+00 -2.5572e+00 +1.5293e-01 +3.8165e+00 -1.7112e+00 +4.2720e+00 +1.8688e-01 +1.4270e+00
25878 0 +5.360741288e+03 +4.890991288e+03 +4.890991288e+03 +3.9738e+00 -1.8289e+00 +1.0545e+00 -2.9545e+00 +1.6643e-01 +4.5718e+00 -1.3451e+00 +4.2558e+00 +2.5234e-01 +1.1331e+00
31115 0 +5.242478589e+03 +4.772728589e+03 +4.772728589e+03 +3.6580e+00 -2.0198e+00 +1.2946e+00 -2.8428e+00 +1.3998e-01 +4.4039e+00 -1.1783e+00 +3.8486e+00 +2.3688e-01 +1.0862e+00
32391 0 +4.733012931e+03 +4.263262931e+03 +4.263262931e+03 +3.5008e+00 -2.0632e+00 +1.2674e+00 -2.6115e+00 +1.4342e-01 +4.2095e+00 -1.2044e+00 +4.0234e+00 +2.3777e-01 +1.1390e+00
33217 0 +4.635632908e+03 +4.165882908e+03 +4.165882908e+03 +3.4860e+00 -2.1492e+00 +1.1996e+00 -2.5385e+00 +1.5088e-01 +3.9511e+00 -1.3202e+00 +4.4037e+00 +2.4603e-01 +1.1946e+00
33462 0 +4.526901219e+03 +4.057151219e+03 +4.057151219e+03 +3.4246e+00 -2.0954e+00 +1.4440e+00 -2.6009e+00 +1.4577e-01 +4.1545e+00 -1.2144e+00 +4.0029e+00 +2.3893e-01 +1.2991e+00
33897 0 +4.410995673e+03 +3.941245673e+03 +3.941245673e+03 +3.4945e+00 -2.0525e+00 +1.3715e+00 -2.6453e+00 +1.3207e-01 +4.1689e+00 -1.1648e+00 +4.2623e+00 +2.3444e-01 +1.2019e+00
35297 0 +4.313984774e+03 +3.844234774e+03 +3.844234774e+03 +3.4252e+00 -2.0692e+00 +1.4112e+00 -2.5330e+00 +1.4653e-01 +4.1255e+00 -1.1374e+00 +4.2690e+00 +2.0489e-01 +1.2485e+00
35615 0 +4.253720081e+03 +3.783970081e+03 +3.783970081e+03 +3.3686e+00 -2.1048e+00 +1.2924e+00 -2.4092e+00 +1.3926e-01 +3.9987e+00 -1.1795e+00 +4.3614e+00 +2.0280e-01 +1.2039e+00
36546 0 +4.148930997e+03 +3.679180997e+03 +3.679180997e+03 +3.3817e+00 -2.1405e+00 +1.2662e+00 -2.3562e+00 +1.4742e-01 +3.8479e+00 -1.1683e+00 +4.7881e+00 +2.0257e-01 +1.1426e+00
36684 0 +4.059860941e+03 +3.590110941e+03 +3.590110941e+03 +3.2775e+00 -2.1845e+00 +1.3346e+00 -2.3260e+00 +1.3873e-01 +3.7203e+00 -1.1285e+00 +4.7482e+00 +2.0703e-01 +1.1058e+00
37029 0 +3.872210209e+03 +3.402460209e+03 +3.402460209e+03 +3.2072e+00 -2.2605e+00 +1.3778e+00 -2.2863e+00 +1.4647e-01 +3.7404e+00 -1.1004e+00 +4.7068e+00 +2.0632e-01 +1.1336e+00
37536 0 +3.765786299e+03 +3.296036299e+03 +3.296036299e+03 +3.1039e+00 -2.2983e+00 +1.3646e+00 -2.1585e+00 +1.4704e-01 +3.6106e+00 -1.0857e+00 +4.6968e+00 +2.1726e-01 +1.1292e+00
37995 0 +3.704102364e+03 +3.234352364e+03 +3.234352364e+03 +3.0727e+00 -2.2892e+00 +1.4056e+00 -2.1077e+00 +1.4230e-01 +3.5630e+00 -1.0488e+00 +4.8593e+00 +2.0547e-01 +1.1639e+00
38219 0 +3.625554220e+03 +3.155804220e+03 +3.155804220e+03 +3.0740e+00 -2.2815e+00 +1.3980e+00 -2.0780e+00 +1.4201e-01 +3.6103e+00 -1.0229e+00 +4.7633e+00 +2.1053e-01 +1.1630e+00
38890 0 +3.518493477e+03 +3.048743477e+03 +3.048743477e+03 +3.0166e+00 -2.2952e+00 +1.4176e+00 -1.9925e+00 +1.3863e-01 +3.5831e+00 -9.8934e-01 +4.7139e+00 +2.0842e-01 +1.1782e+00
39268 0 +3.461746743e+03 +2.991996743e+03 +2.991996743e+03 +2.9671e+00 -2.3315e+00 +1.4054e+00 -1.9348e+00 +1.3728e-01 +3.5435e+00 -9.8418e-01 +4.7214e+00 +2.0780e-01 +1.1674e+00
39952 0 +3.388408802e+03 +2.918658802e+03 +2.918658802e+03 +2.9293e+00 -2.3413e+00 +1.4102e+00 -1.8842e+00 +1.3489e-01 +3.5292e+00 -9.7287e-01 +4.6338e+00 +2.1102e-01 +1.1906e+00
40051 0 +3.386698090e+03 +2.916948090e+03 +2.916948090e+03 +2.9294e+00 -2.3430e+00 +1.4103e+00 -1.8852e+00 +1.3489e-01 +3.5299e+00 -9.7107e-01 +4.6373e+00 +2.1103e-01 +1.1909e+00
% f evaluations | g evaluations | best noise-free fitness - Fopt (-5.494000000000e+01) + sum g_i+ | measured fitness | best measured fitness or single-digit g-values | x1 | x2...
1 0 +5.170730021e+07 +5.170724527e+07 +5.170724527e+07 +3.4310e+00 +4.7896e+00 -2.9323e+00 +4.4737e+00 -4.8362e+00 +1.6517e+00 -2.5968e+00 +3.5873e-01 +4.1620e+00 +2.4695e+00
2 0 +3.481139967e+07 +3.481134473e+07 +3.481134473e+07 -3.7644e+00 +1.4751e+00 +4.8915e+00 +3.3362e-01 -2.9026e+00 +3.8702e+00 +3.1186e+00 -7.6054e-01 -5.3539e-01 -8.2632e-01
3 0 +1.224819043e+07 +1.224813549e+07 +1.224813549e+07 +4.2575e+00 +6.1304e-01 -9.7259e-01 -1.4760e+00 +2.2932e+00 +6.4120e-01 +2.2915e+00 +2.6633e+00 -2.5821e+00 +7.3518e-01
6 0 +8.664714914e+06 +8.664659974e+06 +8.664659974e+06 +4.7988e+00 +3.5837e-01 -9.7284e-01 +4.5231e+00 +2.4190e+00 +2.4733e+00 +3.9337e+00 +3.4663e+00 +2.3361e-02 -1.4901e+00
7 0 +7.467912548e+06 +7.467857608e+06 +7.467857608e+06 -5.6065e-01 -2.2730e+00 -1.8252e+00 -4.8774e+00 +2.5292e+00 +9.4091e-01 -2.2230e+00 -1.0302e+00 -3.8298e-01 +2.2066e+00
14 0 +3.320302050e+06 +3.320247110e+06 +3.320247110e+06 -3.8274e+00 -5.7891e-01 +3.9308e+00 +2.6153e+00 -4.4934e+00 +2.4254e+00 -3.4088e+00 -1.0892e+00 -4.1914e+00 -1.7753e+00
15 0 +2.395855899e+06 +2.395800959e+06 +2.395800959e+06 -2.6679e-01 -3.8940e+00 +1.3089e+00 +2.0965e+00 -1.6196e+00 +3.9609e+00 -1.7800e+00 +1.7899e+00 +2.2942e-01 -4.1374e+00
30 0 +4.972864869e+05 +4.972315469e+05 +4.972315469e+05 +1.2197e+00 +2.3739e+00 +2.6481e+00 +3.1087e+00 +2.1123e+00 -3.4024e+00 -4.6983e+00 -1.3954e+00 +3.6821e+00 +9.7597e-01
75 0 +4.174514126e+05 +4.173964726e+05 +4.173964726e+05 -5.9271e-01 -1.9591e+00 +3.1990e+00 +1.7955e+00 +5.0000e+00 +4.4715e-01 -2.3483e+00 -5.0000e+00 +4.3847e+00 -4.3578e+00
107 0 +3.025159221e+05 +3.024609821e+05 +3.024609821e+05 +5.5692e-02 +6.0920e-01 +3.4130e+00 -1.7136e-01 +3.5600e+00 -1.7730e+00 -4.1530e+00 -1.9600e+00 +4.4740e+00 +2.2627e+00
168 0 +8.872448941e+04 +8.866954941e+04 +8.866954941e+04 -3.7315e-01 +1.3355e+00 +2.5106e+00 +3.9931e-02 +5.0000e+00 -1.4642e-01 -2.8534e+00 -2.7927e+00 +2.6573e+00 -1.3430e+00
270 0 +8.126715151e+04 +8.121221151e+04 +8.121221151e+04 +2.5188e-01 -7.3162e-01 +2.5112e+00 -1.6756e+00 +3.7908e+00 +3.8844e-01 -4.4373e+00 -5.0000e+00 +5.0000e+00 -2.0323e-01
349 0 +5.016856600e+04 +5.011362600e+04 +5.011362600e+04 +1.0716e+00 -3.7253e-01 +5.0000e+00 -4.4697e+00 +4.9235e+00 +1.8879e+00 -2.7308e+00 -5.0000e+00 +5.0000e+00 +1.0019e-01
634 0 +4.115435240e+04 +4.109941240e+04 +4.109941240e+04 +6.3451e-01 +6.2709e-02 +3.3839e+00 -1.9737e+00 +5.0000e+00 +1.8603e-01 -3.4156e+00 -5.0000e+00 +4.3896e+00 -4.1046e-01
1179 0 +2.820347362e+04 +2.814853362e+04 +2.814853362e+04 -2.9354e-01 -1.2823e-01 +2.0299e+00 -2.6739e+00 +4.2342e+00 +1.4460e+00 -5.0000e+00 -4.5655e+00 +5.0000e+00 +2.6918e-02
2082 0 +2.229082172e+04 +2.223588172e+04 +2.223588172e+04 +1.5632e-01 +2.5198e-03 +5.0000e+00 -2.7427e+00 +4.6090e+00 +8.4573e-01 -2.1203e+00 -5.0000e+00 +2.0961e+00 +4.7435e-02
2131 0 +1.979754538e+04 +1.974260538e+04 +1.974260538e+04 -2.6773e-01 -4.1266e-02 +3.5912e+00 -1.7583e+00 +5.0000e+00 +4.5018e-01 -2.8530e+00 -5.0000e+00 +2.9637e+00 -1.0156e-01
2516 0 +1.617828554e+04 +1.612334554e+04 +1.612334554e+04 -9.5883e-02 -1.8707e-02 +4.0434e+00 -1.2025e+00 +5.0000e+00 +7.8732e-01 -1.4087e+00 -3.8703e+00 +1.3895e+00 +1.1357e-01
6206 0 +1.576003623e+04 +1.570509623e+04 +1.570509623e+04 -1.7874e-01 -2.4974e-02 +3.5355e+00 -1.1015e+00 +5.0000e+00 +5.1002e-01 -2.1615e+00 -4.5979e+00 +1.7922e+00 +4.8247e-02
6371 0 +1.537011373e+04 +1.531517373e+04 +1.531517373e+04 -3.2797e-01 -5.2496e-03 +2.4844e+00 -4.0712e-01 +5.0000e+00 +7.8955e-01 -2.3556e+00 -3.4590e+00 +2.4604e+00 +2.3400e-02
10261 0 +1.460208976e+04 +1.454714976e+04 +1.454714976e+04 -1.3587e-02 +8.7635e-03 +2.9247e+00 -6.7889e-01 +5.0000e+00 +5.2398e-01 -2.3520e+00 -3.9794e+00 +2.3351e+00 +7.1276e-02
12619 0 +1.338371372e+04 +1.332877372e+04 +1.332877372e+04 +9.6632e-02 -5.8285e-03 +2.6478e+00 -4.0363e-01 +4.3213e+00 +7.9567e-01 -2.8287e+00 -3.3908e+00 +2.8180e+00 +2.6185e-02
14343 0 +1.171652339e+04 +1.166158339e+04 +1.166158339e+04 +1.2809e-01 +6.0850e-05 +2.8956e+00 -1.8278e-01 +4.8065e+00 +7.1206e-01 -1.9742e+00 -2.9537e+00 +2.7395e+00 +5.8353e-02
14558 0 +1.102472931e+04 +1.096978931e+04 +1.096978931e+04 +1.6879e-01 +2.1695e-02 +2.4217e+00 -6.2322e-01 +4.3949e+00 +8.8524e-01 -3.2540e+00 -3.1806e+00 +4.1612e+00 +4.8263e-02
14614 0 +1.091282997e+04 +1.085788997e+04 +1.085788997e+04 +3.6658e-01 +6.6945e-03 +3.0393e+00 -2.2259e-01 +4.4550e+00 +7.9691e-01 -2.1907e+00 -2.7019e+00 +3.3038e+00 +3.9693e-02
15326 0 +9.833421707e+03 +9.778481707e+03 +9.778481707e+03 +2.0515e-01 +2.3661e-02 +3.0471e+00 -2.4554e-01 +4.4658e+00 +7.7096e-01 -2.3344e+00 -2.9661e+00 +2.9771e+00 +3.4583e-02
20145 0 +9.394078131e+03 +9.339138131e+03 +9.339138131e+03 +2.9554e-01 +2.2128e-02 +2.7394e+00 -2.6243e-01 +4.2992e+00 +7.6544e-01 -2.8881e+00 -2.8207e+00 +3.9667e+00 +3.1661e-02
24028 0 +8.747856229e+03 +8.692916229e+03 +8.692916229e+03 +2.6891e-01 +2.1303e-02 +2.4986e+00 -2.5645e-01 +4.1180e+00 +1.0978e+00 -2.9220e+00 -2.4608e+00 +3.9467e+00 +3.8760e-02
26397 0 +8.624501235e+03 +8.569561235e+03 +8.569561235e+03 +2.8940e-01 +2.5492e-02 +2.5923e+00 -2.8166e-01 +4.0170e+00 +1.0243e+00 -3.0471e+00 -2.5161e+00 +4.1436e+00 +3.3514e-02
32438 0 +8.381017424e+03 +8.326077424e+03 +8.326077424e+03 +2.6716e-01 +2.7216e-02 +2.5037e+00 -2.4192e-01 +4.0959e+00 +9.3246e-01 -3.0917e+00 -2.6118e+00 +4.1189e+00 +3.7066e-02
34905 0 +8.241622767e+03 +8.186682767e+03 +8.186682767e+03 +2.5037e-01 +2.8386e-02 +2.4492e+00 -2.4078e-01 +4.0301e+00 +1.0541e+00 -3.1440e+00 -2.5085e+00 +4.1223e+00 +3.8028e-02
38199 0 +8.116685073e+03 +8.061745073e+03 +8.061745073e+03 +2.4620e-01 +2.8774e-02 +2.4726e+00 -2.3810e-01 +4.0272e+00 +9.9308e-01 -3.1748e+00 -2.5023e+00 +4.2592e+00 +3.3301e-02
40051 0 +8.069389229e+03 +8.014449229e+03 +8.014449229e+03 +2.4234e-01 +2.9101e-02 +2.4063e+00 -2.3582e-01 +3.9958e+00 +1.0181e+00 -3.2493e+00 -2.4469e+00 +4.3636e+00 +3.3684e-02
% f evaluations | g evaluations | best noise-free fitness - Fopt (5.913000000000e+01) + sum g_i+ | measured fitness | best measured fitness or single-digit g-values | x1 | x2...
1 0 +2.250353003e+07 +2.250358916e+07 +2.250358916e+07 +2.8479e+00 +2.3395e+00 +3.0338e+00 +3.1347e+00 -3.6937e+00 -2.8268e+00 +3.4086e+00 +3.5564e+00 -2.7803e+00 +4.5809e+00
2 0 +9.254467100e+06 +9.254526230e+06 +9.254526230e+06 +4.5053e+00 -4.0433e-01 +2.9326e+00 -1.0451e+00 -2.3868e+00 +8.4533e-01 -7.1659e-01 -2.7217e+00 -4.5858e+00 +1.4259e+00
4 0 +4.592060270e+06 +4.592119400e+06 +4.592119400e+06 +4.1537e+00 -3.1929e+00 +3.0296e+00 +1.2838e+00 -4.0495e+00 +2.6399e+00 -2.5844e-01 +2.3703e+00 -3.9411e+00 +2.5413e+00
6 0 +2.526532462e+06 +2.526591592e+06 +2.526591592e+06 -2.7105e+00 +4.7487e-01 -4.2625e+00 +2.7339e+00 -4.9801e+00 +2.9131e+00 -7.0370e-01 +1.1436e+00 -3.4338e+00 +6.2606e-02
32 0 +8.413503524e+05 +8.414094824e+05 +8.414094824e+05 -4.4305e+00 +8.7547e-01 -4.5940e+00 +3.4710e-01 -2.9285e+00 -1.6518e+00 +8.6465e-01 +4.4593e+00 -3.4655e+00 +1.3957e-01
60 0 +2.008152014e+05 +2.008743314e+05 +2.008743314e+05 -5.8792e-01 -3.0239e-01 -4.4982e+00 +2.6909e+00 -6.9471e-01 +9.0009e-01 +4.6794e-01 +1.2725e+00 -6.1590e-01 +2.7079e+00
135 0 +4.786411042e+04 +4.792324042e+04 +4.792324042e+04 -3.6855e+00 +4.9857e-01 -5.0000e+00 +1.6176e+00 -1.8713e+00 -2.6859e+00 -1.6588e+00 +2.3212e+00 -2.9590e+00 +1.8663e+00
217 0 +4.001449022e+04 +4.007362022e+04 +4.007362022e+04 +9.1569e-02 -2.1504e-01 -1.5068e+00 +1.8953e+00 -2.4306e+00 +1.7698e-01 -1.5248e+00 +2.6454e+00 -3.4913e+00 +2.6444e+00
446 0 +2.264669445e+04 +2.270582445e+04 +2.270582445e+04 -2.0600e+00 -1.1396e-01 -7.5051e-01 +1.9863e+00 -2.3067e+00 -3.4226e+00 -1.2674e+00 +2.4158e+00 -3.2607e+00 +2.7169e+00
915 0 +2.182478805e+04 +2.188391805e+04 +2.188391805e+04 -3.7604e-01 -2.5386e-01 -3.4807e+00 +1.5952e+00 -7.1387e-01 -1.3122e+00 -8.0690e-01 +1.8720e+00 -4.4543e+00 +1.9232e+00
1896 0 +1.538735020e+04 +1.544648020e+04 +1.544648020e+04 -2.0272e+00 -2.6837e-01 -3.2338e+00 +2.4469e+00 -2.4907e+00 -3.0434e+00 -9.8636e-01 +2.9567e+00 -5.0000e+00 +5.8806e-01
2474 0 +1.316199654e+04 +1.322112654e+04 +1.322112654e+04 -3.7553e-01 -3.8193e-01 -2.1676e+00 +1.9654e+00 -1.4165e+00 -1.8281e+00 -3.0387e-01 +1.8270e+00 -5.0000e+00 +1.6754e+00
5658 0 +1.259898842e+04 +1.265811842e+04 +1.265811842e+04 -7.7782e-01 -2.2406e-01 -2.0613e+00 +1.8659e+00 -2.2922e+00 -2.5251e+00 -2.7939e-01 +1.7172e+00 -5.0000e+00 +1.3842e+00
6301 0 +1.043736030e+04 +1.049649030e+04 +1.049649030e+04 -8.0691e-01 -5.5013e-01 -1.8876e+00 +1.5128e+00 -8.7801e-01 -3.1630e+00 -3.6850e-01 +2.1580e+00 -5.0000e+00 +1.9019e+00
7681 0 +9.639373531e+03 +9.698503531e+03 +9.698503531e+03 -8.4166e-01 -4.3565e-01 -1.2868e+00 +1.3586e+00 -8.2587e-01 -2.7413e+00 -3.0902e-01 +1.9572e+00 -5.0000e+00 +2.4318e+00
8511 0 +7.809686036e+03 +7.868816036e+03 +7.868816036e+03 -4.3072e-01 -4.5652e-01 -1.7721e+00 +1.3970e+00 -6.8446e-01 -2.3919e+00 -8.9881e-02 +1.6254e+00 -5.0000e+00 +2.2559e+00
12730 0 +7.614134085e+03 +7.673264085e+03 +7.673264085e+03 -7.7928e-01 -5.1444e-01 -2.4699e+00 +1.3689e+00 -3.9478e-01 -2.0817e+00 -6.6149e-01 +2.0353e+00 -3.9817e+00 +2.6261e+00
14064 0 +7.222706874e+03 +7.281836874e+03 +7.281836874e+03 -5.9913e-01 -2.7355e-01 -1.6565e+00 +8.1286e-01 -5.1546e-01 -2.5304e+00 -5.0295e-01 +2.0873e+00 -4.4919e+00 +2.4895e+00
16519 0 +6.747522381e+03 +6.806652381e+03 +6.806652381e+03 -6.4073e-01 -4.0960e-01 -1.6470e+00 +1.1891e+00 -8.6601e-01 -2.6365e+00 -4.1580e-01 +1.8851e+00 -4.6150e+00 +2.4580e+00
17782 0 +6.576365017e+03 +6.635495017e+03 +6.635495017e+03 -7.6023e-01 -3.2685e-01 -1.2395e+00 +1.0041e+00 -8.5485e-01 -2.7419e+00 -5.2669e-01 +1.8735e+00 -4.2621e+00 +2.8139e+00
18184 0 +6.047495465e+03 +6.106625465e+03 +6.106625465e+03 -8.9394e-01 -3.7827e-01 -1.9969e+00 +1.0823e+00 -4.8497e-01 -2.5327e+00 -6.2635e-01 +2.1049e+00 -4.7582e+00 +2.4676e+00
20374 0 +5.802978448e+03 +5.862108448e+03 +5.862108448e+03 -9.2153e-01 -3.9174e-01 -1.5503e+00 +9.5810e-01 -6.9369e-01 -2.9416e+00 -5.8842e-01 +2.4179e+00 -5.0000e+00 +2.1702e+00
21183 0 +5.712292388e+03 +5.771422388e+03 +5.771422388e+03 -6.2603e-01 -3.1498e-01 -1.6304e+00 +8.9163e-01 -4.9420e-01 -2.2203e+00 -8.1479e-01 +2.3245e+00 -5.0000e+00 +2.5162e+00
21613 0 +5.406863999e+03 +5.465993999e+03 +5.465993999e+03 -1.1041e+00 -2.3751e-01 -2.0542e+00 +1.0518e+00 -4.5689e-01 -2.5855e+00 -2.6240e-01 +1.9917e+00 -5.0000e+00 +2.2211e+00
22086 0 +4.720803355e+03 +4.779933355e+03 +4.779933355e+03 -5.5384e-01 -2.6574e-01 -1.8247e+00 +9.3751e-01 -5.5783e-01 -2.1685e+00 -7.4253e-01 +2.3042e+00 -5.0000e+00 +2.2323e+00
22214 0 +4.590238473e+03 +4.649368473e+03 +4.649368473e+03 -7.9276e-01 -2.6718e-01 -1.8343e+00 +8.3885e-01 -3.7469e-01 -2.2554e+00 -6.3560e-01 +2.3781e+00 -5.0000e+00 +2.3632e+00
24309 0 +4.485004485e+03 +4.544134485e+03 +4.544134485e+03 -7.7205e-01 -2.3882e-01 -2.3599e+00 +7.8879e-01 -4.0670e-01 -2.3049e+00 -7.1051e-01 +2.3913e+00 -4.9806e+00 +2.0686e+00
24983 0 +4.115635477e+03 +4.174765477e+03 +4.174765477e+03 -7.3086e-01 -2.6037e-01 -2.1394e+00 +9.7119e-01 -3.0842e-01 -1.9982e+00 -7.8542e-01 +2.5075e+00 -5.0000e+00 +2.1568e+00
27124 0 +3.958828867e+03 +4.017958867e+03 +4.017958867e+03 -7.6254e-01 -2.2162e-01 -1.9559e+00 +7.7552e-01 -3.7842e-01 -2.1172e+00 -9.1067e-01 +2.4458e+00 -5.0000e+00 +2.4107e+00
27182 0 +3.620646870e+03 +3.679776870e+03 +3.679776870e+03 -8.1487e-01 -2.4019e-01 -2.1169e+00 +9.3804e-01 -3.8686e-01 -2.0247e+00 -9.3321e-01 +2.6597e+00 -4.8967e+00 +2.2176e+00
28333 0 +3.327745166e+03 +3.386875166e+03 +3.386875166e+03 -6.6662e-01 -2.3372e-01 -1.9463e+00 +7.9071e-01 -4.5061e-01 -1.9164e+00 -1.0961e+00 +2.8366e+00 -4.8543e+00 +2.2350e+00
29462 0 +2.736838584e+03 +2.795968584e+03 +2.795968584e+03 -6.3499e-01 -2.7811e-01 -1.6267e+00 +7.0448e-01 -4.5053e-01 -2.0643e+00 -1.3398e+00 +2.9330e+00 -4.9170e+00 +2.4044e+00
29799 0 +2.609383044e+03 +2.668513044e+03 +2.668513044e+03 -5.9989e-01 -2.1659e-01 -2.0833e+00 +7.5852e-01 -4.5318e-01 -1.5939e+00 -1.5802e+00 +3.2190e+00 -4.8855e+00 +2.1624e+00
30324 0 +2.426924917e+03 +2.486054917e+03 +2.486054917e+03 -6.0470e-01 -2.3840e-01 -1.9825e+00 +7.2836e-01 -4.0889e-01 -1.7356e+00 -1.3449e+00 +2.9555e+00 -5.0000e+00 +2.2864e+00
30475 0 +2.317966121e+03 +2.377096121e+03 +2.377096121e+03 -6.2952e-01 -2.3161e-01 -1.8707e+00 +6.9980e-01 -4.4043e-01 -1.6880e+00 -1.5216e+00 +3.0475e+00 -4.6693e+00 +2.4414e+00
32858 0 +2.246275902e+03 +2.305405902e+03 +2.305405902e+03 -6.4207e-01 -2.1576e-01 -1.9434e+00 +6.8190e-01 -4.7623e-01 -1.5132e+00 -1.6652e+00 +3.0951e+00 -4.4183e+00 +2.6026e+00
33596 0 +2.191908632e+03 +2.251038632e+03 +2.251038632e+03 -6.7012e-01 -2.2011e-01 -1.7619e+00 +6.9485e-01 -4.7427e-01 -1.6743e+00 -1.5454e+00 +3.0695e+00 -4.6383e+00 +2.5331e+00
33961 0 +2.172045117e+03 +2.231175117e+03 +2.231175117e+03 -7.2193e-01 -2.1647e-01 -1.7773e+00 +7.0838e-01 -4.5967e-01 -1.6257e+00 -1.5996e+00 +3.0793e+00 -4.4244e+00 +2.6403e+00
34743 0 +2.105495390e+03 +2.164625390e+03 +2.164625390e+03 -6.8222e-01 -2.1577e-01 -1.8310e+00 +7.0662e-01 -5.1807e-01 -1.6197e+00 -1.6867e+00 +3.1634e+00 -4.3839e+00 +2.5870e+00
34811 0 +2.068812913e+03 +2.127942913e+03 +2.127942913e+03 -7.4070e-01 -2.0494e-01 -1.8205e+00 +6.5466e-01 -4.9398e-01 -1.6377e+00 -1.6820e+00 +3.1889e+00 -4.3006e+00 +2.6352e+00
35013 0 +1.962752977e+03 +2.021882977e+03 +2.021882977e+03 -7.7791e-01 -2.1241e-01 -1.8151e+00 +6.6041e-01 -4.9969e-01 -1.6549e+00 -1.7469e+00 +3.2687e+00 -4.3465e+00 +2.6031e+00
36015 0 +1.885027135e+03 +1.944157135e+03 +1.944157135e+03 -7.7802e-01 -2.0827e-01 -1.9170e+00 +6.6682e-01 -4.9261e-01 -1.6237e+00 -1.8022e+00 +3.3475e+00 -4.4550e+00 +2.4825e+00
36659 0 +1.845050625e+03 +1.904180625e+03 +1.904180625e+03 -7.6897e-01 -2.1251e-01 -1.8868e+00 +6.6836e-01 -4.9094e-01 -1.5742e+00 -1.8665e+00 +3.3893e+00 -4.4022e+00 +2.5331e+00
38222 0 +1.796406120e+03 +1.855536120e+03 +1.855536120e+03 -7.6068e-01 -2.1508e-01 -1.8889e+00 +6.5851e-01 -4.7871e-01 -1.4562e+00 -1.9899e+00 +3.4925e+00 -4.3517e+00 +2.5767e+00
38317 0 +1.768230051e+03 +1.827360051e+03 +1.827360051e+03 -7.6365e-01 -2.1150e-01 -1.8830e+00 +6.6585e-01 -4.7666e-01 -1.4465e+00 -2.0084e+00 +3.5179e+00 -4.3101e+00 +2.5844e+00
38385 0 +1.718768845e+03 +1.777898845e+03 +1.777898845e+03 -7.8193e-01 -2.1442e-01 -1.8997e+00 +6.4702e-01 -4.8538e-01 -1.4567e+00 -2.0377e+00 +3.5653e+00 -4.3121e+00 +2.5604e+00
38757 0 +1.694941809e+03 +1.754071809e+03 +1.754071809e+03 -7.6974e-01 -2.1343e-01 -1.9083e+00 +6.3704e-01 -4.8149e-01 -1.4841e+00 -2.0952e+00 +3.6223e+00 -4.3789e+00 +2.5238e+00
38803 0 +1.627136653e+03 +1.686266653e+03 +1.686266653e+03 -7.6581e-01 -2.1122e-01 -1.9042e+00 +6.3649e-01 -4.7496e-01 -1.4329e+00 -2.0947e+00 +3.6807e+00 -4.4206e+00 +2.4864e+00
38807 0 +1.601970162e+03 +1.661100162e+03 +1.661100162e+03 -7.7706e-01 -2.1285e-01 -1.9128e+00 +6.4609e-01 -4.8286e-01 -1.4478e+00 -2.0994e+00 +3.6310e+00 -4.4386e+00 +2.5000e+00
38853 0 +1.581453533e+03 +1.640583533e+03 +1.640583533e+03 -7.5717e-01 -2.0581e-01 -1.9087e+00 +6.2971e-01 -4.7105e-01 -1.4230e+00 -2.0891e+00 +3.6274e+00 -4.4235e+00 +2.5085e+00
38882 0 +1.528789100e+03 +1.587919100e+03 +1.587919100e+03 -7.7699e-01 -2.1399e-01 -1.9321e+00 +6.3928e-01 -4.7840e-01 -1.4169e+00 -2.1281e+00 +3.6798e+00 -4.4980e+00 +2.4561e+00
38949 0 +1.462712061e+03 +1.521842061e+03 +1.521842061e+03 -7.7176e-01 -2.0894e-01 -1.9410e+00 +6.2331e-01 -4.7794e-01 -1.4187e+00 -2.1256e+00 +3.6863e+00 -4.4825e+00 +2.4553e+00
38990 0 +1.434207628e+03 +1.493337628e+03 +1.493337628e+03 -7.7184e-01 -2.1215e-01 -1.9223e+00 +6.3543e-01 -4.7863e-01 -1.4371e+00 -2.1336e+00 +3.7183e+00 -4.4883e+00 +2.4354e+00
39022 0 +1.407714760e+03 +1.466844760e+03 +1.466844760e+03 -7.7864e-01 -2.1078e-01 -1.9337e+00 +6.2483e-01 -4.7807e-01 -1.4312e+00 -2.1719e+00 +3.7184e+00 -4.4728e+00 +2.4635e+00
39104 0 +1.377687451e+03 +1.436817451e+03 +1.436817451e+03 -7.6344e-01 -2.1316e-01 -1.9207e+00 +6.2302e-01 -4.8151e-01 -1.4200e+00 -2.1654e+00 +3.7564e+00 -4.4776e+00 +2.4386e+00
39162 0 +1.326640306e+03 +1.385770306e+03 +1.385770306e+03 -7.7864e-01 -2.1036e-01 -1.9137e+00 +6.2816e-01 -4.8701e-01 -1.3929e+00 -2.1925e+00 +3.7682e+00 -4.5146e+00 +2.4340e+00
39197 0 +1.315409596e+03 +1.374539596e+03 +1.374539596e+03 -7.8087e-01 -2.0922e-01 -1.8982e+00 +6.1695e-01 -4.8320e-01 -1.3985e+00 -2.1836e+00 +3.7830e+00 -4.5270e+00 +2.4330e+00
39234 0 +1.277103199e+03 +1.336233199e+03 +1.336233199e+03 -7.7074e-01 -2.1061e-01 -1.9427e+00 +6.2333e-01 -4.7885e-01 -1.4229e+00 -2.1955e+00 +3.7709e+00 -4.5590e+00 +2.4102e+00
39235 0 +1.256493275e+03 +1.315623275e+03 +1.315623275e+03 -7.7761e-01 -2.1091e-01 -1.9360e+00 +6.2486e-01 -4.7331e-01 -1.3999e+00 -2.1943e+00 +3.8050e+00 -4.5186e+00 +2.4101e+00
39280 0 +1.226961944e+03 +1.286091944e+03 +1.286091944e+03 -7.8013e-01 -2.0875e-01 -1.9534e+00 +6.1696e-01 -4.7878e-01 -1.4175e+00 -2.2138e+00 +3.8187e+00 -4.5442e+00 +2.3984e+00
39303 0 +1.153453793e+03 +1.212583793e+03 +1.212583793e+03 -7.8000e-01 -2.0956e-01 -1.9294e+00 +6.1690e-01 -4.7837e-01 -1.3981e+00 -2.2328e+00 +3.8422e+00 -4.5540e+00 +2.3880e+00
39368 0 +1.134871613e+03 +1.194001613e+03 +1.194001613e+03 -7.7650e-01 -2.0795e-01 -1.9224e+00 +6.1689e-01 -4.7986e-01 -1.3964e+00 -2.2354e+00 +3.8657e+00 -4.5848e+00 +2.3601e+00
39402 0 +1.121492960e+03 +1.180622960e+03 +1.180622960e+03 -7.7696e-01 -2.0864e-01 -1.9367e+00 +6.1415e-01 -4.7683e-01 -1.4024e+00 -2.2477e+00 +3.8622e+00 -4.5856e+00 +2.3597e+00
39547 0 +1.092545975e+03 +1.151675975e+03 +1.151675975e+03 -7.8278e-01 -2.0873e-01 -1.9432e+00 +6.1162e-01 -4.7498e-01 -1.3992e+00 -2.2407e+00 +3.8742e+00 -4.6138e+00 +2.3556e+00
39608 0 +1.069597973e+03 +1.128727973e+03 +1.128727973e+03 -7.8369e-01 -2.0914e-01 -1.9394e+00 +6.1067e-01 -4.7482e-01 -1.3901e+00 -2.2547e+00 +3.8814e+00 -4.6238e+00 +2.3572e+00
39740 0 +1.046830895e+03 +1.105960895e+03 +1.105960895e+03 -7.8452e-01 -2.0959e-01 -1.9460e+00 +6.1269e-01 -4.7071e-01 -1.3888e+00 -2.2683e+00 +3.8939e+00 -4.6236e+00 +2.3532e+00
39808 0 +1.023268680e+03 +1.082398680e+03 +1.082398680e+03 -7.9021e-01 -2.0886e-01 -1.9546e+00 +6.1303e-01 -4.7249e-01 -1.3815e+00 -2.2725e+00 +3.9077e+00 -4.6148e+00 +2.3430e+00
40051 0 +1.010544866e+03 +1.069674866e+03 +1.069674866e+03 -7.8857e-01 -2.0866e-01 -1.9539e+00 +6.0912e-01 -4.7266e-01 -1.3840e+00 -2.2818e+00 +3.9149e+00 -4.6180e+00 +2.3427e+00
% f evaluations | g evaluations | best noise-free fitness - Fopt (-4.915300000000e+02) + sum g_i+ | measured fitness | best measured fitness or single-digit g-values | x1 | x2...
1 0 +4.099407718e+06 +4.098916188e+06 +4.098916188e+06 -3.8497e+00 -3.1470e+00 +2.1091e+00 +6.9878e-01 +1.3975e+00 -1.2666e+00 -2.1910e+00 +2.7579e+00 -1.7033e-01 +3.6881e+00
2 0 +1.184150888e+06 +1.183659358e+06 +1.183659358e+06 -2.3634e+00 -3.4660e+00 +2.2112e+00 -9.9218e-01 +4.9994e+00 -4.8780e+00 +2.2286e+00 -4.5767e+00 +1.8389e+00 -3.3476e+00
11 0 +4.540369018e+05 +4.535453718e+05 +4.535453718e+05 -8.6177e-01 -2.7548e+00 +1.7622e+00 +1.0619e+00 +1.8877e-01 -2.9125e+00 -3.7001e+00 -9.1828e-01 +4.7392e+00 +3.4014e+00
64 0 +3.373796461e+05 +3.368881161e+05 +3.368881161e+05 -3.5006e-01 -4.4793e+00 +1.2364e+00 -1.3508e-01 +4.5532e+00 -1.9549e+00 +9.4206e-01 -3.4552e+00 +1.6566e+00 -2.4540e+00
93 0 +1.762417924e+05 +1.757502624e+05 +1.757502624e+05 -1.6023e+00 -5.0000e+00 +2.0111e+00 -2.2718e+00 +1.0426e+00 -2.6008e+00 -1.5851e+00 -4.3234e-01 +3.6153e+00 +1.6197e+00
203 0 +1.267994713e+05 +1.263079413e+05 +1.263079413e+05 -3.7468e+00 -5.0000e+00 -3.7691e-02 +2.2611e-01 +5.0000e+00 -5.0000e+00 -4.2052e-01 -1.7164e+00 +1.9965e+00 +1.5981e+00
211 0 +5.810065060e+04 +5.760912060e+04 +5.760912060e+04 -5.7238e-01 -5.0000e+00 +3.0013e+00 -4.2642e-01 +1.3112e+00 -3.3920e+00 +2.3732e-02 -1.7304e+00 +2.7136e+00 +2.7444e-01
314 0 +1.719732859e+04 +1.670579859e+04 +1.670579859e+04 +8.1773e-02 -3.2232e+00 +1.5364e+00 -1.0168e+00 +2.1397e+00 -4.7275e+00 -1.8489e-01 +3.2170e-01 +2.3138e+00 +2.3510e+00
2711 0 +1.339247401e+04 +1.290094401e+04 +1.290094401e+04 +2.9308e-01 -3.3399e+00 +1.3290e+00 -7.8691e-01 +1.8270e+00 -3.9123e+00 +1.0135e-02 -1.2101e-01 +8.9544e-01 +1.3655e+00
6109 0 +1.247060692e+04 +1.197907692e+04 +1.197907692e+04 +2.3308e-01 -2.0602e+00 +5.8240e-01 -1.4298e+00 +1.7920e+00 -4.2328e+00 -4.7279e-02 +7.6456e-01 +1.3244e+00 +1.3724e+00
6173 0 +1.117478428e+04 +1.068325428e+04 +1.068325428e+04 -4.6057e-02 -2.1138e+00 +1.6997e-01 -1.3792e+00 +2.6642e+00 -4.0423e+00 -2.7623e-02 +4.8036e-01 +1.1936e+00 +1.3684e+00
6914 0 +1.027214083e+04 +9.780610827e+03 +9.780610827e+03 +1.1238e-01 -1.0988e+00 +6.6976e-01 -1.5614e+00 +2.2692e+00 -5.0000e+00 -4.5571e-02 +1.4427e+00 +1.6036e+00 +2.9793e+00
9516 0 +7.926281386e+03 +7.434751386e+03 +7.434751386e+03 -2.1917e-02 -7.6689e-01 +4.8674e-01 -2.1020e+00 +2.6437e+00 -5.0000e+00 -5.8745e-02 +1.8242e+00 +1.8264e+00 +3.6329e+00
15085 0 +7.505298430e+03 +7.013768430e+03 +7.013768430e+03 +2.8994e-02 -5.7840e-01 +5.3317e-01 -1.7909e+00 +2.1832e+00 -5.0000e+00 -1.5452e-02 +1.8068e+00 +1.6078e+00 +3.2016e+00
19064 0 +7.172419098e+03 +6.680889098e+03 +6.680889098e+03 +4.0333e-02 -6.3683e-01 +5.5285e-01 -1.5891e+00 +1.5132e+00 -4.9497e+00 -4.0035e-02 +1.9499e+00 +1.1461e+00 +2.9803e+00
22907 0 +6.873327226e+03 +6.381797226e+03 +6.381797226e+03 +5.9333e-02 -5.6799e-01 +4.0354e-01 -1.8337e+00 +1.6304e+00 -4.8063e+00 -4.0636e-02 +2.0250e+00 +1.0213e+00 +3.0760e+00
23061 0 +6.711285982e+03 +6.219755982e+03 +6.219755982e+03 +9.7331e-02 -5.0350e-01 +3.9540e-01 -1.6852e+00 +1.7548e+00 -4.8281e+00 -2.7068e-02 +1.8861e+00 +1.0805e+00 +2.9677e+00
24400 0 +6.453895872e+03 +5.962365872e+03 +5.962365872e+03 +7.0027e-02 -5.9621e-01 +2.1220e-01 -1.7248e+00 +1.3984e+00 -4.6995e+00 -3.7668e-02 +1.9986e+00 +1.1775e+00 +2.4661e+00
24707 0 +5.670064070e+03 +5.178534070e+03 +5.178534070e+03 +7.3514e-02 -5.1563e-01 +2.8313e-01 -2.0852e+00 +1.3875e+00 -4.6735e+00 -4.2865e-02 +2.0678e+00 +1.4303e+00 +2.6092e+00
24984 0 +5.316880875e+03 +4.825350875e+03 +4.825350875e+03 +8.5286e-02 -4.7848e-01 +1.9328e-01 -1.9871e+00 +9.7359e-01 -4.6868e+00 -5.0896e-02 +2.1850e+00 +1.6327e+00 +2.1787e+00
28121 0 +4.765321800e+03 +4.273791800e+03 +4.273791800e+03 +6.4339e-02 -5.0130e-01 +1.3309e-01 -1.8488e+00 +1.0340e+00 -4.6672e+00 -4.8800e-02 +2.1172e+00 +1.4166e+00 +2.0475e+00
30607 0 +4.551005663e+03 +4.059475663e+03 +4.059475663e+03 +7.5326e-02 -5.1424e-01 +1.4272e-01 -1.8444e+00 +7.3586e-01 -4.6966e+00 -5.2570e-02 +2.2278e+00 +1.4706e+00 +1.9368e+00
37773 0 +4.445167640e+03 +3.953637640e+03 +3.953637640e+03 +8.2545e-02 -4.8422e-01 +1.2565e-01 -1.7903e+00 +6.8648e-01 -4.6961e+00 -5.5430e-02 +2.2511e+00 +1.4023e+00 +1.9054e+00
40051 0 +4.399780956e+03 +3.908250956e+03 +3.908250956e+03 +7.9147e-02 -4.7383e-01 +1.1968e-01 -1.7726e+00 +6.7422e-01 -4.6909e+00 -5.6905e-02 +2.2454e+00 +1.3572e+00 +1.8925e+00
% f evaluations | g evaluations | best noise-free fitness - Fopt (-1.702000000000e+02) + sum g_i+ | measured fitness | best measured fitness or single-digit g-values | x1 | x2...
1 0 +2.865726619e+07 +2.865709599e+07 +2.865709599e+07 +3.4268e+00 -4.3053e+00 +2.7310e-01 -4.3928e+00 +3.4122e+00 +1.1017e+00 +6.0601e-01 -2.0607e+00 -4.8412e+00 -3.6419e+00
2 0 +7.204278064e+06 +7.204107864e+06 +7.204107864e+06 +2.4176e+00 -4.7702e+00 +3.5751e-01 +1.0233e+00 -3.2011e-01 +5.2504e-01 -4.5880e+00 +1.1248e+00 +1.5951e+00 +3.8460e+00
4 0 +4.383708253e+06 +4.383538053e+06 +4.383538053e+06 +5.0531e-01 -5.8419e-01 +3.8900e+00 +3.3138e+00 +2.0441e+00 +3.7365e+00 +3.5881e+00 +9.2065e-01 +4.0357e+00 +4.1278e+00
13 0 +2.849429098e+06 +2.849258898e+06 +2.849258898e+06 +3.5484e+00 +4.4156e+00 -2.2092e+00 +5.4549e-02 -3.0227e-01 +1.0255e+00 +2.3840e+00 +3.8979e+00 -7.8180e-01 +1.2729e+00
14 0 +4.017550687e+05 +4.015848687e+05 +4.015848687e+05 +1.1139e+00 +4.7757e+00 +8.7356e-01 +3.7908e+00 +4.1250e+00 +3.8058e+00 -2.5040e+00 -9.7284e-01 +4.5279e+00 +5.0798e-01
46 0 +2.822396091e+05 +2.820694091e+05 +2.820694091e+05 +2.6653e-02 +5.7011e-01 -1.1741e+00 +3.8650e+00 +8.3237e-01 -6.1948e-01 -9.3354e-01 +4.1307e+00 -3.3047e-01 +3.6200e+00
109 0 +1.290147008e+05 +1.288445008e+05 +1.288445008e+05 +2.7341e-01 +8.5496e-01 -2.1715e-01 +4.4178e+00 +8.4251e-01 +2.8029e+00 +1.5872e+00 +2.6211e+00 +1.8243e+00 +7.6557e-01
116 0 +1.089289440e+05 +1.087587440e+05 +1.087587440e+05 +9.9203e-01 -9.4390e-01 +1.4724e+00 +2.4521e+00 -9.8291e-01 +1.7991e+00 +5.0000e+00 +2.0244e+00 +3.4022e+00 +4.0376e+00
466 0 +8.470565877e+04 +8.453545877e+04 +8.453545877e+04 +8.9092e-01 +1.8441e-01 -7.6890e-01 +4.3169e+00 +6.5553e-01 +2.2044e+00 -1.8614e+00 +1.9609e+00 +1.3585e+00 +3.4760e+00
554 0 +7.756891544e+04 +7.739871544e+04 +7.739871544e+04 +8.7916e-01 -5.5622e-01 -1.9163e+00 +3.4011e+00 +2.4786e+00 +2.4329e+00 +1.3527e+00 +3.5883e-01 +3.2339e+00 +2.8961e+00
675 0 +6.978197303e+04 +6.961177303e+04 +6.961177303e+04 +7.3833e-01 +1.3412e+00 +6.2998e-01 +3.4853e+00 +1.9967e+00 +2.6757e+00 +1.1644e+00 +1.4414e+00 +1.8699e+00 +1.1220e+00
712 0 +6.186969050e+04 +6.169949050e+04 +6.169949050e+04 +1.2446e+00 +6.5451e-01 -1.2834e+00 +4.3398e+00 +2.2142e+00 +1.9628e+00 +1.8715e+00 +9.2319e-02 +2.0353e+00 +1.8136e+00
865 0 +5.304155377e+04 +5.287135377e+04 +5.287135377e+04 +1.1956e+00 +1.5874e+00 -2.0534e+00 +2.9427e+00 +3.1957e+00 +2.1481e+00 +2.5240e+00 +1.2149e+00 +1.6534e+00 +8.4153e-01
982 0 +4.070927845e+04 +4.053907845e+04 +4.053907845e+04 +1.6781e+00 +9.9244e-01 -2.9501e+00 +4.3278e+00 +3.7117e+00 +2.4200e+00 -1.2641e+00 +4.3121e-01 +4.0119e-01 +7.9966e-01
1024 0 +3.271781453e+04 +3.254761453e+04 +3.254761453e+04 +1.7433e+00 -1.1838e-01 -4.2978e+00 +5.0000e+00 +2.1796e+00 +2.6144e+00 +1.3642e+00 +1.7761e+00 -2.3995e-01 +9.2250e-01
1236 0 +2.513552854e+04 +2.496532854e+04 +2.496532854e+04 +2.0799e+00 +1.0961e+00 -2.0238e+00 +4.9464e+00 +1.9795e+00 +3.0579e+00 -6.7333e-01 +1.0651e+00 +1.4032e+00 +1.1145e+00
1540 0 +2.382320113e+04 +2.365300113e+04 +2.365300113e+04 +2.8573e+00 +5.0860e-01 -3.9443e+00 +5.0000e+00 +2.4294e+00 +3.1639e+00 +1.6415e+00 +7.0544e-01 +4.7624e-01 +5.8413e-01
1648 0 +2.128280932e+04 +2.111260932e+04 +2.111260932e+04 +3.0223e+00 +4.7054e-01 -3.2865e+00 +3.7162e+00 +2.2025e+00 +3.2002e+00 +1.9809e+00 +1.1828e+00 +3.5822e-01 +7.5009e-01
2467 0 +1.759005592e+04 +1.741985592e+04 +1.741985592e+04 +2.1359e+00 -7.7952e-02 -2.0803e+00 +4.6902e+00 +1.4737e+00 +2.4338e+00 +1.6532e+00 +1.5010e+00 +4.7433e-01 +1.2568e+00
3657 0 +1.665187650e+04 +1.648167650e+04 +1.648167650e+04 +2.6085e+00 +3.4720e-01 -2.5154e+00 +4.5774e+00 +1.4650e+00 +3.1753e+00 +1.0638e+00 +1.7062e+00 +1.3258e-01 +7.7024e-01
4082 0 +1.317890394e+04 +1.300870394e+04 +1.300870394e+04 +2.4327e+00 +4.7914e-01 -2.8143e+00 +5.0000e+00 +1.9056e+00 +2.7334e+00 +2.2729e+00 +1.3836e+00 +9.7628e-02 +1.8077e-01
9385 0 +1.258808205e+04 +1.241788205e+04 +1.241788205e+04 +2.2509e+00 +5.1599e-01 -2.8407e+00 +5.0000e+00 +2.0164e+00 +2.9931e+00 +1.6363e+00 +1.3473e+00 +1.7520e-01 +1.9891e-01
9834 0 +9.025175229e+03 +8.854975229e+03 +8.854975229e+03 +2.9407e+00 +3.9626e-01 -5.0000e+00 +3.4302e+00 +2.8512e+00 +3.3282e+00 +2.3243e+00 +1.4087e+00 +1.7782e-01 +6.3219e-01
15812 0 +8.434591692e+03 +8.264391692e+03 +8.264391692e+03 +2.1230e+00 +3.8645e-01 -4.4033e+00 +3.2248e+00 +3.0573e+00 +2.7602e+00 +3.0577e+00 +1.3311e+00 +1.4032e-01 +8.9675e-01
17720 0 +8.153696048e+03 +7.983496048e+03 +7.983496048e+03 +2.8590e+00 +4.7147e-01 -5.0000e+00 +3.4848e+00 +3.0013e+00 +3.1799e+00 +2.6719e+00 +1.0909e+00 +2.0859e-01 +6.8838e-01
23416 0 +7.469537822e+03 +7.299337822e+03 +7.299337822e+03 +2.5630e+00 +3.7659e-01 -5.0000e+00 +3.4294e+00 +3.0971e+00 +2.9860e+00 +2.8615e+00 +1.1138e+00 +1.8215e-01 +8.0564e-01
31538 0 +7.378930852e+03 +7.208730852e+03 +7.208730852e+03 +2.5041e+00 +4.3993e-01 -4.9021e+00 +3.4418e+00 +3.1525e+00 +2.8741e+00 +2.8792e+00 +1.1103e+00 +1.9859e-01 +7.6255e-01
35310 0 +7.165864305e+03 +6.995664305e+03 +6.995664305e+03 +2.4781e+00 +4.2161e-01 -5.0000e+00 +3.2997e+00 +3.2087e+00 +2.9012e+00 +2.8083e+00 +1.1454e+00 +1.7437e-01 +8.2258e-01
36434 0 +7.064469555e+03 +6.894269555e+03 +6.894269555e+03 +2.4260e+00 +4.5862e-01 -4.9734e+00 +3.4355e+00 +3.1012e+00 +2.8730e+00 +2.8464e+00 +1.2107e+00 +1.6804e-01 +8.2238e-01
37600 0 +6.857308854e+03 +6.687108854e+03 +6.687108854e+03 +2.5777e+00 +4.7600e-01 -5.0000e+00 +3.5630e+00 +2.8552e+00 +2.8808e+00 +2.9375e+00 +1.3450e+00 +1.6705e-01 +7.9078e-01
38247 0 +6.703360111e+03 +6.533160111e+03 +6.533160111e+03 +2.5542e+00 +4.5750e-01 -5.0000e+00 +3.5501e+00 +2.8537e+00 +2.9097e+00 +2.7869e+00 +1.3737e+00 +1.5788e-01 +8.3552e-01
40051 0 +6.633771946e+03 +6.463571946e+03 +6.463571946e+03 +2.4717e+00 +4.6989e-01 -5.0000e+00 +3.5469e+00 +2.8780e+00 +2.8646e+00 +2.7916e+00 +1.3912e+00 +1.5693e-01 +8.6251e-01
% f evaluations | g evaluations | best noise-free fitness - Fopt (-4.697500000000e+02) + sum g_i+ | measured fitness | best measured fitness or single-digit g-values | x1 | x2...
1 0 +6.478492363e+05 +6.473794863e+05 +6.473794863e+05 +1.2326e+00 -4.8309e-02 -3.0498e+00 +2.7501e+00 +2.3742e-01 +2.3612e+00 -4.2714e+00 -4.4499e+00 -2.0851e-01 +2.7481e+00
6 0 +4.948486251e+05 +4.943788751e+05 +4.943788751e+05 +7.6800e-01 -1.3191e+00 +4.1557e+00 +1.7413e+00 +2.4655e+00 +1.7271e+00 +1.7741e+00 +4.3970e+00 +8.4286e-01 +1.7497e+00
119 0 +9.972050710e+04 +9.925075710e+04 +9.925075710e+04 +5.6639e-01 -2.5433e+00 +5.0000e+00 +9.4217e-01 -2.4519e+00 +4.1773e+00 +1.3684e+00 +1.6676e+00 -2.6341e+00 +3.0460e+00
174 0 +7.678999857e+04 +7.632024857e+04 +7.632024857e+04 -2.3626e+00 -3.0000e+00 +5.0000e+00 +3.7596e+00 +1.4804e+00 +3.7673e+00 +3.4375e+00 +5.0000e+00 -5.0197e-01 +2.1251e+00
187 0 +1.907989790e+04 +1.861014790e+04 +1.861014790e+04 -3.6057e-01 -1.5982e+00 +3.7485e+00 +2.2853e+00 +8.4661e-01 +3.7692e+00 +9.7251e-01 +2.1828e+00 -3.5194e-01 +3.7229e+00
467 0 +1.685516732e+04 +1.638541732e+04 +1.638541732e+04 -8.1273e-01 -1.2114e+00 +3.5398e+00 +3.3934e+00 +8.0027e-01 +3.8842e+00 +1.1663e+00 +2.0796e+00 -1.7560e+00 +3.2000e+00
2225 0 +1.317606016e+04 +1.270631016e+04 +1.270631016e+04 -2.0652e-01 -1.9602e+00 +2.9219e+00 +2.8203e+00 +4.2823e-01 +5.0000e+00 +8.7215e-01 +1.9764e+00 -2.6343e+00 +2.0594e+00
4088 0 +8.746089512e+03 +8.276339512e+03 +8.276339512e+03 +2.1259e-01 -1.5292e+00 +1.8275e+00 +2.8205e+00 +1.0437e+00 +4.4276e+00 +9.3741e-01 +1.5802e+00 -1.2000e+00 +1.7932e+00
4548 0 +6.227877830e+03 +5.758127830e+03 +5.758127830e+03 -1.7164e-01 -1.5580e+00 +3.7547e+00 +2.4281e+00 +3.3650e-01 +4.9151e+00 +1.3446e+00 +8.8577e-01 -1.8866e+00 +2.7036e+00
7293 0 +6.047768635e+03 +5.578018635e+03 +5.578018635e+03 -1.5082e-01 -2.4313e+00 +2.3601e+00 +3.0117e+00 +4.6219e-01 +2.7399e+00 +9.8661e-01 +2.0323e+00 +2.8406e-01 +2.7940e+00
8603 0 +3.309166515e+03 +2.839416515e+03 +2.839416515e+03 -1.2383e-01 -1.9896e+00 +2.9792e+00 +2.8511e+00 +1.6227e-01 +3.5046e+00 +1.1704e+00 +7.5201e-01 -3.7183e-01 +3.1138e+00
10931 0 +3.081353192e+03 +2.611603192e+03 +2.611603192e+03 -9.8017e-02 -2.0637e+00 +2.9039e+00 +2.6442e+00 +4.1813e-01 +4.0114e+00 +1.2225e+00 +1.3274e+00 -8.2971e-01 +2.5518e+00
12395 0 +2.427667390e+03 +1.957917390e+03 +1.957917390e+03 -5.8160e-02 -2.1291e+00 +2.9447e+00 +2.3324e+00 +1.7061e-01 +3.9616e+00 +1.0261e+00 -9.2359e-02 -4.0601e-01 +2.9389e+00
13376 0 +2.211450874e+03 +1.741700874e+03 +1.741700874e+03 -7.1613e-02 -2.3913e+00 +2.7823e+00 +2.4732e+00 -8.9047e-03 +3.3526e+00 +8.1609e-01 +4.6354e-01 -5.3658e-01 +2.7723e+00
21387 0 +2.028197059e+03 +1.558447059e+03 +1.558447059e+03 -1.0819e-01 -2.1760e+00 +3.3695e+00 +1.9725e+00 +1.6417e-01 +3.9058e+00 +9.9837e-01 +1.6736e-01 -4.4518e-01 +3.0212e+00
21641 0 +1.775560148e+03 +1.305810148e+03 +1.305810148e+03 -1.3005e-01 -2.5007e+00 +3.1252e+00 +2.0841e+00 +1.8173e-02 +3.6599e+00 +1.0517e+00 +2.5156e-01 -3.5522e-01 +2.7025e+00
27263 0 +1.588211033e+03 +1.118461033e+03 +1.118461033e+03 -8.9974e-02 -2.3826e+00 +3.1272e+00 +1.9832e+00 +6.5885e-02 +3.6710e+00 +8.6327e-01 +3.0534e-01 -4.7505e-01 +2.8292e+00
29359 0 +1.569985806e+03 +1.100235806e+03 +1.100235806e+03 -9.7899e-02 -2.4221e+00 +3.2852e+00 +1.8816e+00 +4.4502e-02 +3.7360e+00 +9.9262e-01 +3.0129e-01 -4.1228e-01 +2.8271e+00
33022 0 +1.521211640e+03 +1.051461640e+03 +1.051461640e+03 -1.0526e-01 -2.4689e+00 +3.3005e+00 +1.7925e+00 +2.3073e-02 +3.5856e+00 +8.5130e-01 +2.7515e-01 -4.4741e-01 +2.8202e+00
33108 0 +1.512608088e+03 +1.042858088e+03 +1.042858088e+03 -1.1471e-01 -2.4196e+00 +3.3668e+00 +1.8173e+00 +3.9030e-02 +3.7311e+00 +9.2064e-01 +2.8869e-01 -4.2225e-01 +2.9271e+00
33858 0 +1.398079989e+03 +9.283299894e+02 +9.283299894e+02 -1.0145e-01 -2.3523e+00 +3.5062e+00 +1.7953e+00 +2.6155e-02 +3.5720e+00 +9.5856e-01 +3.0217e-01 -3.7512e-01 +3.0044e+00
34076 0 +1.357723199e+03 +8.879731994e+02 +8.879731994e+02 -1.0851e-01 -2.4362e+00 +3.3650e+00 +1.8313e+00 +2.6369e-02 +3.6849e+00 +9.5742e-01 +2.7995e-01 -4.0498e-01 +2.8693e+00
34348 0 +1.278412974e+03 +8.086629740e+02 +8.086629740e+02 -1.0302e-01 -2.3647e+00 +3.5201e+00 +1.8089e+00 +2.9218e-02 +3.6680e+00 +1.0331e+00 +2.9219e-01 -3.6817e-01 +2.9731e+00
37455 0 +1.249269735e+03 +7.795197351e+02 +7.795197351e+02 -1.0504e-01 -2.3850e+00 +3.5226e+00 +1.7887e+00 +2.9199e-02 +3.7021e+00 +1.0219e+00 +2.8178e-01 -3.6207e-01 +2.9825e+00
38810 0 +1.227801729e+03 +7.580517289e+02 +7.580517289e+02 -1.0609e-01 -2.3868e+00 +3.4976e+00 +1.8133e+00 +2.8624e-02 +3.6925e+00 +1.0303e+00 +2.8672e-01 -3.5877e-01 +2.9691e+00
39790 0 +1.201974419e+03 +7.322244188e+02 +7.322244188e+02 -1.0776e-01 -2.4010e+00 +3.4589e+00 +1.8364e+00 +2.8619e-02 +3.6597e+00 +1.0175e+00 +2.9082e-01 -3.4681e-01 +2.9506e+00
40051 0 +1.198051126e+03 +7.283011264e+02 +7.283011264e+02 -1.0783e-01 -2.4009e+00 +3.4657e+00 +1.8368e+00 +2.8543e-02 +3.6583e+00 +1.0220e+00 +2.9154e-01 -3.4565e-01 +2.9546e+00
% f evaluations | g evaluations | best noise-free fitness - Fopt (-5.494000000000e+01) + sum g_i+ | measured fitness | best measured fitness or single-digit g-values | x1 | x2...
1 0 +1.657027304e+07 +1.657021810e+07 +1.657021810e+07 +1.5891e-01 -3.7615e+00 +4.0548e+00 -3.4885e+00 +4.8967e+00 -2.8226e+00 +3.2603e+00 +4.9692e+00 +3.0535e+00 -4.9434e+00
2 0 +2.685042584e+06 +2.684987644e+06 +2.684987644e+06 -1.3281e+00 +9.1415e-01 +4.7483e+00 +1.2750e-01 -3.3434e+00 +2.1410e+00 -2.7512e+00 +3.2333e+00 -1.3054e+00 +2.3980e+00
4 0 +2.047624474e+06 +2.047569534e+06 +2.047569534e+06 -4.2858e+00 +3.3168e+00 +4.2464e+00 -4.8217e+00 +4.7604e+00 +1.7869e+00 +9.6000e-01 +2.5117e+00 -3.3241e-01 -2.1683e+00
20 0 +1.169008196e+06 +1.168953256e+06 +1.168953256e+06 +1.2443e+00 +1.3303e+00 +4.6511e+00 -4.4710e-01 -9.5186e-01 +1.5832e+00 -4.6658e+00 -3.1486e+00 -4.2772e+00 +3.9533e+00
56 0 +9.100295490e+05 +9.099746090e+05 +9.099746090e+05 -3.2032e+00 +3.8457e+00 -2.2625e+00 +9.9725e-01 +4.9228e+00 -1.8055e+00 -5.0000e+00 +7.9265e-01 -5.3364e-01 -1.7640e+00
61 0 +8.328286347e+05 +8.327736947e+05 +8.327736947e+05 -4.5604e+00 +3.8069e+00 +5.0000e+00 -5.0000e+00 +1.1369e+00 +5.0000e+00 -4.1952e+00 +3.3956e+00 -8.3010e-01 +3.1123e+00
70 0 +4.006867836e+05 +4.006318436e+05 +4.006318436e+05 -4.2300e+00 +2.8380e+00 +5.0000e+00 +1.3219e+00 +1.9761e+00 +1.6321e+00 -1.5348e+00 +1.5938e+00 -1.3189e+00 -1.3494e+00
83 0 +3.578596542e+05 +3.578047142e+05 +3.578047142e+05 -4.6798e+00 +2.6584e+00 +4.4660e+00 -9.2683e-01 +2.6359e+00 +1.9238e+00 -2.5619e+00 -9.1489e-01 -3.1100e+00 +6.1523e-02
146 0 +1.468764962e+05 +1.468215562e+05 +1.468215562e+05 -5.0000e+00 +1.7296e+00 +3.7470e+00 -3.7112e+00 +2.8933e+00 +1.4554e-01 -4.6082e+00 -3.3284e+00 -2.9613e+00 +2.1650e+00
199 0 +1.367872947e+05 +1.367323547e+05 +1.367323547e+05 -5.0000e+00 +2.2759e+00 +5.0000e+00 -5.0000e+00 +3.0824e+00 +2.5761e+00 -3.3071e+00 -1.7035e+00 -8.0066e-01 -8.2205e-01
307 0 +9.639640152e+04 +9.634146152e+04 +9.634146152e+04 -5.0000e+00 +2.4636e+00 +1.3217e+00 -1.5279e-01 +3.4286e+00 +1.2861e+00 -3.5432e+00 +1.3987e+00 -1.9695e+00 +1.7501e+00
373 0 +3.898394069e+04 +3.892900069e+04 +3.892900069e+04 -5.0000e+00 +2.4680e+00 +9.0308e-01 -1.8031e+00 +5.0000e+00 +1.1182e+00 -2.8345e+00 -8.0470e-01 -5.0000e+00 +2.6026e+00
503 0 +3.713545005e+04 +3.708051005e+04 +3.708051005e+04 -5.0000e+00 +2.8608e+00 +2.4729e-01 -1.3488e+00 +5.0000e+00 +1.3248e+00 -3.2380e+00 +2.4602e-01 -3.7318e+00 +1.8092e+00
1739 0 +3.289133645e+04 +3.283639645e+04 +3.283639645e+04 -5.0000e+00 +6.0873e-01 -1.3911e+00 -5.0189e-01 +4.1328e+00 +2.5735e+00 -3.6431e+00 -6.9455e-01 -5.0000e+00 +3.2304e+00
2632 0 +2.906726329e+04 +2.901232329e+04 +2.901232329e+04 -5.0000e+00 +2.2222e+00 -3.9299e-01 -1.7995e+00 +4.4224e+00 +1.9608e+00 -3.8751e+00 -4.7173e-01 -5.0000e+00 +2.8993e+00
3827 0 +2.583679426e+04 +2.578185426e+04 +2.578185426e+04 -4.0266e+00 +1.7586e+00 -6.8032e-01 -4.6011e-02 +5.0000e+00 +1.4307e+00 -2.9138e+00 -8.0297e-01 -5.0000e+00 +2.6572e+00
3983 0 +2.114833151e+04 +2.109339151e+04 +2.109339151e+04 -5.0000e+00 +1.7135e+00 -7.7578e-01 -6.7754e-01 +4.6687e+00 +1.6196e+00 -3.6043e+00 -6.8400e-01 -4.3491e+00 +2.4869e+00
4085 0 +1.781650934e+04 +1.776156934e+04 +1.776156934e+04 -3.1503e+00 +1.8894e+00 +2.2470e-01 +2.2509e-01 +4.9780e+00 +3.5395e-01 -2.8747e+00 -9.1260e-01 -2.8395e+00 +3.1163e+00
7355 0 +1.650536853e+04 +1.645042853e+04 +1.645042853e+04 -3.0480e+00 +1.4552e+00 -1.0784e-01 +2.9251e-01 +4.5289e+00 +7.1333e-01 -3.1210e+00 -6.6440e-01 -2.9394e+00 +2.9015e+00
8437 0 +1.619551541e+04 +1.614057541e+04 +1.614057541e+04 -2.5189e+00 +1.7675e+00 +7.3367e-02 +4.6274e-01 +5.0000e+00 +3.4889e-01 -2.7809e+00 -4.6527e-01 -2.5135e+00 +3.1197e+00
8554 0 +1.204106673e+04 +1.198612673e+04 +1.198612673e+04 -2.1357e+00 +1.5881e+00 +6.9321e-02 +2.5086e-01 +4.5863e+00 +4.9941e-01 -3.5181e+00 -5.8272e-01 -1.0575e+00 +3.3728e+00
8569 0 +7.741289596e+03 +7.686349596e+03 +7.686349596e+03 -2.1291e+00 +1.6814e+00 -9.6670e-02 +3.5913e-01 +4.8807e+00 +4.8559e-01 -3.0186e+00 -4.7702e-01 -1.5119e+00 +3.1149e+00
11561 0 +7.062825916e+03 +7.007885916e+03 +7.007885916e+03 -1.8569e+00 +1.9596e+00 -4.5972e-02 +5.1230e-02 +5.0000e+00 +5.0023e-01 -3.1699e+00 -2.3124e-01 -7.4189e-01 +3.1380e+00
13743 0 +6.375135747e+03 +6.320195747e+03 +6.320195747e+03 -1.8423e+00 +1.6602e+00 -1.7848e-02 +4.1559e-01 +5.0000e+00 +4.7754e-01 -2.8755e+00 -3.3981e-01 -1.0009e+00 +3.0615e+00
18552 0 +5.890522813e+03 +5.835582813e+03 +5.835582813e+03 -1.4058e+00 +1.6056e+00 -2.7433e-04 +6.1932e-01 +5.0000e+00 +3.6184e-01 -2.7742e+00 -3.0748e-01 -8.6489e-01 +3.5300e+00
20930 0 +5.347504820e+03 +5.292564820e+03 +5.292564820e+03 -1.1832e+00 +1.4994e+00 +2.7023e-02 +6.6963e-01 +4.8444e+00 +3.8428e-01 -2.8291e+00 -2.7726e-01 -6.6486e-01 +3.5910e+00
22174 0 +4.461501953e+03 +4.406561953e+03 +4.406561953e+03 -8.6390e-01 +1.2663e+00 +1.8766e-02 +9.5900e-01 +4.9369e+00 +4.5103e-01 -2.6141e+00 -3.2771e-01 -5.8544e-01 +3.6068e+00
29865 0 +4.365056451e+03 +4.310116451e+03 +4.310116451e+03 -7.9983e-01 +1.2241e+00 +1.9649e-02 +8.3142e-01 +4.6675e+00 +4.1824e-01 -2.8604e+00 -3.0935e-01 -5.0423e-01 +3.9015e+00
32642 0 +4.239015325e+03 +4.184075325e+03 +4.184075325e+03 -8.6307e-01 +1.3012e+00 +1.8283e-02 +8.0543e-01 +4.8717e+00 +4.6651e-01 -2.7338e+00 -3.1282e-01 -5.1265e-01 +3.7113e+00
32899 0 +4.134206514e+03 +4.079266514e+03 +4.079266514e+03 -9.2231e-01 +1.2899e+00 +1.7829e-02 +9.3476e-01 +4.8389e+00 +3.9264e-01 -2.7216e+00 -3.1515e-01 -5.4456e-01 +3.6315e+00
34462 0 +4.057641969e+03 +4.002701969e+03 +4.002701969e+03 -8.6404e-01 +1.2306e+00 +1.7623e-02 +9.1413e-01 +4.7776e+00 +4.4197e-01 -2.7607e+00 -3.2058e-01 -5.1139e-01 +3.6695e+00
35116 0 +3.868963204e+03 +3.814023204e+03 +3.814023204e+03 -7.6140e-01 +1.2174e+00 +1.7016e-02 +9.6030e-01 +4.8622e+00 +4.4813e-01 -2.6235e+00 -2.8902e-01 -5.0118e-01 +3.6606e+00
35652 0 +3.800070220e+03 +3.745130220e+03 +3.745130220e+03 -7.6272e-01 +1.1793e+00 +1.7431e-02 +1.0029e+00 +4.8033e+00 +4.4176e-01 -2.6610e+00 -2.9706e-01 -4.9772e-01 +3.7675e+00
36048 0 +3.660306246e+03 +3.605366246e+03 +3.605366246e+03 -7.5402e-01 +1.1585e+00 +1.6505e-02 +1.0879e+00 +4.7640e+00 +4.3369e-01 -2.6603e+00 -2.9304e-01 -4.7314e-01 +3.6954e+00
36272 0 +3.588308955e+03 +3.533368955e+03 +3.533368955e+03 -7.4903e-01 +1.1043e+00 +1.6202e-02 +1.0821e+00 +4.7194e+00 +4.9845e-01 -2.6514e+00 -2.9844e-01 -4.9560e-01 +3.6012e+00
36442 0 +3.517758793e+03 +3.462818793e+03 +3.462818793e+03 -7.3934e-01 +1.0609e+00 +1.7335e-02 +1.1399e+00 +4.8134e+00 +4.7220e-01 -2.5596e+00 -3.1053e-01 -4.5500e-01 +3.5836e+00
36708 0 +3.370846738e+03 +3.315906738e+03 +3.315906738e+03 -6.9231e-01 +1.0527e+00 +1.6783e-02 +1.1570e+00 +4.7736e+00 +4.8493e-01 -2.5737e+00 -2.9491e-01 -4.5705e-01 +3.7094e+00
37269 0 +3.286549429e+03 +3.231609429e+03 +3.231609429e+03 -7.1469e-01 +1.0693e+00 +1.6838e-02 +1.2210e+00 +4.7704e+00 +4.9370e-01 -2.5977e+00 -3.2200e-01 -4.1754e-01 +3.5182e+00
37568 0 +3.137818684e+03 +3.082878684e+03 +3.082878684e+03 -6.6732e-01 +1.0538e+00 +1.5983e-02 +1.2668e+00 +4.8671e+00 +4.6834e-01 -2.4626e+00 -3.1254e-01 -4.0987e-01 +3.4992e+00
37782 0 +3.082396626e+03 +3.027456626e+03 +3.027456626e+03 -6.8535e-01 +1.0587e+00 +1.6234e-02 +1.2711e+00 +4.7493e+00 +4.7801e-01 -2.5713e+00 -2.9806e-01 -4.1309e-01 +3.4945e+00
38012 0 +3.013419387e+03 +2.958479387e+03 +2.958479387e+03 -6.9103e-01 +1.0235e+00 +1.6254e-02 +1.2768e+00 +4.7275e+00 +4.8711e-01 -2.5744e+00 -3.0788e-01 -4.0798e-01 +3.5423e+00
38446 0 +2.928326143e+03 +2.873386143e+03 +2.873386143e+03 -6.8259e-01 +9.8914e-01 +1.6200e-02 +1.3157e+00 +4.7740e+00 +5.1368e-01 -2.5070e+00 -3.0181e-01 -4.1330e-01 +3.4454e+00
38559 0 +2.875876937e+03 +2.820936937e+03 +2.820936937e+03 -6.7132e-01 +9.9641e-01 +1.6051e-02 +1.3149e+00 +4.7553e+00 +5.2842e-01 -2.5205e+00 -3.0326e-01 -4.1619e-01 +3.4630e+00
38671 0 +2.775752880e+03 +2.720812880e+03 +2.720812880e+03 -6.8803e-01 +9.4531e-01 +1.5860e-02 +1.3442e+00 +4.7269e+00 +5.3765e-01 -2.5096e+00 -3.0517e-01 -4.0395e-01 +3.4852e+00
38831 0 +2.750007101e+03 +2.695067101e+03 +2.695067101e+03 -6.8979e-01 +9.5168e-01 +1.5928e-02 +1.3453e+00 +4.6890e+00 +5.4124e-01 -2.5459e+00 -3.1078e-01 -4.0800e-01 +3.4542e+00
38983 0 +2.690433630e+03 +2.635493630e+03 +2.635493630e+03 -6.7644e-01 +9.3649e-01 +1.6065e-02 +1.3464e+00 +4.7052e+00 +5.5969e-01 -2.5198e+00 -3.0546e-01 -4.1011e-01 +3.4333e+00
39209 0 +2.624133782e+03 +2.569193782e+03 +2.569193782e+03 -6.7593e-01 +9.2128e-01 +1.5987e-02 +1.3871e+00 +4.6805e+00 +5.6304e-01 -2.5282e+00 -3.1080e-01 -3.9913e-01 +3.4409e+00
39529 0 +2.564195775e+03 +2.509255775e+03 +2.509255775e+03 -6.6548e-01 +9.0128e-01 +1.5855e-02 +1.4064e+00 +4.6967e+00 +5.6406e-01 -2.4969e+00 -3.1376e-01 -3.9803e-01 +3.4075e+00
40051 0 +2.522863433e+03 +2.467923433e+03 +2.467923433e+03 -6.6669e-01 +8.9229e-01 +1.5803e-02 +1.4296e+00 +4.6821e+00 +5.6802e-01 -2.4967e+00 -3.1322e-01 -3.9610e-01 +3.3971e+00
% f evaluations | g evaluations | best noise-free fitness - Fopt (5.913000000000e+01) + sum g_i+ | measured fitness | best measured fitness or single-digit g-values | x1 | x2...
1 0 +1.536844677e+07 +1.536850590e+07 +1.536850590e+07 -3.9205e+00 +3.9906e-01 +3.9904e+00 -3.1692e+00 +4.6099e+00 -6.6264e-01 -7.4897e-01 +1.2832e+00 +2.5675e+00 +4.6011e+00
3 0 +9.413947348e+06 +9.414006478e+06 +9.414006478e+06 -4.7762e-01 -2.4279e+00 -2.9277e+00 -2.8283e+00 -2.0858e+00 -3.8009e+00 +4.9172e+00 -3.5761e+00 +2.6828e+00 +4.2103e+00
15 0 +9.299624123e+06 +9.299683253e+06 +9.299683253e+06 -1.8635e-01 -3.0113e+00 +7.7695e-01 +2.3560e+00 -1.6648e+00 -3.7332e+00 -4.6881e+00 +3.4244e+00 +1.6313e+00 +6.7062e-01
17 0 +5.547238961e+06 +5.547298091e+06 +5.547298091e+06 +3.3917e+00 +7.0035e-01 -4.8320e+00 +8.0106e-01 +1.2325e+00 +2.4619e+00 +1.6674e+00 -1.4125e+00 +1.6266e-01 -1.1679e+00
20 0 +3.482992327e+06 +3.483051457e+06 +3.483051457e+06 +4.1394e+00 -1.3602e+00 -1.5090e+00 +3.7282e+00 -3.6123e-01 +4.3750e+00 +1.3887e+00 -1.2002e-01 -2.0110e+00 +1.5396e-01
29 0 +7.691419322e+05 +7.692010622e+05 +7.692010622e+05 +4.9676e+00 -2.8132e+00 -4.2211e+00 +4.1616e+00 +2.6131e+00 +9.4037e-02 -7.1289e-01 +1.8659e-01 -5.0569e-01 +4.4235e+00
58 0 +6.749512207e+05 +6.750103507e+05 +6.750103507e+05 +2.2783e+00 +5.8333e-01 +1.3062e+00 +6.8943e-01 -3.1103e+00 +6.8004e-01 +2.9400e+00 -4.6550e-01 -7.9434e-01 +2.6173e+00
69 0 +5.552039691e+05 +5.552630991e+05 +5.552630991e+05 +4.0052e+00 +1.4764e+00 -2.3677e+00 -1.3016e+00 -3.0408e+00 +1.7031e+00 +2.8099e+00 -4.1267e+00 -1.5889e+00 +3.2699e+00
77 0 +4.848542492e+05 +4.849133792e+05 +4.849133792e+05 -2.2496e-01 -2.8062e-01 -1.5529e+00 +1.4651e+00 +1.5385e+00 -2.1609e+00 +5.0000e+00 -1.2187e+00 -1.6579e+00 +2.8572e+00
103 0 +3.096055040e+05 +3.096646340e+05 +3.096646340e+05 -7.4281e-02 +6.5432e-01 +3.0445e+00 +7.6311e-01 +9.0847e-01 -2.5303e+00 +5.0000e+00 -2.3534e+00 -3.4062e+00 +4.5886e+00
153 0 +1.629498775e+05 +1.630090075e+05 +1.630090075e+05 +7.9899e-01 +8.3693e-01 -8.4061e-01 +1.8529e-01 +1.9412e+00 -3.3506e-01 +3.0794e+00 -2.1472e+00 -2.9217e+00 +5.0000e+00
158 0 +4.609761535e+04 +4.615674535e+04 +4.615674535e+04 -8.3405e-03 +3.3765e-01 -2.4030e-01 +4.1596e-01 +6.2733e-01 -1.2554e+00 +3.2844e+00 -2.0702e+00 -4.3487e+00 +5.0000e+00
322 0 +4.221100668e+04 +4.227013668e+04 +4.227013668e+04 -3.9470e-01 +4.2692e-01 -2.4393e-01 +2.8556e-01 +1.0346e+00 -2.3082e+00 +3.0679e+00 -2.0391e+00 -4.0656e+00 +5.0000e+00
535 0 +4.125777932e+04 +4.131690932e+04 +4.131690932e+04 +1.0211e-01 +3.8190e-01 -1.5087e-01 +3.7630e-02 +1.5492e+00 -1.9279e+00 +3.7934e+00 -2.0366e+00 -5.0000e+00 +4.1429e+00
595 0 +3.223829132e+04 +3.229742132e+04 +3.229742132e+04 -3.2126e-02 +1.1065e-01 -1.0612e-01 +7.6190e-02 +1.3462e+00 -2.3738e+00 +3.3712e+00 -1.9113e+00 -4.5887e+00 +4.9039e+00
658 0 +3.076200060e+04 +3.082113060e+04 +3.082113060e+04 -3.8391e-02 +2.5497e-01 -2.0051e-01 +2.1347e-01 -1.1183e-01 -2.4791e+00 +2.7549e+00 -1.3960e+00 -5.0000e+00 +4.0074e+00
968 0 +2.049049669e+04 +2.054962669e+04 +2.054962669e+04 -1.1405e-01 +2.5809e-01 -2.2490e-01 +7.2289e-02 +5.5716e-01 -2.2291e+00 +2.2546e+00 -1.4973e+00 -3.2703e+00 +5.0000e+00
986 0 +1.868898698e+04 +1.874811698e+04 +1.874811698e+04 -3.3105e-02 +2.9114e-01 -2.1542e+00 +3.6460e-01 +2.3889e-01 -1.2566e+00 +1.7381e+00 -7.5668e-01 -4.3087e+00 +3.5326e+00
2515 0 +1.551511464e+04 +1.557424464e+04 +1.557424464e+04 +1.2618e-01 -6.1138e-02 -7.9833e-01 +3.2242e-01 +6.8655e-01 -1.4201e+00 +1.3338e+00 -5.5935e-01 -2.5707e+00 +5.0000e+00
3167 0 +1.481237461e+04 +1.487150461e+04 +1.487150461e+04 -4.5119e-02 +2.1285e-01 -1.3648e+00 +4.2826e-01 +4.9122e-01 -9.9985e-01 +1.8283e+00 -8.2013e-01 -3.5566e+00 +4.3740e+00
4924 0 +1.317934683e+04 +1.323847683e+04 +1.323847683e+04 -8.8090e-02 +3.1548e-01 -1.3093e+00 +1.1654e-01 +4.8537e-01 -1.0957e+00 +1.4104e+00 -4.2856e-01 -3.3891e+00 +4.3040e+00
6028 0 +1.278698878e+04 +1.284611878e+04 +1.284611878e+04 -3.6674e-02 +3.5433e-01 -7.4819e-01 +5.2585e-02 +4.4361e-01 -9.3099e-01 +1.1896e+00 -4.5980e-01 -3.0676e+00 +4.9380e+00
7658 0 +1.186728083e+04 +1.192641083e+04 +1.192641083e+04 -7.4103e-02 +4.7906e-01 -1.1670e+00 +1.2119e-01 +3.4315e-01 -5.4462e-01 +1.1301e+00 -3.7223e-01 -3.3493e+00 +4.6532e+00
10223 0 +1.121039394e+04 +1.126952394e+04 +1.126952394e+04 -1.2913e-01 +4.3784e-01 -1.0712e+00 +6.7924e-02 +4.7110e-01 -5.4393e-01 +9.4581e-01 -2.6890e-01 -2.6904e+00 +5.0000e+00
10825 0 +1.070400366e+04 +1.076313366e+04 +1.076313366e+04 -1.2356e-01 +5.7050e-01 -7.4697e-01 +1.3961e-02 +5.9621e-03 -8.2525e-01 +1.2338e+00 -3.7583e-01 -3.1657e+00 +4.5889e+00
11642 0 +1.007553836e+04 +1.013466836e+04 +1.013466836e+04 -1.7353e-01 +6.1665e-01 -1.1866e+00 +8.1855e-02 -3.0182e-01 -7.6473e-01 +1.0165e+00 -2.1801e-01 -3.1991e+00 +4.2662e+00
14265 0 +9.906127425e+03 +9.965257425e+03 +9.965257425e+03 -1.9806e-01 +5.1713e-01 -9.1209e-01 +3.5864e-02 -2.0423e-01 -6.9450e-01 +7.4163e-01 +1.1377e-01 -3.0554e+00 +4.4278e+00
14473 0 +9.444814968e+03 +9.503944968e+03 +9.503944968e+03 -2.5964e-01 +5.7947e-01 -1.0703e+00 +3.2895e-02 +2.6062e-01 -7.0223e-01 +9.9439e-01 -9.2839e-03 -3.6948e+00 +4.2526e+00
19781 0 +9.106020241e+03 +9.165150241e+03 +9.165150241e+03 -1.8384e-01 +6.0396e-01 -1.1794e+00 +3.1987e-02 +6.3475e-02 -7.3863e-01 +1.0810e+00 -8.9302e-03 -3.6959e+00 +4.0596e+00
21628 0 +8.906260277e+03 +8.965390277e+03 +8.965390277e+03 -1.5003e-01 +6.9877e-01 -1.2142e+00 +1.5765e-02 -5.3904e-02 -5.5909e-01 +1.1932e+00 +4.2649e-02 -4.2981e+00 +3.7315e+00
23600 0 +8.469536710e+03 +8.528666710e+03 +8.528666710e+03 -2.1194e-01 +7.8419e-01 -1.2723e+00 +1.4934e-02 -5.5687e-02 -5.8033e-01 +1.2514e+00 +7.1821e-02 -4.7495e+00 +3.4835e+00
24647 0 +7.996990800e+03 +8.056120800e+03 +8.056120800e+03 -1.5468e-01 +7.6457e-01 -1.5843e+00 +1.5076e-02 -4.9753e-02 -4.3096e-01 +1.2047e+00 +1.4058e-01 -4.9174e+00 +3.2870e+00
26012 0 +7.738546146e+03 +7.797676146e+03 +7.797676146e+03 -2.6376e-01 +8.4501e-01 -1.6264e+00 +2.4057e-02 -8.2112e-02 -4.7816e-01 +1.2109e+00 +1.3655e-01 -4.8792e+00 +3.2237e+00
29728 0 +7.572955489e+03 +7.632085489e+03 +7.632085489e+03 -2.5253e-01 +8.2771e-01 -1.6154e+00 +2.4805e-02 -9.2019e-02 -4.3898e-01 +1.1115e+00 +1.9481e-01 -5.0000e+00 +3.2300e+00
32814 0 +7.400531206e+03 +7.459661206e+03 +7.459661206e+03 -2.8438e-01 +8.6698e-01 -1.6844e+00 +2.3698e-02 -7.8431e-02 -3.8813e-01 +1.1587e+00 +1.8364e-01 -5.0000e+00 +3.1982e+00
36708 0 +7.226327109e+03 +7.285457109e+03 +7.285457109e+03 -2.5067e-01 +8.3837e-01 -1.6754e+00 +2.2966e-02 -8.6800e-02 -3.5715e-01 +1.1172e+00 +2.2558e-01 -4.8260e+00 +3.2555e+00
39568 0 +7.079362863e+03 +7.138492863e+03 +7.138492863e+03 -2.5287e-01 +8.2856e-01 -1.7239e+00 +2.3552e-02 -8.5392e-02 -3.3788e-01 +1.0458e+00 +2.6739e-01 -4.7564e+00 +3.2806e+00
40051 0 +7.058934392e+03 +7.118064392e+03 +7.118064392e+03 -2.5446e-01 +8.2845e-01 -1.7178e+00 +2.3523e-02 -8.5622e-02 -3.3664e-01 +1.0376e+00 +2.7033e-01 -4.7687e+00 +3.2793e+00
% f evaluations | g evaluations | best noise-free fitness - Fopt (-4.915300000000e+02) + sum g_i+ | measured fitness | best measured fitness or single-digit g-values | x1 | x2...
1 0 +3.214724685e+07 +3.214675532e+07 +3.214675532e+07 -4.2471e+00 -1.7474e+00 -3.1434e+00 +3.5665e+00 -1.4350e+00 +1.3372e+00 +6.4429e-01 +4.4742e+00 +3.1853e+00 +6.6827e-01
2 0 +1.567307610e+06 +1.566816080e+06 +1.566816080e+06 +2.5515e+00 -4.3129e+00 +3.1374e-01 -3.9200e+00 -9.9192e-01 -1.4749e+00 +4.0788e-01 +4.2736e+00 -2.4585e-01 +1.0234e+00
52 0 +1.188421268e+06 +1.187929738e+06 +1.187929738e+06 +1.9903e+00 -1.2383e+00 +1.1481e+00 -3.1238e+00 +4.0958e-01 -3.0804e+00 +7.8485e-01 -2.2005e+00 -2.3529e-01 -1.2909e+00
69 0 +1.043094094e+06 +1.042602564e+06 +1.042602564e+06 +3.6485e+00 -5.0000e+00 +1.0796e+00 +2.5989e+00 -1.7755e+00 -5.0000e+00 -2.7161e-02 -7.8913e-01 -1.6884e-01 -1.4314e+00
72 0 +7.313165565e+05 +7.308250265e+05 +7.308250265e+05 -2.4865e+00 -2.2677e+00 -9.8338e-01 -4.5166e+00 +1.3068e+00 -2.4468e+00 -9.7877e-01 +3.6280e+00 -1.4092e+00 +5.0000e+00
81 0 +4.427579675e+05 +4.422664375e+05 +4.422664375e+05 +2.4118e+00 -5.0000e+00 +3.4216e+00 +3.6525e+00 +1.7482e+00 -4.2338e+00 +2.2544e-01 -1.0865e+00 +2.1196e+00 -1.2737e+00
86 0 +7.421793498e+04 +7.372640498e+04 +7.372640498e+04 +2.8509e-01 -2.8711e+00 +3.4581e+00 -1.1586e+00 +1.8644e+00 -4.9317e+00 +1.1664e+00 +2.9431e-01 +2.8337e+00 +1.8294e+00
336 0 +3.882208616e+04 +3.833055616e+04 +3.833055616e+04 -4.2963e-01 -2.6759e+00 +1.5960e+00 -7.4701e-01 +2.2245e+00 -5.0000e+00 +8.9750e-01 +2.8833e-01 +1.2769e+00 +1.7031e+00
415 0 +3.584094823e+04 +3.534941823e+04 +3.534941823e+04 -2.6101e-01 -2.8807e+00 +1.8837e+00 +3.0522e-01 +1.3144e+00 -5.0000e+00 +7.8066e-01 -2.0332e-01 -1.5418e+00 +2.0233e+00
440 0 +3.357472127e+04 +3.308319127e+04 +3.308319127e+04 -3.6543e-03 -3.0338e+00 +1.0466e+00 -7.4974e-02 +1.3117e+00 -4.6841e+00 +8.1193e-01 -1.5882e-01 -6.9254e-01 +6.5170e-01
696 0 +3.039718142e+04 +2.990565142e+04 +2.990565142e+04 -2.2199e-01 -1.9822e+00 +1.7261e+00 -6.0894e-01 +3.0027e+00 -5.0000e+00 +7.2191e-01 +1.0290e-01 -4.8318e-01 +3.4775e+00
770 0 +2.087126973e+04 +2.037973973e+04 +2.037973973e+04 +1.3828e-01 -2.4966e+00 +9.2243e-01 -2.5643e-01 +2.1530e+00 -4.9450e+00 +1.0291e+00 -1.2783e-01 +8.3330e-03 +5.6951e-01
829 0 +1.890091450e+04 +1.840938450e+04 +1.840938450e+04 +9.2346e-02 -2.3639e+00 +9.6626e-01 -3.5460e-01 +3.4752e+00 -5.0000e+00 +1.0912e+00 -1.3359e-01 -3.3798e-01 +1.6387e+00
1421 0 +1.670860173e+04 +1.621707173e+04 +1.621707173e+04 +1.4516e-01 -2.7634e+00 +1.5052e+00 -2.1682e-01 +1.6986e+00 -4.6650e+00 +9.0580e-01 -1.8772e-01 -8.3813e-01 +1.2025e+00
1679 0 +1.509530115e+04 +1.460377115e+04 +1.460377115e+04 +1.6393e-01 -2.3272e+00 +1.5049e+00 -6.2650e-01 +2.7345e+00 -4.8907e+00 +1.2342e+00 -2.1503e-01 -2.2741e-01 +1.5333e+00
2692 0 +1.418930108e+04 +1.369777108e+04 +1.369777108e+04 +9.6342e-02 -2.5333e+00 +1.4952e+00 -9.6941e-01 +2.3547e+00 -4.4964e+00 +1.3241e+00 -1.9789e-01 -2.1212e-01 +9.0067e-01
3321 0 +1.287038157e+04 +1.237885157e+04 +1.237885157e+04 +1.0001e-01 -2.6519e+00 +1.4862e+00 -9.0823e-01 +2.8947e+00 -5.0000e+00 +1.5104e+00 -3.3183e-01 +6.0313e-02 +1.0737e+00
8341 0 +1.096683973e+04 +1.047530973e+04 +1.047530973e+04 +9.3246e-01 -2.8045e+00 +7.5844e-01 -6.9679e-01 +3.8806e+00 -4.2013e+00 +6.3969e-01 -6.4005e-01 -2.0048e-01 +1.4868e+00
10591 0 +1.075115860e+04 +1.025962860e+04 +1.025962860e+04 +7.2242e-01 -2.9728e+00 +8.7702e-01 -6.3453e-01 +3.5098e+00 -4.1278e+00 +5.3123e-01 -7.5854e-01 -1.9787e-01 +1.3458e+00
14191 0 +1.013802874e+04 +9.646498742e+03 +9.646498742e+03 +2.6843e-01 -2.4840e+00 +1.0294e+00 -9.1770e-01 +2.9507e+00 -4.4249e+00 +5.6048e-01 -1.6836e-01 -2.0960e-01 +2.0353e+00
15384 0 +9.787075795e+03 +9.295545795e+03 +9.295545795e+03 +5.0969e-01 -2.4264e+00 +9.7311e-01 -8.8452e-01 +3.2066e+00 -4.2815e+00 +6.7677e-01 -3.6815e-01 -2.5420e-01 +1.6724e+00
18598 0 +9.536620111e+03 +9.045090111e+03 +9.045090111e+03 +4.8279e-01 -2.4960e+00 +9.6760e-01 -6.3646e-01 +2.6153e+00 -4.2591e+00 +3.7583e-01 -1.1120e-01 -1.3145e-01 +1.7085e+00
20710 0 +8.330340644e+03 +7.838810644e+03 +7.838810644e+03 +5.2224e-01 -2.2898e+00 +7.2833e-01 -8.2231e-01 +2.6996e+00 -4.2016e+00 +4.9941e-01 -9.8390e-02 -2.2110e-01 +1.3663e+00
21793 0 +8.181523684e+03 +7.689993684e+03 +7.689993684e+03 +3.7990e-01 -2.6810e+00 +5.8515e-01 -8.2504e-01 +3.0552e+00 -4.2210e+00 +5.3948e-01 -2.7224e-01 -1.5590e-01 +1.2772e+00
22870 0 +7.920541599e+03 +7.429011599e+03 +7.429011599e+03 +3.5012e-01 -2.4759e+00 +6.1931e-01 -8.0596e-01 +3.2269e+00 -4.2292e+00 +3.7722e-01 -1.6524e-01 -1.7904e-01 +1.7610e+00
23750 0 +7.738150721e+03 +7.246620721e+03 +7.246620721e+03 +3.3375e-01 -2.4007e+00 +5.2917e-01 -8.5224e-01 +3.4268e+00 -4.2769e+00 +5.2315e-01 -2.1512e-01 -1.9000e-01 +1.5896e+00
25984 0 +7.415311742e+03 +6.923781742e+03 +6.923781742e+03 +3.2285e-01 -2.3530e+00 +5.6467e-01 -9.0928e-01 +3.2000e+00 -4.2783e+00 +4.8130e-01 -1.6232e-01 -1.9862e-01 +1.6568e+00
27821 0 +7.380478978e+03 +6.888948978e+03 +6.888948978e+03 +4.0644e-01 -2.2826e+00 +4.5275e-01 -9.9065e-01 +3.3991e+00 -4.2768e+00 +5.0032e-01 -1.5558e-01 -1.6270e-01 +1.6527e+00
29297 0 +7.052921353e+03 +6.561391353e+03 +6.561391353e+03 +3.4575e-01 -2.3123e+00 +4.5491e-01 -1.0273e+00 +3.1353e+00 -4.1339e+00 +5.5931e-01 -1.5785e-01 -1.9691e-01 +1.3313e+00
33838 0 +6.876086711e+03 +6.384556711e+03 +6.384556711e+03 +3.2233e-01 -2.3054e+00 +3.9227e-01 -1.0238e+00 +3.2043e+00 -4.2201e+00 +5.7192e-01 -1.5759e-01 -2.1891e-01 +1.3093e+00
34401 0 +6.748634205e+03 +6.257104205e+03 +6.257104205e+03 +2.9321e-01 -2.3626e+00 +4.1613e-01 -1.0685e+00 +3.0693e+00 -4.1031e+00 +5.1823e-01 -1.6728e-01 -2.2290e-01 +1.2923e+00
35762 0 +6.568069748e+03 +6.076539748e+03 +6.076539748e+03 +2.6898e-01 -2.3950e+00 +4.0265e-01 -9.7828e-01 +2.9483e+00 -4.1172e+00 +4.7723e-01 -1.5931e-01 -1.9940e-01 +1.2048e+00
38547 0 +6.433623435e+03 +5.942093435e+03 +5.942093435e+03 +2.6073e-01 -2.4342e+00 +3.5242e-01 -1.0079e+00 +3.0077e+00 -4.1038e+00 +4.7757e-01 -1.6032e-01 -1.9065e-01 +1.1931e+00
40051 0 +6.328010283e+03 +5.836480283e+03 +5.836480283e+03 +2.5026e-01 -2.4298e+00 +3.3385e-01 -9.7381e-01 +2.9581e+00 -4.1087e+00 +4.8049e-01 -1.5780e-01 -1.9374e-01 +1.1092e+00
% f evaluations | g evaluations | best noise-free fitness - Fopt (-1.702000000000e+02) + sum g_i+ | measured fitness | best measured fitness or single-digit g-values | x1 | x2...
1 0 +7.449137628e+06 +7.448967428e+06 +7.448967428e+06 -4.4211e+00 -1.3054e+00 +1.8788e+00 +1.5056e+00 +3.5181e+00 +4.9037e+00 +1.6707e+00 +2.0048e+00 -2.4198e+00 -3.8968e+00
2 0 +1.197813681e+06 +1.197643481e+06 +1.197643481e+06 -3.3255e+00 +4.9754e+00 +1.5971e+00 +3.6159e+00 +1.8391e+00 +3.5784e+00 +1.5858e+00 +3.7008e+00 +4.9047e+00 -2.2941e+00
70 0 +5.454244369e+05 +5.452542369e+05 +5.452542369e+05 +1.5271e+00 +6.7970e-02 +3.1829e-01 -3.3312e+00 +4.0155e+00 +2.0163e+00 +4.7709e+00 +1.8055e+00 +2.5418e+00 +2.8401e+00
94 0 +4.246375794e+05 +4.244673794e+05 +4.244673794e+05 -9.2578e-01 +1.8151e+00 +2.5896e+00 +1.3861e+00 +5.0000e+00 +2.8478e+00 -5.8381e-02 +1.6413e+00 +6.9775e-01 -1.5521e-01
155 0 +3.765012149e+05 +3.763310149e+05 +3.763310149e+05 +3.2141e-01 +1.5604e+00 +1.8601e+00 -9.9183e-01 +3.7775e+00 +2.6401e+00 +4.4497e+00 +2.4564e-01 +4.2059e+00 +1.1859e+00
205 0 +2.972605350e+05 +2.970903350e+05 +2.970903350e+05 -2.8499e-02 +4.5570e-01 +2.9293e+00 -1.5312e+00 +5.0000e+00 +2.1239e+00 +2.9329e+00 -6.6443e-01 +2.1203e+00 +1.8447e+00
244 0 +2.000761775e+05 +1.999059775e+05 +1.999059775e+05 -4.7590e-01 +3.2612e-01 +1.1795e+00 -2.4798e-02 +5.0000e+00 +2.2538e+00 +5.0000e+00 +1.1068e-01 -2.7126e-01 +8.3334e-01
248 0 +1.822315717e+05 +1.820613717e+05 +1.820613717e+05 -5.2995e-01 +1.0842e+00 -2.0479e-01 +1.2168e+00 +5.0000e+00 +9.9589e-01 +4.9008e+00 -8.4065e-01 +6.7073e-01 +1.4517e+00
308 0 +1.641922987e+05 +1.640220987e+05 +1.640220987e+05 +1.7894e-01 +8.7293e-01 -4.8310e-01 +1.7499e-01 +5.0000e+00 +3.5242e-01 +5.0000e+00 +1.3500e+00 -6.8041e-01 +6.5809e-01
375 0 +1.151526664e+05 +1.149824664e+05 +1.149824664e+05 -4.2934e-02 +4.4632e-01 -1.2730e+00 +8.5871e-01 +5.0000e+00 +2.3038e+00 +1.5509e+00 +1.2927e+00 -4.7785e-02 +8.5178e-01
437 0 +5.552466669e+04 +5.535446669e+04 +5.535446669e+04 -5.0480e-02 +1.6553e-01 -5.6669e-01 +1.8437e+00 +5.0000e+00 +1.2460e+00 +3.7479e+00 +5.7492e-02 +1.0761e-01 +9.2002e-01
449 0 +4.843041867e+04 +4.826021867e+04 +4.826021867e+04 -4.2056e-01 +9.3724e-01 -1.0658e+00 +1.5904e+00 +5.0000e+00 +9.3066e-01 +4.3729e+00 +1.9098e-01 +1.4296e-01 +1.1376e+00
639 0 +4.357699330e+04 +4.340679330e+04 +4.340679330e+04 -1.1582e-01 +9.6185e-01 -2.1607e+00 +2.7110e+00 +5.0000e+00 +5.4353e-01 +5.0000e+00 -3.4487e-02 -6.3132e-01 +3.5132e-01
677 0 +4.186977968e+04 +4.169957968e+04 +4.169957968e+04 -2.8479e-01 +4.2973e-01 -1.2138e+00 +1.6803e+00 +5.0000e+00 +1.2000e+00 +4.1273e+00 +1.3955e-01 +2.1025e-01 +1.2393e+00
839 0 +3.764550683e+04 +3.747530683e+04 +3.747530683e+04 -2.6489e-01 +6.3866e-01 -7.8802e-01 +2.7251e+00 +5.0000e+00 +9.5430e-01 +4.1517e+00 +1.3912e-01 -2.9708e-01 +1.4620e-01
853 0 +3.510733279e+04 +3.493713279e+04 +3.493713279e+04 +1.7544e-01 +5.6360e-01 -5.6013e-01 +3.4569e+00 +3.7942e+00 +5.8939e-01 +3.8417e+00 +3.5745e-01 -1.2487e-01 +6.0379e-01
878 0 +3.170112828e+04 +3.153092828e+04 +3.153092828e+04 -2.5524e-01 +5.0830e-02 -1.5502e+00 +1.9299e+00 +4.6349e+00 +1.1627e+00 +5.0000e+00 +3.8530e-01 -5.8601e-02 +1.2161e+00
1115 0 +3.060544878e+04 +3.043524878e+04 +3.043524878e+04 -2.6881e-01 +5.6977e-01 -4.3426e-01 +3.7198e+00 +4.0120e+00 +9.6746e-01 +4.9653e+00 +2.1916e-01 -1.6167e-01 +2.1859e-01
1369 0 +1.812333378e+04 +1.795313378e+04 +1.795313378e+04 +1.7142e-01 +7.2079e-01 -8.3326e-01 +2.9681e+00 +4.0499e+00 +1.0733e+00 +5.0000e+00 +6.4000e-01 -4.8336e-01 +4.3138e-02
1905 0 +1.606543440e+04 +1.589523440e+04 +1.589523440e+04 +1.9445e-01 +7.6048e-01 -1.9343e+00 +3.6599e+00 +3.8104e+00 +7.1983e-01 +5.0000e+00 +9.7648e-01 -1.0827e+00 +2.6480e-01
2581 0 +1.310084703e+04 +1.293064703e+04 +1.293064703e+04 +3.1161e-02 +7.9716e-01 -2.1768e+00 +3.4896e+00 +3.8670e+00 +7.7324e-01 +5.0000e+00 +9.3850e-01 -8.1943e-01 +2.8173e-01
2673 0 +1.186192948e+04 +1.169172948e+04 +1.169172948e+04 +2.7031e-01 +9.7564e-01 -1.9033e+00 +3.1499e+00 +3.5264e+00 +1.0387e+00 +5.0000e+00 +1.4282e+00 -9.3263e-01 +1.2735e-01
2674 0 +1.125445355e+04 +1.108425355e+04 +1.108425355e+04 -2.9163e-02 +6.7544e-01 -2.8889e+00 +4.1456e+00 +3.1951e+00 +9.8212e-01 +4.3394e+00 +2.0325e+00 -1.2787e+00 +2.8251e-01
3460 0 +1.119736493e+04 +1.102716493e+04 +1.102716493e+04 -8.8043e-02 +7.3026e-01 -2.0797e+00 +2.7517e+00 +3.7038e+00 +8.7873e-01 +5.0000e+00 +1.6887e+00 -1.3755e+00 +4.1984e-01
3623 0 +1.036954442e+04 +1.019934442e+04 +1.019934442e+04 +1.6675e-01 +8.2956e-01 -2.2274e+00 +3.5673e+00 +3.4194e+00 +5.7620e-01 +5.0000e+00 +1.5239e+00 -1.2660e+00 +3.3422e-01
4318 0 +6.683691844e+03 +6.513491844e+03 +6.513491844e+03 +1.2772e-01 +8.3778e-01 -3.1952e+00 +3.7862e+00 +3.5415e+00 +5.9226e-01 +5.0000e+00 +1.9668e+00 -1.9622e+00 +1.6875e-01
6349 0 +6.283443438e+03 +6.113243438e+03 +6.113243438e+03 +1.2779e-01 +1.0152e+00 -5.0000e+00 +3.5101e+00 +3.8294e+00 +6.6838e-01 +5.0000e+00 +2.8737e+00 -2.8363e+00 -1.2141e-01
7860 0 +5.509368836e+03 +5.339168836e+03 +5.339168836e+03 +1.1511e-01 +7.7746e-01 -4.8764e+00 +3.4660e+00 +3.5483e+00 +5.8548e-01 +4.6131e+00 +2.9387e+00 -2.7797e+00 +4.1890e-01
8964 0 +4.985875504e+03 +4.815675504e+03 +4.815675504e+03 +1.4300e-01 +8.6208e-01 -4.4416e+00 +3.1521e+00 +4.1514e+00 +8.1396e-01 +4.9959e+00 +2.0893e+00 -2.4166e+00 +8.0187e-02
10273 0 +3.161658826e+03 +2.991458826e+03 +2.991458826e+03 +1.7170e-01 +4.7863e-01 -3.6733e+00 +3.2251e+00 +4.1427e+00 +5.5750e-01 +3.4324e+00 +2.4597e+00 -3.4459e+00 +1.1973e-01
13673 0 +1.812544040e+03 +1.642344040e+03 +1.642344040e+03 +1.7953e-01 +4.9904e-01 -3.8917e+00 +3.5117e+00 +4.1893e+00 +6.1459e-01 +2.8667e+00 +2.3901e+00 -3.4945e+00 +8.8318e-02
28856 0 +1.595226021e+03 +1.425026021e+03 +1.425026021e+03 +1.7304e-01 +4.5242e-01 -4.2594e+00 +3.4963e+00 +4.4296e+00 +7.0097e-01 +2.8848e+00 +2.2391e+00 -3.4287e+00 +9.6776e-02
30570 0 +1.482337537e+03 +1.312137537e+03 +1.312137537e+03 +1.8749e-01 +4.4678e-01 -4.1387e+00 +3.8403e+00 +3.9471e+00 +6.9554e-01 +2.4975e+00 +2.6379e+00 -3.6701e+00 +1.2712e-01
30998 0 +1.147921219e+03 +9.777212192e+02 +9.777212192e+02 +1.5978e-01 +4.9515e-01 -4.0727e+00 +3.6820e+00 +4.1780e+00 +7.6107e-01 +2.4984e+00 +2.4473e+00 -3.5400e+00 +1.0546e-01
36540 0 +1.065637908e+03 +8.954379084e+02 +8.954379084e+02 +1.7408e-01 +4.9420e-01 -3.9376e+00 +3.5889e+00 +4.2137e+00 +7.7817e-01 +2.5938e+00 +2.3563e+00 -3.3837e+00 +1.0585e-01
36869 0 +1.030032157e+03 +8.598321569e+02 +8.598321569e+02 +1.7468e-01 +5.0351e-01 -3.9214e+00 +3.6615e+00 +4.1604e+00 +7.9601e-01 +2.5421e+00 +2.3565e+00 -3.3588e+00 +1.0671e-01
38630 0 +1.018760273e+03 +8.485602731e+02 +8.485602731e+02 +1.7762e-01 +4.9673e-01 -3.9535e+00 +3.5971e+00 +4.1732e+00 +7.9076e-01 +2.5720e+00 +2.4017e+00 -3.4129e+00 +1.0657e-01
40051 0 +1.009165808e+03 +8.389658079e+02 +8.389658079e+02 +1.7533e-01 +4.9283e-01 -3.9025e+00 +3.6407e+00 +4.1307e+00 +7.9148e-01 +2.5699e+00 +2.3987e+00 -3.3882e+00 +1.0601e-01
% f evaluations | g evaluations | best noise-free fitness - Fopt (-4.697500000000e+02) + sum g_i+ | measured fitness | best measured fitness or single-digit g-values | x1 | x2...
1 0 +2.539689710e+06 +2.539219960e+06 +2.539219960e+06 +3.7026e+00 +1.0635e+00 +2.1932e-01 -4.0838e+00 +5.9572e-01 +4.2052e+00 -1.8972e+00 -3.3482e+00 -3.1777e+00 -4.8880e+00
8 0 +1.792231002e+06 +1.791761252e+06 +1.791761252e+06 +2.8060e+00 +2.5551e+00 -4.1819e+00 +5.6184e-01 +3.7264e+00 -1.1913e+00 -2.4933e+00 +4.6313e+00 +2.4630e-01 -2.4273e+00
9 0 +1.509153870e+06 +1.508684120e+06 +1.508684120e+06 +5.6522e-01 +1.6344e+00 -1.1229e-01 +4.8714e+00 +4.7650e+00 +9.8043e-01 -2.0153e+00 -3.8541e+00 +1.0644e+00 +3.4730e+00
26 0 +5.640689482e+05 +5.635991982e+05 +5.635991982e+05 +4.0549e+00 -3.7271e+00 -3.9883e+00 +2.6444e+00 +4.4824e-02 +4.1986e-02 -3.5578e+00 +1.0491e+00 +3.7963e+00 +3.7758e+00
47 0 +4.943643713e+05 +4.938946213e+05 +4.938946213e+05 +3.4527e+00 +6.9952e-01 -1.3236e+00 -2.7398e+00 +1.2073e+00 +3.2409e+00 -4.9828e+00 +4.5289e+00 -1.7087e+00 +3.1684e+00
52 0 +4.820067446e+05 +4.815369946e+05 +4.815369946e+05 +3.1212e+00 -4.9153e+00 -5.1453e-01 +6.5100e-01 -9.6903e-01 +1.4147e+00 -1.9438e+00 +3.4434e+00 -2.2234e-01 +3.8809e-01
53 0 +3.355051408e+05 +3.350353908e+05 +3.350353908e+05 +3.9368e+00 -4.2860e+00 -1.4106e+00 -4.1904e+00 -2.3309e-01 -2.4121e+00 -3.2809e+00 +5.0000e+00 +4.3966e+00 +9.4124e-01
68 0 +2.460535311e+05 +2.455837811e+05 +2.455837811e+05 +1.8975e+00 -4.1136e+00 -1.4607e+00 -2.3093e+00 +2.1863e+00 +6.0332e-01 -4.9287e+00 +4.2096e+00 +5.0000e+00 +3.4923e+00
157 0 +1.366391871e+05 +1.361694371e+05 +1.361694371e+05 +2.1039e-01 -5.0000e+00 -1.0416e+00 -2.1488e+00 +2.0048e+00 +5.5690e-01 -5.0000e+00 +2.2262e+00 +2.3958e+00 +2.7741e+00
198 0 +7.880015953e+04 +7.833040953e+04 +7.833040953e+04 +6.0831e-01 -3.2439e+00 -3.1496e+00 +1.0774e+00 +9.2558e-01 -1.3673e-01 -5.0000e+00 +3.4838e+00 +4.7351e-01 +1.9716e+00
369 0 +6.252490236e+04 +6.205515236e+04 +6.205515236e+04 +1.1904e+00 -5.0000e+00 -3.8220e-01 -1.3802e+00 +4.0392e-01 +7.7448e-02 -4.5782e+00 +4.2148e+00 +1.2591e+00 +2.3106e+00
488 0 +3.010364753e+04 +2.963389753e+04 +2.963389753e+04 +1.0624e+00 -3.3249e+00 -9.5969e-01 -1.4607e+00 +1.3902e+00 -8.5150e-02 -5.0000e+00 +5.0000e+00 +1.1006e+00 +2.7863e+00
639 0 +1.760574331e+04 +1.713599331e+04 +1.713599331e+04 +7.1088e-01 -3.6169e+00 -5.9376e-01 -7.2794e-01 +1.2193e+00 +6.2170e-01 -4.5429e+00 +5.0000e+00 +2.1151e-01 +2.4100e+00
1354 0 +1.711737763e+04 +1.664762763e+04 +1.664762763e+04 +8.0879e-01 -3.5604e+00 -2.8473e-01 -1.2670e+00 +1.4603e+00 +7.4497e-01 -5.0000e+00 +4.1781e+00 +4.0275e-01 +2.8611e+00
5484 0 +1.006134572e+04 +9.591595723e+03 +9.591595723e+03 +1.4593e+00 -3.6747e+00 -3.8670e-01 -1.6583e+00 +4.3108e-01 +7.7067e-01 -4.6075e+00 +3.3271e+00 +2.4641e-01 +2.3149e+00
18533 0 +8.846799776e+03 +8.377049776e+03 +8.377049776e+03 +1.5306e+00 -3.4524e+00 -2.3404e-01 -1.2176e+00 +5.3799e-01 +1.1126e+00 -4.1747e+00 +3.5200e+00 +1.5143e-01 +2.2819e+00
20329 0 +7.705565953e+03 +7.235815953e+03 +7.235815953e+03 +1.5100e+00 -3.4900e+00 -1.5750e-01 -7.5848e-01 +5.2999e-01 +7.6668e-01 -3.2851e+00 +5.0000e+00 +9.6715e-02 +1.5526e+00
20670 0 +7.494234050e+03 +7.024484050e+03 +7.024484050e+03 +1.5049e+00 -3.0800e+00 -2.0690e-01 -4.5576e-01 +4.2602e-01 +1.0859e+00 -3.3946e+00 +4.2974e+00 +1.0029e-01 +2.1380e+00
21779 0 +6.728305710e+03 +6.258555710e+03 +6.258555710e+03 +1.4093e+00 -3.3509e+00 -1.9982e-01 -6.0769e-01 +5.2117e-01 +7.0236e-01 -3.6066e+00 +4.7505e+00 +1.7566e-01 +2.0388e+00
23361 0 +6.560107941e+03 +6.090357941e+03 +6.090357941e+03 +1.3442e+00 -3.0474e+00 -2.5894e-01 +2.6584e-01 +4.5045e-01 +1.0021e+00 -2.5865e+00 +4.5618e+00 +2.2283e-01 +1.6726e+00
23444 0 +5.591412853e+03 +5.121662853e+03 +5.121662853e+03 +1.2405e+00 -3.2462e+00 -2.5555e-01 -6.7416e-02 +5.3493e-01 +5.3710e-01 -3.1831e+00 +5.0000e+00 +1.7623e-01 +1.8932e+00
25100 0 +5.318507376e+03 +4.848757376e+03 +4.848757376e+03 +1.2358e+00 -3.1496e+00 -2.5095e-01 +4.1487e-01 +4.5585e-01 +7.9279e-01 -2.7740e+00 +4.3172e+00 +1.9801e-01 +1.9435e+00
27512 0 +5.087658440e+03 +4.617908440e+03 +4.617908440e+03 +1.1429e+00 -3.3196e+00 -2.4500e-01 +2.6698e-01 +5.4247e-01 +6.8647e-01 -2.9373e+00 +4.6457e+00 +1.9010e-01 +1.8544e+00
28467 0 +4.912454619e+03 +4.442704619e+03 +4.442704619e+03 +1.3548e+00 -3.3048e+00 -2.9406e-01 +2.0619e-01 +4.1529e-01 +7.7971e-01 -2.7326e+00 +4.9134e+00 +1.8707e-01 +1.6238e+00
29101 0 +4.743011633e+03 +4.273261633e+03 +4.273261633e+03 +1.2705e+00 -3.3273e+00 -2.1727e-01 +2.4688e-01 +4.6217e-01 +7.5749e-01 -2.6768e+00 +5.0000e+00 +1.7943e-01 +1.6663e+00
29233 0 +4.640988144e+03 +4.171238144e+03 +4.171238144e+03 +1.2115e+00 -3.2851e+00 -2.8391e-01 +2.0971e-01 +5.0576e-01 +7.9843e-01 -2.7899e+00 +4.7788e+00 +1.8757e-01 +1.7096e+00
36435 0 +4.557821305e+03 +4.088071305e+03 +4.088071305e+03 +1.2895e+00 -3.2588e+00 -2.9113e-01 +2.0795e-01 +5.0611e-01 +7.9096e-01 -2.7455e+00 +5.0000e+00 +1.8855e-01 +1.6643e+00
37561 0 +4.463377676e+03 +3.993627676e+03 +3.993627676e+03 +1.3036e+00 -3.2702e+00 -2.6116e-01 +2.1920e-01 +4.9838e-01 +8.3292e-01 -2.6465e+00 +5.0000e+00 +1.9208e-01 +1.5904e+00
40051 0 +4.383690114e+03 +3.913940114e+03 +3.913940114e+03 +1.2945e+00 -3.2438e+00 -2.4265e-01 +2.2850e-01 +5.0381e-01 +8.5804e-01 -2.6125e+00 +5.0000e+00 +1.9515e-01 +1.5999e+00
