% f evaluations | g evaluations | best noise-free fitness - Fopt (-5.235000000000e+01) + sum g_i+ | measured fitness | best measured fitness or single-digit g-values | x1 | x2...
1 0 +5.413820170e+00 -4.693617983e+01 -4.693617983e+01 +2.9654e+00 -3.1657e+00 +2.7969e+00
17 0 +5.393372151e+00 -4.695662785e+01 -4.695662785e+01 +6.7700e-01 -4.6869e+00 +3.4228e+00
18 0 +3.502533119e+00 -4.884746688e+01 -4.884746688e+01 -5.0246e-01 -1.0485e+00 +4.2666e+00
44 0 +2.839122927e+00 -4.951087707e+01 -4.951087707e+01 +3.4089e-01 -1.5170e-01 +1.9244e+00
69 0 +2.730384975e+00 -4.961961502e+01 -4.961961502e+01 +8.0687e-01 -1.2772e+00 +4.4013e+00
73 0 +2.627140075e+00 -4.972285992e+01 -4.972285992e+01 -3.2118e+00 -1.3353e+00 +2.4417e+00
81 0 +1.535742588e+00 -5.081425741e+01 -5.081425741e+01 -3.0055e-01 -2.2044e+00 +3.8349e+00
171 0 +1.411439662e+00 -5.093856034e+01 -5.093856034e+01 -3.0055e-01 -2.2044e+00 +3.6145e+00
219 0 +1.279238542e+00 -5.107076146e+01 -5.107076146e+01 -8.3490e-01 -2.4965e+00 +1.9984e+00
231 0 +8.612527878e-01 -5.148874721e+01 -5.148874721e+01 -5.2217e-01 -1.0720e+00 +1.5194e+00
252 0 +4.869310638e-01 -5.186306894e+01 -5.186306894e+01 -2.5878e-01 -1.3353e+00 +2.4417e+00
340 0 +6.441152809e-02 -5.228558847e+01 -5.228558847e+01 -7.8664e-01 -1.3353e+00 +2.4417e+00
1116 0 +5.010173632e-02 -5.229989826e+01 -5.229989826e+01 -1.0689e+00 -1.2875e+00 +2.8408e+00
1425 0 +4.248122120e-02 -5.230751878e+01 -5.230751878e+01 -9.3236e-01 -1.1594e+00 +2.8155e+00
1490 0 +2.058728637e-02 -5.232941271e+01 -5.232941271e+01 -7.8664e-01 -1.2342e+00 +2.4417e+00
1566 0 +1.316293705e-02 -5.233683706e+01 -5.233683706e+01 -7.8664e-01 -1.2113e+00 +2.4417e+00
1935 0 +8.519707967e-03 -5.234148029e+01 -5.234148029e+01 -7.9543e-01 -1.2113e+00 +2.4417e+00
2394 0 +7.662870904e-03 -5.234233713e+01 -5.234233713e+01 -8.8431e-01 -1.3660e+00 +2.4427e+00
2584 0 +5.897926083e-04 -5.234941021e+01 -5.234941021e+01 -8.7865e-01 -1.2749e+00 +2.5212e+00
4610 0 +2.791059089e-04 -5.234972089e+01 -5.234972089e+01 -8.6954e-01 -1.2550e+00 +2.5245e+00
4936 0 +9.047072161e-05 -5.234990953e+01 -5.234990953e+01 -8.6954e-01 -1.2550e+00 +2.5250e+00
6480 0 +2.507914173e-05 -5.234997492e+01 -5.234997492e+01 -8.6954e-01 -1.2552e+00 +2.5250e+00
8271 0 +6.963360143e-06 -5.234999304e+01 -5.234999304e+01 -8.6722e-01 -1.2509e+00 +2.5251e+00
8297 0 +5.591162612e-06 -5.234999441e+01 -5.234999441e+01 -8.6702e-01 -1.2512e+00 +2.5245e+00
8824 0 +1.782964127e-06 -5.234999822e+01 -5.234999822e+01 -8.7201e-01 -1.2455e+00 +2.5393e+00
9154 0 +1.518998353e-06 -5.234999848e+01 -5.234999848e+01 -8.6922e-01 -1.2488e+00 +2.5309e+00
9290 0 +6.452919976e-07 -5.234999935e+01 -5.234999935e+01 -8.7201e-01 -1.2455e+00 +2.5393e+00
9308 0 +5.236438056e-07 -5.234999948e+01 -5.234999948e+01 -8.7202e-01 -1.2455e+00 +2.5393e+00
9444 0 +7.355427556e-08 -5.234999993e+01 -5.234999993e+01 -8.7130e-01 -1.2460e+00 +2.5375e+00
9797 0 +3.658688996e-08 -5.234999996e+01 -5.234999996e+01 -8.7129e-01 -1.2461e+00 +2.5374e+00
9940 0 +3.239925661e-08 -5.234999997e+01 -5.234999997e+01 -8.7141e-01 -1.2460e+00 +2.5377e+00
9968 0 +3.203189181e-08 -5.234999997e+01 -5.234999997e+01 -8.7134e-01 -1.2461e+00 +2.5375e+00
10133 0 +3.146455185e-08 -5.234999997e+01 -5.234999997e+01 -8.7138e-01 -1.2460e+00 +2.5377e+00
10185 0 +3.069546750e-08 -5.234999997e+01 -5.234999997e+01 -8.7138e-01 -1.2460e+00 +2.5376e+00
10265 0 +2.988323189e-08 -5.234999997e+01 -5.234999997e+01 -8.7136e-01 -1.2460e+00 +2.5376e+00
10311 0 +2.894186224e-08 -5.234999997e+01 -5.234999997e+01 -8.7136e-01 -1.2460e+00 +2.5376e+00
10337 0 +2.857584036e-08 -5.234999997e+01 -5.234999997e+01 -8.7135e-01 -1.2460e+00 +2.5376e+00
10369 0 +2.780218011e-08 -5.234999997e+01 -5.234999997e+01 -8.7132e-01 -1.2460e+00 +2.5375e+00
10372 0 +2.729350967e-08 -5.234999997e+01 -5.234999997e+01 -8.7130e-01 -1.2460e+00 +2.5375e+00
10410 0 +2.604888039e-08 -5.234999997e+01 -5.234999997e+01 -8.7132e-01 -1.2460e+00 +2.5375e+00
10462 0 +2.543679045e-08 -5.234999997e+01 -5.234999997e+01 -8.7131e-01 -1.2460e+00 +2.5375e+00
10502 0 +2.511212216e-08 -5.234999997e+01 -5.234999997e+01 -8.7131e-01 -1.2460e+00 +2.5375e+00
10541 0 +2.442313018e-08 -5.234999998e+01 -5.234999998e+01 -8.7130e-01 -1.2460e+00 +2.5375e+00
10599 0 +2.353501571e-08 -5.234999998e+01 -5.234999998e+01 -8.7130e-01 -1.2460e+00 +2.5375e+00
10618 0 +2.305013425e-08 -5.234999998e+01 -5.234999998e+01 -8.7131e-01 -1.2460e+00 +2.5375e+00
10621 0 +2.289315404e-08 -5.234999998e+01 -5.234999998e+01 -8.7130e-01 -1.2460e+00 +2.5376e+00
10642 0 +2.191601567e-08 -5.234999998e+01 -5.234999998e+01 -8.7130e-01 -1.2459e+00 +2.5376e+00
10676 0 +2.080876982e-08 -5.234999998e+01 -5.234999998e+01 -8.7131e-01 -1.2459e+00 +2.5376e+00
10677 0 +2.040448521e-08 -5.234999998e+01 -5.234999998e+01 -8.7131e-01 -1.2459e+00 +2.5376e+00
10691 0 +1.921269188e-08 -5.234999998e+01 -5.234999998e+01 -8.7131e-01 -1.2459e+00 +2.5377e+00
10698 0 +1.682816730e-08 -5.234999998e+01 -5.234999998e+01 -8.7133e-01 -1.2458e+00 +2.5378e+00
10704 0 +1.497897983e-08 -5.234999999e+01 -5.234999999e+01 -8.7134e-01 -1.2457e+00 +2.5378e+00
10846 0 +1.477260980e-08 -5.234999999e+01 -5.234999999e+01 -8.7134e-01 -1.2457e+00 +2.5379e+00
10895 0 +1.445167896e-08 -5.234999999e+01 -5.234999999e+01 -8.7134e-01 -1.2457e+00 +2.5379e+00
10905 0 +1.407126859e-08 -5.234999999e+01 -5.234999999e+01 -8.7136e-01 -1.2457e+00 +2.5379e+00
10948 0 +1.373209813e-08 -5.234999999e+01 -5.234999999e+01 -8.7139e-01 -1.2456e+00 +2.5380e+00
10984 0 +1.346207057e-08 -5.234999999e+01 -5.234999999e+01 -8.7139e-01 -1.2457e+00 +2.5380e+00
11180 0 +1.318134935e-08 -5.234999999e+01 -5.234999999e+01 -8.7141e-01 -1.2457e+00 +2.5380e+00
11454 0 +1.177878772e-08 -5.234999999e+01 -5.234999999e+01 -8.7142e-01 -1.2457e+00 +2.5380e+00
11465 0 +1.159128260e-08 -5.234999999e+01 -5.234999999e+01 -8.7142e-01 -1.2457e+00 +2.5380e+00
11467 0 +1.147140694e-08 -5.234999999e+01 -5.234999999e+01 -8.7143e-01 -1.2457e+00 +2.5380e+00
11525 0 +1.118899462e-08 -5.234999999e+01 -5.234999999e+01 -8.7144e-01 -1.2457e+00 +2.5380e+00
11535 0 +1.096377389e-08 -5.234999999e+01 -5.234999999e+01 -8.7144e-01 -1.2457e+00 +2.5381e+00
11572 0 +1.038206676e-08 -5.234999999e+01 -5.234999999e+01 -8.7146e-01 -1.2457e+00 +2.5381e+00
11578 0 +1.018978679e-08 -5.234999999e+01 -5.234999999e+01 -8.7146e-01 -1.2457e+00 +2.5381e+00
11591 0 +9.919027377e-09 -5.234999999e+01 -5.234999999e+01 -8.7147e-01 -1.2457e+00 +2.5381e+00
12002 0 +9.533188461e-09 -5.234999999e+01 -5.234999999e+01 -8.7150e-01 -1.2457e+00 +2.5382e+00
% f evaluations | g evaluations | best noise-free fitness - Fopt (-1.795400000000e+02) + sum g_i+ | measured fitness | best measured fitness or single-digit g-values | x1 | x2...
1 0 +4.817255604e+01 -1.313674440e+02 -1.313674440e+02 +2.9654e+00 -3.1657e+00 +2.7969e+00
2 0 +1.093418995e+00 -1.784465810e+02 -1.784465810e+02 +9.6850e-01 -5.4167e-01 -4.0003e+00
36 0 +2.228320386e-01 -1.793171680e+02 -1.793171680e+02 +1.0442e+00 +3.9841e-01 -2.9694e+00
303 0 +8.055003198e-02 -1.794594500e+02 -1.794594500e+02 +1.0442e+00 +3.9841e-01 -3.3202e+00
704 0 +2.542860681e-02 -1.795145714e+02 -1.795145714e+02 +5.3272e-01 +5.4005e-01 -3.5713e+00
1698 0 +9.762183088e-03 -1.795302378e+02 -1.795302378e+02 +7.7736e-01 +5.2893e-01 -3.5129e+00
1772 0 +8.382703367e-03 -1.795316173e+02 -1.795316173e+02 +7.6429e-01 +5.2893e-01 -3.5129e+00
1918 0 +3.935814027e-03 -1.795360642e+02 -1.795360642e+02 +7.1387e-01 +5.2893e-01 -3.5129e+00
1989 0 +3.705669383e-03 -1.795362943e+02 -1.795362943e+02 +7.1387e-01 +5.2829e-01 -3.5129e+00
2598 0 +2.907889482e-03 -1.795370921e+02 -1.795370921e+02 +7.1387e-01 +5.2829e-01 -3.4962e+00
2649 0 +5.727338625e-04 -1.795394273e+02 -1.795394273e+02 +7.2026e-01 +5.2077e-01 -3.4340e+00
3861 0 +1.312290282e-04 -1.795398688e+02 -1.795398688e+02 +7.9255e-01 +5.1433e-01 -3.4549e+00
4516 0 +1.143299822e-04 -1.795398857e+02 -1.795398857e+02 +7.9255e-01 +5.1433e-01 -3.4552e+00
4727 0 +6.095890157e-05 -1.795399390e+02 -1.795399390e+02 +7.9195e-01 +5.1433e-01 -3.4552e+00
6155 0 +5.253659663e-05 -1.795399475e+02 -1.795399475e+02 +7.9195e-01 +5.1431e-01 -3.4552e+00
6424 0 +3.670698010e-05 -1.795399633e+02 -1.795399633e+02 +7.7994e-01 +5.1517e-01 -3.4476e+00
7154 0 +2.941973207e-06 -1.795399971e+02 -1.795399971e+02 +7.7994e-01 +5.1517e-01 -3.4481e+00
7990 0 +2.842498532e-06 -1.795399972e+02 -1.795399972e+02 +7.7994e-01 +5.1517e-01 -3.4481e+00
8388 0 +1.324495997e-06 -1.795399987e+02 -1.795399987e+02 +7.9800e-01 +5.1309e-01 -3.4480e+00
8427 0 +6.639062349e-07 -1.795399993e+02 -1.795399993e+02 +7.9896e-01 +5.1299e-01 -3.4480e+00
8430 0 +3.724682358e-07 -1.795399996e+02 -1.795399996e+02 +7.8791e-01 +5.1424e-01 -3.4479e+00
8782 0 +3.583427315e-07 -1.795399996e+02 -1.795399996e+02 +7.8759e-01 +5.1428e-01 -3.4479e+00
8899 0 +1.449714091e-07 -1.795399999e+02 -1.795399999e+02 +7.9270e-01 +5.1373e-01 -3.4483e+00
8969 0 +1.388475539e-07 -1.795399999e+02 -1.795399999e+02 +7.8961e-01 +5.1408e-01 -3.4483e+00
9089 0 +1.300530243e-07 -1.795399999e+02 -1.795399999e+02 +7.8956e-01 +5.1409e-01 -3.4484e+00
9277 0 +3.492237965e-08 -1.795400000e+02 -1.795400000e+02 +7.9090e-01 +5.1391e-01 -3.4481e+00
9385 0 +2.548398470e-08 -1.795400000e+02 -1.795400000e+02 +7.9073e-01 +5.1394e-01 -3.4481e+00
9524 0 +2.510935815e-08 -1.795400000e+02 -1.795400000e+02 +7.9085e-01 +5.1392e-01 -3.4481e+00
9585 0 +2.236996011e-08 -1.795400000e+02 -1.795400000e+02 +7.9084e-01 +5.1393e-01 -3.4482e+00
9613 0 +1.055141752e-08 -1.795400000e+02 -1.795400000e+02 +7.9162e-01 +5.1384e-01 -3.4482e+00
9698 0 +4.230741979e-09 -1.795400000e+02 -1.795400000e+02 +7.9227e-01 +5.1376e-01 -3.4481e+00
10669 0 +3.410605132e-13 -1.795400000e+02 -1.795400000e+02 +7.9360e-01 +5.1360e-01 -3.4480e+00
11053 0 +0.000000000e+00 -1.795400000e+02 -1.795400000e+02 +7.9360e-01 +5.1360e-01 -3.4480e+00
12002 0 +0.000000000e+00 -1.795400000e+02 -1.795400000e+02 +7.9360e-01 +5.1360e-01 -3.4480e+00
% f evaluations | g evaluations | best noise-free fitness - Fopt (7.731000000000e+01) + sum g_i+ | measured fitness | best measured fitness or single-digit g-values | x1 | x2...
1 0 +8.691080759e+00 +8.600108076e+01 +8.600108076e+01 +2.9654e+00 -3.1657e+00 +2.7969e+00
2 0 +2.610716508e+00 +7.992071651e+01 +7.992071651e+01 +9.6850e-01 -5.4167e-01 -4.0003e+00
16 0 +2.546698394e+00 +7.985669839e+01 +7.985669839e+01 +2.5536e+00 -7.4844e-01 -2.9206e+00
36 0 +1.166766371e+00 +7.847676637e+01 +7.847676637e+01 +1.0442e+00 +3.9841e-01 -2.9694e+00
92 0 +6.171846604e-02 +7.737171847e+01 +7.737171847e+01 +9.6850e-01 -5.4167e-01 -2.2077e+00
532 0 +1.433617442e-02 +7.732433617e+01 +7.732433617e+01 +9.6850e-01 -6.0830e-01 -2.2077e+00
1879 0 +1.096652030e-02 +7.732096652e+01 +7.732096652e+01 +9.6850e-01 -6.0830e-01 -2.1684e+00
2055 0 +7.373004702e-03 +7.731737300e+01 +7.731737300e+01 +7.6682e-01 -6.5138e-01 -2.0925e+00
2366 0 +5.813012628e-03 +7.731581301e+01 +7.731581301e+01 +9.6850e-01 -5.9982e-01 -2.1684e+00
2662 0 +4.242013131e-03 +7.731424201e+01 +7.731424201e+01 +8.1663e-01 -6.2995e-01 -2.0930e+00
3019 0 +1.424435158e-03 +7.731142444e+01 +7.731142444e+01 +8.7964e-01 -6.4293e-01 -2.1711e+00
4324 0 +1.371337910e-03 +7.731137134e+01 +7.731137134e+01 +8.7964e-01 -6.4293e-01 -2.1692e+00
4674 0 +1.251076830e-03 +7.731125108e+01 +7.731125108e+01 +8.7712e-01 -6.4293e-01 -2.1692e+00
4716 0 +1.105086694e-03 +7.731110509e+01 +7.731110509e+01 +8.7712e-01 -6.4293e-01 -2.1680e+00
5023 0 +8.555061543e-04 +7.731085551e+01 +7.731085551e+01 +8.8363e-01 -6.3152e-01 -2.1536e+00
5491 0 +6.308312999e-04 +7.731063083e+01 +7.731063083e+01 +8.8363e-01 -6.3152e-01 -2.1543e+00
6228 0 +3.447647075e-04 +7.731034476e+01 +7.731034476e+01 +8.4820e-01 -6.4504e-01 -2.1468e+00
6794 0 +3.303819363e-04 +7.731033038e+01 +7.731033038e+01 +8.4775e-01 -6.4963e-01 -2.1544e+00
7203 0 +2.437614024e-04 +7.731024376e+01 +7.731024376e+01 +9.3773e-01 -5.7207e-01 -2.1037e+00
7279 0 +1.766887977e-04 +7.731017669e+01 +7.731017669e+01 +8.5932e-01 -6.3933e-01 -2.1476e+00
7656 0 +1.613391987e-04 +7.731016134e+01 +7.731016134e+01 +9.0544e-01 -5.9457e-01 -2.1134e+00
7725 0 +1.016775797e-04 +7.731010168e+01 +7.731010168e+01 +8.6382e-01 -6.3328e-01 -2.1411e+00
7995 0 +7.085650275e-05 +7.731007086e+01 +7.731007086e+01 +9.2375e-01 -5.9023e-01 -2.1215e+00
8087 0 +1.360292940e-05 +7.731001360e+01 +7.731001360e+01 +8.8431e-01 -6.1860e-01 -2.1345e+00
8294 0 +1.260949561e-05 +7.731001261e+01 +7.731001261e+01 +8.8427e-01 -6.1854e-01 -2.1344e+00
8792 0 +8.939578592e-06 +7.731000894e+01 +7.731000894e+01 +8.9306e-01 -6.1069e-01 -2.1290e+00
8853 0 +6.305213390e-06 +7.731000631e+01 +7.731000631e+01 +8.9208e-01 -6.1125e-01 -2.1291e+00
8916 0 +2.934383389e-06 +7.731000293e+01 +7.731000293e+01 +8.8943e-01 -6.1345e-01 -2.1304e+00
9015 0 +1.700621183e-06 +7.731000170e+01 +7.731000170e+01 +8.9882e-01 -6.0557e-01 -2.1255e+00
9216 0 +1.342767078e-06 +7.731000134e+01 +7.731000134e+01 +8.9097e-01 -6.1185e-01 -2.1291e+00
9233 0 +1.111864762e-06 +7.731000111e+01 +7.731000111e+01 +8.9936e-01 -6.0506e-01 -2.1251e+00
9242 0 +4.763759875e-07 +7.731000048e+01 +7.731000048e+01 +8.9828e-01 -6.0602e-01 -2.1258e+00
9274 0 +2.748682135e-07 +7.731000027e+01 +7.731000027e+01 +8.9715e-01 -6.0626e-01 -2.1252e+00
9314 0 +1.861777434e-07 +7.731000019e+01 +7.731000019e+01 +8.9905e-01 -6.0503e-01 -2.1248e+00
9373 0 +1.314679992e-07 +7.731000013e+01 +7.731000013e+01 +8.9713e-01 -6.0631e-01 -2.1253e+00
9675 0 +1.137601089e-07 +7.731000011e+01 +7.731000011e+01 +8.9552e-01 -6.0797e-01 -2.1266e+00
9740 0 +1.076914913e-07 +7.731000011e+01 +7.731000011e+01 +8.9685e-01 -6.0675e-01 -2.1257e+00
9759 0 +9.963254399e-08 +7.731000010e+01 +7.731000010e+01 +8.9303e-01 -6.0973e-01 -2.1274e+00
9762 0 +1.624384538e-08 +7.731000002e+01 +7.731000002e+01 +8.9669e-01 -6.0678e-01 -2.1257e+00
9812 0 +1.054445420e-08 +7.731000001e+01 +7.731000001e+01 +8.9547e-01 -6.0783e-01 -2.1264e+00
9923 0 +4.462279435e-09 +7.731000000e+01 +7.731000000e+01 +8.9629e-01 -6.0715e-01 -2.1259e+00
12002 0 +1.108446668e-12 +7.731000000e+01 +7.731000000e+01 +8.9514e-01 -6.0805e-01 -2.1264e+00
% f evaluations | g evaluations | best noise-free fitness - Fopt (3.992000000000e+01) + sum g_i+ | measured fitness | best measured fitness or single-digit g-values | x1 | x2...
1 0 +6.502100004e+00 +4.642210000e+01 +4.642210000e+01 +2.9654e+00 -3.1657e+00 +2.7969e+00
10 0 +2.650585178e+00 +4.257058518e+01 +4.257058518e+01 +4.8323e+00 -3.3237e-01 +3.5994e+00
100 0 +2.381046242e+00 +4.230104624e+01 +4.230104624e+01 +4.8323e+00 -3.3237e-01 +1.2940e+00
109 0 +2.041816748e+00 +4.196181675e+01 +4.196181675e+01 +2.2727e+00 -1.7346e+00 +1.8606e+00
127 0 +9.034963303e-01 +4.082349633e+01 +4.082349633e+01 +4.4285e+00 -1.0379e-01 +1.9478e+00
392 0 +6.630090666e-01 +4.058300907e+01 +4.058300907e+01 +4.4285e+00 -3.7773e-01 +1.9478e+00
479 0 +6.544105056e-01 +4.057441051e+01 +4.057441051e+01 +4.4285e+00 -3.7773e-01 +2.7075e+00
565 0 +4.571515152e-01 +4.037715152e+01 +4.037715152e+01 +4.4285e+00 -8.6764e-01 +2.7075e+00
631 0 +1.401193452e-01 +4.006011935e+01 +4.006011935e+01 +4.1140e+00 -7.4844e-01 +2.6531e+00
716 0 +1.161733978e-01 +4.003617340e+01 +4.003617340e+01 +4.1140e+00 -7.4844e-01 +2.5905e+00
965 0 +6.829903536e-02 +3.998829904e+01 +3.998829904e+01 +4.1140e+00 -7.4844e-01 +2.4503e+00
1519 0 +6.275026818e-02 +3.998275027e+01 +3.998275027e+01 +4.1140e+00 -7.4844e-01 +2.4288e+00
1586 0 +3.370640643e-02 +3.995370641e+01 +3.995370641e+01 +4.0137e+00 -1.1287e+00 +2.1967e+00
1809 0 +3.267563444e-02 +3.995267563e+01 +3.995267563e+01 +4.0137e+00 -1.0859e+00 +2.1967e+00
2004 0 +2.798405325e-02 +3.994798405e+01 +3.994798405e+01 +3.8936e+00 -1.2358e+00 +2.4385e+00
2024 0 +2.543509174e-02 +3.994543509e+01 +3.994543509e+01 +4.0125e+00 -1.0350e+00 +2.3220e+00
2074 0 +8.796524782e-03 +3.992879652e+01 +3.992879652e+01 +3.8936e+00 -1.2358e+00 +2.3798e+00
2213 0 +6.020064970e-03 +3.992602006e+01 +3.992602006e+01 +3.8936e+00 -1.2358e+00 +2.3639e+00
3181 0 +4.309974567e-03 +3.992430997e+01 +3.992430997e+01 +3.9028e+00 -1.2189e+00 +2.3580e+00
3206 0 +4.189929350e-03 +3.992418993e+01 +3.992418993e+01 +3.9281e+00 -1.0668e+00 +2.4480e+00
3408 0 +4.155488483e-03 +3.992415549e+01 +3.992415549e+01 +3.9028e+00 -1.2189e+00 +2.3527e+00
3665 0 +2.574034411e-03 +3.992257403e+01 +3.992257403e+01 +3.9228e+00 -1.1193e+00 +2.4114e+00
3690 0 +2.515911837e-03 +3.992251591e+01 +3.992251591e+01 +3.9724e+00 -1.0429e+00 +2.3491e+00
3881 0 +2.095572574e-03 +3.992209557e+01 +3.992209557e+01 +3.9631e+00 -1.0798e+00 +2.3414e+00
4077 0 +1.800980209e-03 +3.992180098e+01 +3.992180098e+01 +3.9631e+00 -1.0798e+00 +2.3379e+00
4931 0 +1.120700624e-03 +3.992112070e+01 +3.992112070e+01 +3.9594e+00 -1.0738e+00 +2.3522e+00
5099 0 +4.447246568e-04 +3.992044472e+01 +3.992044472e+01 +3.9495e+00 -1.0729e+00 +2.3830e+00
5721 0 +2.820693920e-04 +3.992028207e+01 +3.992028207e+01 +3.9495e+00 -1.0729e+00 +2.3854e+00
6251 0 +8.026184648e-05 +3.992008026e+01 +3.992008026e+01 +3.9495e+00 -1.0718e+00 +2.3854e+00
6723 0 +4.185840518e-05 +3.992004186e+01 +3.992004186e+01 +3.9439e+00 -1.0997e+00 +2.3701e+00
8207 0 +2.721066402e-05 +3.992002721e+01 +3.992002721e+01 +3.9451e+00 -1.0956e+00 +2.3714e+00
8224 0 +2.349537103e-05 +3.992002350e+01 +3.992002350e+01 +3.9460e+00 -1.0904e+00 +2.3749e+00
8478 0 +6.768060373e-06 +3.992000677e+01 +3.992000677e+01 +3.9519e+00 -1.0626e+00 +2.3894e+00
8707 0 +5.651883114e-06 +3.992000565e+01 +3.992000565e+01 +3.9497e+00 -1.0742e+00 +2.3824e+00
9041 0 +5.362856818e-06 +3.992000536e+01 +3.992000536e+01 +3.9471e+00 -1.0839e+00 +2.3788e+00
9055 0 +2.378513152e-06 +3.992000238e+01 +3.992000238e+01 +3.9521e+00 -1.0641e+00 +2.3869e+00
9206 0 +1.601788277e-06 +3.992000160e+01 +3.992000160e+01 +3.9521e+00 -1.0635e+00 +2.3875e+00
9531 0 +9.699824517e-07 +3.992000097e+01 +3.992000097e+01 +3.9516e+00 -1.0633e+00 +2.3893e+00
9683 0 +4.891761876e-07 +3.992000049e+01 +3.992000049e+01 +3.9517e+00 -1.0635e+00 +2.3886e+00
9733 0 +3.060373430e-07 +3.992000031e+01 +3.992000031e+01 +3.9517e+00 -1.0640e+00 +2.3881e+00
9754 0 +2.900344143e-07 +3.992000029e+01 +3.992000029e+01 +3.9516e+00 -1.0647e+00 +2.3877e+00
9936 0 +2.563084252e-07 +3.992000026e+01 +3.992000026e+01 +3.9508e+00 -1.0681e+00 +2.3862e+00
9940 0 +2.035480549e-07 +3.992000020e+01 +3.992000020e+01 +3.9509e+00 -1.0670e+00 +2.3872e+00
9961 0 +1.407338317e-07 +3.992000014e+01 +3.992000014e+01 +3.9509e+00 -1.0673e+00 +2.3870e+00
9996 0 +7.666739066e-08 +3.992000008e+01 +3.992000008e+01 +3.9509e+00 -1.0670e+00 +2.3870e+00
10112 0 +6.952335241e-08 +3.992000007e+01 +3.992000007e+01 +3.9509e+00 -1.0676e+00 +2.3865e+00
10159 0 +4.278778931e-08 +3.992000004e+01 +3.992000004e+01 +3.9508e+00 -1.0682e+00 +2.3861e+00
10188 0 +2.287514178e-08 +3.992000002e+01 +3.992000002e+01 +3.9508e+00 -1.0676e+00 +2.3867e+00
10241 0 +2.081610262e-08 +3.992000002e+01 +3.992000002e+01 +3.9508e+00 -1.0675e+00 +2.3868e+00
10259 0 +1.852244935e-08 +3.992000002e+01 +3.992000002e+01 +3.9507e+00 -1.0681e+00 +2.3863e+00
10345 0 +1.727964616e-08 +3.992000002e+01 +3.992000002e+01 +3.9509e+00 -1.0675e+00 +2.3866e+00
10382 0 +1.271959604e-08 +3.992000001e+01 +3.992000001e+01 +3.9507e+00 -1.0682e+00 +2.3863e+00
10391 0 +1.048478993e-08 +3.992000001e+01 +3.992000001e+01 +3.9508e+00 -1.0680e+00 +2.3864e+00
10395 0 +9.229246700e-09 +3.992000001e+01 +3.992000001e+01 +3.9507e+00 -1.0683e+00 +2.3863e+00
11362 0 +4.618527782e-13 +3.992000000e+01 +3.992000000e+01 +3.9504e+00 -1.0695e+00 +2.3856e+00
12002 0 +2.557953849e-13 +3.992000000e+01 +3.992000000e+01 +3.9504e+00 -1.0695e+00 +2.3856e+00
% f evaluations | g evaluations | best noise-free fitness - Fopt (-5.661000000000e+01) + sum g_i+ | measured fitness | best measured fitness or single-digit g-values | x1 | x2...
1 0 +3.912274982e+01 -1.748725018e+01 -1.748725018e+01 +2.9654e+00 -3.1657e+00 +2.7969e+00
7 0 +3.446665816e+01 -2.214334184e+01 -2.214334184e+01 -4.7694e+00 +2.4775e-01 -1.0014e+00
10 0 +1.283646922e+01 -4.377353078e+01 -4.377353078e+01 +4.8323e+00 -3.3237e-01 +3.5994e+00
14 0 +2.516011498e+00 -5.409398850e+01 -5.409398850e+01 +1.8326e+00 +1.1000e+00 +3.3319e+00
27 0 +1.354008552e+00 -5.525599145e+01 -5.525599145e+01 +1.5108e+00 +4.1496e+00 +3.5004e+00
66 0 +4.277483107e-01 -5.618225169e+01 -5.618225169e+01 +2.0036e+00 +3.4666e+00 +3.5632e+00
245 0 +1.754546874e-01 -5.643454531e+01 -5.643454531e+01 +2.0036e+00 +3.1823e+00 +3.5632e+00
333 0 +1.173522228e-01 -5.649264778e+01 -5.649264778e+01 +2.0036e+00 +3.0902e+00 +3.5632e+00
594 0 +4.911494507e-02 -5.656088505e+01 -5.656088505e+01 +2.0036e+00 +3.0902e+00 +3.3301e+00
1092 0 +4.875586666e-02 -5.656124413e+01 -5.656124413e+01 +2.0036e+00 +3.0890e+00 +3.3301e+00
1329 0 +4.648476352e-02 -5.656351524e+01 -5.656351524e+01 +2.0036e+00 +3.0890e+00 +3.3159e+00
1720 0 +3.585524013e-02 -5.657414476e+01 -5.657414476e+01 +1.9641e+00 +2.7061e+00 +3.2684e+00
1994 0 +3.272840593e-02 -5.657727159e+01 -5.657727159e+01 +1.9777e+00 +2.8179e+00 +3.2503e+00
2065 0 +2.179949747e-02 -5.658820050e+01 -5.658820050e+01 +1.9777e+00 +2.8179e+00 +3.4690e+00
2081 0 +1.844797191e-02 -5.659155203e+01 -5.659155203e+01 +1.9641e+00 +3.0354e+00 +3.2684e+00
2160 0 +1.411533950e-02 -5.659588466e+01 -5.659588466e+01 +1.9310e+00 +3.0476e+00 +3.0374e+00
2288 0 +1.130392681e-02 -5.659869607e+01 -5.659869607e+01 +1.9641e+00 +3.0030e+00 +3.2684e+00
2364 0 +1.097911604e-02 -5.659902088e+01 -5.659902088e+01 +1.9310e+00 +3.0233e+00 +3.0374e+00
2497 0 +6.710028806e-03 -5.660328997e+01 -5.660328997e+01 +1.9310e+00 +2.9844e+00 +3.0374e+00
2650 0 +4.917995904e-03 -5.660508200e+01 -5.660508200e+01 +1.9464e+00 +2.8597e+00 +3.2001e+00
2714 0 +2.762520021e-03 -5.660723748e+01 -5.660723748e+01 +1.9464e+00 +2.8753e+00 +3.2001e+00
2900 0 +6.767690522e-04 -5.660932323e+01 -5.660932323e+01 +1.9464e+00 +2.8974e+00 +3.2001e+00
3312 0 +6.494159408e-04 -5.660935058e+01 -5.660935058e+01 +1.9464e+00 +2.8974e+00 +3.1994e+00
4717 0 +6.166478760e-04 -5.660938335e+01 -5.660938335e+01 +1.9479e+00 +2.9767e+00 +3.1437e+00
4826 0 +4.009631109e-04 -5.660959904e+01 -5.660959904e+01 +1.9488e+00 +2.9552e+00 +3.1636e+00
4866 0 +2.071619798e-04 -5.660979284e+01 -5.660979284e+01 +1.9488e+00 +2.9593e+00 +3.1636e+00
6247 0 +1.945520571e-04 -5.660980545e+01 -5.660980545e+01 +1.9481e+00 +2.9172e+00 +3.1922e+00
6274 0 +1.747952357e-04 -5.660982520e+01 -5.660982520e+01 +1.9479e+00 +2.9172e+00 +3.1922e+00
6353 0 +1.363830518e-04 -5.660986362e+01 -5.660986362e+01 +1.9527e+00 +2.8994e+00 +3.2427e+00
7022 0 +9.384579975e-05 -5.660990615e+01 -5.660990615e+01 +1.9518e+00 +2.9186e+00 +3.2198e+00
7251 0 +6.812728179e-05 -5.660993187e+01 -5.660993187e+01 +1.9499e+00 +2.9267e+00 +3.1982e+00
7267 0 +5.160633570e-05 -5.660994839e+01 -5.660994839e+01 +1.9518e+00 +2.9173e+00 +3.2198e+00
7318 0 +1.720083811e-05 -5.660998280e+01 -5.660998280e+01 +1.9500e+00 +2.9152e+00 +3.2087e+00
7503 0 +1.539842297e-05 -5.660998460e+01 -5.660998460e+01 +1.9513e+00 +2.9071e+00 +3.2253e+00
7989 0 +1.499354389e-05 -5.660998501e+01 -5.660998501e+01 +1.9509e+00 +2.9243e+00 +3.2075e+00
8134 0 +1.358707463e-05 -5.660998641e+01 -5.660998641e+01 +1.9507e+00 +2.9238e+00 +3.2068e+00
8144 0 +1.093482792e-05 -5.660998907e+01 -5.660998907e+01 +1.9504e+00 +2.9217e+00 +3.2066e+00
8162 0 +7.003724392e-06 -5.660999300e+01 -5.660999300e+01 +1.9507e+00 +2.9238e+00 +3.2068e+00
8669 0 +6.868060971e-06 -5.660999313e+01 -5.660999313e+01 +1.9497e+00 +2.9326e+00 +3.1918e+00
8712 0 +4.483019204e-06 -5.660999552e+01 -5.660999552e+01 +1.9501e+00 +2.9277e+00 +3.1989e+00
8849 0 +1.845681609e-06 -5.660999815e+01 -5.660999815e+01 +1.9504e+00 +2.9189e+00 +3.2085e+00
9122 0 +1.429475951e-06 -5.660999857e+01 -5.660999857e+01 +1.9504e+00 +2.9189e+00 +3.2085e+00
9185 0 +1.051622711e-06 -5.660999895e+01 -5.660999895e+01 +1.9503e+00 +2.9211e+00 +3.2063e+00
9258 0 +9.114536894e-07 -5.660999909e+01 -5.660999909e+01 +1.9503e+00 +2.9241e+00 +3.2038e+00
9351 0 +4.965885978e-07 -5.660999950e+01 -5.660999950e+01 +1.9502e+00 +2.9252e+00 +3.2016e+00
9397 0 +4.025481388e-07 -5.660999960e+01 -5.660999960e+01 +1.9501e+00 +2.9240e+00 +3.2019e+00
9411 0 +1.463777792e-07 -5.660999985e+01 -5.660999985e+01 +1.9503e+00 +2.9216e+00 +3.2058e+00
9491 0 +8.937904283e-08 -5.660999991e+01 -5.660999991e+01 +1.9504e+00 +2.9214e+00 +3.2064e+00
9688 0 +4.629298189e-08 -5.660999995e+01 -5.660999995e+01 +1.9504e+00 +2.9214e+00 +3.2064e+00
9710 0 +2.801930776e-08 -5.660999997e+01 -5.660999997e+01 +1.9504e+00 +2.9209e+00 +3.2072e+00
9754 0 +2.433566948e-08 -5.660999998e+01 -5.660999998e+01 +1.9504e+00 +2.9216e+00 +3.2061e+00
9782 0 +7.800778690e-09 -5.660999999e+01 -5.660999999e+01 +1.9504e+00 +2.9216e+00 +3.2063e+00
11116 0 +9.876544027e-13 -5.661000000e+01 -5.661000000e+01 +1.9504e+00 +2.9216e+00 +3.2064e+00
12002 0 +4.263256415e-13 -5.661000000e+01 -5.661000000e+01 +1.9504e+00 +2.9216e+00 +3.2065e+00
% f evaluations | g evaluations | best noise-free fitness - Fopt (5.134000000000e+01) + sum g_i+ | measured fitness | best measured fitness or single-digit g-values | x1 | x2...
1 0 +2.907024562e+01 +8.041024562e+01 +8.041024562e+01 +2.9654e+00 -3.1657e+00 +2.7969e+00
4 0 +2.380250605e+01 +7.514250605e+01 +7.514250605e+01 +1.5089e+00 -4.4359e+00 +2.2200e+00
7 0 +1.257025842e+01 +6.391025842e+01 +6.391025842e+01 -4.7694e+00 +2.4775e-01 -1.0014e+00
12 0 +1.072872285e+01 +6.206872285e+01 +6.206872285e+01 +4.4220e+00 +6.3288e-01 -1.1458e+00
21 0 +8.219776811e+00 +5.955977681e+01 +5.955977681e+01 +2.4732e+00 +3.9692e-01 +8.6751e-01
24 0 +4.974994160e+00 +5.631499416e+01 +5.631499416e+01 -7.6599e-01 -1.0512e+00 -2.0651e+00
25 0 +3.588535088e+00 +5.492853509e+01 +5.492853509e+01 -4.8592e+00 -3.0116e+00 +2.1134e+00
79 0 +3.386272562e+00 +5.472627256e+01 +5.472627256e+01 -2.6981e+00 -8.0662e-03 +7.2004e-01
85 0 +3.273877663e+00 +5.461387766e+01 +5.461387766e+01 -2.3153e+00 -1.4720e-01 -1.2731e+00
87 0 +2.327811567e+00 +5.366781157e+01 +5.366781157e+01 -4.2958e+00 -2.9108e+00 +1.7114e+00
175 0 +2.200861128e+00 +5.354086113e+01 +5.354086113e+01 -2.3153e+00 -1.4720e-01 +4.0562e-01
282 0 +9.767741593e-01 +5.231677416e+01 +5.231677416e+01 -1.5717e+00 -2.6911e+00 -3.6578e-01
548 0 +7.381496458e-01 +5.207814965e+01 +5.207814965e+01 -1.9276e+00 -1.6947e+00 +8.1663e-01
719 0 +7.141322028e-01 +5.205413220e+01 +5.205413220e+01 -1.9276e+00 -1.7226e+00 +8.1663e-01
786 0 +6.116605184e-01 +5.195166052e+01 +5.195166052e+01 -1.8418e+00 -2.4913e+00 +5.7027e-01
789 0 +5.192947753e-01 +5.185929478e+01 +5.185929478e+01 -3.0188e+00 -2.2990e+00 +7.9967e-01
866 0 +1.018842740e-01 +5.144188427e+01 +5.144188427e+01 -2.7653e+00 -2.1929e+00 +2.3865e-01
1030 0 +7.868776995e-02 +5.141868777e+01 +5.141868777e+01 -2.7653e+00 -2.1929e+00 +9.9442e-02
1408 0 +5.036284916e-02 +5.139036285e+01 +5.139036285e+01 -2.6057e+00 -2.3600e+00 -7.4860e-02
1485 0 +3.849032184e-02 +5.137849032e+01 +5.137849032e+01 -2.6057e+00 -2.3600e+00 -3.8974e-02
1622 0 +3.220002242e-02 +5.137220002e+01 +5.137220002e+01 -2.6799e+00 -2.1248e+00 +3.4335e-01
2013 0 +3.089427710e-02 +5.137089428e+01 +5.137089428e+01 -2.4271e+00 -2.2558e+00 +5.1429e-01
2046 0 +2.484394391e-02 +5.136484394e+01 +5.136484394e+01 -2.5583e+00 -2.3445e+00 +1.5914e-01
2271 0 +1.576531228e-02 +5.135576531e+01 +5.135576531e+01 -2.4646e+00 -2.3989e+00 +1.8077e-01
2571 0 +8.198960463e-03 +5.134819896e+01 +5.134819896e+01 -2.4979e+00 -2.2672e+00 +3.5631e-01
2742 0 +8.128088282e-03 +5.134812809e+01 +5.134812809e+01 -2.6074e+00 -2.2726e+00 +1.4152e-01
2753 0 +5.708493478e-03 +5.134570849e+01 +5.134570849e+01 -2.5361e+00 -2.3353e+00 +1.3750e-01
2900 0 +3.713060980e-03 +5.134371306e+01 +5.134371306e+01 -2.5670e+00 -2.2743e+00 +2.2077e-01
3479 0 +4.641452300e-04 +5.134046415e+01 +5.134046415e+01 -2.5670e+00 -2.2687e+00 +2.2077e-01
5186 0 +3.063768495e-04 +5.134030638e+01 +5.134030638e+01 -2.5512e+00 -2.2528e+00 +2.9031e-01
5646 0 +2.635955709e-04 +5.134026360e+01 +5.134026360e+01 -2.5497e+00 -2.2304e+00 +3.3974e-01
5754 0 +2.304769982e-04 +5.134023048e+01 +5.134023048e+01 -2.5531e+00 -2.2311e+00 +3.3044e-01
6845 0 +2.176002160e-04 +5.134021760e+01 +5.134021760e+01 -2.5531e+00 -2.2311e+00 +3.3044e-01
7150 0 +1.779572358e-04 +5.134017796e+01 +5.134017796e+01 -2.5515e+00 -2.2749e+00 +2.4250e-01
7290 0 +1.088820572e-04 +5.134010888e+01 +5.134010888e+01 -2.5603e+00 -2.2458e+00 +2.8379e-01
7406 0 +8.914965456e-05 +5.134008915e+01 +5.134008915e+01 -2.5484e+00 -2.2647e+00 +2.7074e-01
7636 0 +3.123753395e-05 +5.134003124e+01 +5.134003124e+01 -2.5556e+00 -2.2608e+00 +2.6249e-01
7980 0 +8.597966378e-06 +5.134000860e+01 +5.134000860e+01 -2.5513e+00 -2.2593e+00 +2.7537e-01
8627 0 +6.372250745e-06 +5.134000637e+01 +5.134000637e+01 -2.5531e+00 -2.2621e+00 +2.6555e-01
8671 0 +5.441571346e-06 +5.134000544e+01 +5.134000544e+01 -2.5538e+00 -2.2584e+00 +2.7175e-01
8727 0 +4.467869147e-06 +5.134000447e+01 +5.134000447e+01 -2.5523e+00 -2.2549e+00 +2.8260e-01
8890 0 +3.915808243e-06 +5.134000392e+01 +5.134000392e+01 -2.5538e+00 -2.2584e+00 +2.7172e-01
8986 0 +2.956933081e-06 +5.134000296e+01 +5.134000296e+01 -2.5529e+00 -2.2484e+00 +2.9500e-01
9116 0 +2.319931966e-06 +5.134000232e+01 +5.134000232e+01 -2.5527e+00 -2.2494e+00 +2.9308e-01
9179 0 +2.131231341e-06 +5.134000213e+01 +5.134000213e+01 -2.5537e+00 -2.2528e+00 +2.8378e-01
9202 0 +1.352411445e-06 +5.134000135e+01 +5.134000135e+01 -2.5520e+00 -2.2551e+00 +2.8285e-01
9296 0 +9.544065378e-07 +5.134000095e+01 +5.134000095e+01 -2.5532e+00 -2.2543e+00 +2.8173e-01
9364 0 +6.476750656e-07 +5.134000065e+01 +5.134000065e+01 -2.5525e+00 -2.2556e+00 +2.8059e-01
9462 0 +5.230638962e-07 +5.134000052e+01 +5.134000052e+01 -2.5523e+00 -2.2561e+00 +2.8000e-01
9514 0 +3.872794707e-08 +5.134000004e+01 +5.134000004e+01 -2.5528e+00 -2.2558e+00 +2.7933e-01
9961 0 +2.224906837e-08 +5.134000002e+01 +5.134000002e+01 -2.5528e+00 -2.2555e+00 +2.8007e-01
10085 0 +1.498499813e-08 +5.134000001e+01 +5.134000001e+01 -2.5528e+00 -2.2554e+00 +2.8022e-01
10102 0 +8.973202625e-09 +5.134000001e+01 +5.134000001e+01 -2.5527e+00 -2.2550e+00 +2.8129e-01
12002 0 +1.124789151e-11 +5.134000000e+01 +5.134000000e+01 -2.5528e+00 -2.2543e+00 +2.8254e-01
% f evaluations | g evaluations | best noise-free fitness - Fopt (-1.244000000000e+02) + sum g_i+ | measured fitness | best measured fitness or single-digit g-values | x1 | x2...
1 0 +7.151491910e+01 -5.288508090e+01 -5.288508090e+01 +2.9654e+00 -3.1657e+00 +2.7969e+00
2 0 +6.464572671e+01 -5.975427329e+01 -5.975427329e+01 +9.6850e-01 -5.4167e-01 -4.0003e+00
3 0 +3.692131074e+01 -8.747868926e+01 -8.747868926e+01 -4.0751e-01 -1.6629e+00 -3.5713e+00
7 0 +1.301153380e+01 -1.113884662e+02 -1.113884662e+02 -4.7694e+00 +2.4775e-01 -1.0014e+00
13 0 +9.380824268e+00 -1.150191757e+02 -1.150191757e+02 -4.8403e+00 -2.6911e+00 -2.5897e+00
14 0 +1.592588188e+00 -1.228074118e+02 -1.228074118e+02 +1.8326e+00 +1.1000e+00 +3.3319e+00
44 0 +1.369319064e+00 -1.230306809e+02 -1.230306809e+02 +3.4089e-01 -1.5170e-01 +1.9244e+00
231 0 +9.137889144e-01 -1.234862111e+02 -1.234862111e+02 +1.3435e+00 +1.1712e+00 +2.6995e+00
409 0 +7.059094934e-01 -1.236940905e+02 -1.236940905e+02 -5.2217e-01 +8.9176e-01 +2.4639e+00
582 0 +5.757034612e-01 -1.238242965e+02 -1.238242965e+02 -5.2217e-01 +9.0349e-01 +2.7420e+00
759 0 +2.713678835e-01 -1.241286321e+02 -1.241286321e+02 +1.7751e-01 +1.2387e+00 +3.1105e+00
843 0 +1.640916612e-01 -1.242359083e+02 -1.242359083e+02 +1.7751e-01 +1.2387e+00 +2.6938e+00
925 0 +1.502181045e-01 -1.242497819e+02 -1.242497819e+02 +3.1811e-02 +1.2387e+00 +2.6938e+00
1094 0 +7.071116739e-02 -1.243292888e+02 -1.243292888e+02 +2.1487e-01 +7.7295e-01 +2.9548e+00
1253 0 +4.172652791e-02 -1.243582735e+02 -1.243582735e+02 +2.1487e-01 +7.7295e-01 +3.0559e+00
1637 0 +2.829780850e-02 -1.243717022e+02 -1.243717022e+02 +2.1487e-01 +8.3643e-01 +3.0559e+00
1859 0 +2.736075011e-02 -1.243726392e+02 -1.243726392e+02 +2.1487e-01 +8.3187e-01 +3.0559e+00
1895 0 +1.118099843e-02 -1.243888190e+02 -1.243888190e+02 +3.3680e-01 +8.4249e-01 +2.8260e+00
2107 0 +2.501228436e-03 -1.243974988e+02 -1.243974988e+02 +3.3680e-01 +8.5909e-01 +2.8260e+00
3862 0 +1.608592397e-03 -1.243983914e+02 -1.243983914e+02 +1.7604e-01 +9.5536e-01 +2.9144e+00
4002 0 +3.148175322e-04 -1.243996852e+02 -1.243996852e+02 +2.2169e-01 +8.9984e-01 +2.9272e+00
5168 0 +1.951048218e-04 -1.243998049e+02 -1.243998049e+02 +2.2959e-01 +9.0822e-01 +2.9049e+00
5963 0 +1.927736125e-04 -1.243998072e+02 -1.243998072e+02 +2.2962e-01 +9.0822e-01 +2.9049e+00
6950 0 +1.745157696e-04 -1.243998255e+02 -1.243998255e+02 +2.3301e-01 +8.9298e-01 +2.9202e+00
7392 0 +1.063191833e-04 -1.243998937e+02 -1.243998937e+02 +2.3351e-01 +8.9688e-01 +2.9145e+00
7590 0 +3.867953190e-05 -1.243999613e+02 -1.243999613e+02 +2.3333e-01 +8.9728e-01 +2.9145e+00
7992 0 +2.565388368e-05 -1.243999743e+02 -1.243999743e+02 +2.3487e-01 +8.9699e-01 +2.9129e+00
8380 0 +1.512955031e-05 -1.243999849e+02 -1.243999849e+02 +2.3487e-01 +8.9699e-01 +2.9128e+00
8588 0 +4.881226317e-06 -1.243999951e+02 -1.243999951e+02 +2.4195e-01 +8.9214e-01 +2.9098e+00
8688 0 +4.531406944e-06 -1.243999955e+02 -1.243999955e+02 +2.4409e-01 +8.9023e-01 +2.9095e+00
8965 0 +3.230483301e-06 -1.243999968e+02 -1.243999968e+02 +2.4873e-01 +8.8679e-01 +2.9078e+00
9134 0 +2.628218937e-06 -1.243999974e+02 -1.243999974e+02 +2.4882e-01 +8.8693e-01 +2.9075e+00
9388 0 +3.836258315e-07 -1.243999996e+02 -1.243999996e+02 +2.4958e-01 +8.8713e-01 +2.9063e+00
9439 0 +2.027646531e-07 -1.243999998e+02 -1.243999998e+02 +2.5017e-01 +8.8674e-01 +2.9060e+00
9655 0 +1.773419172e-07 -1.243999998e+02 -1.243999998e+02 +2.5081e-01 +8.8635e-01 +2.9057e+00
9671 0 +1.691385023e-07 -1.243999998e+02 -1.243999998e+02 +2.5178e-01 +8.8590e-01 +2.9050e+00
9725 0 +7.051504269e-08 -1.243999999e+02 -1.243999999e+02 +2.5092e-01 +8.8635e-01 +2.9055e+00
9851 0 +2.716015501e-08 -1.244000000e+02 -1.244000000e+02 +2.5218e-01 +8.8570e-01 +2.9047e+00
9868 0 +2.437577962e-08 -1.244000000e+02 -1.244000000e+02 +2.5171e-01 +8.8591e-01 +2.9050e+00
9886 0 +2.221764817e-08 -1.244000000e+02 -1.244000000e+02 +2.5216e-01 +8.8570e-01 +2.9047e+00
10016 0 +6.746077474e-09 -1.244000000e+02 -1.244000000e+02 +2.5214e-01 +8.8571e-01 +2.9047e+00
12002 0 +1.739408617e-11 -1.244000000e+02 -1.244000000e+02 +2.5341e-01 +8.8492e-01 +2.9041e+00
% f evaluations | g evaluations | best noise-free fitness - Fopt (6.000000000000e-01) + sum g_i+ | measured fitness | best measured fitness or single-digit g-values | x1 | x2...
1 0 +2.902213456e+00 +3.502213456e+00 +3.502213456e+00 +2.9654e+00 -3.1657e+00 +2.7969e+00
19 0 +5.610675724e-01 +1.161067572e+00 +1.161067572e+00 +2.2727e+00 -1.7346e+00 +7.0444e-01
74 0 +3.837597900e-01 +9.837597900e-01 +9.837597900e-01 +2.2094e+00 -1.9194e+00 +4.2540e-01
329 0 +1.801259700e-01 +7.801259700e-01 +7.801259700e-01 +2.6269e+00 -2.3107e+00 +1.7864e-01
548 0 +1.729734630e-01 +7.729734630e-01 +7.729734630e-01 +2.2727e+00 -1.7346e+00 +6.6121e-02
617 0 +4.345262883e-02 +6.434526288e-01 +6.434526288e-01 +2.7389e+00 -1.9654e+00 +1.0752e-01
1114 0 +1.547493380e-02 +6.154749338e-01 +6.154749338e-01 +2.6344e+00 -1.9654e+00 +1.0752e-01
1630 0 +9.157282748e-03 +6.091572827e-01 +6.091572827e-01 +2.6269e+00 -1.8125e+00 +1.7864e-01
1639 0 +7.894857015e-03 +6.078948570e-01 +6.078948570e-01 +2.4831e+00 -2.0333e+00 +4.7233e-02
1672 0 +6.552477454e-03 +6.065524775e-01 +6.065524775e-01 +2.5157e+00 -2.0106e+00 +6.6121e-02
2352 0 +4.658250163e-03 +6.046582502e-01 +6.046582502e-01 +2.6811e+00 -1.8706e+00 +1.7928e-01
2549 0 +3.963297222e-03 +6.039632972e-01 +6.039632972e-01 +2.6580e+00 -1.8528e+00 +1.7361e-01
2878 0 +3.248985895e-03 +6.032489859e-01 +6.032489859e-01 +2.6344e+00 -1.9725e+00 +1.1833e-01
3018 0 +1.935174835e-03 +6.019351748e-01 +6.019351748e-01 +2.5694e+00 -2.0623e+00 +6.6084e-02
3530 0 +1.755052378e-03 +6.017550524e-01 +6.017550524e-01 +2.5694e+00 -2.0623e+00 +6.6340e-02
3893 0 +1.182199182e-03 +6.011821992e-01 +6.011821992e-01 +2.5633e+00 -2.0623e+00 +6.6340e-02
3978 0 +6.193007541e-04 +6.006193008e-01 +6.006193008e-01 +2.6344e+00 -1.9725e+00 +1.2241e-01
4380 0 +2.570796376e-04 +6.002570796e-01 +6.002570796e-01 +2.6165e+00 -1.9802e+00 +1.1347e-01
6075 0 +3.962976064e-05 +6.000396298e-01 +6.000396298e-01 +2.6195e+00 -1.9560e+00 +1.2416e-01
7096 0 +3.284368918e-05 +6.000328437e-01 +6.000328437e-01 +2.6195e+00 -1.9560e+00 +1.2422e-01
7743 0 +3.085382432e-05 +6.000308538e-01 +6.000308538e-01 +2.6128e+00 -1.9701e+00 +1.1669e-01
8068 0 +2.795395099e-05 +6.000279540e-01 +6.000279540e-01 +2.6134e+00 -1.9684e+00 +1.1754e-01
8100 0 +2.316641391e-05 +6.000231664e-01 +6.000231664e-01 +2.6049e+00 -1.9839e+00 +1.0898e-01
8224 0 +2.130299564e-05 +6.000213030e-01 +6.000213030e-01 +2.6177e+00 -1.9634e+00 +1.2071e-01
8356 0 +1.693602071e-05 +6.000169360e-01 +6.000169360e-01 +2.6138e+00 -1.9688e+00 +1.1748e-01
8358 0 +1.135676443e-05 +6.000113568e-01 +6.000113568e-01 +2.6068e+00 -1.9748e+00 +1.1310e-01
8367 0 +7.815212912e-06 +6.000078152e-01 +6.000078152e-01 +2.6097e+00 -1.9749e+00 +1.1390e-01
8577 0 +6.722237421e-06 +6.000067222e-01 +6.000067222e-01 +2.6089e+00 -1.9751e+00 +1.1357e-01
8592 0 +4.483548930e-06 +6.000044835e-01 +6.000044835e-01 +2.6060e+00 -1.9785e+00 +1.1140e-01
8633 0 +4.404545009e-06 +6.000044045e-01 +6.000044045e-01 +2.6072e+00 -1.9733e+00 +1.1384e-01
8664 0 +3.332496571e-06 +6.000033325e-01 +6.000033325e-01 +2.6067e+00 -1.9771e+00 +1.1215e-01
8891 0 +2.414691542e-06 +6.000024147e-01 +6.000024147e-01 +2.6060e+00 -1.9733e+00 +1.1348e-01
8895 0 +1.188188567e-06 +6.000011882e-01 +6.000011882e-01 +2.6060e+00 -1.9769e+00 +1.1204e-01
9191 0 +7.670166785e-07 +6.000007670e-01 +6.000007670e-01 +2.6084e+00 -1.9727e+00 +1.1442e-01
9236 0 +5.669054968e-07 +6.000005669e-01 +6.000005669e-01 +2.6061e+00 -1.9742e+00 +1.1315e-01
9254 0 +3.708072597e-07 +6.000003708e-01 +6.000003708e-01 +2.6062e+00 -1.9744e+00 +1.1308e-01
9299 0 +2.229298730e-07 +6.000002229e-01 +6.000002229e-01 +2.6065e+00 -1.9748e+00 +1.1302e-01
9388 0 +2.114654496e-07 +6.000002115e-01 +6.000002115e-01 +2.6065e+00 -1.9749e+00 +1.1298e-01
9560 0 +3.995780440e-08 +6.000000400e-01 +6.000000400e-01 +2.6052e+00 -1.9762e+00 +1.1212e-01
9616 0 +2.109833352e-08 +6.000000211e-01 +6.000000211e-01 +2.6049e+00 -1.9766e+00 +1.1183e-01
9632 0 +1.049896292e-08 +6.000000105e-01 +6.000000105e-01 +2.6051e+00 -1.9763e+00 +1.1204e-01
10056 0 +9.194995987e-09 +6.000000092e-01 +6.000000092e-01 +2.6052e+00 -1.9763e+00 +1.1206e-01
11177 0 +9.418021918e-13 +6.000000000e-01 +6.000000000e-01 +2.6039e+00 -1.9777e+00 +1.1116e-01
12002 0 +6.761258220e-14 +6.000000000e-01 +6.000000000e-01 +2.6040e+00 -1.9776e+00 +1.1118e-01
% f evaluations | g evaluations | best noise-free fitness - Fopt (-4.071000000000e+01) + sum g_i+ | measured fitness | best measured fitness or single-digit g-values | x1 | x2...
1 0 +5.800496756e+00 -3.490950324e+01 -3.490950324e+01 +2.9654e+00 -3.1657e+00 +2.7969e+00
4 0 +3.384397330e+00 -3.732560267e+01 -3.732560267e+01 +1.5089e+00 -4.4359e+00 +2.2200e+00
19 0 +2.012729918e+00 -3.869727008e+01 -3.869727008e+01 +2.2727e+00 -1.7346e+00 +7.0444e-01
74 0 +1.969876322e+00 -3.874012368e+01 -3.874012368e+01 +2.2094e+00 -1.9194e+00 +4.2540e-01
109 0 +1.788226193e+00 -3.892177381e+01 -3.892177381e+01 +2.2727e+00 -1.7346e+00 +1.7626e+00
115 0 +1.169590902e+00 -3.954040910e+01 -3.954040910e+01 -3.1085e-01 -3.0116e+00 +2.1134e+00
198 0 +9.620449058e-01 -3.974795509e+01 -3.974795509e+01 -5.0246e-01 -2.3113e+00 +1.4800e+00
252 0 +7.359666727e-01 -3.997403333e+01 -3.997403333e+01 +4.6935e-01 -1.7198e+00 +1.2611e+00
266 0 +5.932314932e-01 -4.011676851e+01 -4.011676851e+01 +1.3731e+00 -2.9108e+00 +1.7114e+00
349 0 +5.043027595e-01 -4.020569724e+01 -4.020569724e+01 +8.7682e-02 -2.2044e+00 +1.0771e+00
436 0 +4.339188435e-01 -4.027608116e+01 -4.027608116e+01 +8.7682e-02 -2.2044e+00 +1.1647e+00
685 0 +3.470883930e-01 -4.036291161e+01 -4.036291161e+01 +4.6935e-01 -2.0629e+00 +1.1477e+00
851 0 +1.063406632e-01 -4.060365934e+01 -4.060365934e+01 +6.5077e-01 -2.4678e+00 +1.4040e+00
934 0 +5.326342817e-02 -4.065673657e+01 -4.065673657e+01 +6.5077e-01 -2.4678e+00 +1.6022e+00
1056 0 +2.790467493e-02 -4.068209533e+01 -4.068209533e+01 +5.2972e-01 -2.4537e+00 +1.4119e+00
1477 0 +2.407611905e-02 -4.068592388e+01 -4.068592388e+01 +6.8862e-01 -2.9002e+00 +1.1908e+00
2135 0 +2.366921374e-02 -4.068633079e+01 -4.068633079e+01 +6.8862e-01 -2.9002e+00 +1.1920e+00
2288 0 +2.310906069e-02 -4.068689094e+01 -4.068689094e+01 +5.6910e-01 -2.4771e+00 +1.4979e+00
2421 0 +1.462555779e-02 -4.069537444e+01 -4.069537444e+01 +7.1372e-01 -2.9123e+00 +1.2615e+00
2680 0 +1.093435132e-02 -4.069906565e+01 -4.069906565e+01 +7.1372e-01 -2.9123e+00 +1.2838e+00
2807 0 +9.047997533e-03 -4.070095200e+01 -4.070095200e+01 +6.8649e-01 -2.7350e+00 +1.4777e+00
2812 0 +3.127531265e-03 -4.070687247e+01 -4.070687247e+01 +6.6177e-01 -2.7599e+00 +1.3691e+00
3056 0 +2.387082801e-03 -4.070761292e+01 -4.070761292e+01 +6.6177e-01 -2.7582e+00 +1.3691e+00
3651 0 +1.787149325e-03 -4.070821285e+01 -4.070821285e+01 +6.7318e-01 -2.7200e+00 +1.4423e+00
3722 0 +6.774649046e-04 -4.070932254e+01 -4.070932254e+01 +6.6177e-01 -2.7543e+00 +1.3691e+00
4739 0 +4.691596488e-04 -4.070953084e+01 -4.070953084e+01 +6.6301e-01 -2.7543e+00 +1.3691e+00
5127 0 +4.396048941e-04 -4.070956040e+01 -4.070956040e+01 +6.8262e-01 -2.7799e+00 +1.3873e+00
5224 0 +2.602371400e-04 -4.070973976e+01 -4.070973976e+01 +6.5800e-01 -2.7365e+00 +1.3811e+00
5402 0 +1.953572679e-04 -4.070980464e+01 -4.070980464e+01 +6.5868e-01 -2.7113e+00 +1.4186e+00
6484 0 +1.514549643e-04 -4.070984855e+01 -4.070984855e+01 +6.6028e-01 -2.7407e+00 +1.3824e+00
6584 0 +8.667921481e-05 -4.070991332e+01 -4.070991332e+01 +6.6040e-01 -2.7407e+00 +1.3824e+00
7270 0 +3.770591406e-05 -4.070996229e+01 -4.070996229e+01 +6.5865e-01 -2.7317e+00 +1.3901e+00
7551 0 +1.591871244e-05 -4.070998408e+01 -4.070998408e+01 +6.6729e-01 -2.7479e+00 +1.3904e+00
7807 0 +4.209533110e-06 -4.070999579e+01 -4.070999579e+01 +6.6209e-01 -2.7329e+00 +1.3975e+00
8438 0 +3.944478507e-06 -4.070999606e+01 -4.070999606e+01 +6.5589e-01 -2.7178e+00 +1.4021e+00
8474 0 +3.468495215e-06 -4.070999653e+01 -4.070999653e+01 +6.5894e-01 -2.7244e+00 +1.4009e+00
8621 0 +2.958258278e-06 -4.070999704e+01 -4.070999704e+01 +6.5879e-01 -2.7233e+00 +1.4021e+00
8625 0 +2.795602846e-06 -4.070999720e+01 -4.070999720e+01 +6.6148e-01 -2.7314e+00 +1.3978e+00
8692 0 +2.601007061e-06 -4.070999740e+01 -4.070999740e+01 +6.6257e-01 -2.7354e+00 +1.3952e+00
8885 0 +1.176416880e-06 -4.070999882e+01 -4.070999882e+01 +6.5894e-01 -2.7247e+00 +1.4004e+00
9017 0 +3.495354193e-07 -4.070999965e+01 -4.070999965e+01 +6.6003e-01 -2.7293e+00 +1.3970e+00
9149 0 +3.183303221e-08 -4.070999997e+01 -4.070999997e+01 +6.6006e-01 -2.7289e+00 +1.3977e+00
9177 0 +2.657008480e-08 -4.070999997e+01 -4.070999997e+01 +6.6000e-01 -2.7288e+00 +1.3976e+00
9328 0 +2.478839889e-08 -4.070999998e+01 -4.070999998e+01 +6.5963e-01 -2.7278e+00 +1.3981e+00
9400 0 +3.206622523e-09 -4.071000000e+01 -4.071000000e+01 +6.5992e-01 -2.7285e+00 +1.3978e+00
12002 0 +2.387423592e-12 -4.071000000e+01 -4.071000000e+01 +6.5996e-01 -2.7287e+00 +1.3977e+00
% f evaluations | g evaluations | best noise-free fitness - Fopt (8.143200000000e+02) + sum g_i+ | measured fitness | best measured fitness or single-digit g-values | x1 | x2...
1 0 +3.116717445e+01 +8.454871744e+02 +8.454871744e+02 +2.9654e+00 -3.1657e+00 +2.7969e+00
4 0 +1.929143329e+01 +8.336114333e+02 +8.336114333e+02 +1.5089e+00 -4.4359e+00 +2.2200e+00
7 0 +7.015199444e+00 +8.213351994e+02 +8.213351994e+02 -4.7694e+00 +2.4775e-01 -1.0014e+00
25 0 +2.782190547e+00 +8.171021905e+02 +8.171021905e+02 -4.8592e+00 -3.0116e+00 +2.1134e+00
267 0 +1.999955303e+00 +8.163199553e+02 +8.163199553e+02 -1.4135e+00 -2.9210e+00 +3.8837e+00
442 0 +1.057627282e+00 +8.153776273e+02 +8.153776273e+02 -3.7267e+00 -2.9210e+00 +3.8837e+00
461 0 +8.052845884e-01 +8.151252846e+02 +8.151252846e+02 -2.3004e+00 -4.6869e+00 +3.4228e+00
583 0 +4.984642540e-01 +8.148184643e+02 +8.148184643e+02 -3.2987e+00 -3.2352e+00 +4.2874e+00
718 0 +3.864427155e-01 +8.147064427e+02 +8.147064427e+02 -2.3004e+00 -4.3413e+00 +3.4228e+00
719 0 +3.562015143e-01 +8.146762015e+02 +8.146762015e+02 -2.9324e+00 -3.4851e+00 +4.4858e+00
1030 0 +3.441505487e-01 +8.146641505e+02 +8.146641505e+02 -3.2407e+00 -3.3366e+00 +4.1623e+00
1270 0 +3.222233057e-01 +8.146422233e+02 +8.146422233e+02 -3.2085e+00 -3.3366e+00 +4.1623e+00
1277 0 +9.803218764e-02 +8.144180322e+02 +8.144180322e+02 -2.6050e+00 -3.8987e+00 +3.6167e+00
1425 0 +5.294452459e-02 +8.143729445e+02 +8.143729445e+02 -2.5942e+00 -3.5420e+00 +3.9143e+00
1653 0 +4.833632748e-02 +8.143683363e+02 +8.143683363e+02 -2.6075e+00 -3.5420e+00 +3.9143e+00
1962 0 +2.582597324e-02 +8.143458260e+02 +8.143458260e+02 -2.6934e+00 -4.0642e+00 +3.6799e+00
2500 0 +2.011494762e-02 +8.143401149e+02 +8.143401149e+02 -2.7294e+00 -3.7093e+00 +3.8688e+00
2539 0 +7.226117913e-03 +8.143272261e+02 +8.143272261e+02 -2.8357e+00 -4.0086e+00 +3.7898e+00
2552 0 +5.556413839e-03 +8.143255564e+02 +8.143255564e+02 -2.7399e+00 -3.8449e+00 +3.8202e+00
3216 0 +4.862801260e-03 +8.143248628e+02 +8.143248628e+02 -2.7968e+00 -3.7115e+00 +3.9396e+00
3392 0 +2.664823526e-03 +8.143226648e+02 +8.143226648e+02 -2.8377e+00 -3.8533e+00 +3.8859e+00
5058 0 +9.740486479e-04 +8.143209740e+02 +8.143209740e+02 -2.8084e+00 -3.9284e+00 +3.8228e+00
5663 0 +8.428927315e-04 +8.143208429e+02 +8.143208429e+02 -2.8166e+00 -3.8462e+00 +3.8753e+00
5905 0 +6.814458476e-04 +8.143206814e+02 +8.143206814e+02 -2.7725e+00 -3.7802e+00 +3.8831e+00
6119 0 +4.618188681e-04 +8.143204618e+02 +8.143204618e+02 -2.7850e+00 -3.9014e+00 +3.8239e+00
6334 0 +3.626211427e-04 +8.143203626e+02 +8.143203626e+02 -2.8006e+00 -3.9138e+00 +3.8272e+00
6542 0 +2.497849130e-04 +8.143202498e+02 +8.143202498e+02 -2.8084e+00 -3.8663e+00 +3.8588e+00
6934 0 +1.852926175e-04 +8.143201853e+02 +8.143201853e+02 -2.7891e+00 -3.8698e+00 +3.8442e+00
7470 0 +1.278114595e-04 +8.143201278e+02 +8.143201278e+02 -2.7858e+00 -3.8597e+00 +3.8473e+00
7971 0 +1.238502027e-04 +8.143201239e+02 +8.143201239e+02 -2.8053e+00 -3.8758e+00 +3.8515e+00
8229 0 +3.805939900e-05 +8.143200381e+02 +8.143200381e+02 -2.8012e+00 -3.8844e+00 +3.8439e+00
8719 0 +1.534651847e-05 +8.143200153e+02 +8.143200153e+02 -2.7959e+00 -3.8780e+00 +3.8439e+00
9139 0 +1.046147747e-05 +8.143200105e+02 +8.143200105e+02 -2.7949e+00 -3.8575e+00 +3.8548e+00
9188 0 +5.623863785e-06 +8.143200056e+02 +8.143200056e+02 -2.7944e+00 -3.8647e+00 +3.8504e+00
9396 0 +2.657038749e-06 +8.143200027e+02 +8.143200027e+02 -2.7927e+00 -3.8526e+00 +3.8561e+00
9439 0 +2.423792921e-06 +8.143200024e+02 +8.143200024e+02 -2.7946e+00 -3.8590e+00 +3.8537e+00
9463 0 +2.055962227e-06 +8.143200021e+02 +8.143200021e+02 -2.7942e+00 -3.8590e+00 +3.8535e+00
9471 0 +1.431476562e-06 +8.143200014e+02 +8.143200014e+02 -2.7937e+00 -3.8561e+00 +3.8548e+00
9570 0 +1.294588174e-06 +8.143200013e+02 +8.143200013e+02 -2.7947e+00 -3.8666e+00 +3.8495e+00
9656 0 +5.417182365e-07 +8.143200005e+02 +8.143200005e+02 -2.7947e+00 -3.8602e+00 +3.8531e+00
9784 0 +3.657800107e-07 +8.143200004e+02 +8.143200004e+02 -2.7940e+00 -3.8585e+00 +3.8536e+00
9815 0 +1.749443754e-07 +8.143200002e+02 +8.143200002e+02 -2.7946e+00 -3.8621e+00 +3.8520e+00
9836 0 +1.615244400e-07 +8.143200002e+02 +8.143200002e+02 -2.7948e+00 -3.8603e+00 +3.8531e+00
9885 0 +9.833240711e-08 +8.143200001e+02 +8.143200001e+02 -2.7946e+00 -3.8598e+00 +3.8533e+00
9942 0 +5.243657597e-08 +8.143200001e+02 +8.143200001e+02 -2.7947e+00 -3.8606e+00 +3.8529e+00
9980 0 +9.159634828e-09 +8.143200000e+02 +8.143200000e+02 -2.7945e+00 -3.8592e+00 +3.8536e+00
12002 0 +7.730704965e-12 +8.143200000e+02 +8.143200000e+02 -2.7944e+00 -3.8578e+00 +3.8543e+00
% f evaluations | g evaluations | best noise-free fitness - Fopt (-6.205000000000e+01) + sum g_i+ | measured fitness | best measured fitness or single-digit g-values | x1 | x2...
1 0 +6.740970006e+01 +5.359700058e+00 +5.359700058e+00 +2.9654e+00 -3.1657e+00 +2.7969e+00
2 0 +1.343527050e+01 -4.861472950e+01 -4.861472950e+01 +9.6850e-01 -5.4167e-01 -4.0003e+00
3 0 +1.170123308e+01 -5.034876692e+01 -5.034876692e+01 -4.0751e-01 -1.6629e+00 -3.5713e+00
12 0 +6.861604720e+00 -5.518839528e+01 -5.518839528e+01 +4.4220e+00 +6.3288e-01 -1.1458e+00
14 0 +4.200048274e+00 -5.784995173e+01 -5.784995173e+01 +1.8326e+00 +1.1000e+00 +3.3319e+00
16 0 +2.291734770e+00 -5.975826523e+01 -5.975826523e+01 +2.5536e+00 -7.4844e-01 -2.9206e+00
21 0 +1.665586252e+00 -6.038441375e+01 -6.038441375e+01 +2.4732e+00 +3.9692e-01 +8.6751e-01
120 0 +1.282635904e+00 -6.076736410e+01 -6.076736410e+01 +1.9857e+00 +6.1243e-01 -1.1707e+00
197 0 +5.648732208e-01 -6.148512678e+01 -6.148512678e+01 +1.5817e+00 -1.0485e+00 -1.3954e-01
212 0 +3.201799844e-01 -6.172982002e+01 -6.172982002e+01 +2.1066e+00 +1.2156e-01 -6.0663e-01
269 0 +2.878312805e-01 -6.176216872e+01 -6.176216872e+01 +2.0891e+00 -6.8027e-01 -1.4669e-01
545 0 +2.681937237e-01 -6.178180628e+01 -6.178180628e+01 +2.1419e+00 -1.0485e+00 -1.9867e-01
644 0 +1.021381164e-01 -6.194786188e+01 -6.194786188e+01 +2.3948e+00 -4.9129e-01 -4.1295e-01
812 0 +7.710772682e-02 -6.197289227e+01 -6.197289227e+01 +2.3948e+00 -6.6112e-01 -4.1295e-01
977 0 +6.306491023e-02 -6.198693509e+01 -6.198693509e+01 +2.3613e+00 -6.6112e-01 -4.1295e-01
1273 0 +5.333800280e-02 -6.199666200e+01 -6.199666200e+01 +1.7246e+00 -3.6265e-01 -7.3985e-01
1351 0 +4.686596752e-02 -6.200313403e+01 -6.200313403e+01 +1.7413e+00 -3.6265e-01 -7.3985e-01
1882 0 +4.626253147e-02 -6.200373747e+01 -6.200373747e+01 +2.2120e+00 -3.9657e-01 -5.7473e-01
1892 0 +2.370268869e-02 -6.202629731e+01 -6.202629731e+01 +2.1807e+00 -4.6423e-01 -5.4977e-01
1903 0 +2.042660695e-02 -6.202957339e+01 -6.202957339e+01 +1.9969e+00 -2.7574e-01 -7.3316e-01
1923 0 +9.460277454e-03 -6.204053972e+01 -6.204053972e+01 +2.1825e+00 -5.8300e-01 -5.0435e-01
1994 0 +8.530180106e-03 -6.204146982e+01 -6.204146982e+01 +2.1825e+00 -5.7668e-01 -5.0435e-01
2349 0 +5.605836929e-03 -6.204439416e+01 -6.204439416e+01 +1.9763e+00 -5.6208e-01 -5.8386e-01
2657 0 +2.060953460e-03 -6.204793905e+01 -6.204793905e+01 +1.9931e+00 -5.2330e-01 -5.9642e-01
3086 0 +2.033957456e-03 -6.204796604e+01 -6.204796604e+01 +1.9931e+00 -5.2920e-01 -5.9642e-01
3235 0 +1.848791566e-03 -6.204815121e+01 -6.204815121e+01 +2.0315e+00 -4.4333e-01 -6.2647e-01
3398 0 +1.625852567e-03 -6.204837415e+01 -6.204837415e+01 +2.0830e+00 -5.7600e-01 -5.3702e-01
3615 0 +1.596336165e-03 -6.204840366e+01 -6.204840366e+01 +2.0832e+00 -5.7600e-01 -5.3702e-01
3823 0 +1.382922201e-03 -6.204861708e+01 -6.204861708e+01 +2.0861e+00 -5.7600e-01 -5.3702e-01
5030 0 +4.808997798e-04 -6.204951910e+01 -6.204951910e+01 +1.9763e+00 -4.6323e-01 -6.3626e-01
6436 0 +3.277170773e-04 -6.204967228e+01 -6.204967228e+01 +2.0067e+00 -4.7371e-01 -6.1923e-01
6774 0 +2.792124945e-04 -6.204972079e+01 -6.204972079e+01 +1.9847e+00 -4.7341e-01 -6.2748e-01
6820 0 +2.498756604e-04 -6.204975012e+01 -6.204975012e+01 +1.9852e+00 -4.7341e-01 -6.2748e-01
6918 0 +2.007274930e-04 -6.204979927e+01 -6.204979927e+01 +2.0313e+00 -5.2142e-01 -5.8577e-01
7124 0 +7.331224274e-05 -6.204992669e+01 -6.204992669e+01 +2.0059e+00 -4.7493e-01 -6.1923e-01
7601 0 +4.421782034e-05 -6.204995578e+01 -6.204995578e+01 +2.0313e+00 -5.2073e-01 -5.8593e-01
7833 0 +3.935982638e-05 -6.204996064e+01 -6.204996064e+01 +2.0393e+00 -5.2612e-01 -5.8023e-01
7987 0 +1.387785562e-05 -6.204998612e+01 -6.204998612e+01 +2.0261e+00 -5.0477e-01 -5.9624e-01
8358 0 +6.125383081e-06 -6.204999387e+01 -6.204999387e+01 +2.0262e+00 -5.0393e-01 -5.9663e-01
8379 0 +3.738306994e-06 -6.204999626e+01 -6.204999626e+01 +2.0210e+00 -4.9836e-01 -6.0144e-01
8402 0 +1.878706335e-06 -6.204999812e+01 -6.204999812e+01 +2.0245e+00 -5.0049e-01 -5.9905e-01
8576 0 +1.837910006e-06 -6.204999816e+01 -6.204999816e+01 +2.0213e+00 -4.9755e-01 -6.0174e-01
8943 0 +8.805868248e-07 -6.204999912e+01 -6.204999912e+01 +2.0222e+00 -4.9878e-01 -6.0078e-01
9003 0 +4.938406519e-07 -6.204999951e+01 -6.204999951e+01 +2.0221e+00 -4.9888e-01 -6.0075e-01
9447 0 +3.504087971e-07 -6.204999965e+01 -6.204999965e+01 +2.0238e+00 -5.0090e-01 -5.9909e-01
9516 0 +3.403727717e-07 -6.204999966e+01 -6.204999966e+01 +2.0268e+00 -5.0548e-01 -5.9559e-01
9737 0 +2.330841369e-07 -6.204999977e+01 -6.204999977e+01 +2.0232e+00 -5.0034e-01 -5.9960e-01
9744 0 +2.050755867e-07 -6.204999979e+01 -6.204999979e+01 +2.0249e+00 -5.0282e-01 -5.9766e-01
9763 0 +1.785552044e-07 -6.204999982e+01 -6.204999982e+01 +2.0253e+00 -5.0368e-01 -5.9708e-01
9769 0 +4.835928280e-08 -6.204999995e+01 -6.204999995e+01 +2.0258e+00 -5.0408e-01 -5.9669e-01
9824 0 +2.773038688e-08 -6.204999997e+01 -6.204999997e+01 +2.0263e+00 -5.0505e-01 -5.9599e-01
9886 0 +1.901306490e-08 -6.204999998e+01 -6.204999998e+01 +2.0254e+00 -5.0377e-01 -5.9698e-01
9943 0 +3.902449919e-09 -6.205000000e+01 -6.205000000e+01 +2.0253e+00 -5.0371e-01 -5.9706e-01
10526 0 +5.400124792e-13 -6.205000000e+01 -6.205000000e+01 +2.0256e+00 -5.0398e-01 -5.9681e-01
12002 0 +7.105427358e-15 -6.205000000e+01 -6.205000000e+01 +2.0256e+00 -5.0399e-01 -5.9681e-01
% f evaluations | g evaluations | best noise-free fitness - Fopt (-4.328000000000e+01) + sum g_i+ | measured fitness | best measured fitness or single-digit g-values | x1 | x2...
1 0 +9.945658424e+00 -3.333434158e+01 -3.333434158e+01 +2.9654e+00 -3.1657e+00 +2.7969e+00
19 0 +7.393894911e+00 -3.588610509e+01 -3.588610509e+01 +2.2727e+00 -1.7346e+00 +7.0444e-01
29 0 +5.938585639e+00 -3.734141436e+01 -3.734141436e+01 +1.6884e+00 +1.6592e+00 +9.1298e-01
30 0 +5.156074919e+00 -3.812392508e+01 -3.812392508e+01 -2.2528e+00 +6.1243e-01 -1.1707e+00
35 0 +1.882431595e+00 -4.139756840e+01 -4.139756840e+01 +6.3276e-01 +1.9552e+00 -3.6067e+00
75 0 +1.300955794e+00 -4.197904421e+01 -4.197904421e+01 +8.8141e-02 +1.3633e+00 -2.4954e+00
179 0 +1.143617937e+00 -4.213638206e+01 -4.213638206e+01 -8.8125e-01 +3.4867e+00 -3.6338e+00
219 0 +1.003972533e+00 -4.227602747e+01 -4.227602747e+01 -8.3490e-01 +1.6690e+00 -2.3982e+00
342 0 +5.661615152e-01 -4.271383848e+01 -4.271383848e+01 +8.8141e-02 +2.4779e+00 -2.4954e+00
429 0 +4.707942295e-01 -4.280920577e+01 -4.280920577e+01 -1.3765e-01 +2.4779e+00 -2.4954e+00
515 0 +2.526343247e-01 -4.302736568e+01 -4.302736568e+01 -1.3765e-01 +2.9937e+00 -2.4954e+00
770 0 +1.977031456e-01 -4.308229685e+01 -4.308229685e+01 -1.3765e-01 +2.9937e+00 -2.7563e+00
777 0 +1.838666782e-01 -4.309613332e+01 -4.309613332e+01 -1.6078e-01 +2.8469e+00 -2.9544e+00
784 0 +1.422711922e-01 -4.313772881e+01 -4.313772881e+01 -2.9391e-01 +2.2967e+00 -3.2507e+00
1271 0 +1.252289199e-01 -4.315477108e+01 -4.315477108e+01 -6.3073e-01 +2.2967e+00 -3.2507e+00
1490 0 +1.107270431e-01 -4.316927296e+01 -4.316927296e+01 -4.7798e-01 +2.9843e+00 -2.7563e+00
1663 0 +6.369769950e-02 -4.321630230e+01 -4.321630230e+01 -6.2225e-01 +2.4416e+00 -3.1116e+00
1737 0 +5.299848689e-02 -4.322700151e+01 -4.322700151e+01 -6.2225e-01 +2.4089e+00 -3.1116e+00
1794 0 +4.914904752e-02 -4.323085095e+01 -4.323085095e+01 -6.1990e-01 +2.5625e+00 -3.0030e+00
2064 0 +4.837677320e-02 -4.323162323e+01 -4.323162323e+01 -5.2151e-01 +2.4712e+00 -2.9754e+00
2112 0 +2.626915542e-02 -4.325373084e+01 -4.325373084e+01 -4.9486e-01 +2.5480e+00 -2.9448e+00
2275 0 +8.268207974e-03 -4.327173179e+01 -4.327173179e+01 -5.9291e-01 +2.6794e+00 -2.8539e+00
2677 0 +2.514496277e-03 -4.327748550e+01 -4.327748550e+01 -4.7798e-01 +2.7055e+00 -2.8490e+00
2803 0 +1.335432135e-03 -4.327866457e+01 -4.327866457e+01 -4.7798e-01 +2.7055e+00 -2.8534e+00
3766 0 +9.229370714e-04 -4.327907706e+01 -4.327907706e+01 -4.7798e-01 +2.7055e+00 -2.8516e+00
4893 0 +7.633662695e-04 -4.327923663e+01 -4.327923663e+01 -4.8050e-01 +2.7055e+00 -2.8516e+00
5138 0 +4.155888383e-04 -4.327958441e+01 -4.327958441e+01 -5.1881e-01 +2.6817e+00 -2.8648e+00
5233 0 +4.067303150e-04 -4.327959327e+01 -4.327959327e+01 -4.7801e-01 +2.6731e+00 -2.8784e+00
5542 0 +3.183468276e-04 -4.327968165e+01 -4.327968165e+01 -4.9827e-01 +2.6139e+00 -2.9241e+00
5665 0 +3.070400509e-04 -4.327969296e+01 -4.327969296e+01 -4.9189e-01 +2.6069e+00 -2.9313e+00
5710 0 +2.902515854e-04 -4.327970975e+01 -4.327970975e+01 -4.7939e-01 +2.6731e+00 -2.8784e+00
6650 0 +8.110717670e-05 -4.327991889e+01 -4.327991889e+01 -4.7870e-01 +2.6369e+00 -2.9085e+00
7374 0 +5.427850813e-05 -4.327994572e+01 -4.327994572e+01 -4.8263e-01 +2.6206e+00 -2.9212e+00
7583 0 +4.653004279e-05 -4.327995347e+01 -4.327995347e+01 -4.9286e-01 +2.6406e+00 -2.9030e+00
7831 0 +3.168255208e-05 -4.327996832e+01 -4.327996832e+01 -4.9286e-01 +2.6404e+00 -2.9032e+00
7901 0 +2.014789951e-05 -4.327997985e+01 -4.327997985e+01 -4.8104e-01 +2.6256e+00 -2.9174e+00
7914 0 +1.992907011e-05 -4.327998007e+01 -4.327998007e+01 -4.8941e-01 +2.6610e+00 -2.8868e+00
7968 0 +1.931801104e-05 -4.327998068e+01 -4.327998068e+01 -4.9437e-01 +2.6528e+00 -2.8927e+00
8036 0 +1.400381039e-05 -4.327998600e+01 -4.327998600e+01 -4.8104e-01 +2.6256e+00 -2.9174e+00
8155 0 +1.358461643e-05 -4.327998642e+01 -4.327998642e+01 -4.8309e-01 +2.6355e+00 -2.9089e+00
8186 0 +1.044142473e-05 -4.327998956e+01 -4.327998956e+01 -4.8808e-01 +2.6312e+00 -2.9117e+00
8200 0 +8.771976397e-06 -4.327999123e+01 -4.327999123e+01 -4.8865e-01 +2.6342e+00 -2.9091e+00
8260 0 +7.083027739e-06 -4.327999292e+01 -4.327999292e+01 -4.8625e-01 +2.6413e+00 -2.9036e+00
8286 0 +4.516746145e-06 -4.327999548e+01 -4.327999548e+01 -4.8625e-01 +2.6413e+00 -2.9036e+00
8316 0 +2.382132344e-06 -4.327999762e+01 -4.327999762e+01 -4.8562e-01 +2.6331e+00 -2.9105e+00
8539 0 +1.799698126e-06 -4.327999820e+01 -4.327999820e+01 -4.8594e-01 +2.6376e+00 -2.9067e+00
8845 0 +8.030438536e-07 -4.327999920e+01 -4.327999920e+01 -4.8644e-01 +2.6360e+00 -2.9079e+00
8993 0 +1.318294665e-07 -4.327999987e+01 -4.327999987e+01 -4.8773e-01 +2.6416e+00 -2.9031e+00
9364 0 +8.908305205e-08 -4.327999991e+01 -4.327999991e+01 -4.8759e-01 +2.6401e+00 -2.9044e+00
9416 0 +7.606003294e-08 -4.327999992e+01 -4.327999992e+01 -4.8736e-01 +2.6402e+00 -2.9044e+00
9432 0 +3.639367208e-08 -4.327999996e+01 -4.327999996e+01 -4.8745e-01 +2.6403e+00 -2.9042e+00
9487 0 +2.833866830e-08 -4.327999997e+01 -4.327999997e+01 -4.8768e-01 +2.6407e+00 -2.9038e+00
9511 0 +2.575202984e-08 -4.327999997e+01 -4.327999997e+01 -4.8806e-01 +2.6422e+00 -2.9026e+00
9599 0 +1.102407055e-08 -4.327999999e+01 -4.327999999e+01 -4.8803e-01 +2.6421e+00 -2.9026e+00
9737 0 +1.002335637e-08 -4.327999999e+01 -4.327999999e+01 -4.8805e-01 +2.6429e+00 -2.9019e+00
9767 0 +8.089244830e-09 -4.327999999e+01 -4.327999999e+01 -4.8796e-01 +2.6420e+00 -2.9027e+00
10579 0 +5.897504707e-13 -4.328000000e+01 -4.328000000e+01 -4.8799e-01 +2.6424e+00 -2.9024e+00
10926 0 +0.000000000e+00 -4.328000000e+01 -4.328000000e+01 -4.8800e-01 +2.6424e+00 -2.9024e+00
12002 0 +0.000000000e+00 -4.328000000e+01 -4.328000000e+01 -4.8800e-01 +2.6424e+00 -2.9024e+00
% f evaluations | g evaluations | best noise-free fitness - Fopt (-3.916000000000e+01) + sum g_i+ | measured fitness | best measured fitness or single-digit g-values | x1 | x2...
1 0 +2.874350744e+02 +2.482750744e+02 +2.482750744e+02 +2.9654e+00 -3.1657e+00 +2.7969e+00
2 0 +2.400155209e+02 +2.008555209e+02 +2.008555209e+02 +9.6850e-01 -5.4167e-01 -4.0003e+00
6 0 +1.433978295e+02 +1.042378295e+02 +1.042378295e+02 +1.1748e+00 +1.1165e+00 -4.9293e+00
7 0 +1.407855671e+01 -2.508144329e+01 -2.508144329e+01 -4.7694e+00 +2.4775e-01 -1.0014e+00
8 0 +6.305708624e+00 -3.285429138e+01 -3.285429138e+01 -4.5333e+00 +4.7376e+00 -2.6723e+00
34 0 +3.485834847e+00 -3.567416515e+01 -3.567416515e+01 -2.9828e+00 +3.9576e+00 -2.4630e-01
189 0 +3.400725775e+00 -3.575927423e+01 -3.575927423e+01 -4.7839e+00 +1.1839e+00 +6.9124e-01
214 0 +3.088459057e+00 -3.607154094e+01 -3.607154094e+01 -2.9828e+00 +3.0944e+00 -2.4630e-01
239 0 +2.326953218e-01 -3.892730468e+01 -3.892730468e+01 -4.0382e+00 +2.2568e+00 +2.8083e+00
503 0 +1.102814995e-01 -3.904971850e+01 -3.904971850e+01 -3.5560e+00 +2.2568e+00 +2.8083e+00
755 0 +7.411268776e-02 -3.908588731e+01 -3.908588731e+01 -3.7718e+00 +1.7583e+00 +2.5244e+00
1165 0 +5.684861413e-02 -3.910315139e+01 -3.910315139e+01 -3.4928e+00 +1.9538e+00 +2.5365e+00
1244 0 +1.419145106e-02 -3.914580855e+01 -3.914580855e+01 -3.7354e+00 +1.9538e+00 +2.5365e+00
1630 0 +8.094371646e-03 -3.915190563e+01 -3.915190563e+01 -3.7354e+00 +1.9107e+00 +2.5365e+00
1851 0 +2.018331814e-03 -3.915798167e+01 -3.915798167e+01 -3.7017e+00 +1.9107e+00 +2.5365e+00
3068 0 +9.761545247e-04 -3.915902385e+01 -3.915902385e+01 -3.6213e+00 +1.8815e+00 +2.5333e+00
3429 0 +9.268579653e-04 -3.915907314e+01 -3.915907314e+01 -3.6239e+00 +1.8092e+00 +2.4952e+00
3823 0 +3.651853696e-04 -3.915963481e+01 -3.915963481e+01 -3.6620e+00 +1.8750e+00 +2.5237e+00
5262 0 +2.942776024e-04 -3.915970572e+01 -3.915970572e+01 -3.6530e+00 +1.8757e+00 +2.5254e+00
5952 0 +1.501599046e-04 -3.915984984e+01 -3.915984984e+01 -3.6543e+00 +1.8757e+00 +2.5254e+00
6723 0 +9.023313692e-05 -3.915990977e+01 -3.915990977e+01 -3.6410e+00 +1.8518e+00 +2.5153e+00
7141 0 +8.079744381e-05 -3.915991920e+01 -3.915991920e+01 -3.6560e+00 +1.8882e+00 +2.5316e+00
7157 0 +7.584828111e-05 -3.915992415e+01 -3.915992415e+01 -3.6383e+00 +1.8461e+00 +2.5129e+00
7352 0 +3.879496858e-05 -3.915996121e+01 -3.915996121e+01 -3.6379e+00 +1.8515e+00 +2.5158e+00
7740 0 +2.826941223e-05 -3.915997173e+01 -3.915997173e+01 -3.6487e+00 +1.8773e+00 +2.5273e+00
7815 0 +1.851920187e-05 -3.915998148e+01 -3.915998148e+01 -3.6514e+00 +1.8955e+00 +2.5363e+00
7842 0 +1.234811094e-05 -3.915998765e+01 -3.915998765e+01 -3.6483e+00 +1.8802e+00 +2.5289e+00
7851 0 +1.146090599e-05 -3.915998854e+01 -3.915998854e+01 -3.6432e+00 +1.8799e+00 +2.5296e+00
8257 0 +5.301771317e-06 -3.915999470e+01 -3.915999470e+01 -3.6475e+00 +1.8829e+00 +2.5304e+00
8335 0 +2.760107904e-06 -3.915999724e+01 -3.915999724e+01 -3.6486e+00 +1.8856e+00 +2.5316e+00
8771 0 +1.026130441e-06 -3.915999897e+01 -3.915999897e+01 -3.6429e+00 +1.8770e+00 +2.5281e+00
8881 0 +1.252221935e-07 -3.915999987e+01 -3.915999987e+01 -3.6442e+00 +1.8799e+00 +2.5294e+00
9452 0 +7.401559543e-08 -3.915999993e+01 -3.915999993e+01 -3.6432e+00 +1.8770e+00 +2.5281e+00
9611 0 +6.987694690e-08 -3.915999993e+01 -3.915999993e+01 -3.6442e+00 +1.8788e+00 +2.5289e+00
9613 0 +1.968011532e-08 -3.915999998e+01 -3.915999998e+01 -3.6435e+00 +1.8773e+00 +2.5282e+00
9756 0 +1.520790249e-08 -3.915999998e+01 -3.915999998e+01 -3.6428e+00 +1.8762e+00 +2.5278e+00
9784 0 +1.426396778e-08 -3.915999999e+01 -3.915999999e+01 -3.6429e+00 +1.8762e+00 +2.5278e+00
9817 0 +1.084828227e-09 -3.916000000e+01 -3.916000000e+01 -3.6430e+00 +1.8763e+00 +2.5278e+00
12002 0 +1.165290087e-12 -3.916000000e+01 -3.916000000e+01 -3.6432e+00 +1.8767e+00 +2.5280e+00
% f evaluations | g evaluations | best noise-free fitness - Fopt (-1.732800000000e+02) + sum g_i+ | measured fitness | best measured fitness or single-digit g-values | x1 | x2...
1 0 +5.008977816e+01 -1.231902218e+02 -1.231902218e+02 +2.9654e+00 -3.1657e+00 +2.7969e+00
2 0 +1.185649465e+01 -1.614235054e+02 -1.614235054e+02 +9.6850e-01 -5.4167e-01 -4.0003e+00
3 0 +8.201648881e+00 -1.650783511e+02 -1.650783511e+02 -4.0751e-01 -1.6629e+00 -3.5713e+00
24 0 +6.083971782e+00 -1.671960282e+02 -1.671960282e+02 -7.6599e-01 -1.0512e+00 -2.0651e+00
28 0 +5.410696195e+00 -1.678693038e+02 -1.678693038e+02 -5.0549e-01 -4.0459e+00 -1.2918e+00
41 0 +1.902853545e+00 -1.713771465e+02 -1.713771465e+02 -3.7791e+00 -1.4370e+00 +4.0683e+00
56 0 +1.499776442e+00 -1.717802236e+02 -1.717802236e+02 -3.4928e+00 +8.1988e-02 +1.9581e+00
73 0 +1.221340978e-01 -1.731578659e+02 -1.731578659e+02 -3.2118e+00 -1.3353e+00 +2.4417e+00
252 0 +1.091172697e-01 -1.731708827e+02 -1.731708827e+02 -3.2118e+00 -1.3113e+00 +2.4417e+00
1544 0 +2.028538474e-02 -1.732597146e+02 -1.732597146e+02 -2.7070e+00 -8.2354e-01 +2.5618e+00
2042 0 +6.011638444e-03 -1.732739884e+02 -1.732739884e+02 -3.0398e+00 -1.0093e+00 +2.4505e+00
2275 0 +2.838819946e-03 -1.732771612e+02 -1.732771612e+02 -3.0236e+00 -9.8557e-01 +2.4454e+00
3731 0 +1.781550002e-03 -1.732782184e+02 -1.732782184e+02 -2.9257e+00 -8.7858e-01 +2.4547e+00
4887 0 +1.751182043e-03 -1.732782488e+02 -1.732782488e+02 -2.9563e+00 -9.0723e-01 +2.4521e+00
5004 0 +5.202426194e-04 -1.732794798e+02 -1.732794798e+02 -2.9563e+00 -9.1067e-01 +2.4521e+00
5312 0 +2.781979264e-04 -1.732797218e+02 -1.732797218e+02 -2.9025e+00 -9.1040e-01 +2.4897e+00
5396 0 +2.504315458e-04 -1.732797496e+02 -1.732797496e+02 -2.9662e+00 -9.3985e-01 +2.4600e+00
6499 0 +1.749524547e-04 -1.732798250e+02 -1.732798250e+02 -2.9061e+00 -8.9217e-01 +2.4777e+00
6549 0 +1.048104842e-04 -1.732798952e+02 -1.732798952e+02 -2.9060e+00 -8.9217e-01 +2.4777e+00
7235 0 +5.218334840e-05 -1.732799478e+02 -1.732799478e+02 -2.9057e+00 -8.9217e-01 +2.4777e+00
7567 0 +4.854591913e-05 -1.732799515e+02 -1.732799515e+02 -2.9245e+00 -9.0460e-01 +2.4709e+00
7761 0 +2.254021445e-05 -1.732799775e+02 -1.732799775e+02 -2.9133e+00 -8.9931e-01 +2.4762e+00
7913 0 +1.489691223e-05 -1.732799851e+02 -1.732799851e+02 -2.9273e+00 -9.1409e-01 +2.4741e+00
8298 0 +2.664923301e-06 -1.732799973e+02 -1.732799973e+02 -2.9079e+00 -8.9845e-01 +2.4795e+00
8762 0 +2.086079292e-06 -1.732799979e+02 -1.732799979e+02 -2.9173e+00 -9.0527e-01 +2.4764e+00
8850 0 +5.269542953e-07 -1.732799995e+02 -1.732799995e+02 -2.9175e+00 -9.0539e-01 +2.4764e+00
9072 0 +3.928474257e-07 -1.732799996e+02 -1.732799996e+02 -2.9181e+00 -9.0506e-01 +2.4758e+00
9142 0 +3.735202370e-07 -1.732799996e+02 -1.732799996e+02 -2.9213e+00 -9.0723e-01 +2.4747e+00
9203 0 +2.992542250e-07 -1.732799997e+02 -1.732799997e+02 -2.9175e+00 -9.0477e-01 +2.4760e+00
9246 0 +1.910262313e-07 -1.732799998e+02 -1.732799998e+02 -2.9165e+00 -9.0406e-01 +2.4764e+00
9347 0 +1.551751438e-08 -1.732800000e+02 -1.732800000e+02 -2.9174e+00 -9.0477e-01 +2.4761e+00
9534 0 +3.721027042e-09 -1.732800000e+02 -1.732800000e+02 -2.9175e+00 -9.0475e-01 +2.4760e+00
12002 0 +2.330580173e-11 -1.732800000e+02 -1.732800000e+02 -2.9178e+00 -9.0495e-01 +2.4759e+00
% f evaluations | g evaluations | best noise-free fitness - Fopt (-1.017000000000e+01) + sum g_i+ | measured fitness | best measured fitness or single-digit g-values | x1 | x2...
1 0 +1.118255974e+01 +1.012559741e+00 +1.012559741e+00 +2.9654e+00 -3.1657e+00 +2.7969e+00
10 0 +4.049477523e+00 -6.120522477e+00 -6.120522477e+00 +4.8323e+00 -3.3237e-01 +3.5994e+00
14 0 +7.850250137e-01 -9.384974986e+00 -9.384974986e+00 +1.8326e+00 +1.1000e+00 +3.3319e+00
78 0 +7.533605709e-01 -9.416639429e+00 -9.416639429e+00 +1.4510e+00 +1.6892e+00 +3.6417e+00
119 0 +4.221714348e-01 -9.747828565e+00 -9.747828565e+00 +1.6884e+00 +1.6592e+00 +1.9615e+00
208 0 +3.572333915e-01 -9.812766608e+00 -9.812766608e+00 +1.6884e+00 +1.6592e+00 +2.0120e+00
296 0 +1.982826215e-01 -9.971717379e+00 -9.971717379e+00 +1.6884e+00 +1.6592e+00 +2.3776e+00
383 0 +1.588970825e-01 -1.001110292e+01 -1.001110292e+01 +1.6884e+00 +2.1264e+00 +2.3776e+00
912 0 +1.179613645e-01 -1.005203864e+01 -1.005203864e+01 +1.5072e+00 +1.5954e+00 +2.6635e+00
1314 0 +1.162157939e-01 -1.005378421e+01 -1.005378421e+01 +1.5072e+00 +1.5986e+00 +2.6635e+00
1392 0 +5.153133068e-02 -1.011846867e+01 -1.011846867e+01 +1.5072e+00 +1.7181e+00 +2.6635e+00
1469 0 +1.654271744e-02 -1.015345728e+01 -1.015345728e+01 +1.4651e+00 +1.7181e+00 +2.6635e+00
1620 0 +1.454908394e-02 -1.015545092e+01 -1.015545092e+01 +1.4651e+00 +1.7218e+00 +2.6635e+00
1695 0 +7.718087986e-03 -1.016228191e+01 -1.016228191e+01 +1.4651e+00 +1.7218e+00 +2.5161e+00
1842 0 +5.356531669e-03 -1.016464347e+01 -1.016464347e+01 +1.4651e+00 +1.7218e+00 +2.5970e+00
2331 0 +4.255709356e-03 -1.016574429e+01 -1.016574429e+01 +1.4651e+00 +1.7218e+00 +2.5886e+00
2967 0 +1.035106404e-03 -1.016896489e+01 -1.016896489e+01 +1.4651e+00 +1.7301e+00 +2.5886e+00
4210 0 +1.019390731e-03 -1.016898061e+01 -1.016898061e+01 +1.4230e+00 +1.6926e+00 +2.6969e+00
4594 0 +9.111537015e-04 -1.016908885e+01 -1.016908885e+01 +1.4651e+00 +1.7300e+00 +2.5934e+00
4642 0 +6.363102741e-04 -1.016936369e+01 -1.016936369e+01 +1.4443e+00 +1.7187e+00 +2.6754e+00
5045 0 +4.142888586e-04 -1.016958571e+01 -1.016958571e+01 +1.4443e+00 +1.7187e+00 +2.6738e+00
5426 0 +3.037406466e-04 -1.016969626e+01 -1.016969626e+01 +1.4516e+00 +1.7335e+00 +2.6832e+00
5512 0 +1.558149376e-04 -1.016984419e+01 -1.016984419e+01 +1.4443e+00 +1.7197e+00 +2.6738e+00
5971 0 +1.366287247e-04 -1.016986337e+01 -1.016986337e+01 +1.4457e+00 +1.7226e+00 +2.6770e+00
6440 0 +7.077970796e-05 -1.016992922e+01 -1.016992922e+01 +1.4457e+00 +1.7226e+00 +2.6785e+00
6641 0 +6.871981789e-05 -1.016993128e+01 -1.016993128e+01 +1.4572e+00 +1.7337e+00 +2.6530e+00
6685 0 +3.407953526e-05 -1.016996592e+01 -1.016996592e+01 +1.4382e+00 +1.7158e+00 +2.6964e+00
7304 0 +2.646031996e-05 -1.016997354e+01 -1.016997354e+01 +1.4438e+00 +1.7206e+00 +2.6818e+00
7652 0 +2.117898537e-05 -1.016997882e+01 -1.016997882e+01 +1.4516e+00 +1.7290e+00 +2.6676e+00
7913 0 +1.499736488e-05 -1.016998500e+01 -1.016998500e+01 +1.4515e+00 +1.7291e+00 +2.6690e+00
7999 0 +1.407069056e-05 -1.016998593e+01 -1.016998593e+01 +1.4459e+00 +1.7228e+00 +2.6773e+00
8044 0 +6.428659422e-06 -1.016999357e+01 -1.016999357e+01 +1.4459e+00 +1.7227e+00 +2.6773e+00
8334 0 +4.806463792e-06 -1.016999519e+01 -1.016999519e+01 +1.4474e+00 +1.7244e+00 +2.6750e+00
8827 0 +3.657759457e-06 -1.016999634e+01 -1.016999634e+01 +1.4417e+00 +1.7215e+00 +2.6971e+00
8936 0 +2.282085514e-06 -1.016999772e+01 -1.016999772e+01 +1.4472e+00 +1.7246e+00 +2.6767e+00
9200 0 +1.301025366e-06 -1.016999870e+01 -1.016999870e+01 +1.4475e+00 +1.7254e+00 +2.6778e+00
9205 0 +7.188799511e-07 -1.016999928e+01 -1.016999928e+01 +1.4429e+00 +1.7219e+00 +2.6920e+00
9331 0 +3.984789316e-07 -1.016999960e+01 -1.016999960e+01 +1.4429e+00 +1.7219e+00 +2.6917e+00
9335 0 +2.358963851e-07 -1.016999976e+01 -1.016999976e+01 +1.4446e+00 +1.7232e+00 +2.6871e+00
9404 0 +2.025693622e-07 -1.016999980e+01 -1.016999980e+01 +1.4445e+00 +1.7232e+00 +2.6873e+00
9509 0 +1.497797015e-07 -1.016999985e+01 -1.016999985e+01 +1.4438e+00 +1.7227e+00 +2.6895e+00
9547 0 +8.960650177e-08 -1.016999991e+01 -1.016999991e+01 +1.4445e+00 +1.7231e+00 +2.6872e+00
9733 0 +8.396478179e-08 -1.016999992e+01 -1.016999992e+01 +1.4442e+00 +1.7229e+00 +2.6881e+00
9741 0 +8.272578000e-08 -1.016999992e+01 -1.016999992e+01 +1.4445e+00 +1.7230e+00 +2.6867e+00
9786 0 +5.454071861e-08 -1.016999995e+01 -1.016999995e+01 +1.4441e+00 +1.7228e+00 +2.6879e+00
9839 0 +2.514190811e-08 -1.016999997e+01 -1.016999997e+01 +1.4446e+00 +1.7230e+00 +2.6863e+00
9874 0 +2.264453869e-08 -1.016999998e+01 -1.016999998e+01 +1.4447e+00 +1.7232e+00 +2.6862e+00
9902 0 +1.846040121e-08 -1.016999998e+01 -1.016999998e+01 +1.4446e+00 +1.7231e+00 +2.6864e+00
9942 0 +1.379463122e-08 -1.016999999e+01 -1.016999999e+01 +1.4447e+00 +1.7232e+00 +2.6862e+00
10012 0 +9.423599678e-09 -1.016999999e+01 -1.016999999e+01 +1.4447e+00 +1.7232e+00 +2.6860e+00
10756 0 +5.986322549e-13 -1.017000000e+01 -1.017000000e+01 +1.4448e+00 +1.7232e+00 +2.6855e+00
12002 0 +8.881784197e-14 -1.017000000e+01 -1.017000000e+01 +1.4448e+00 +1.7232e+00 +2.6856e+00
