% f evaluations | g evaluations | best noise-free fitness - Fopt (-9.210000000000e+00) + sum g_i+ | measured fitness | best measured fitness or single-digit g-values | x1 | x2...
1 0 +4.988752968e+01 +4.067752968e+01 +4.067752968e+01 +2.9654e+00 -3.1657e+00 +2.7969e+00
5 0 +3.299146633e+01 +2.378146633e+01 +2.378146633e+01 +4.3855e+00 -4.9922e+00 +4.9221e+00
10 0 +3.103608856e+01 +2.182608856e+01 +2.182608856e+01 +4.8323e+00 -3.3237e-01 +3.5994e+00
20 0 +2.156612055e+01 +1.235612055e+01 +1.235612055e+01 +2.0834e-01 +4.6117e+00 +3.4453e+00
27 0 +2.117458336e+01 +1.196458336e+01 +1.196458336e+01 +1.5108e+00 +4.1496e+00 +3.5004e+00
54 0 +2.037685361e+01 +1.116685361e+01 +1.116685361e+01 +3.0314e+00 -2.9699e-01 +4.8342e+00
86 0 +1.797781531e+01 +8.767815311e+00 +8.767815311e+00 -1.0531e+00 +3.4421e+00 +4.3002e+00
176 0 +1.494415833e+01 +5.734158327e+00 +5.734158327e+00 -1.0531e+00 +3.4421e+00 +4.6035e+00
315 0 +1.403257390e+01 +4.822573895e+00 +4.822573895e+00 -3.1856e+00 +4.5797e+00 +4.5482e+00
402 0 +1.353472553e+01 +4.324725527e+00 +4.324725527e+00 -2.6878e+00 +4.5797e+00 +4.5482e+00
523 0 +1.327759898e+01 +4.067598975e+00 +4.067598975e+00 +2.3030e+00 +1.7816e+00 +4.9597e+00
597 0 +1.288264431e+01 +3.672644306e+00 +3.672644306e+00 +1.4575e+00 +2.2216e+00 +4.9446e+00
612 0 +1.255144142e+01 +3.341441416e+00 +3.341441416e+00 +1.3396e+00 +3.4421e+00 +4.6035e+00
625 0 +6.267240624e+00 -2.942759376e+00 -2.942759376e+00 +4.8323e+00 +3.2041e+00 +4.9580e+00
794 0 +4.403958506e+00 -4.806041494e+00 -4.806041494e+00 +4.8323e+00 +3.7933e+00 +4.9580e+00
1214 0 +3.836312868e+00 -5.373687132e+00 -5.373687132e+00 +4.7861e+00 +3.8746e+00 +4.9936e+00
1325 0 +2.078918898e+00 -7.131081102e+00 -7.131081102e+00 +4.9625e+00 +4.9650e+00 +4.8069e+00
1405 0 +1.904526914e+00 -7.305473086e+00 -7.305473086e+00 +3.6434e+00 +4.9512e+00 +4.9606e+00
1482 0 +1.248761591e+00 -7.961238409e+00 -7.961238409e+00 +4.2992e+00 +4.9512e+00 +4.9606e+00
1853 0 +5.318956463e-01 -8.678104354e+00 -8.678104354e+00 +4.9625e+00 +4.9650e+00 +4.9616e+00
2275 0 +3.673620825e-01 -8.842637918e+00 -8.842637918e+00 +4.9625e+00 +4.9650e+00 +4.9781e+00
2858 0 +2.238446098e-01 -8.986155390e+00 -8.986155390e+00 +4.9625e+00 +4.9650e+00 +4.9924e+00
2884 0 +2.017663718e-01 -9.008233628e+00 -9.008233628e+00 +4.8323e+00 +4.9921e+00 +4.9991e+00
3040 0 +1.993606194e-01 -9.010639381e+00 -9.010639381e+00 +4.9625e+00 +4.9727e+00 +4.9924e+00
3065 0 +1.863407069e-01 -9.023659293e+00 -9.023659293e+00 +4.8457e+00 +4.9928e+00 +4.9991e+00
3071 0 +1.772887548e-01 -9.032711245e+00 -9.032711245e+00 +4.9754e+00 +4.9832e+00 +4.9900e+00
3362 0 +1.418648531e-01 -9.068135147e+00 -9.068135147e+00 +4.9552e+00 +4.9739e+00 +4.9985e+00
3443 0 +1.060740570e-01 -9.103925943e+00 -9.103925943e+00 +4.9639e+00 +4.9870e+00 +4.9971e+00
3482 0 +1.031916014e-01 -9.106808399e+00 -9.106808399e+00 +4.9784e+00 +4.9766e+00 +4.9992e+00
3606 0 +8.009727510e-02 -9.129902725e+00 -9.129902725e+00 +4.9639e+00 +4.9870e+00 +4.9997e+00
3659 0 +7.133237084e-02 -9.138667629e+00 -9.138667629e+00 +4.9639e+00 +4.9898e+00 +4.9997e+00
3675 0 +6.779381680e-02 -9.142206183e+00 -9.142206183e+00 +4.9543e+00 +4.9944e+00 +4.9996e+00
3727 0 +6.289649936e-02 -9.147103501e+00 -9.147103501e+00 +4.9592e+00 +4.9944e+00 +4.9996e+00
3880 0 +3.557169917e-02 -9.174428301e+00 -9.174428301e+00 +4.9865e+00 +4.9944e+00 +4.9996e+00
3930 0 +2.228012782e-02 -9.187719872e+00 -9.187719872e+00 +4.9865e+00 +4.9986e+00 +4.9996e+00
4028 0 +1.485488170e-02 -9.195145118e+00 -9.195145118e+00 +4.9939e+00 +4.9986e+00 +4.9996e+00
4323 0 +1.323414491e-02 -9.196765855e+00 -9.196765855e+00 +4.9980e+00 +4.9986e+00 +4.9993e+00
4382 0 +7.385852237e-03 -9.202614148e+00 -9.202614148e+00 +4.9959e+00 +4.9992e+00 +4.9999e+00
4890 0 +7.179995255e-03 -9.202820005e+00 -9.202820005e+00 +4.9959e+00 +4.9993e+00 +4.9999e+00
5012 0 +5.934689893e-03 -9.204065310e+00 -9.204065310e+00 +4.9967e+00 +4.9998e+00 +4.9998e+00
5088 0 +5.621611752e-03 -9.204378388e+00 -9.204378388e+00 +4.9967e+00 +4.9998e+00 +4.9998e+00
5125 0 +5.461157819e-03 -9.204538842e+00 -9.204538842e+00 +4.9969e+00 +4.9998e+00 +4.9998e+00
5139 0 +2.287310398e-03 -9.207712690e+00 -9.207712690e+00 +4.9992e+00 +4.9996e+00 +5.0000e+00
5321 0 +2.030802004e-03 -9.207969198e+00 -9.207969198e+00 +4.9994e+00 +4.9996e+00 +5.0000e+00
5404 0 +1.560003023e-03 -9.208439997e+00 -9.208439997e+00 +4.9996e+00 +4.9997e+00 +5.0000e+00
5540 0 +1.267477265e-03 -9.208732523e+00 -9.208732523e+00 +4.9996e+00 +4.9998e+00 +5.0000e+00
5654 0 +1.236347087e-03 -9.208763653e+00 -9.208763653e+00 +4.9993e+00 +4.9999e+00 +5.0000e+00
5735 0 +9.507921984e-04 -9.209049208e+00 -9.209049208e+00 +4.9999e+00 +4.9998e+00 +5.0000e+00
5885 0 +9.321635242e-04 -9.209067836e+00 -9.209067836e+00 +4.9999e+00 +4.9999e+00 +5.0000e+00
5915 0 +8.848466735e-04 -9.209115153e+00 -9.209115153e+00 +4.9999e+00 +4.9999e+00 +5.0000e+00
6014 0 +4.252876831e-04 -9.209574712e+00 -9.209574712e+00 +4.9997e+00 +5.0000e+00 +5.0000e+00
6130 0 +4.073165575e-04 -9.209592683e+00 -9.209592683e+00 +4.9997e+00 +5.0000e+00 +5.0000e+00
6166 0 +3.655106851e-04 -9.209634489e+00 -9.209634489e+00 +4.9999e+00 +4.9999e+00 +5.0000e+00
6185 0 +1.738432753e-04 -9.209826157e+00 -9.209826157e+00 +5.0000e+00 +5.0000e+00 +5.0000e+00
6294 0 +1.121842881e-04 -9.209887816e+00 -9.209887816e+00 +5.0000e+00 +5.0000e+00 +5.0000e+00
6599 0 +6.637078203e-05 -9.209933629e+00 -9.209933629e+00 +5.0000e+00 +5.0000e+00 +5.0000e+00
6719 0 +6.392879073e-05 -9.209936071e+00 -9.209936071e+00 +5.0000e+00 +5.0000e+00 +5.0000e+00
6765 0 +6.189110305e-05 -9.209938109e+00 -9.209938109e+00 +5.0000e+00 +5.0000e+00 +5.0000e+00
6805 0 +5.709208545e-05 -9.209942908e+00 -9.209942908e+00 +5.0000e+00 +5.0000e+00 +5.0000e+00
6844 0 +3.082571090e-05 -9.209969174e+00 -9.209969174e+00 +5.0000e+00 +5.0000e+00 +5.0000e+00
6866 0 +2.309086800e-05 -9.209976909e+00 -9.209976909e+00 +5.0000e+00 +5.0000e+00 +5.0000e+00
6954 0 +2.252917516e-05 -9.209977471e+00 -9.209977471e+00 +5.0000e+00 +5.0000e+00 +5.0000e+00
6967 0 +1.830692819e-05 -9.209981693e+00 -9.209981693e+00 +5.0000e+00 +5.0000e+00 +5.0000e+00
7060 0 +1.238927494e-05 -9.209987611e+00 -9.209987611e+00 +5.0000e+00 +5.0000e+00 +5.0000e+00
7076 0 +1.172033430e-05 -9.209988280e+00 -9.209988280e+00 +5.0000e+00 +5.0000e+00 +5.0000e+00
7081 0 +1.136592283e-05 -9.209988634e+00 -9.209988634e+00 +5.0000e+00 +5.0000e+00 +5.0000e+00
7163 0 +9.384518286e-06 -9.209990615e+00 -9.209990615e+00 +5.0000e+00 +5.0000e+00 +5.0000e+00
7243 0 +9.329949048e-06 -9.209990670e+00 -9.209990670e+00 +5.0000e+00 +5.0000e+00 +5.0000e+00
7270 0 +8.854837194e-06 -9.209991145e+00 -9.209991145e+00 +5.0000e+00 +5.0000e+00 +5.0000e+00
7273 0 +7.437357240e-06 -9.209992563e+00 -9.209992563e+00 +5.0000e+00 +5.0000e+00 +5.0000e+00
7363 0 +5.708636344e-06 -9.209994291e+00 -9.209994291e+00 +5.0000e+00 +5.0000e+00 +5.0000e+00
7386 0 +3.266204354e-06 -9.209996734e+00 -9.209996734e+00 +5.0000e+00 +5.0000e+00 +5.0000e+00
7441 0 +2.954366833e-06 -9.209997046e+00 -9.209997046e+00 +5.0000e+00 +5.0000e+00 +5.0000e+00
7531 0 +2.826886643e-06 -9.209997173e+00 -9.209997173e+00 +5.0000e+00 +5.0000e+00 +5.0000e+00
7535 0 +1.733317291e-06 -9.209998267e+00 -9.209998267e+00 +5.0000e+00 +5.0000e+00 +5.0000e+00
7617 0 +1.656188978e-06 -9.209998344e+00 -9.209998344e+00 +5.0000e+00 +5.0000e+00 +5.0000e+00
7634 0 +1.416227772e-06 -9.209998584e+00 -9.209998584e+00 +5.0000e+00 +5.0000e+00 +5.0000e+00
12002 0 +1.416227772e-06 -9.209998584e+00 -9.209998584e+00 +5.0000e+00 +5.0000e+00 +5.0000e+00
% f evaluations | g evaluations | best noise-free fitness - Fopt (6.559900000000e+02) + sum g_i+ | measured fitness | best measured fitness or single-digit g-values | x1 | x2...
1 0 +8.580438724e+01 +7.417943872e+02 +7.417943872e+02 +2.9654e+00 -3.1657e+00 +2.7969e+00
2 0 +2.812746013e+01 +6.841174601e+02 +6.841174601e+02 +9.6850e-01 -5.4167e-01 -4.0003e+00
6 0 +2.387398710e+01 +6.798639871e+02 +6.798639871e+02 +1.1748e+00 +1.1165e+00 -4.9293e+00
11 0 +1.876945767e+01 +6.747594577e+02 +6.747594577e+02 +1.8031e+00 -4.9501e-01 -4.8674e+00
23 0 +1.382710501e+01 +6.698171050e+02 +6.698171050e+02 -2.0373e+00 -3.3473e+00 -4.8436e+00
113 0 +1.278555384e+01 +6.687755538e+02 +6.687755538e+02 -2.0373e+00 -3.6767e+00 -4.8436e+00
203 0 +1.162234803e+01 +6.676123480e+02 +6.676123480e+02 -8.7406e-01 -3.6767e+00 -4.8436e+00
292 0 +1.109831129e+01 +6.670883113e+02 +6.670883113e+02 -8.7406e-01 -3.6767e+00 -4.8960e+00
417 0 +8.074537788e+00 +6.640645378e+02 +6.640645378e+02 +2.1277e+00 -4.4490e+00 -4.6540e+00
808 0 +6.139919892e+00 +6.621299199e+02 +6.621299199e+02 +3.0894e+00 -3.9913e+00 -4.8960e+00
890 0 +5.886381917e+00 +6.618763819e+02 +6.618763819e+02 +3.3429e+00 -3.9913e+00 -4.8960e+00
1054 0 +5.578306902e+00 +6.615683069e+02 +6.615683069e+02 +3.3429e+00 -4.0887e+00 -4.8960e+00
1115 0 +3.739109977e+00 +6.597291100e+02 +6.597291100e+02 +3.7538e+00 -4.3587e+00 -4.9535e+00
1406 0 +3.003734444e+00 +6.589937344e+02 +6.589937344e+02 +4.8217e+00 -4.1261e+00 -4.9938e+00
1434 0 +9.169766231e-01 +6.569069766e+02 +6.569069766e+02 +4.7922e+00 -4.9992e+00 -4.9293e+00
1661 0 +5.512197252e-01 +6.565412197e+02 +6.565412197e+02 +4.7922e+00 -4.9992e+00 -4.9659e+00
1735 0 +5.191338805e-01 +6.565091339e+02 +6.565091339e+02 +4.8243e+00 -4.9992e+00 -4.9659e+00
2436 0 +3.990373591e-01 +6.563890374e+02 +6.563890374e+02 +4.9444e+00 -4.9992e+00 -4.9659e+00
2506 0 +3.453009926e-01 +6.563353010e+02 +6.563353010e+02 +4.9215e+00 -4.9208e+00 -4.9984e+00
2799 0 +2.437711088e-01 +6.562337711e+02 +6.562337711e+02 +4.8217e+00 -4.9989e+00 -4.9938e+00
2946 0 +2.152647187e-01 +6.562052647e+02 +6.562052647e+02 +4.9554e+00 -4.9962e+00 -4.9841e+00
3066 0 +1.718829806e-01 +6.561618830e+02 +6.561618830e+02 +4.9988e+00 -4.9962e+00 -4.9841e+00
3218 0 +1.529272146e-01 +6.561429272e+02 +6.561429272e+02 +4.9125e+00 -4.9989e+00 -4.9938e+00
3294 0 +1.493619456e-01 +6.561393619e+02 +6.561393619e+02 +4.9444e+00 -4.9992e+00 -4.9909e+00
3353 0 +1.417825595e-01 +6.561317826e+02 +6.561317826e+02 +4.9988e+00 -4.9962e+00 -4.9872e+00
3389 0 +1.352982456e-01 +6.561252982e+02 +6.561252982e+02 +4.9125e+00 -4.9989e+00 -4.9956e+00
3405 0 +1.245131304e-01 +6.561145131e+02 +6.561145131e+02 +4.9129e+00 -4.9922e+00 -4.9987e+00
3485 0 +6.501264112e-02 +6.560550126e+02 +6.560550126e+02 +4.9518e+00 -4.9998e+00 -4.9984e+00
3593 0 +4.075978527e-02 +6.560307598e+02 +6.560307598e+02 +4.9760e+00 -4.9998e+00 -4.9984e+00
3646 0 +2.537238690e-02 +6.560153724e+02 +6.560153724e+02 +4.9914e+00 -4.9998e+00 -4.9984e+00
4238 0 +2.315983713e-02 +6.560131598e+02 +6.560131598e+02 +4.9904e+00 -4.9975e+00 -4.9994e+00
4273 0 +1.369122570e-02 +6.560036912e+02 +6.560036912e+02 +4.9962e+00 -4.9993e+00 -4.9992e+00
4364 0 +1.314510461e-02 +6.560031451e+02 +6.560031451e+02 +4.9962e+00 -4.9993e+00 -4.9993e+00
4403 0 +1.127475133e-02 +6.560012748e+02 +6.560012748e+02 +4.9957e+00 -4.9992e+00 -4.9996e+00
4578 0 +9.716995924e-03 +6.559997170e+02 +6.559997170e+02 +4.9957e+00 -4.9997e+00 -4.9996e+00
4665 0 +4.038032229e-03 +6.559940380e+02 +6.559940380e+02 +4.9996e+00 -4.9991e+00 -4.9999e+00
4927 0 +3.245201320e-03 +6.559932452e+02 +6.559932452e+02 +4.9979e+00 -4.9997e+00 -5.0000e+00
4966 0 +3.154239673e-03 +6.559931542e+02 +6.559931542e+02 +4.9979e+00 -4.9997e+00 -5.0000e+00
5222 0 +2.990530902e-03 +6.559929905e+02 +6.559929905e+02 +4.9991e+00 -4.9995e+00 -5.0000e+00
5266 0 +2.152011075e-03 +6.559921520e+02 +6.559921520e+02 +4.9980e+00 -5.0000e+00 -5.0000e+00
5302 0 +2.113877378e-03 +6.559921139e+02 +6.559921139e+02 +4.9980e+00 -5.0000e+00 -5.0000e+00
5373 0 +1.131674951e-03 +6.559911317e+02 +6.559911317e+02 +4.9990e+00 -5.0000e+00 -5.0000e+00
5477 0 +8.925301643e-04 +6.559908925e+02 +6.559908925e+02 +4.9992e+00 -5.0000e+00 -5.0000e+00
5500 0 +7.705347963e-04 +6.559907705e+02 +6.559907705e+02 +4.9997e+00 -4.9999e+00 -5.0000e+00
5599 0 +7.444679781e-04 +6.559907445e+02 +6.559907445e+02 +4.9997e+00 -4.9999e+00 -5.0000e+00
5632 0 +7.399997259e-04 +6.559907400e+02 +6.559907400e+02 +4.9997e+00 -4.9999e+00 -5.0000e+00
5723 0 +6.621553830e-04 +6.559906622e+02 +6.559906622e+02 +4.9999e+00 -4.9999e+00 -5.0000e+00
5791 0 +6.268971308e-04 +6.559906269e+02 +6.559906269e+02 +4.9997e+00 -5.0000e+00 -5.0000e+00
5879 0 +5.831603711e-04 +6.559905832e+02 +6.559905832e+02 +4.9999e+00 -4.9999e+00 -5.0000e+00
5944 0 +5.507625135e-04 +6.559905508e+02 +6.559905508e+02 +4.9997e+00 -5.0000e+00 -5.0000e+00
5998 0 +5.103333457e-04 +6.559905103e+02 +6.559905103e+02 +4.9999e+00 -4.9999e+00 -5.0000e+00
6027 0 +4.782530846e-04 +6.559904783e+02 +6.559904783e+02 +5.0000e+00 -4.9999e+00 -5.0000e+00
6091 0 +3.295157638e-04 +6.559903295e+02 +6.559903295e+02 +5.0000e+00 -4.9999e+00 -5.0000e+00
6107 0 +2.862176303e-04 +6.559902862e+02 +6.559902862e+02 +4.9999e+00 -5.0000e+00 -5.0000e+00
6206 0 +1.014205952e-04 +6.559901014e+02 +6.559901014e+02 +5.0000e+00 -5.0000e+00 -5.0000e+00
6394 0 +9.967355584e-05 +6.559900997e+02 +6.559900997e+02 +5.0000e+00 -5.0000e+00 -5.0000e+00
6420 0 +7.628678145e-05 +6.559900763e+02 +6.559900763e+02 +5.0000e+00 -5.0000e+00 -5.0000e+00
6444 0 +5.634958029e-05 +6.559900563e+02 +6.559900563e+02 +5.0000e+00 -5.0000e+00 -5.0000e+00
6495 0 +4.717986781e-05 +6.559900472e+02 +6.559900472e+02 +5.0000e+00 -5.0000e+00 -5.0000e+00
6545 0 +3.346392430e-05 +6.559900335e+02 +6.559900335e+02 +5.0000e+00 -5.0000e+00 -5.0000e+00
6691 0 +3.253686941e-05 +6.559900325e+02 +6.559900325e+02 +5.0000e+00 -5.0000e+00 -5.0000e+00
6709 0 +2.811201716e-05 +6.559900281e+02 +6.559900281e+02 +5.0000e+00 -5.0000e+00 -5.0000e+00
6778 0 +2.663631642e-05 +6.559900266e+02 +6.559900266e+02 +5.0000e+00 -5.0000e+00 -5.0000e+00
6832 0 +2.053747698e-05 +6.559900205e+02 +6.559900205e+02 +5.0000e+00 -5.0000e+00 -5.0000e+00
6910 0 +1.747017518e-05 +6.559900175e+02 +6.559900175e+02 +5.0000e+00 -5.0000e+00 -5.0000e+00
6954 0 +1.620665762e-05 +6.559900162e+02 +6.559900162e+02 +5.0000e+00 -5.0000e+00 -5.0000e+00
6976 0 +1.452934157e-05 +6.559900145e+02 +6.559900145e+02 +5.0000e+00 -5.0000e+00 -5.0000e+00
7042 0 +1.224892321e-05 +6.559900122e+02 +6.559900122e+02 +5.0000e+00 -5.0000e+00 -5.0000e+00
7081 0 +3.858849027e-06 +6.559900039e+02 +6.559900039e+02 +5.0000e+00 -5.0000e+00 -5.0000e+00
7143 0 +3.450619033e-06 +6.559900035e+02 +6.559900035e+02 +5.0000e+00 -5.0000e+00 -5.0000e+00
7339 0 +2.718349151e-06 +6.559900027e+02 +6.559900027e+02 +5.0000e+00 -5.0000e+00 -5.0000e+00
7396 0 +2.071421022e-06 +6.559900021e+02 +6.559900021e+02 +5.0000e+00 -5.0000e+00 -5.0000e+00
7541 0 +1.673675115e-06 +6.559900017e+02 +6.559900017e+02 +5.0000e+00 -5.0000e+00 -5.0000e+00
7573 0 +1.652753781e-06 +6.559900017e+02 +6.559900017e+02 +5.0000e+00 -5.0000e+00 -5.0000e+00
7594 0 +1.426401013e-06 +6.559900014e+02 +6.559900014e+02 +5.0000e+00 -5.0000e+00 -5.0000e+00
12002 0 +1.416227747e-06 +6.559900014e+02 +6.559900014e+02 +5.0000e+00 -5.0000e+00 -5.0000e+00
% f evaluations | g evaluations | best noise-free fitness - Fopt (6.671000000000e+01) + sum g_i+ | measured fitness | best measured fitness or single-digit g-values | x1 | x2...
1 0 +9.173524692e+01 +1.584452469e+02 +1.584452469e+02 +2.9654e+00 -3.1657e+00 +2.7969e+00
2 0 +3.006446336e+01 +9.677446336e+01 +9.677446336e+01 +9.6850e-01 -5.4167e-01 -4.0003e+00
3 0 +2.943196319e+01 +9.614196319e+01 +9.614196319e+01 -4.0751e-01 -1.6629e+00 -3.5713e+00
6 0 +2.622361725e+01 +9.293361725e+01 +9.293361725e+01 +1.1748e+00 +1.1165e+00 -4.9293e+00
11 0 +2.237560844e+01 +8.908560844e+01 +8.908560844e+01 +1.8031e+00 -4.9501e-01 -4.8674e+00
23 0 +9.752575132e+00 +7.646257513e+01 +7.646257513e+01 -2.0373e+00 -3.3473e+00 -4.8436e+00
107 0 +9.356122086e+00 +7.606612209e+01 +7.606612209e+01 +6.7700e-01 -4.6869e+00 -4.7311e+00
197 0 +9.298601735e+00 +7.600860174e+01 +7.600860174e+01 +6.7700e-01 -4.7051e+00 -4.7311e+00
203 0 +8.050493927e+00 +7.476049393e+01 +7.476049393e+01 -2.0373e+00 -3.8856e+00 -4.8436e+00
956 0 +6.245668186e+00 +7.295566819e+01 +7.295566819e+01 -7.2206e-02 -4.8067e+00 -4.9293e+00
1142 0 +2.913195758e+00 +6.962319576e+01 +6.962319576e+01 -3.1028e+00 -4.9929e+00 -4.9006e+00
1221 0 +2.677244670e+00 +6.938724467e+01 +6.938724467e+01 -3.3388e+00 -4.9929e+00 -4.9006e+00
1256 0 +1.871053815e+00 +6.858105382e+01 +6.858105382e+01 -3.8461e+00 -4.9066e+00 -4.9578e+00
1300 0 +1.695584221e+00 +6.840558422e+01 +6.840558422e+01 -4.3204e+00 -4.9929e+00 -4.9006e+00
1378 0 +1.590375065e+00 +6.830037507e+01 +6.830037507e+01 -4.4256e+00 -4.9929e+00 -4.9006e+00
1788 0 +1.561555879e+00 +6.827155588e+01 +6.827155588e+01 -4.1058e+00 -4.9066e+00 -4.9628e+00
1816 0 +1.140278200e+00 +6.785027820e+01 +6.785027820e+01 -4.8403e+00 -4.9594e+00 -4.9148e+00
1913 0 +8.243456263e-01 +6.753434563e+01 +6.753434563e+01 -4.8878e+00 -4.8204e+00 -4.9856e+00
1984 0 +3.210458596e-01 +6.703104586e+01 +6.703104586e+01 -4.8878e+00 -4.9796e+00 -4.9856e+00
2464 0 +2.632491223e-01 +6.697324912e+01 +6.697324912e+01 -4.9456e+00 -4.9796e+00 -4.9856e+00
2551 0 +1.576443946e-01 +6.686764439e+01 +6.686764439e+01 -4.9300e+00 -4.9857e+00 -4.9958e+00
2658 0 +1.288319083e-01 +6.683883191e+01 +6.683883191e+01 -4.9456e+00 -4.9796e+00 -4.9990e+00
2900 0 +1.222614231e-01 +6.683226142e+01 +6.683226142e+01 -4.9285e+00 -4.9929e+00 -4.9972e+00
2960 0 +1.000244050e-01 +6.681002440e+01 +6.681002440e+01 -4.9285e+00 -4.9929e+00 -4.9994e+00
3422 0 +6.157438444e-02 +6.677157438e+01 +6.677157438e+01 -4.9670e+00 -4.9929e+00 -4.9994e+00
3544 0 +3.387013391e-02 +6.674387013e+01 +6.674387013e+01 -4.9897e+00 -4.9952e+00 -4.9992e+00
4049 0 +2.480667209e-02 +6.673480667e+01 +6.673480667e+01 -4.9918e+00 -4.9979e+00 -4.9990e+00
4097 0 +2.184276557e-02 +6.673184277e+01 +6.673184277e+01 -4.9948e+00 -4.9979e+00 -4.9990e+00
4145 0 +2.122833923e-02 +6.673122834e+01 +6.673122834e+01 -4.9948e+00 -4.9979e+00 -4.9991e+00
4232 0 +1.171022474e-02 +6.672171022e+01 +6.672171022e+01 -4.9959e+00 -4.9994e+00 -4.9994e+00
4468 0 +1.109005294e-02 +6.672109005e+01 +6.672109005e+01 -4.9969e+00 -4.9985e+00 -4.9997e+00
4657 0 +7.669395886e-03 +6.671766940e+01 +6.671766940e+01 -4.9955e+00 -4.9994e+00 -4.9999e+00
4740 0 +6.904606857e-03 +6.671690461e+01 +6.671690461e+01 -4.9963e+00 -4.9994e+00 -4.9999e+00
4779 0 +5.081134850e-03 +6.671508113e+01 +6.671508113e+01 -4.9984e+00 -4.9994e+00 -4.9998e+00
4860 0 +4.551268640e-03 +6.671455127e+01 +6.671455127e+01 -4.9989e+00 -4.9994e+00 -4.9998e+00
5025 0 +3.531987548e-03 +6.671353199e+01 +6.671353199e+01 -4.9980e+00 -4.9997e+00 -4.9999e+00
5182 0 +3.353040810e-03 +6.671335304e+01 +6.671335304e+01 -4.9999e+00 -4.9997e+00 -4.9998e+00
5192 0 +2.950083646e-03 +6.671295008e+01 +6.671295008e+01 -4.9999e+00 -4.9992e+00 -5.0000e+00
5320 0 +2.404353035e-03 +6.671240435e+01 +6.671240435e+01 -4.9980e+00 -4.9999e+00 -5.0000e+00
5543 0 +2.314936852e-03 +6.671231494e+01 +6.671231494e+01 -4.9999e+00 -4.9994e+00 -5.0000e+00
5560 0 +1.198030966e-03 +6.671119803e+01 +6.671119803e+01 -4.9992e+00 -4.9999e+00 -5.0000e+00
5704 0 +1.067885715e-03 +6.671106789e+01 +6.671106789e+01 -4.9998e+00 -4.9999e+00 -5.0000e+00
5723 0 +1.042043305e-03 +6.671104204e+01 +6.671104204e+01 -4.9992e+00 -5.0000e+00 -5.0000e+00
5754 0 +4.321928313e-04 +6.671043219e+01 +6.671043219e+01 -4.9998e+00 -5.0000e+00 -5.0000e+00
5847 0 +4.053059613e-04 +6.671040531e+01 +6.671040531e+01 -4.9998e+00 -5.0000e+00 -5.0000e+00
5980 0 +3.978925481e-04 +6.671039789e+01 +6.671039789e+01 -4.9997e+00 -5.0000e+00 -5.0000e+00
6025 0 +3.868114109e-04 +6.671038681e+01 +6.671038681e+01 -5.0000e+00 -4.9999e+00 -5.0000e+00
6037 0 +3.412457754e-04 +6.671034125e+01 +6.671034125e+01 -4.9998e+00 -5.0000e+00 -5.0000e+00
6067 0 +2.971187142e-04 +6.671029712e+01 +6.671029712e+01 -4.9998e+00 -5.0000e+00 -5.0000e+00
6096 0 +2.800345947e-04 +6.671028003e+01 +6.671028003e+01 -4.9998e+00 -5.0000e+00 -5.0000e+00
6198 0 +2.247961643e-04 +6.671022480e+01 +6.671022480e+01 -5.0000e+00 -5.0000e+00 -5.0000e+00
6208 0 +1.667146919e-04 +6.671016671e+01 +6.671016671e+01 -4.9999e+00 -5.0000e+00 -5.0000e+00
6236 0 +1.564686048e-04 +6.671015647e+01 +6.671015647e+01 -4.9999e+00 -5.0000e+00 -5.0000e+00
6326 0 +1.525105718e-04 +6.671015251e+01 +6.671015251e+01 -4.9999e+00 -5.0000e+00 -5.0000e+00
6343 0 +1.405782275e-04 +6.671014058e+01 +6.671014058e+01 -4.9999e+00 -5.0000e+00 -5.0000e+00
6393 0 +9.249794397e-05 +6.671009250e+01 +6.671009250e+01 -5.0000e+00 -5.0000e+00 -5.0000e+00
6414 0 +4.022805442e-05 +6.671004023e+01 +6.671004023e+01 -5.0000e+00 -5.0000e+00 -5.0000e+00
6516 0 +3.847213475e-05 +6.671003847e+01 +6.671003847e+01 -5.0000e+00 -5.0000e+00 -5.0000e+00
6615 0 +2.433108233e-05 +6.671002433e+01 +6.671002433e+01 -5.0000e+00 -5.0000e+00 -5.0000e+00
6787 0 +1.970809326e-05 +6.671001971e+01 +6.671001971e+01 -5.0000e+00 -5.0000e+00 -5.0000e+00
6833 0 +1.784297761e-05 +6.671001784e+01 +6.671001784e+01 -5.0000e+00 -5.0000e+00 -5.0000e+00
6855 0 +5.215464412e-06 +6.671000522e+01 +6.671000522e+01 -5.0000e+00 -5.0000e+00 -5.0000e+00
7091 0 +4.455137102e-06 +6.671000446e+01 +6.671000446e+01 -5.0000e+00 -5.0000e+00 -5.0000e+00
7133 0 +2.420722623e-06 +6.671000242e+01 +6.671000242e+01 -5.0000e+00 -5.0000e+00 -5.0000e+00
7348 0 +2.110777316e-06 +6.671000211e+01 +6.671000211e+01 -5.0000e+00 -5.0000e+00 -5.0000e+00
7437 0 +1.798391807e-06 +6.671000180e+01 +6.671000180e+01 -5.0000e+00 -5.0000e+00 -5.0000e+00
7495 0 +1.438520357e-06 +6.671000144e+01 +6.671000144e+01 -5.0000e+00 -5.0000e+00 -5.0000e+00
12002 0 +1.416227775e-06 +6.671000142e+01 +6.671000142e+01 -5.0000e+00 -5.0000e+00 -5.0000e+00
% f evaluations | g evaluations | best noise-free fitness - Fopt (9.416700000000e+02) + sum g_i+ | measured fitness | best measured fitness or single-digit g-values | x1 | x2...
1 0 +3.579704740e+01 +9.774670474e+02 +9.774670474e+02 +2.9654e+00 -3.1657e+00 +2.7969e+00
5 0 +1.018899742e+01 +9.518589974e+02 +9.518589974e+02 +4.3855e+00 -4.9922e+00 +4.9221e+00
80 0 +9.609362052e+00 +9.512793621e+02 +9.512793621e+02 +2.6855e+00 -4.5640e+00 +4.9455e+00
95 0 +9.047456976e+00 +9.507174570e+02 +9.507174570e+02 +3.2440e+00 -4.9922e+00 +4.9221e+00
170 0 +8.190197270e+00 +9.498601973e+02 +9.498601973e+02 +1.2664e+00 -4.5640e+00 +4.9455e+00
606 0 +5.696283326e+00 +9.473662833e+02 +9.473662833e+02 -1.2275e+00 -4.5640e+00 +4.9455e+00
706 0 +2.069092729e+00 +9.437390927e+02 +9.437390927e+02 -3.7344e+00 -4.9922e+00 +4.9221e+00
795 0 +3.473911925e-01 +9.420173912e+02 +9.420173912e+02 -4.8403e+00 -4.9870e+00 +4.9853e+00
2030 0 +2.311877835e-01 +9.419011878e+02 +9.419011878e+02 -4.9565e+00 -4.9870e+00 +4.9853e+00
2238 0 +2.024031530e-01 +9.418724032e+02 +9.418724032e+02 -4.9853e+00 -4.9870e+00 +4.9853e+00
2886 0 +9.900324974e-02 +9.417690032e+02 +9.417690032e+02 -4.9853e+00 -4.9870e+00 +4.9957e+00
3242 0 +9.158876579e-02 +9.417615888e+02 +9.417615888e+02 -4.9853e+00 -4.9893e+00 +4.9957e+00
3675 0 +5.676956970e-02 +9.417267696e+02 +9.417267696e+02 -4.9969e+00 -4.9890e+00 +4.9981e+00
3764 0 +5.609550406e-02 +9.417260955e+02 +9.417260955e+02 -4.9885e+00 -4.9915e+00 +4.9982e+00
3882 0 +5.031353508e-02 +9.417203135e+02 +9.417203135e+02 -4.9987e+00 -4.9870e+00 +4.9992e+00
3919 0 +2.518577599e-02 +9.416951858e+02 +9.416951858e+02 -4.9798e+00 -4.9988e+00 +4.9999e+00
4018 0 +2.442487696e-02 +9.416944249e+02 +9.416944249e+02 -4.9798e+00 -4.9988e+00 +5.0000e+00
4114 0 +1.717970188e-02 +9.416871797e+02 +9.416871797e+02 -4.9867e+00 -4.9989e+00 +5.0000e+00
4162 0 +1.659870395e-02 +9.416865987e+02 +9.416865987e+02 -4.9867e+00 -4.9991e+00 +5.0000e+00
4577 0 +1.536474803e-02 +9.416853647e+02 +9.416853647e+02 -4.9987e+00 -4.9957e+00 +5.0000e+00
4744 0 +1.447297167e-02 +9.416844730e+02 +9.416844730e+02 -4.9987e+00 -4.9960e+00 +5.0000e+00
4755 0 +1.390749092e-02 +9.416839075e+02 +9.416839075e+02 -4.9996e+00 -4.9971e+00 +4.9996e+00
4865 0 +7.704597868e-03 +9.416777046e+02 +9.416777046e+02 -4.9981e+00 -4.9983e+00 +5.0000e+00
5033 0 +7.278147967e-03 +9.416772781e+02 +9.416772781e+02 -4.9996e+00 -4.9992e+00 +4.9996e+00
5191 0 +7.179675378e-03 +9.416771797e+02 +9.416771797e+02 -4.9984e+00 -4.9982e+00 +5.0000e+00
5198 0 +4.717701978e-03 +9.416747177e+02 +9.416747177e+02 -4.9991e+00 -4.9990e+00 +5.0000e+00
5234 0 +4.648387268e-03 +9.416746484e+02 +9.416746484e+02 -4.9991e+00 -4.9990e+00 +5.0000e+00
5237 0 +3.037608318e-03 +9.416730376e+02 +9.416730376e+02 -4.9999e+00 -4.9991e+00 +5.0000e+00
5309 0 +2.766894742e-03 +9.416727669e+02 +9.416727669e+02 -4.9999e+00 -4.9992e+00 +5.0000e+00
5342 0 +2.343050309e-03 +9.416723431e+02 +9.416723431e+02 -4.9992e+00 -4.9997e+00 +4.9999e+00
5410 0 +1.447282295e-03 +9.416714473e+02 +9.416714473e+02 -4.9999e+00 -4.9999e+00 +4.9999e+00
5479 0 +5.232182262e-04 +9.416705232e+02 +9.416705232e+02 -4.9999e+00 -4.9999e+00 +5.0000e+00
5513 0 +2.800647301e-04 +9.416702801e+02 +9.416702801e+02 -4.9999e+00 -5.0000e+00 +5.0000e+00
5677 0 +2.690304891e-04 +9.416702690e+02 +9.416702690e+02 -4.9999e+00 -5.0000e+00 +5.0000e+00
5957 0 +2.376967867e-04 +9.416702377e+02 +9.416702377e+02 -4.9999e+00 -5.0000e+00 +5.0000e+00
6187 0 +1.805594326e-04 +9.416701806e+02 +9.416701806e+02 -5.0000e+00 -5.0000e+00 +5.0000e+00
6242 0 +1.640941488e-04 +9.416701641e+02 +9.416701641e+02 -5.0000e+00 -5.0000e+00 +5.0000e+00
6402 0 +1.490606944e-04 +9.416701491e+02 +9.416701491e+02 -5.0000e+00 -5.0000e+00 +5.0000e+00
6428 0 +8.594685994e-05 +9.416700859e+02 +9.416700859e+02 -5.0000e+00 -5.0000e+00 +5.0000e+00
6504 0 +3.959893320e-05 +9.416700396e+02 +9.416700396e+02 -5.0000e+00 -5.0000e+00 +5.0000e+00
6529 0 +1.915765040e-05 +9.416700192e+02 +9.416700192e+02 -5.0000e+00 -5.0000e+00 +5.0000e+00
6651 0 +1.620375463e-05 +9.416700162e+02 +9.416700162e+02 -5.0000e+00 -5.0000e+00 +5.0000e+00
6947 0 +9.265229210e-06 +9.416700093e+02 +9.416700093e+02 -5.0000e+00 -5.0000e+00 +5.0000e+00
7053 0 +8.848133689e-06 +9.416700088e+02 +9.416700088e+02 -5.0000e+00 -5.0000e+00 +5.0000e+00
7095 0 +6.621049806e-06 +9.416700066e+02 +9.416700066e+02 -5.0000e+00 -5.0000e+00 +5.0000e+00
7186 0 +2.804668725e-06 +9.416700028e+02 +9.416700028e+02 -5.0000e+00 -5.0000e+00 +5.0000e+00
7323 0 +2.496662091e-06 +9.416700025e+02 +9.416700025e+02 -5.0000e+00 -5.0000e+00 +5.0000e+00
7490 0 +2.446501981e-06 +9.416700024e+02 +9.416700024e+02 -5.0000e+00 -5.0000e+00 +5.0000e+00
7526 0 +1.522946036e-06 +9.416700015e+02 +9.416700015e+02 -5.0000e+00 -5.0000e+00 +5.0000e+00
7649 0 +1.504442935e-06 +9.416700015e+02 +9.416700015e+02 -5.0000e+00 -5.0000e+00 +5.0000e+00
7766 0 +1.416227747e-06 +9.416700014e+02 +9.416700014e+02 -5.0000e+00 -5.0000e+00 +5.0000e+00
12002 0 +1.416227747e-06 +9.416700014e+02 +9.416700014e+02 -5.0000e+00 -5.0000e+00 +5.0000e+00
% f evaluations | g evaluations | best noise-free fitness - Fopt (-3.745000000000e+01) + sum g_i+ | measured fitness | best measured fitness or single-digit g-values | x1 | x2...
1 0 +4.988752968e+01 +1.243752968e+01 +1.243752968e+01 +2.9654e+00 -3.1657e+00 +2.7969e+00
5 0 +3.299146633e+01 -4.458533672e+00 -4.458533672e+00 +4.3855e+00 -4.9922e+00 +4.9221e+00
10 0 +3.103608856e+01 -6.413911442e+00 -6.413911442e+00 +4.8323e+00 -3.3237e-01 +3.5994e+00
20 0 +2.156612055e+01 -1.588387945e+01 -1.588387945e+01 +2.0834e-01 +4.6117e+00 +3.4453e+00
27 0 +2.117458336e+01 -1.627541664e+01 -1.627541664e+01 +1.5108e+00 +4.1496e+00 +3.5004e+00
54 0 +2.037685361e+01 -1.707314639e+01 -1.707314639e+01 +3.0314e+00 -2.9699e-01 +4.8342e+00
86 0 +1.797781531e+01 -1.947218469e+01 -1.947218469e+01 -1.0531e+00 +3.4421e+00 +4.3002e+00
176 0 +1.494415833e+01 -2.250584167e+01 -2.250584167e+01 -1.0531e+00 +3.4421e+00 +4.6035e+00
375 0 +7.770386973e+00 -2.967961303e+01 -2.967961303e+01 +2.0834e-01 +4.6117e+00 +4.8249e+00
494 0 +5.442005737e+00 -3.200799426e+01 -3.200799426e+01 +3.0314e+00 +4.4258e+00 +4.8342e+00
718 0 +4.727097533e+00 -3.272290247e+01 -3.272290247e+01 +3.2516e+00 +4.6117e+00 +4.8249e+00
801 0 +3.822225610e+00 -3.362777439e+01 -3.362777439e+01 +4.1565e+00 +4.6117e+00 +4.8249e+00
1077 0 +2.394931106e+00 -3.505506889e+01 -3.505506889e+01 +4.5248e+00 +4.4258e+00 +4.9896e+00
1195 0 +1.384938801e+00 -3.606506120e+01 -3.606506120e+01 +3.9763e+00 +4.9275e+00 +4.9868e+00
1471 0 +1.153576904e+00 -3.629642310e+01 -3.629642310e+01 +4.5248e+00 +4.8184e+00 +4.9896e+00
1507 0 +7.878719129e-01 -3.666212809e+01 -3.666212809e+01 +4.5734e+00 +4.9275e+00 +4.9868e+00
1771 0 +6.744228636e-01 -3.677557714e+01 -3.677557714e+01 +4.6447e+00 +4.9320e+00 +4.9896e+00
2269 0 +5.767829079e-01 -3.687321709e+01 -3.687321709e+01 +4.9404e+00 +4.9731e+00 +4.9568e+00
2355 0 +4.876654372e-01 -3.696233456e+01 -3.696233456e+01 +4.8029e+00 +4.9829e+00 +4.9763e+00
2422 0 +4.388660065e-01 -3.701113399e+01 -3.701113399e+01 +4.8029e+00 +4.9984e+00 +4.9763e+00
2433 0 +4.206218296e-01 -3.702937817e+01 -3.702937817e+01 +4.7625e+00 +4.9839e+00 +4.9868e+00
2730 0 +3.977171227e-01 -3.705228288e+01 -3.705228288e+01 +4.8310e+00 +4.9305e+00 +4.9991e+00
2744 0 +3.409883505e-01 -3.710901165e+01 -3.710901165e+01 +4.8029e+00 +4.9984e+00 +4.9861e+00
2755 0 +1.886564964e-01 -3.726134350e+01 -3.726134350e+01 +4.9944e+00 +4.9839e+00 +4.9868e+00
2997 0 +1.636325138e-01 -3.728636749e+01 -3.728636749e+01 +4.9752e+00 +4.9732e+00 +4.9946e+00
3166 0 +1.617258672e-01 -3.728827413e+01 -3.728827413e+01 +4.9470e+00 +4.9984e+00 +4.9896e+00
3174 0 +1.352077893e-01 -3.731479221e+01 -3.731479221e+01 +4.9752e+00 +4.9732e+00 +4.9974e+00
3292 0 +5.982860747e-02 -3.739017139e+01 -3.739017139e+01 +4.9944e+00 +4.9839e+00 +4.9997e+00
3738 0 +5.026536827e-02 -3.739973463e+01 -3.739973463e+01 +4.9882e+00 +4.9909e+00 +4.9990e+00
3829 0 +3.499113315e-02 -3.741500887e+01 -3.741500887e+01 +4.9944e+00 +4.9917e+00 +4.9997e+00
4006 0 +2.002547373e-02 -3.742997453e+01 -3.742997453e+01 +4.9877e+00 +4.9980e+00 +4.9999e+00
4102 0 +1.716142376e-02 -3.743283858e+01 -3.743283858e+01 +4.9877e+00 +4.9989e+00 +4.9999e+00
4263 0 +1.454027097e-02 -3.743545973e+01 -3.743545973e+01 +4.9939e+00 +4.9983e+00 +4.9997e+00
4531 0 +1.329875893e-02 -3.743670124e+01 -3.743670124e+01 +4.9951e+00 +4.9983e+00 +4.9997e+00
4603 0 +1.169850742e-02 -3.743830149e+01 -3.743830149e+01 +4.9984e+00 +4.9994e+00 +4.9992e+00
4678 0 +2.950910628e-03 -3.744704909e+01 -3.744704909e+01 +4.9995e+00 +4.9998e+00 +4.9998e+00
5000 0 +1.918550037e-03 -3.744808145e+01 -3.744808145e+01 +4.9995e+00 +4.9998e+00 +4.9999e+00
5150 0 +1.873844154e-03 -3.744812616e+01 -3.744812616e+01 +4.9995e+00 +4.9998e+00 +4.9999e+00
5187 0 +1.742193733e-03 -3.744825781e+01 -3.744825781e+01 +4.9995e+00 +4.9998e+00 +4.9999e+00
5207 0 +1.614996400e-03 -3.744838500e+01 -3.744838500e+01 +4.9989e+00 +5.0000e+00 +5.0000e+00
5254 0 +3.298864627e-04 -3.744967011e+01 -3.744967011e+01 +5.0000e+00 +4.9999e+00 +5.0000e+00
5774 0 +2.747545581e-04 -3.744972525e+01 -3.744972525e+01 +4.9999e+00 +4.9999e+00 +5.0000e+00
5821 0 +5.759255413e-05 -3.744994241e+01 -3.744994241e+01 +5.0000e+00 +5.0000e+00 +5.0000e+00
6337 0 +5.608418358e-05 -3.744994392e+01 -3.744994392e+01 +5.0000e+00 +5.0000e+00 +5.0000e+00
6348 0 +4.274252699e-05 -3.744995726e+01 -3.744995726e+01 +5.0000e+00 +5.0000e+00 +5.0000e+00
6363 0 +3.990423801e-05 -3.744996010e+01 -3.744996010e+01 +5.0000e+00 +5.0000e+00 +5.0000e+00
6576 0 +2.170454218e-05 -3.744997830e+01 -3.744997830e+01 +5.0000e+00 +5.0000e+00 +5.0000e+00
6672 0 +1.992424725e-05 -3.744998008e+01 -3.744998008e+01 +5.0000e+00 +5.0000e+00 +5.0000e+00
6719 0 +1.442252540e-05 -3.744998558e+01 -3.744998558e+01 +5.0000e+00 +5.0000e+00 +5.0000e+00
6742 0 +1.179913661e-05 -3.744998820e+01 -3.744998820e+01 +5.0000e+00 +5.0000e+00 +5.0000e+00
6834 0 +1.104554244e-05 -3.744998895e+01 -3.744998895e+01 +5.0000e+00 +5.0000e+00 +5.0000e+00
6917 0 +1.034243036e-05 -3.744998966e+01 -3.744998966e+01 +5.0000e+00 +5.0000e+00 +5.0000e+00
6920 0 +8.846000462e-06 -3.744999115e+01 -3.744999115e+01 +5.0000e+00 +5.0000e+00 +5.0000e+00
6964 0 +8.110979820e-06 -3.744999189e+01 -3.744999189e+01 +5.0000e+00 +5.0000e+00 +5.0000e+00
6999 0 +6.420856415e-06 -3.744999358e+01 -3.744999358e+01 +5.0000e+00 +5.0000e+00 +5.0000e+00
7041 0 +3.906715200e-06 -3.744999609e+01 -3.744999609e+01 +5.0000e+00 +5.0000e+00 +5.0000e+00
7104 0 +3.554840205e-06 -3.744999645e+01 -3.744999645e+01 +5.0000e+00 +5.0000e+00 +5.0000e+00
7125 0 +3.090167318e-06 -3.744999691e+01 -3.744999691e+01 +5.0000e+00 +5.0000e+00 +5.0000e+00
7213 0 +3.017039298e-06 -3.744999698e+01 -3.744999698e+01 +5.0000e+00 +5.0000e+00 +5.0000e+00
7302 0 +2.714707982e-06 -3.744999729e+01 -3.744999729e+01 +5.0000e+00 +5.0000e+00 +5.0000e+00
7334 0 +1.435896351e-06 -3.744999856e+01 -3.744999856e+01 +5.0000e+00 +5.0000e+00 +5.0000e+00
12002 0 +1.416227775e-06 -3.744999858e+01 -3.744999858e+01 +5.0000e+00 +5.0000e+00 +5.0000e+00
% f evaluations | g evaluations | best noise-free fitness - Fopt (2.906200000000e+02) + sum g_i+ | measured fitness | best measured fitness or single-digit g-values | x1 | x2...
1 0 +1.058257292e+02 +3.964457292e+02 +3.964457292e+02 +2.9654e+00 -3.1657e+00 +2.7969e+00
2 0 +3.155329735e+01 +3.221732973e+02 +3.221732973e+02 +9.6850e-01 -5.4167e-01 -4.0003e+00
6 0 +1.681242108e+01 +3.074324211e+02 +3.074324211e+02 +1.1748e+00 +1.1165e+00 -4.9293e+00
187 0 +1.417113379e+01 +3.047911338e+02 +3.047911338e+02 -3.5748e+00 +4.7376e+00 -4.5234e+00
276 0 +1.227315736e+01 +3.028931574e+02 +3.028931574e+02 -1.6768e+00 +4.7376e+00 -4.5234e+00
645 0 +7.474721554e+00 +2.980947216e+02 +2.980947216e+02 +4.7171e+00 +3.7859e+00 -4.6647e+00
898 0 +6.302323299e+00 +2.969223233e+02 +2.969223233e+02 +3.0925e+00 +4.2597e+00 -4.7946e+00
1069 0 +2.235783503e+00 +2.928557835e+02 +2.928557835e+02 +3.6463e+00 +4.7375e+00 -4.9948e+00
1149 0 +1.908010480e+00 +2.925280105e+02 +2.925280105e+02 +3.6463e+00 +4.8412e+00 -4.9948e+00
1229 0 +1.097153460e+00 +2.917171535e+02 +2.917171535e+02 +4.4571e+00 +4.8412e+00 -4.9948e+00
1615 0 +1.017303227e+00 +2.916373032e+02 +2.916373032e+02 +4.5370e+00 +4.8412e+00 -4.9948e+00
1763 0 +7.010996937e-01 +2.913210997e+02 +2.913210997e+02 +4.8532e+00 +4.8412e+00 -4.9948e+00
1909 0 +5.698492094e-01 +2.911898492e+02 +2.911898492e+02 +4.9844e+00 +4.8412e+00 -4.9948e+00
2310 0 +5.568910972e-01 +2.911768911e+02 +2.911768911e+02 +4.9643e+00 +4.9587e+00 -4.9610e+00
2327 0 +5.379529451e-01 +2.911579529e+02 +2.911579529e+02 +4.9844e+00 +4.8412e+00 -4.9980e+00
2432 0 +3.555296573e-01 +2.909755297e+02 +2.909755297e+02 +4.9171e+00 +4.9242e+00 -4.9967e+00
2763 0 +3.328869584e-01 +2.909528870e+02 +2.909528870e+02 +4.8969e+00 +4.9635e+00 -4.9886e+00
2766 0 +3.028124488e-01 +2.909228124e+02 +2.909228124e+02 +4.9643e+00 +4.9587e+00 -4.9864e+00
2828 0 +2.677809760e-01 +2.908877810e+02 +2.908877810e+02 +4.9993e+00 +4.9587e+00 -4.9864e+00
2906 0 +9.765331101e-02 +2.907176533e+02 +2.907176533e+02 +4.9844e+00 +4.9804e+00 -4.9980e+00
3187 0 +5.049895466e-02 +2.906704990e+02 +2.906704990e+02 +4.9993e+00 +4.9928e+00 -4.9973e+00
3736 0 +3.174460651e-02 +2.906517446e+02 +2.906517446e+02 +4.9993e+00 +4.9928e+00 -4.9992e+00
3849 0 +2.428432154e-02 +2.906442843e+02 +2.906442843e+02 +4.9985e+00 +4.9986e+00 -4.9982e+00
3890 0 +1.076835946e-02 +2.906307684e+02 +2.906307684e+02 +4.9993e+00 +4.9994e+00 -4.9992e+00
4578 0 +8.827624846e-03 +2.906288276e+02 +2.906288276e+02 +4.9955e+00 +4.9999e+00 -4.9996e+00
4875 0 +8.150831280e-03 +2.906281508e+02 +2.906281508e+02 +4.9965e+00 +4.9993e+00 -4.9998e+00
4915 0 +7.501809040e-03 +2.906275018e+02 +2.906275018e+02 +4.9965e+00 +4.9995e+00 -4.9998e+00
4993 0 +5.957608236e-03 +2.906259576e+02 +2.906259576e+02 +4.9980e+00 +4.9995e+00 -4.9998e+00
4999 0 +3.493829841e-03 +2.906234938e+02 +2.906234938e+02 +4.9985e+00 +5.0000e+00 -4.9998e+00
5038 0 +3.224762567e-03 +2.906232248e+02 +2.906232248e+02 +4.9988e+00 +5.0000e+00 -4.9998e+00
5093 0 +2.948328972e-03 +2.906229483e+02 +2.906229483e+02 +4.9997e+00 +4.9997e+00 -4.9998e+00
5167 0 +2.718060422e-03 +2.906227181e+02 +2.906227181e+02 +4.9997e+00 +4.9997e+00 -4.9999e+00
5200 0 +1.383037857e-03 +2.906213830e+02 +2.906213830e+02 +4.9995e+00 +4.9999e+00 -4.9999e+00
5344 0 +1.338504306e-03 +2.906213385e+02 +2.906213385e+02 +4.9995e+00 +4.9999e+00 -4.9999e+00
5532 0 +8.969078481e-04 +2.906208969e+02 +2.906208969e+02 +5.0000e+00 +4.9998e+00 -5.0000e+00
5539 0 +7.719912111e-04 +2.906207720e+02 +2.906207720e+02 +5.0000e+00 +5.0000e+00 -4.9999e+00
5704 0 +5.374766633e-04 +2.906205375e+02 +2.906205375e+02 +4.9997e+00 +4.9999e+00 -5.0000e+00
5820 0 +3.894910547e-04 +2.906203895e+02 +2.906203895e+02 +5.0000e+00 +4.9999e+00 -5.0000e+00
5920 0 +3.032837592e-04 +2.906203033e+02 +2.906203033e+02 +4.9999e+00 +4.9999e+00 -5.0000e+00
6037 0 +2.116572292e-04 +2.906202117e+02 +2.906202117e+02 +4.9999e+00 +5.0000e+00 -5.0000e+00
6124 0 +1.557528827e-04 +2.906201558e+02 +2.906201558e+02 +5.0000e+00 +5.0000e+00 -5.0000e+00
6235 0 +1.261701801e-04 +2.906201262e+02 +2.906201262e+02 +5.0000e+00 +5.0000e+00 -5.0000e+00
6256 0 +1.211751176e-04 +2.906201212e+02 +2.906201212e+02 +5.0000e+00 +5.0000e+00 -5.0000e+00
6363 0 +3.643721340e-05 +2.906200364e+02 +2.906200364e+02 +5.0000e+00 +5.0000e+00 -5.0000e+00
6415 0 +2.793390416e-05 +2.906200279e+02 +2.906200279e+02 +5.0000e+00 +5.0000e+00 -5.0000e+00
6616 0 +2.602545072e-05 +2.906200260e+02 +2.906200260e+02 +5.0000e+00 +5.0000e+00 -5.0000e+00
6641 0 +1.784201862e-05 +2.906200178e+02 +2.906200178e+02 +5.0000e+00 +5.0000e+00 -5.0000e+00
6665 0 +7.323292039e-06 +2.906200073e+02 +2.906200073e+02 +5.0000e+00 +5.0000e+00 -5.0000e+00
6758 0 +5.494020797e-06 +2.906200055e+02 +2.906200055e+02 +5.0000e+00 +5.0000e+00 -5.0000e+00
7103 0 +4.204471111e-06 +2.906200042e+02 +2.906200042e+02 +5.0000e+00 +5.0000e+00 -5.0000e+00
7155 0 +4.137207895e-06 +2.906200041e+02 +2.906200041e+02 +5.0000e+00 +5.0000e+00 -5.0000e+00
7254 0 +3.293368934e-06 +2.906200033e+02 +2.906200033e+02 +5.0000e+00 +5.0000e+00 -5.0000e+00
7274 0 +3.060771689e-06 +2.906200031e+02 +2.906200031e+02 +5.0000e+00 +5.0000e+00 -5.0000e+00
7294 0 +2.647079441e-06 +2.906200026e+02 +2.906200026e+02 +5.0000e+00 +5.0000e+00 -5.0000e+00
7369 0 +1.855819619e-06 +2.906200019e+02 +2.906200019e+02 +5.0000e+00 +5.0000e+00 -5.0000e+00
7443 0 +1.461630177e-06 +2.906200015e+02 +2.906200015e+02 +5.0000e+00 +5.0000e+00 -5.0000e+00
7517 0 +1.445347607e-06 +2.906200014e+02 +2.906200014e+02 +5.0000e+00 +5.0000e+00 -5.0000e+00
12002 0 +1.416227747e-06 +2.906200014e+02 +2.906200014e+02 +5.0000e+00 +5.0000e+00 -5.0000e+00
% f evaluations | g evaluations | best noise-free fitness - Fopt (-1.015300000000e+02) + sum g_i+ | measured fitness | best measured fitness or single-digit g-values | x1 | x2...
1 0 +3.579704740e+01 -6.573295260e+01 -6.573295260e+01 +2.9654e+00 -3.1657e+00 +2.7969e+00
5 0 +1.018899742e+01 -9.134100258e+01 -9.134100258e+01 +4.3855e+00 -4.9922e+00 +4.9221e+00
80 0 +9.609362052e+00 -9.192063795e+01 -9.192063795e+01 +2.6855e+00 -4.5640e+00 +4.9455e+00
95 0 +9.047456976e+00 -9.248254302e+01 -9.248254302e+01 +3.2440e+00 -4.9922e+00 +4.9221e+00
170 0 +8.190197270e+00 -9.333980273e+01 -9.333980273e+01 +1.2664e+00 -4.5640e+00 +4.9455e+00
274 0 +6.657948345e+00 -9.487205165e+01 -9.487205165e+01 +8.5448e-01 -4.9922e+00 +4.9221e+00
535 0 +5.811891931e+00 -9.571810807e+01 -9.571810807e+01 +8.4217e-03 -4.9922e+00 +4.9221e+00
873 0 +2.556088798e+00 -9.897391120e+01 -9.897391120e+01 -3.2474e+00 -4.9922e+00 +4.9221e+00
1276 0 +2.017889587e+00 -9.951211041e+01 -9.951211041e+01 -3.7856e+00 -4.9922e+00 +4.9221e+00
1432 0 +1.827361458e+00 -9.970263854e+01 -9.970263854e+01 -3.9761e+00 -4.9922e+00 +4.9221e+00
1566 0 +1.731656554e+00 -9.979834345e+01 -9.979834345e+01 -4.2016e+00 -4.8267e+00 +4.9615e+00
1606 0 +1.288246420e+00 -1.002417536e+02 -1.002417536e+02 -4.8777e+00 -4.9777e+00 +4.8905e+00
1681 0 +1.221320745e+00 -1.003086793e+02 -1.003086793e+02 -4.9446e+00 -4.9777e+00 +4.8905e+00
1873 0 +8.155796371e-01 -1.007144204e+02 -1.007144204e+02 -4.9076e+00 -4.8878e+00 +4.9632e+00
2183 0 +2.938014981e-01 -1.012361985e+02 -1.012361985e+02 -4.9446e+00 -4.9777e+00 +4.9832e+00
2911 0 +2.477688130e-01 -1.012822312e+02 -1.012822312e+02 -4.8852e+00 -4.9636e+00 +4.9982e+00
3092 0 +2.325455357e-01 -1.012974545e+02 -1.012974545e+02 -4.8852e+00 -4.9636e+00 +4.9997e+00
3150 0 +2.121625910e-01 -1.013178374e+02 -1.013178374e+02 -4.9056e+00 -4.9636e+00 +4.9997e+00
3152 0 +2.061267493e-01 -1.013238733e+02 -1.013238733e+02 -4.9364e+00 -4.9673e+00 +4.9961e+00
3194 0 +1.901707573e-01 -1.013398292e+02 -1.013398292e+02 -4.9446e+00 -4.9777e+00 +4.9936e+00
3309 0 +1.396977066e-01 -1.013903023e+02 -1.013903023e+02 -4.9446e+00 -4.9937e+00 +4.9936e+00
3365 0 +1.234018978e-01 -1.014065981e+02 -1.014065981e+02 -4.9446e+00 -4.9937e+00 +4.9952e+00
3475 0 +1.046667051e-01 -1.014253333e+02 -1.014253333e+02 -4.9633e+00 -4.9937e+00 +4.9952e+00
3637 0 +9.239061732e-02 -1.014376094e+02 -1.014376094e+02 -4.9756e+00 -4.9937e+00 +4.9952e+00
3957 0 +7.949223772e-02 -1.014505078e+02 -1.014505078e+02 -4.9462e+00 -4.9928e+00 +4.9997e+00
3960 0 +6.669000090e-02 -1.014633100e+02 -1.014633100e+02 -4.9860e+00 -4.9898e+00 +4.9980e+00
4206 0 +3.600109804e-02 -1.014939989e+02 -1.014939989e+02 -4.9994e+00 -4.9890e+00 +4.9999e+00
4457 0 +2.943229444e-02 -1.015005677e+02 -1.015005677e+02 -4.9960e+00 -4.9949e+00 +4.9991e+00
4478 0 +2.312742655e-02 -1.015068726e+02 -1.015068726e+02 -4.9879e+00 -4.9966e+00 +5.0000e+00
4672 0 +2.176134983e-02 -1.015082387e+02 -1.015082387e+02 -4.9960e+00 -4.9974e+00 +4.9991e+00
4714 0 +1.990455073e-02 -1.015100954e+02 -1.015100954e+02 -4.9960e+00 -4.9974e+00 +4.9992e+00
4731 0 +1.419764660e-02 -1.015158024e+02 -1.015158024e+02 -4.9994e+00 -4.9959e+00 +4.9999e+00
4773 0 +1.207519675e-02 -1.015179248e+02 -1.015179248e+02 -4.9981e+00 -4.9992e+00 +4.9992e+00
4853 0 +1.039652404e-02 -1.015196035e+02 -1.015196035e+02 -4.9994e+00 -4.9970e+00 +5.0000e+00
4884 0 +9.911861479e-03 -1.015200881e+02 -1.015200881e+02 -4.9991e+00 -4.9985e+00 +4.9996e+00
4923 0 +9.382607072e-03 -1.015206174e+02 -1.015206174e+02 -4.9996e+00 -4.9985e+00 +4.9996e+00
5104 0 +8.784942470e-03 -1.015212151e+02 -1.015212151e+02 -4.9991e+00 -4.9983e+00 +4.9998e+00
5114 0 +8.406870629e-03 -1.015215931e+02 -1.015215931e+02 -4.9996e+00 -4.9985e+00 +4.9997e+00
5161 0 +3.741534192e-03 -1.015262585e+02 -1.015262585e+02 -4.9982e+00 -4.9995e+00 +5.0000e+00
5198 0 +2.085721645e-03 -1.015279143e+02 -1.015279143e+02 -4.9982e+00 -5.0000e+00 +5.0000e+00
5556 0 +1.770549016e-03 -1.015282295e+02 -1.015282295e+02 -4.9984e+00 -5.0000e+00 +5.0000e+00
5614 0 +1.484904728e-03 -1.015285151e+02 -1.015285151e+02 -4.9996e+00 -4.9997e+00 +5.0000e+00
5669 0 +3.732607976e-04 -1.015296267e+02 -1.015296267e+02 -4.9998e+00 -5.0000e+00 +5.0000e+00
5733 0 +3.611459031e-04 -1.015296389e+02 -1.015296389e+02 -4.9998e+00 -5.0000e+00 +5.0000e+00
5956 0 +3.001652157e-04 -1.015296998e+02 -1.015296998e+02 -4.9999e+00 -5.0000e+00 +5.0000e+00
6151 0 +2.361490958e-04 -1.015297639e+02 -1.015297639e+02 -4.9999e+00 -5.0000e+00 +5.0000e+00
6238 0 +2.212503669e-04 -1.015297787e+02 -1.015297787e+02 -5.0000e+00 -4.9999e+00 +5.0000e+00
6261 0 +1.850676259e-04 -1.015298149e+02 -1.015298149e+02 -4.9999e+00 -5.0000e+00 +5.0000e+00
6345 0 +1.190441693e-04 -1.015298810e+02 -1.015298810e+02 -5.0000e+00 -5.0000e+00 +5.0000e+00
6394 0 +1.067536198e-04 -1.015298932e+02 -1.015298932e+02 -4.9999e+00 -5.0000e+00 +5.0000e+00
6429 0 +6.972728627e-05 -1.015299303e+02 -1.015299303e+02 -5.0000e+00 -5.0000e+00 +5.0000e+00
6474 0 +6.581339831e-05 -1.015299342e+02 -1.015299342e+02 -5.0000e+00 -5.0000e+00 +5.0000e+00
6496 0 +6.313125085e-05 -1.015299369e+02 -1.015299369e+02 -5.0000e+00 -5.0000e+00 +5.0000e+00
6629 0 +6.094592230e-05 -1.015299391e+02 -1.015299391e+02 -5.0000e+00 -5.0000e+00 +5.0000e+00
6649 0 +5.751479242e-05 -1.015299425e+02 -1.015299425e+02 -5.0000e+00 -5.0000e+00 +5.0000e+00
6695 0 +3.334763143e-05 -1.015299667e+02 -1.015299667e+02 -5.0000e+00 -5.0000e+00 +5.0000e+00
6724 0 +2.118816576e-05 -1.015299788e+02 -1.015299788e+02 -5.0000e+00 -5.0000e+00 +5.0000e+00
6812 0 +1.524555772e-05 -1.015299848e+02 -1.015299848e+02 -5.0000e+00 -5.0000e+00 +5.0000e+00
6831 0 +1.357888044e-05 -1.015299864e+02 -1.015299864e+02 -5.0000e+00 -5.0000e+00 +5.0000e+00
6838 0 +1.200737367e-05 -1.015299880e+02 -1.015299880e+02 -5.0000e+00 -5.0000e+00 +5.0000e+00
6910 0 +1.116158758e-05 -1.015299888e+02 -1.015299888e+02 -5.0000e+00 -5.0000e+00 +5.0000e+00
6927 0 +8.906171999e-06 -1.015299911e+02 -1.015299911e+02 -5.0000e+00 -5.0000e+00 +5.0000e+00
6948 0 +5.822651659e-06 -1.015299942e+02 -1.015299942e+02 -5.0000e+00 -5.0000e+00 +5.0000e+00
7012 0 +4.842295567e-06 -1.015299952e+02 -1.015299952e+02 -5.0000e+00 -5.0000e+00 +5.0000e+00
7042 0 +4.141276150e-06 -1.015299959e+02 -1.015299959e+02 -5.0000e+00 -5.0000e+00 +5.0000e+00
7084 0 +3.996454637e-06 -1.015299960e+02 -1.015299960e+02 -5.0000e+00 -5.0000e+00 +5.0000e+00
7117 0 +3.953199197e-06 -1.015299960e+02 -1.015299960e+02 -5.0000e+00 -5.0000e+00 +5.0000e+00
7178 0 +3.035565996e-06 -1.015299970e+02 -1.015299970e+02 -5.0000e+00 -5.0000e+00 +5.0000e+00
7238 0 +1.714566679e-06 -1.015299983e+02 -1.015299983e+02 -5.0000e+00 -5.0000e+00 +5.0000e+00
7384 0 +1.519978639e-06 -1.015299985e+02 -1.015299985e+02 -5.0000e+00 -5.0000e+00 +5.0000e+00
7518 0 +1.505603947e-06 -1.015299985e+02 -1.015299985e+02 -5.0000e+00 -5.0000e+00 +5.0000e+00
7572 0 +1.416227775e-06 -1.015299986e+02 -1.015299986e+02 -5.0000e+00 -5.0000e+00 +5.0000e+00
12002 0 +1.416227775e-06 -1.015299986e+02 -1.015299986e+02 -5.0000e+00 -5.0000e+00 +5.0000e+00
% f evaluations | g evaluations | best noise-free fitness - Fopt (3.019700000000e+02) + sum g_i+ | measured fitness | best measured fitness or single-digit g-values | x1 | x2...
1 0 +5.581838936e+01 +3.577883894e+02 +3.577883894e+02 +2.9654e+00 -3.1657e+00 +2.7969e+00
5 0 +4.176252062e+01 +3.437325206e+02 +3.437325206e+02 +4.3855e+00 -4.9922e+00 +4.9221e+00
10 0 +4.070070628e+01 +3.426707063e+02 +3.426707063e+02 +4.8323e+00 -3.3237e-01 +3.5994e+00
14 0 +3.584613252e+01 +3.378161325e+02 +3.378161325e+02 +1.8326e+00 +1.1000e+00 +3.3319e+00
18 0 +3.095868417e+01 +3.329286842e+02 +3.329286842e+02 -5.0246e-01 -1.0485e+00 +4.2666e+00
20 0 +2.198280587e+01 +3.239528059e+02 +3.239528059e+02 +2.0834e-01 +4.6117e+00 +3.4453e+00
83 0 +2.101979094e+01 +3.229897909e+02 +3.229897909e+02 +5.2765e-01 +7.2292e-01 +4.8033e+00
86 0 +1.587164455e+01 +3.178416446e+02 +3.178416446e+02 -1.0531e+00 +3.4421e+00 +4.3002e+00
176 0 +1.514237435e+01 +3.171123744e+02 +3.171123744e+02 -1.0531e+00 +3.6727e+00 +4.3002e+00
353 0 +1.506266205e+01 +3.170326621e+02 +3.170326621e+02 -1.1328e+00 +3.6727e+00 +4.3002e+00
511 0 +1.354269059e+01 +3.155126906e+02 +3.155126906e+02 -2.2030e+00 +1.7772e+00 +4.9446e+00
548 0 +1.058469334e+01 +3.125546933e+02 +3.125546933e+02 -1.5315e+00 +4.7963e+00 +4.3528e+00
612 0 +8.803928728e+00 +3.107739287e+02 +3.107739287e+02 -1.1328e+00 +3.6727e+00 +4.9260e+00
802 0 +6.297303564e+00 +3.082673036e+02 +3.082673036e+02 -1.5315e+00 +4.7963e+00 +4.7815e+00
806 0 +4.513686675e+00 +3.064836867e+02 +3.064836867e+02 -4.8979e+00 +4.5845e+00 +4.6902e+00
967 0 +3.997690123e+00 +3.059676901e+02 +3.059676901e+02 -3.8311e+00 +4.7963e+00 +4.7815e+00
1129 0 +2.630252158e+00 +3.046002522e+02 +3.046002522e+02 -3.8311e+00 +4.7963e+00 +4.9183e+00
1294 0 +1.952708608e+00 +3.039227086e+02 +3.039227086e+02 -4.5199e+00 +4.6431e+00 +4.9656e+00
1602 0 +9.510617633e-01 +3.029210618e+02 +3.029210618e+02 -4.5199e+00 +4.9598e+00 +4.9656e+00
1677 0 +6.471672857e-01 +3.026171673e+02 +3.026171673e+02 -4.8238e+00 +4.9598e+00 +4.9656e+00
1898 0 +6.233857178e-01 +3.025933857e+02 +3.025933857e+02 -4.8476e+00 +4.9598e+00 +4.9656e+00
1969 0 +4.942036982e-01 +3.024642037e+02 +3.024642037e+02 -4.8476e+00 +4.9598e+00 +4.9785e+00
2381 0 +3.924930168e-01 +3.023624930e+02 +3.023624930e+02 -4.7803e+00 +4.9771e+00 +4.9899e+00
2579 0 +3.790855860e-01 +3.023490856e+02 +3.023490856e+02 -4.7803e+00 +4.9771e+00 +4.9913e+00
2838 0 +3.284226505e-01 +3.022984227e+02 +3.022984227e+02 -4.8574e+00 +4.9829e+00 +4.9868e+00
2945 0 +2.263718337e-01 +3.021963718e+02 +3.021963718e+02 -4.9267e+00 +4.9761e+00 +4.9922e+00
3005 0 +2.139990094e-01 +3.021839990e+02 +3.021839990e+02 -4.9390e+00 +4.9761e+00 +4.9922e+00
3182 0 +1.862845968e-01 +3.021562846e+02 +3.021562846e+02 -4.9390e+00 +4.9849e+00 +4.9922e+00
3190 0 +7.547581804e-02 +3.020454758e+02 +3.020454758e+02 -4.9351e+00 +4.9972e+00 +4.9998e+00
3360 0 +6.778654577e-02 +3.020377865e+02 +3.020377865e+02 -4.9428e+00 +4.9972e+00 +4.9998e+00
3789 0 +4.315018500e-02 +3.020131502e+02 +3.020131502e+02 -4.9674e+00 +4.9972e+00 +4.9998e+00
4039 0 +1.490032655e-02 +3.019849003e+02 +3.019849003e+02 -4.9957e+00 +4.9972e+00 +4.9998e+00
4274 0 +1.247780116e-02 +3.019824778e+02 +3.019824778e+02 -4.9957e+00 +4.9979e+00 +4.9998e+00
4454 0 +1.049355243e-02 +3.019804936e+02 +3.019804936e+02 -4.9957e+00 +4.9986e+00 +4.9998e+00
4670 0 +1.019872608e-02 +3.019801987e+02 +3.019801987e+02 -4.9957e+00 +4.9987e+00 +4.9998e+00
4762 0 +7.322208257e-03 +3.019773222e+02 +3.019773222e+02 -4.9958e+00 +5.0000e+00 +4.9997e+00
4803 0 +7.061242040e-03 +3.019770612e+02 +3.019770612e+02 -4.9958e+00 +5.0000e+00 +4.9997e+00
5040 0 +3.430905064e-03 +3.019734309e+02 +3.019734309e+02 -4.9993e+00 +5.0000e+00 +4.9997e+00
5116 0 +2.503628692e-03 +3.019725036e+02 +3.019725036e+02 -4.9993e+00 +5.0000e+00 +4.9998e+00
5216 0 +2.261976101e-03 +3.019722620e+02 +3.019722620e+02 -4.9990e+00 +4.9998e+00 +4.9999e+00
5345 0 +1.901392677e-03 +3.019719014e+02 +3.019719014e+02 -4.9993e+00 +4.9999e+00 +4.9999e+00
5415 0 +1.411121074e-03 +3.019714111e+02 +3.019714111e+02 -4.9993e+00 +4.9999e+00 +5.0000e+00
5417 0 +1.834741532e-04 +3.019701835e+02 +3.019701835e+02 -4.9999e+00 +5.0000e+00 +5.0000e+00
5809 0 +1.620524935e-04 +3.019701621e+02 +3.019701621e+02 -4.9999e+00 +5.0000e+00 +5.0000e+00
5950 0 +9.592964761e-05 +3.019700959e+02 +3.019700959e+02 -5.0000e+00 +5.0000e+00 +5.0000e+00
6019 0 +8.966417715e-05 +3.019700897e+02 +3.019700897e+02 -4.9999e+00 +5.0000e+00 +5.0000e+00
6273 0 +7.904556560e-05 +3.019700790e+02 +3.019700790e+02 -4.9999e+00 +5.0000e+00 +5.0000e+00
6379 0 +5.010798276e-05 +3.019700501e+02 +3.019700501e+02 -5.0000e+00 +5.0000e+00 +5.0000e+00
6548 0 +1.763448188e-05 +3.019700176e+02 +3.019700176e+02 -5.0000e+00 +5.0000e+00 +5.0000e+00
6694 0 +1.008028102e-05 +3.019700101e+02 +3.019700101e+02 -5.0000e+00 +5.0000e+00 +5.0000e+00
6718 0 +7.443575385e-06 +3.019700074e+02 +3.019700074e+02 -5.0000e+00 +5.0000e+00 +5.0000e+00
6925 0 +5.747456271e-06 +3.019700057e+02 +3.019700057e+02 -5.0000e+00 +5.0000e+00 +5.0000e+00
7053 0 +3.842926503e-06 +3.019700038e+02 +3.019700038e+02 -5.0000e+00 +5.0000e+00 +5.0000e+00
7214 0 +2.550002762e-06 +3.019700026e+02 +3.019700026e+02 -5.0000e+00 +5.0000e+00 +5.0000e+00
7254 0 +2.248415854e-06 +3.019700022e+02 +3.019700022e+02 -5.0000e+00 +5.0000e+00 +5.0000e+00
7273 0 +2.172607935e-06 +3.019700022e+02 +3.019700022e+02 -5.0000e+00 +5.0000e+00 +5.0000e+00
7371 0 +1.965778608e-06 +3.019700020e+02 +3.019700020e+02 -5.0000e+00 +5.0000e+00 +5.0000e+00
7429 0 +1.823538184e-06 +3.019700018e+02 +3.019700018e+02 -5.0000e+00 +5.0000e+00 +5.0000e+00
7568 0 +1.705150396e-06 +3.019700017e+02 +3.019700017e+02 -5.0000e+00 +5.0000e+00 +5.0000e+00
7585 0 +1.584964650e-06 +3.019700016e+02 +3.019700016e+02 -5.0000e+00 +5.0000e+00 +5.0000e+00
7601 0 +1.430874306e-06 +3.019700014e+02 +3.019700014e+02 -5.0000e+00 +5.0000e+00 +5.0000e+00
12002 0 +1.416227747e-06 +3.019700014e+02 +3.019700014e+02 -5.0000e+00 +5.0000e+00 +5.0000e+00
% f evaluations | g evaluations | best noise-free fitness - Fopt (-6.561000000000e+01) + sum g_i+ | measured fitness | best measured fitness or single-digit g-values | x1 | x2...
1 0 +3.579704740e+01 -2.981295260e+01 -2.981295260e+01 +2.9654e+00 -3.1657e+00 +2.7969e+00
5 0 +1.018899742e+01 -5.542100258e+01 -5.542100258e+01 +4.3855e+00 -4.9922e+00 +4.9221e+00
80 0 +9.609362052e+00 -5.600063795e+01 -5.600063795e+01 +2.6855e+00 -4.5640e+00 +4.9455e+00
95 0 +9.047456976e+00 -5.656254302e+01 -5.656254302e+01 +3.2440e+00 -4.9922e+00 +4.9221e+00
170 0 +8.190197270e+00 -5.741980273e+01 -5.741980273e+01 +1.2664e+00 -4.5640e+00 +4.9455e+00
482 0 +6.728585088e+00 -5.888141491e+01 -5.888141491e+01 -3.7791e+00 -3.6144e+00 +4.8874e+00
645 0 +6.435514756e+00 -5.917448524e+01 -5.917448524e+01 -3.9210e+00 -3.3221e+00 +4.9950e+00
716 0 +6.233701703e+00 -5.937629830e+01 -5.937629830e+01 -3.0772e+00 -4.6869e+00 +4.6679e+00
730 0 +5.237419046e+00 -6.037258095e+01 -6.037258095e+01 -3.9210e+00 -3.7010e+00 +4.9950e+00
897 0 +3.581595034e+00 -6.202840497e+01 -6.202840497e+01 -3.9210e+00 -4.2246e+00 +4.9950e+00
979 0 +2.018783080e+00 -6.359121692e+01 -6.359121692e+01 -3.9210e+00 -4.7188e+00 +4.9950e+00
1377 0 +1.588559034e+00 -6.402144097e+01 -6.402144097e+01 -4.3512e+00 -4.7188e+00 +4.9950e+00
1580 0 +1.262207191e+00 -6.434779281e+01 -6.434779281e+01 -3.9348e+00 -4.9797e+00 +4.9867e+00
1803 0 +9.070984971e-01 -6.470290150e+01 -6.470290150e+01 -4.2899e+00 -4.9797e+00 +4.9867e+00
2159 0 +8.459449794e-01 -6.476405502e+01 -6.476405502e+01 -4.2899e+00 -4.9990e+00 +4.9867e+00
2166 0 +7.796889463e-01 -6.483031105e+01 -6.483031105e+01 -4.7936e+00 -4.9695e+00 +4.9523e+00
2235 0 +4.870532346e-01 -6.512294677e+01 -6.512294677e+01 -4.7936e+00 -4.9695e+00 +4.9816e+00
2496 0 +3.035166276e-01 -6.530648337e+01 -6.530648337e+01 -4.7855e+00 -4.9990e+00 +4.9914e+00
2808 0 +2.095392952e-01 -6.540046070e+01 -6.540046070e+01 -4.9545e+00 -4.9607e+00 +4.9960e+00
2913 0 +2.036261451e-01 -6.540637385e+01 -6.540637385e+01 -4.9357e+00 -4.9688e+00 +4.9959e+00
2931 0 +1.859075863e-01 -6.542409241e+01 -6.542409241e+01 -4.9782e+00 -4.9607e+00 +4.9960e+00
2997 0 +1.035344932e-01 -6.550646551e+01 -6.550646551e+01 -4.9855e+00 -4.9990e+00 +4.9914e+00
3232 0 +9.374295171e-02 -6.551625705e+01 -6.551625705e+01 -4.9855e+00 -4.9990e+00 +4.9924e+00
3456 0 +8.792861151e-02 -6.552207139e+01 -6.552207139e+01 -4.9855e+00 -4.9990e+00 +4.9930e+00
3511 0 +7.955336218e-02 -6.553044664e+01 -6.553044664e+01 -4.9939e+00 -4.9990e+00 +4.9930e+00
3720 0 +2.393188817e-02 -6.558606811e+01 -6.558606811e+01 -4.9865e+00 -4.9982e+00 +4.9995e+00
3826 0 +1.977182557e-02 -6.559022817e+01 -6.559022817e+01 -4.9939e+00 -4.9990e+00 +4.9989e+00
4073 0 +1.504395582e-02 -6.559495604e+01 -6.559495604e+01 -4.9939e+00 -4.9990e+00 +4.9994e+00
4349 0 +1.178307461e-02 -6.559821693e+01 -6.559821693e+01 -4.9957e+00 -4.9982e+00 +4.9998e+00
4422 0 +9.046768241e-03 -6.560095323e+01 -6.560095323e+01 -4.9989e+00 -4.9983e+00 +4.9997e+00
4699 0 +7.328173741e-03 -6.560267183e+01 -6.560267183e+01 -4.9986e+00 -4.9990e+00 +4.9997e+00
4765 0 +6.681511494e-03 -6.560331849e+01 -6.560331849e+01 -4.9989e+00 -4.9983e+00 +5.0000e+00
4806 0 +6.466413513e-03 -6.560353359e+01 -6.560353359e+01 -4.9989e+00 -4.9984e+00 +5.0000e+00
5000 0 +5.912865358e-03 -6.560408713e+01 -6.560408713e+01 -4.9995e+00 -4.9997e+00 +4.9995e+00
5169 0 +5.704498966e-03 -6.560429550e+01 -6.560429550e+01 -4.9996e+00 -4.9990e+00 +4.9998e+00
5211 0 +5.590766326e-03 -6.560440923e+01 -6.560440923e+01 -4.9989e+00 -4.9989e+00 +4.9999e+00
5226 0 +4.306097895e-03 -6.560569390e+01 -6.560569390e+01 -4.9995e+00 -4.9997e+00 +4.9997e+00
5262 0 +3.501414930e-03 -6.560649859e+01 -6.560649859e+01 -4.9995e+00 -5.0000e+00 +4.9997e+00
5310 0 +3.053877055e-03 -6.560694612e+01 -6.560694612e+01 -4.9989e+00 -4.9997e+00 +4.9999e+00
5380 0 +2.860011392e-03 -6.560713999e+01 -6.560713999e+01 -4.9989e+00 -4.9998e+00 +4.9999e+00
5457 0 +2.790422655e-03 -6.560720958e+01 -6.560720958e+01 -4.9990e+00 -4.9997e+00 +4.9999e+00
5471 0 +2.265887902e-03 -6.560773411e+01 -6.560773411e+01 -5.0000e+00 -5.0000e+00 +4.9998e+00
5517 0 +2.150736949e-03 -6.560784926e+01 -6.560784926e+01 -4.9989e+00 -4.9998e+00 +5.0000e+00
5548 0 +1.974444198e-03 -6.560802556e+01 -6.560802556e+01 -4.9987e+00 -4.9999e+00 +4.9999e+00
5606 0 +1.847400039e-03 -6.560815260e+01 -6.560815260e+01 -4.9986e+00 -4.9999e+00 +5.0000e+00
5703 0 +1.156585843e-03 -6.560884341e+01 -6.560884341e+01 -5.0000e+00 -5.0000e+00 +4.9999e+00
5770 0 +9.632665496e-04 -6.560903673e+01 -6.560903673e+01 -4.9998e+00 -4.9998e+00 +5.0000e+00
5864 0 +3.870367158e-04 -6.560961296e+01 -6.560961296e+01 -5.0000e+00 -4.9999e+00 +5.0000e+00
6023 0 +3.426378794e-04 -6.560965736e+01 -6.560965736e+01 -4.9999e+00 -5.0000e+00 +5.0000e+00
6070 0 +1.384267128e-04 -6.560986157e+01 -6.560986157e+01 -5.0000e+00 -5.0000e+00 +5.0000e+00
6152 0 +1.323678178e-04 -6.560986763e+01 -6.560986763e+01 -5.0000e+00 -5.0000e+00 +5.0000e+00
6156 0 +1.265270054e-04 -6.560987347e+01 -6.560987347e+01 -5.0000e+00 -5.0000e+00 +5.0000e+00
6239 0 +1.177318231e-04 -6.560988227e+01 -6.560988227e+01 -5.0000e+00 -5.0000e+00 +5.0000e+00
6362 0 +1.069851143e-04 -6.560989301e+01 -6.560989301e+01 -5.0000e+00 -5.0000e+00 +5.0000e+00
6372 0 +7.036207036e-05 -6.560992964e+01 -6.560992964e+01 -5.0000e+00 -5.0000e+00 +5.0000e+00
6565 0 +5.736582470e-05 -6.560994263e+01 -6.560994263e+01 -5.0000e+00 -5.0000e+00 +5.0000e+00
6638 0 +3.796818247e-05 -6.560996203e+01 -6.560996203e+01 -5.0000e+00 -5.0000e+00 +5.0000e+00
6832 0 +2.116973013e-05 -6.560997883e+01 -6.560997883e+01 -5.0000e+00 -5.0000e+00 +5.0000e+00
6866 0 +2.017905241e-05 -6.560997982e+01 -6.560997982e+01 -5.0000e+00 -5.0000e+00 +5.0000e+00
6956 0 +1.357853419e-05 -6.560998642e+01 -6.560998642e+01 -5.0000e+00 -5.0000e+00 +5.0000e+00
7083 0 +8.123082551e-06 -6.560999188e+01 -6.560999188e+01 -5.0000e+00 -5.0000e+00 +5.0000e+00
7185 0 +7.613308227e-06 -6.560999239e+01 -6.560999239e+01 -5.0000e+00 -5.0000e+00 +5.0000e+00
7249 0 +5.964195978e-06 -6.560999404e+01 -6.560999404e+01 -5.0000e+00 -5.0000e+00 +5.0000e+00
7284 0 +3.154936479e-06 -6.560999685e+01 -6.560999685e+01 -5.0000e+00 -5.0000e+00 +5.0000e+00
7409 0 +2.995146076e-06 -6.560999700e+01 -6.560999700e+01 -5.0000e+00 -5.0000e+00 +5.0000e+00
7481 0 +2.946786537e-06 -6.560999705e+01 -6.560999705e+01 -5.0000e+00 -5.0000e+00 +5.0000e+00
7517 0 +2.826918404e-06 -6.560999717e+01 -6.560999717e+01 -5.0000e+00 -5.0000e+00 +5.0000e+00
7525 0 +2.516457499e-06 -6.560999748e+01 -6.560999748e+01 -5.0000e+00 -5.0000e+00 +5.0000e+00
7578 0 +2.395903195e-06 -6.560999760e+01 -6.560999760e+01 -5.0000e+00 -5.0000e+00 +5.0000e+00
7608 0 +2.146098240e-06 -6.560999785e+01 -6.560999785e+01 -5.0000e+00 -5.0000e+00 +5.0000e+00
7647 0 +2.103247155e-06 -6.560999790e+01 -6.560999790e+01 -5.0000e+00 -5.0000e+00 +5.0000e+00
7654 0 +1.858386966e-06 -6.560999814e+01 -6.560999814e+01 -5.0000e+00 -5.0000e+00 +5.0000e+00
7666 0 +1.682851249e-06 -6.560999832e+01 -6.560999832e+01 -5.0000e+00 -5.0000e+00 +5.0000e+00
7683 0 +1.531688028e-06 -6.560999847e+01 -6.560999847e+01 -5.0000e+00 -5.0000e+00 +5.0000e+00
7707 0 +1.416227775e-06 -6.560999858e+01 -6.560999858e+01 -5.0000e+00 -5.0000e+00 +5.0000e+00
12002 0 +1.416227775e-06 -6.560999858e+01 -6.560999858e+01 -5.0000e+00 -5.0000e+00 +5.0000e+00
% f evaluations | g evaluations | best noise-free fitness - Fopt (-3.569000000000e+01) + sum g_i+ | measured fitness | best measured fitness or single-digit g-values | x1 | x2...
1 0 +1.058257292e+02 +7.013572920e+01 +7.013572920e+01 +2.9654e+00 -3.1657e+00 +2.7969e+00
2 0 +3.155329735e+01 -4.136702653e+00 -4.136702653e+00 +9.6850e-01 -5.4167e-01 -4.0003e+00
6 0 +1.681242108e+01 -1.887757892e+01 -1.887757892e+01 +1.1748e+00 +1.1165e+00 -4.9293e+00
187 0 +1.417113379e+01 -2.151886621e+01 -2.151886621e+01 -3.5748e+00 +4.7376e+00 -4.5234e+00
276 0 +1.227315736e+01 -2.341684264e+01 -2.341684264e+01 -1.6768e+00 +4.7376e+00 -4.5234e+00
364 0 +1.027360885e+01 -2.541639115e+01 -2.541639115e+01 +3.2271e-01 +4.7376e+00 -4.5234e+00
451 0 +1.014240280e+01 -2.554759720e+01 -2.554759720e+01 +4.5391e-01 +4.7376e+00 -4.5234e+00
637 0 +7.067346189e+00 -2.862265381e+01 -2.862265381e+01 -7.4819e-02 +4.6474e+00 -4.9123e+00
722 0 +6.140495110e+00 -2.954950489e+01 -2.954950489e+01 +8.5203e-01 +4.6474e+00 -4.9123e+00
888 0 +6.012913168e+00 -2.967708683e+01 -2.967708683e+01 +9.7961e-01 +4.6474e+00 -4.9123e+00
942 0 +4.702661178e+00 -3.098733882e+01 -3.098733882e+01 +2.5748e+00 +4.8169e+00 -4.8301e+00
1019 0 +4.655439669e+00 -3.103456033e+01 -3.103456033e+01 +1.8708e+00 +4.7889e+00 -4.9141e+00
1105 0 +3.527571115e+00 -3.216242888e+01 -3.216242888e+01 +3.7499e+00 +4.8169e+00 -4.8301e+00
1212 0 +3.417342999e+00 -3.227265700e+01 -3.227265700e+01 +2.8605e+00 +4.8242e+00 -4.9278e+00
1286 0 +2.920079166e+00 -3.276992083e+01 -3.276992083e+01 +4.7914e+00 +4.5769e+00 -4.8627e+00
1308 0 +1.394740580e+00 -3.429525942e+01 -3.429525942e+01 +4.9691e+00 +4.5852e+00 -4.9948e+00
1573 0 +1.295817242e+00 -3.439418276e+01 -3.439418276e+01 +4.9206e+00 +4.8169e+00 -4.9363e+00
2082 0 +9.437613918e-01 -3.474623861e+01 -3.474623861e+01 +4.9206e+00 +4.8169e+00 -4.9715e+00
2284 0 +8.953708827e-01 -3.479462912e+01 -3.479462912e+01 +4.6915e+00 +4.8933e+00 -4.9751e+00
2351 0 +6.599881120e-01 -3.503001189e+01 -3.503001189e+01 +4.6915e+00 +4.9677e+00 -4.9751e+00
2423 0 +6.130462381e-01 -3.507695376e+01 -3.507695376e+01 +4.9206e+00 +4.8793e+00 -4.9848e+00
2605 0 +5.140605612e-01 -3.517593944e+01 -3.517593944e+01 +4.8936e+00 +4.9036e+00 -4.9897e+00
2695 0 +3.368712971e-01 -3.535312870e+01 -3.535312870e+01 +4.7029e+00 +4.9995e+00 -4.9962e+00
2820 0 +3.089940548e-01 -3.538100595e+01 -3.538100595e+01 +4.7307e+00 +4.9995e+00 -4.9962e+00
2857 0 +2.987040423e-01 -3.539129596e+01 -3.539129596e+01 +4.8936e+00 +4.9717e+00 -4.9897e+00
2919 0 +2.092425147e-01 -3.548075749e+01 -3.548075749e+01 +4.9831e+00 +4.9717e+00 -4.9897e+00
2979 0 +1.244569109e-01 -3.556554309e+01 -3.556554309e+01 +4.9831e+00 +4.9985e+00 -4.9897e+00
3328 0 +1.171145143e-01 -3.557288549e+01 -3.557288549e+01 +4.9831e+00 +4.9985e+00 -4.9905e+00
3634 0 +1.096102586e-01 -3.558038974e+01 -3.558038974e+01 +4.9607e+00 +4.9896e+00 -4.9963e+00
3652 0 +9.301432492e-02 -3.559698568e+01 -3.559698568e+01 +4.9719e+00 +4.9973e+00 -4.9943e+00
3734 0 +7.836826272e-02 -3.561163174e+01 -3.561163174e+01 +4.9705e+00 +4.9847e+00 -5.0000e+00
3786 0 +7.698860637e-02 -3.561301139e+01 -3.561301139e+01 +4.9705e+00 +4.9851e+00 -5.0000e+00
3888 0 +4.667231747e-02 -3.564332768e+01 -3.564332768e+01 +4.9705e+00 +4.9947e+00 -5.0000e+00
3895 0 +3.524916878e-02 -3.565475083e+01 -3.565475083e+01 +4.9684e+00 +4.9996e+00 -4.9998e+00
3944 0 +1.567824252e-02 -3.567432176e+01 -3.567432176e+01 +4.9880e+00 +4.9996e+00 -4.9998e+00
4138 0 +8.577883987e-03 -3.568142212e+01 -3.568142212e+01 +4.9951e+00 +4.9996e+00 -4.9998e+00
4907 0 +3.474251409e-03 -3.568652575e+01 -3.568652575e+01 +4.9998e+00 +4.9991e+00 -4.9999e+00
4946 0 +1.184189157e-03 -3.568881581e+01 -3.568881581e+01 +4.9998e+00 +4.9999e+00 -4.9999e+00
5458 0 +8.054737895e-04 -3.568919453e+01 -3.568919453e+01 +4.9998e+00 +5.0000e+00 -4.9999e+00
5658 0 +6.621127589e-04 -3.568933789e+01 -3.568933789e+01 +4.9998e+00 +5.0000e+00 -5.0000e+00
5722 0 +6.268746072e-04 -3.568937313e+01 -3.568937313e+01 +4.9998e+00 +5.0000e+00 -5.0000e+00
5785 0 +5.768930659e-04 -3.568942311e+01 -3.568942311e+01 +4.9998e+00 +5.0000e+00 -5.0000e+00
5870 0 +5.123821051e-04 -3.568948762e+01 -3.568948762e+01 +4.9998e+00 +5.0000e+00 -5.0000e+00
5930 0 +4.805978891e-04 -3.568951940e+01 -3.568951940e+01 +4.9998e+00 +5.0000e+00 -5.0000e+00
6015 0 +4.634394405e-04 -3.568953656e+01 -3.568953656e+01 +4.9998e+00 +4.9999e+00 -5.0000e+00
6054 0 +4.367854150e-04 -3.568956321e+01 -3.568956321e+01 +4.9999e+00 +5.0000e+00 -5.0000e+00
6074 0 +2.586857441e-04 -3.568974131e+01 -3.568974131e+01 +4.9999e+00 +5.0000e+00 -5.0000e+00
6243 0 +2.295325295e-04 -3.568977047e+01 -3.568977047e+01 +4.9999e+00 +5.0000e+00 -5.0000e+00
6270 0 +1.752596233e-04 -3.568982474e+01 -3.568982474e+01 +5.0000e+00 +5.0000e+00 -5.0000e+00
6350 0 +1.607941226e-04 -3.568983921e+01 -3.568983921e+01 +5.0000e+00 +5.0000e+00 -5.0000e+00
6426 0 +5.318508142e-05 -3.568994681e+01 -3.568994681e+01 +5.0000e+00 +5.0000e+00 -5.0000e+00
6452 0 +2.693990754e-05 -3.568997306e+01 -3.568997306e+01 +5.0000e+00 +5.0000e+00 -5.0000e+00
6767 0 +2.630136357e-05 -3.568997370e+01 -3.568997370e+01 +5.0000e+00 +5.0000e+00 -5.0000e+00
6813 0 +2.494535539e-05 -3.568997505e+01 -3.568997505e+01 +5.0000e+00 +5.0000e+00 -5.0000e+00
6819 0 +2.316356092e-05 -3.568997684e+01 -3.568997684e+01 +5.0000e+00 +5.0000e+00 -5.0000e+00
6864 0 +1.856857571e-05 -3.568998143e+01 -3.568998143e+01 +5.0000e+00 +5.0000e+00 -5.0000e+00
6886 0 +1.080147076e-05 -3.568998920e+01 -3.568998920e+01 +5.0000e+00 +5.0000e+00 -5.0000e+00
6927 0 +1.011952309e-05 -3.568998988e+01 -3.568998988e+01 +5.0000e+00 +5.0000e+00 -5.0000e+00
6992 0 +8.500112429e-06 -3.568999150e+01 -3.568999150e+01 +5.0000e+00 +5.0000e+00 -5.0000e+00
7056 0 +7.515744223e-06 -3.568999248e+01 -3.568999248e+01 +5.0000e+00 +5.0000e+00 -5.0000e+00
7202 0 +6.034956606e-06 -3.568999397e+01 -3.568999397e+01 +5.0000e+00 +5.0000e+00 -5.0000e+00
7220 0 +5.415903310e-06 -3.568999458e+01 -3.568999458e+01 +5.0000e+00 +5.0000e+00 -5.0000e+00
7287 0 +4.188460160e-06 -3.568999581e+01 -3.568999581e+01 +5.0000e+00 +5.0000e+00 -5.0000e+00
7306 0 +3.734653745e-06 -3.568999627e+01 -3.568999627e+01 +5.0000e+00 +5.0000e+00 -5.0000e+00
7364 0 +2.990251893e-06 -3.568999701e+01 -3.568999701e+01 +5.0000e+00 +5.0000e+00 -5.0000e+00
7404 0 +1.493647702e-06 -3.568999851e+01 -3.568999851e+01 +5.0000e+00 +5.0000e+00 -5.0000e+00
7643 0 +1.416227775e-06 -3.568999858e+01 -3.568999858e+01 +5.0000e+00 +5.0000e+00 -5.0000e+00
12002 0 +1.416227775e-06 -3.568999858e+01 -3.568999858e+01 +5.0000e+00 +5.0000e+00 -5.0000e+00
% f evaluations | g evaluations | best noise-free fitness - Fopt (3.174000000000e+01) + sum g_i+ | measured fitness | best measured fitness or single-digit g-values | x1 | x2...
1 0 +8.580438724e+01 +1.175443872e+02 +1.175443872e+02 +2.9654e+00 -3.1657e+00 +2.7969e+00
2 0 +2.812746013e+01 +5.986746013e+01 +5.986746013e+01 +9.6850e-01 -5.4167e-01 -4.0003e+00
6 0 +2.387398710e+01 +5.561398710e+01 +5.561398710e+01 +1.1748e+00 +1.1165e+00 -4.9293e+00
11 0 +1.876945767e+01 +5.050945767e+01 +5.050945767e+01 +1.8031e+00 -4.9501e-01 -4.8674e+00
23 0 +1.382710501e+01 +4.556710501e+01 +4.556710501e+01 -2.0373e+00 -3.3473e+00 -4.8436e+00
113 0 +1.278555384e+01 +4.452555384e+01 +4.452555384e+01 -2.0373e+00 -3.6767e+00 -4.8436e+00
203 0 +1.162234803e+01 +4.336234803e+01 +4.336234803e+01 -8.7406e-01 -3.6767e+00 -4.8436e+00
292 0 +1.109831129e+01 +4.283831129e+01 +4.283831129e+01 -8.7406e-01 -3.6767e+00 -4.8960e+00
503 0 +9.443119860e+00 +4.118311986e+01 +4.118311986e+01 +2.1277e+00 -4.4490e+00 -4.5172e+00
552 0 +8.957971471e+00 +4.069797147e+01 +4.069797147e+01 +4.6526e+00 -4.7704e+00 -4.2116e+00
622 0 +8.730022093e+00 +4.047002209e+01 +4.047002209e+01 +4.9832e+00 -2.4681e+00 -4.9293e+00
707 0 +8.569736523e+00 +4.030973652e+01 +4.030973652e+01 +4.9832e+00 -2.5188e+00 -4.9293e+00
792 0 +4.255904276e+00 +3.599590428e+01 +3.599590428e+01 +3.1677e+00 -4.6846e+00 -4.8574e+00
875 0 +3.495506184e+00 +3.523550618e+01 +3.523550618e+01 +3.1677e+00 -4.9251e+00 -4.8574e+00
996 0 +3.309474228e+00 +3.504947423e+01 +3.504947423e+01 +2.7525e+00 -4.8081e+00 -4.9545e+00
1129 0 +3.199508601e+00 +3.493950860e+01 +3.493950860e+01 +4.5006e+00 -4.3901e+00 -4.9228e+00
1139 0 +2.937689600e+00 +3.467768960e+01 +3.467768960e+01 +3.4058e+00 -4.7866e+00 -4.9331e+00
1200 0 +2.837912629e+00 +3.457791263e+01 +3.457791263e+01 +3.8253e+00 -4.9251e+00 -4.8574e+00
1209 0 +1.532420123e+00 +3.327242012e+01 +3.327242012e+01 +4.5006e+00 -4.9173e+00 -4.9228e+00
1356 0 +1.014616133e+00 +3.275461613e+01 +3.275461613e+01 +4.9832e+00 -4.9079e+00 -4.9293e+00
1882 0 +8.412526512e-01 +3.258125265e+01 +3.258125265e+01 +4.6062e+00 -4.9922e+00 -4.9577e+00
2301 0 +7.688008862e-01 +3.250880089e+01 +3.250880089e+01 +4.6062e+00 -4.9922e+00 -4.9650e+00
2345 0 +5.729165530e-01 +3.231291655e+01 +3.231291655e+01 +4.8818e+00 -4.8637e+00 -4.9976e+00
2501 0 +5.326871043e-01 +3.227268710e+01 +3.227268710e+01 +4.6720e+00 -4.9922e+00 -4.9820e+00
2548 0 +4.074990959e-01 +3.214749910e+01 +3.214749910e+01 +4.9156e+00 -4.9100e+00 -4.9961e+00
2612 0 +4.055014819e-01 +3.214550148e+01 +3.214550148e+01 +4.9156e+00 -4.9100e+00 -4.9963e+00
2733 0 +1.438771393e-01 +3.188387714e+01 +3.188387714e+01 +4.9688e+00 -4.9750e+00 -4.9966e+00
2802 0 +1.329027350e-01 +3.187290273e+01 +3.187290273e+01 +4.9156e+00 -4.9962e+00 -4.9963e+00
3220 0 +1.056395288e-01 +3.184563953e+01 +3.184563953e+01 +4.9429e+00 -4.9962e+00 -4.9963e+00
3462 0 +9.163327256e-02 +3.183163327e+01 +3.183163327e+01 +4.9663e+00 -4.9842e+00 -4.9992e+00
3483 0 +7.784044343e-02 +3.181784044e+01 +3.181784044e+01 +4.9865e+00 -4.9986e+00 -4.9940e+00
3537 0 +7.613893267e-02 +3.181613893e+01 +3.181613893e+01 +4.9865e+00 -4.9986e+00 -4.9942e+00
3571 0 +6.977304789e-02 +3.180977305e+01 +3.180977305e+01 +4.9881e+00 -4.9842e+00 -4.9992e+00
3624 0 +6.054736484e-02 +3.180054736e+01 +3.180054736e+01 +4.9974e+00 -4.9842e+00 -4.9992e+00
3712 0 +2.486443378e-02 +3.176486443e+01 +3.176486443e+01 +4.9963e+00 -4.9972e+00 -4.9988e+00
3747 0 +2.353712682e-02 +3.176353713e+01 +3.176353713e+01 +4.9865e+00 -4.9986e+00 -4.9994e+00
3850 0 +2.100864937e-02 +3.176100865e+01 +3.176100865e+01 +4.9865e+00 -4.9986e+00 -4.9997e+00
3916 0 +1.983726456e-02 +3.175983726e+01 +3.175983726e+01 +4.9963e+00 -4.9988e+00 -4.9988e+00
4062 0 +1.887001432e-02 +3.175887001e+01 +3.175887001e+01 +4.9973e+00 -4.9988e+00 -4.9988e+00
4110 0 +1.790889953e-02 +3.175790890e+01 +3.175790890e+01 +4.9982e+00 -4.9988e+00 -4.9988e+00
4251 0 +1.612060454e-02 +3.175612060e+01 +3.175612060e+01 +4.9982e+00 -4.9988e+00 -4.9989e+00
4297 0 +1.082927854e-02 +3.175082928e+01 +3.175082928e+01 +4.9982e+00 -4.9988e+00 -4.9995e+00
4532 0 +9.948031232e-03 +3.174994803e+01 +3.174994803e+01 +4.9999e+00 -4.9974e+00 -4.9999e+00
4606 0 +6.616547723e-03 +3.174661655e+01 +3.174661655e+01 +4.9982e+00 -4.9988e+00 -4.9999e+00
4854 0 +6.244907921e-03 +3.174624491e+01 +3.174624491e+01 +4.9986e+00 -4.9988e+00 -4.9999e+00
4886 0 +5.364553045e-03 +3.174536455e+01 +3.174536455e+01 +4.9970e+00 -4.9996e+00 -4.9999e+00
4952 0 +3.794628615e-03 +3.174379463e+01 +3.174379463e+01 +4.9983e+00 -4.9994e+00 -5.0000e+00
5042 0 +2.553562826e-03 +3.174255356e+01 +3.174255356e+01 +4.9999e+00 -4.9996e+00 -4.9999e+00
5106 0 +2.266953896e-03 +3.174226695e+01 +3.174226695e+01 +4.9999e+00 -4.9994e+00 -5.0000e+00
5289 0 +2.216784001e-03 +3.174221678e+01 +3.174221678e+01 +4.9999e+00 -4.9994e+00 -5.0000e+00
5325 0 +1.809725877e-03 +3.174180973e+01 +3.174180973e+01 +4.9999e+00 -4.9995e+00 -5.0000e+00
5379 0 +1.770120885e-03 +3.174177012e+01 +3.174177012e+01 +4.9993e+00 -4.9998e+00 -5.0000e+00
5383 0 +1.124877930e-03 +3.174112488e+01 +3.174112488e+01 +4.9993e+00 -5.0000e+00 -5.0000e+00
5452 0 +1.117526159e-03 +3.174111753e+01 +3.174111753e+01 +4.9993e+00 -5.0000e+00 -5.0000e+00
5482 0 +1.013104827e-03 +3.174101310e+01 +3.174101310e+01 +4.9993e+00 -5.0000e+00 -5.0000e+00
5582 0 +8.262099250e-04 +3.174082621e+01 +3.174082621e+01 +4.9993e+00 -5.0000e+00 -5.0000e+00
5744 0 +7.864583451e-04 +3.174078646e+01 +3.174078646e+01 +4.9993e+00 -5.0000e+00 -5.0000e+00
5805 0 +1.901056670e-04 +3.174019011e+01 +3.174019011e+01 +5.0000e+00 -5.0000e+00 -5.0000e+00
5936 0 +1.308913757e-04 +3.174013089e+01 +3.174013089e+01 +4.9999e+00 -5.0000e+00 -5.0000e+00
5966 0 +1.026626640e-04 +3.174010266e+01 +3.174010266e+01 +4.9999e+00 -5.0000e+00 -5.0000e+00
6111 0 +6.670246114e-05 +3.174006670e+01 +3.174006670e+01 +5.0000e+00 -5.0000e+00 -5.0000e+00
6230 0 +4.090889226e-05 +3.174004091e+01 +3.174004091e+01 +5.0000e+00 -5.0000e+00 -5.0000e+00
6389 0 +2.931154841e-05 +3.174002931e+01 +3.174002931e+01 +5.0000e+00 -5.0000e+00 -5.0000e+00
6491 0 +2.867271516e-05 +3.174002867e+01 +3.174002867e+01 +5.0000e+00 -5.0000e+00 -5.0000e+00
6553 0 +2.815991940e-05 +3.174002816e+01 +3.174002816e+01 +5.0000e+00 -5.0000e+00 -5.0000e+00
6615 0 +2.327390964e-05 +3.174002327e+01 +3.174002327e+01 +5.0000e+00 -5.0000e+00 -5.0000e+00
6662 0 +2.247806966e-05 +3.174002248e+01 +3.174002248e+01 +5.0000e+00 -5.0000e+00 -5.0000e+00
6724 0 +1.827656564e-05 +3.174001828e+01 +3.174001828e+01 +5.0000e+00 -5.0000e+00 -5.0000e+00
6756 0 +1.104652111e-05 +3.174001105e+01 +3.174001105e+01 +5.0000e+00 -5.0000e+00 -5.0000e+00
6855 0 +9.077072583e-06 +3.174000908e+01 +3.174000908e+01 +5.0000e+00 -5.0000e+00 -5.0000e+00
6954 0 +7.188142988e-06 +3.174000719e+01 +3.174000719e+01 +5.0000e+00 -5.0000e+00 -5.0000e+00
6997 0 +3.552196997e-06 +3.174000355e+01 +3.174000355e+01 +5.0000e+00 -5.0000e+00 -5.0000e+00
7054 0 +2.559316670e-06 +3.174000256e+01 +3.174000256e+01 +5.0000e+00 -5.0000e+00 -5.0000e+00
7197 0 +2.130417936e-06 +3.174000213e+01 +3.174000213e+01 +5.0000e+00 -5.0000e+00 -5.0000e+00
7239 0 +1.909740785e-06 +3.174000191e+01 +3.174000191e+01 +5.0000e+00 -5.0000e+00 -5.0000e+00
7295 0 +1.416227772e-06 +3.174000142e+01 +3.174000142e+01 +5.0000e+00 -5.0000e+00 -5.0000e+00
12002 0 +1.416227772e-06 +3.174000142e+01 +3.174000142e+01 +5.0000e+00 -5.0000e+00 -5.0000e+00
% f evaluations | g evaluations | best noise-free fitness - Fopt (8.344900000000e+02) + sum g_i+ | measured fitness | best measured fitness or single-digit g-values | x1 | x2...
1 0 +9.173524692e+01 +9.262252469e+02 +9.262252469e+02 +2.9654e+00 -3.1657e+00 +2.7969e+00
2 0 +3.006446336e+01 +8.645544634e+02 +8.645544634e+02 +9.6850e-01 -5.4167e-01 -4.0003e+00
3 0 +2.943196319e+01 +8.639219632e+02 +8.639219632e+02 -4.0751e-01 -1.6629e+00 -3.5713e+00
6 0 +2.622361725e+01 +8.607136173e+02 +8.607136173e+02 +1.1748e+00 +1.1165e+00 -4.9293e+00
11 0 +2.237560844e+01 +8.568656084e+02 +8.568656084e+02 +1.8031e+00 -4.9501e-01 -4.8674e+00
23 0 +9.752575132e+00 +8.442425751e+02 +8.442425751e+02 -2.0373e+00 -3.3473e+00 -4.8436e+00
107 0 +9.356122086e+00 +8.438461221e+02 +8.438461221e+02 +6.7700e-01 -4.6869e+00 -4.7311e+00
197 0 +9.298601735e+00 +8.437886017e+02 +8.437886017e+02 +6.7700e-01 -4.7051e+00 -4.7311e+00
203 0 +8.050493927e+00 +8.425404939e+02 +8.425404939e+02 -2.0373e+00 -3.8856e+00 -4.8436e+00
374 0 +7.368073604e+00 +8.418580736e+02 +8.418580736e+02 -1.2535e+00 -4.7051e+00 -4.7311e+00
561 0 +7.209736071e+00 +8.416997361e+02 +8.416997361e+02 -2.6402e+00 -3.5433e+00 -4.9756e+00
718 0 +6.420196115e+00 +8.409101961e+02 +8.409101961e+02 -2.2014e+00 -4.7051e+00 -4.7311e+00
723 0 +5.715341792e+00 +8.402053418e+02 +8.402053418e+02 -2.2500e+00 -4.5567e+00 -4.8436e+00
801 0 +5.070839084e+00 +8.395608391e+02 +8.395608391e+02 -3.5508e+00 -4.7051e+00 -4.7311e+00
905 0 +5.005344695e+00 +8.394953447e+02 +8.394953447e+02 -4.9509e+00 -3.7553e+00 -4.8980e+00
966 0 +3.773945168e+00 +8.382639452e+02 +8.382639452e+02 -4.8477e+00 -4.7051e+00 -4.7311e+00
1142 0 +3.548250456e+00 +8.380382505e+02 +8.380382505e+02 -2.6402e+00 -4.7012e+00 -4.9756e+00
1234 0 +3.326484709e+00 +8.378164847e+02 +8.378164847e+02 -3.9765e+00 -4.3555e+00 -4.9735e+00
1300 0 +2.950851638e+00 +8.374408516e+02 +8.374408516e+02 -2.6402e+00 -4.8901e+00 -4.9756e+00
1453 0 +2.210447387e+00 +8.367004474e+02 +8.367004474e+02 -4.0093e+00 -4.7162e+00 -4.9678e+00
1605 0 +1.951811868e+00 +8.364418119e+02 +8.364418119e+02 -4.2680e+00 -4.7162e+00 -4.9678e+00
1628 0 +1.828720272e+00 +8.363187203e+02 +8.363187203e+02 -4.1915e+00 -4.7997e+00 -4.9613e+00
1741 0 +1.576024192e+00 +8.360660242e+02 +8.360660242e+02 -4.2184e+00 -4.9513e+00 -4.9360e+00
1922 0 +1.460350524e+00 +8.359503505e+02 +8.359503505e+02 -4.1915e+00 -4.8497e+00 -4.9824e+00
1993 0 +1.031456454e+00 +8.355214565e+02 +8.355214565e+02 -4.1915e+00 -4.9853e+00 -4.9824e+00
2077 0 +1.017788408e+00 +8.355077884e+02 +8.355077884e+02 -4.7574e+00 -4.9784e+00 -4.9293e+00
2121 0 +8.865580613e-01 +8.353765581e+02 +8.353765581e+02 -4.9999e+00 -4.8887e+00 -4.9465e+00
2191 0 +5.987849663e-01 +8.350887850e+02 +8.350887850e+02 -4.9999e+00 -4.9797e+00 -4.9465e+00
2545 0 +3.270115605e-01 +8.348170116e+02 +8.348170116e+02 -4.8904e+00 -4.9666e+00 -4.9888e+00
2799 0 +2.645414339e-01 +8.347545414e+02 +8.347545414e+02 -4.8904e+00 -4.9666e+00 -4.9951e+00
2861 0 +2.470740728e-01 +8.347370741e+02 +8.347370741e+02 -4.8904e+00 -4.9666e+00 -4.9968e+00
2906 0 +2.154472545e-01 +8.347054473e+02 +8.347054473e+02 -4.9999e+00 -4.9797e+00 -4.9849e+00
3146 0 +1.892398898e-01 +8.346792399e+02 +8.346792399e+02 -4.9999e+00 -4.9797e+00 -4.9875e+00
3159 0 +1.570866651e-01 +8.346470867e+02 +8.346470867e+02 -4.9804e+00 -4.9666e+00 -4.9968e+00
3266 0 +1.471389843e-01 +8.346371390e+02 +8.346371390e+02 -4.9038e+00 -4.9847e+00 -4.9998e+00
3442 0 +1.351510595e-01 +8.346251511e+02 +8.346251511e+02 -4.9804e+00 -4.9666e+00 -4.9990e+00
3492 0 +1.120729517e-01 +8.346020730e+02 +8.346020730e+02 -4.9517e+00 -4.9801e+00 -4.9999e+00
3546 0 +7.237699516e-02 +8.345623770e+02 +8.345623770e+02 -4.9517e+00 -4.9927e+00 -4.9999e+00
3687 0 +6.078376446e-02 +8.345507838e+02 +8.345507838e+02 -4.9560e+00 -4.9956e+00 -4.9997e+00
3791 0 +3.671042816e-02 +8.345267104e+02 +8.345267104e+02 -4.9801e+00 -4.9956e+00 -4.9997e+00
3842 0 +3.519211199e-02 +8.345251921e+02 +8.345251921e+02 -4.9801e+00 -4.9956e+00 -4.9999e+00
3968 0 +3.122198602e-02 +8.345212220e+02 +8.345212220e+02 -4.9856e+00 -4.9951e+00 -4.9999e+00
4050 0 +2.710325655e-02 +8.345171033e+02 +8.345171033e+02 -4.9964e+00 -4.9965e+00 -4.9987e+00
4134 0 +2.607956462e-02 +8.345160796e+02 +8.345160796e+02 -4.9801e+00 -4.9984e+00 -4.9999e+00
4228 0 +2.484591419e-02 +8.345148459e+02 +8.345148459e+02 -4.9813e+00 -4.9984e+00 -4.9999e+00
4235 0 +1.161527118e-02 +8.345016153e+02 +8.345016153e+02 -4.9969e+00 -4.9981e+00 -4.9997e+00
4330 0 +7.892519838e-03 +8.344978925e+02 +8.344978925e+02 -4.9999e+00 -4.9978e+00 -4.9999e+00
4550 0 +2.960835296e-03 +8.344929608e+02 +8.344929608e+02 -4.9999e+00 -4.9994e+00 -4.9999e+00
4920 0 +2.138142670e-03 +8.344921381e+02 +8.344921381e+02 -4.9999e+00 -4.9996e+00 -4.9999e+00
5295 0 +1.976193279e-03 +8.344919762e+02 +8.344919762e+02 -4.9999e+00 -4.9997e+00 -4.9999e+00
5366 0 +1.543193437e-03 +8.344915432e+02 +8.344915432e+02 -4.9999e+00 -4.9998e+00 -4.9999e+00
5435 0 +1.298664997e-03 +8.344912987e+02 +8.344912987e+02 -4.9999e+00 -4.9999e+00 -4.9999e+00
5602 0 +1.210809060e-03 +8.344912108e+02 +8.344912108e+02 -4.9999e+00 -4.9999e+00 -4.9999e+00
5635 0 +9.647035265e-04 +8.344909647e+02 +8.344909647e+02 -4.9999e+00 -4.9999e+00 -4.9999e+00
5745 0 +9.404716200e-04 +8.344909405e+02 +8.344909405e+02 -4.9995e+00 -4.9999e+00 -5.0000e+00
5835 0 +9.016372655e-04 +8.344909016e+02 +8.344909016e+02 -4.9993e+00 -5.0000e+00 -5.0000e+00
5837 0 +7.911074193e-04 +8.344907911e+02 +8.344907911e+02 -4.9998e+00 -5.0000e+00 -4.9999e+00
5846 0 +7.295500263e-04 +8.344907296e+02 +8.344907296e+02 -4.9999e+00 -4.9999e+00 -5.0000e+00
5883 0 +5.923116067e-04 +8.344905923e+02 +8.344905923e+02 -4.9997e+00 -5.0000e+00 -5.0000e+00
5898 0 +5.370021127e-04 +8.344905370e+02 +8.344905370e+02 -4.9998e+00 -5.0000e+00 -5.0000e+00
5967 0 +3.539384168e-04 +8.344903539e+02 +8.344903539e+02 -4.9999e+00 -4.9999e+00 -5.0000e+00
6054 0 +3.223203943e-04 +8.344903223e+02 +8.344903223e+02 -5.0000e+00 -4.9999e+00 -5.0000e+00
6062 0 +2.555235880e-04 +8.344902555e+02 +8.344902555e+02 -4.9998e+00 -5.0000e+00 -5.0000e+00
6101 0 +1.780454811e-04 +8.344901780e+02 +8.344901780e+02 -5.0000e+00 -5.0000e+00 -5.0000e+00
6112 0 +9.431575211e-05 +8.344900943e+02 +8.344900943e+02 -5.0000e+00 -5.0000e+00 -5.0000e+00
6224 0 +6.636314322e-05 +8.344900664e+02 +8.344900664e+02 -5.0000e+00 -5.0000e+00 -5.0000e+00
6238 0 +1.694643208e-05 +8.344900169e+02 +8.344900169e+02 -5.0000e+00 -5.0000e+00 -5.0000e+00
6672 0 +1.655705387e-05 +8.344900166e+02 +8.344900166e+02 -5.0000e+00 -5.0000e+00 -5.0000e+00
6742 0 +1.381356060e-05 +8.344900138e+02 +8.344900138e+02 -5.0000e+00 -5.0000e+00 -5.0000e+00
6811 0 +8.089407402e-06 +8.344900081e+02 +8.344900081e+02 -5.0000e+00 -5.0000e+00 -5.0000e+00
6922 0 +5.713586916e-06 +8.344900057e+02 +8.344900057e+02 -5.0000e+00 -5.0000e+00 -5.0000e+00
7061 0 +3.724315434e-06 +8.344900037e+02 +8.344900037e+02 -5.0000e+00 -5.0000e+00 -5.0000e+00
7104 0 +2.803240250e-06 +8.344900028e+02 +8.344900028e+02 -5.0000e+00 -5.0000e+00 -5.0000e+00
7117 0 +2.732324901e-06 +8.344900027e+02 +8.344900027e+02 -5.0000e+00 -5.0000e+00 -5.0000e+00
7177 0 +2.670268941e-06 +8.344900027e+02 +8.344900027e+02 -5.0000e+00 -5.0000e+00 -5.0000e+00
7225 0 +2.297816877e-06 +8.344900023e+02 +8.344900023e+02 -5.0000e+00 -5.0000e+00 -5.0000e+00
7312 0 +2.246154281e-06 +8.344900022e+02 +8.344900022e+02 -5.0000e+00 -5.0000e+00 -5.0000e+00
7379 0 +1.433704028e-06 +8.344900014e+02 +8.344900014e+02 -5.0000e+00 -5.0000e+00 -5.0000e+00
12002 0 +1.416227747e-06 +8.344900014e+02 +8.344900014e+02 -5.0000e+00 -5.0000e+00 -5.0000e+00
% f evaluations | g evaluations | best noise-free fitness - Fopt (4.159000000000e+01) + sum g_i+ | measured fitness | best measured fitness or single-digit g-values | x1 | x2...
1 0 +4.988752968e+01 +9.147752968e+01 +9.147752968e+01 +2.9654e+00 -3.1657e+00 +2.7969e+00
5 0 +3.299146633e+01 +7.458146633e+01 +7.458146633e+01 +4.3855e+00 -4.9922e+00 +4.9221e+00
10 0 +3.103608856e+01 +7.262608856e+01 +7.262608856e+01 +4.8323e+00 -3.3237e-01 +3.5994e+00
20 0 +2.156612055e+01 +6.315612055e+01 +6.315612055e+01 +2.0834e-01 +4.6117e+00 +3.4453e+00
27 0 +2.117458336e+01 +6.276458336e+01 +6.276458336e+01 +1.5108e+00 +4.1496e+00 +3.5004e+00
54 0 +2.037685361e+01 +6.196685361e+01 +6.196685361e+01 +3.0314e+00 -2.9699e-01 +4.8342e+00
86 0 +1.797781531e+01 +5.956781531e+01 +5.956781531e+01 -1.0531e+00 +3.4421e+00 +4.3002e+00
176 0 +1.494415833e+01 +5.653415833e+01 +5.653415833e+01 -1.0531e+00 +3.4421e+00 +4.6035e+00
315 0 +1.403257390e+01 +5.562257390e+01 +5.562257390e+01 -3.1856e+00 +4.5797e+00 +4.5482e+00
366 0 +1.109186988e+01 +5.268186988e+01 +5.268186988e+01 +4.8323e+00 +1.6784e+00 +4.9580e+00
468 0 +6.103120934e+00 +4.769312093e+01 +4.769312093e+01 +2.4074e+00 +4.1617e+00 +4.9140e+00
554 0 +5.215093073e+00 +4.680509307e+01 +4.680509307e+01 +3.2955e+00 +4.1617e+00 +4.9140e+00
640 0 +4.852929724e+00 +4.644292972e+01 +4.644292972e+01 +3.6576e+00 +4.1617e+00 +4.9140e+00
808 0 +3.131050476e+00 +4.472105048e+01 +4.472105048e+01 +3.6576e+00 +4.7062e+00 +4.9140e+00
890 0 +3.004079840e+00 +4.459407984e+01 +4.459407984e+01 +3.6576e+00 +4.7463e+00 +4.9140e+00
1233 0 +1.841814948e+00 +4.343181495e+01 +4.343181495e+01 +4.8795e+00 +4.7853e+00 +4.8958e+00
1383 0 +1.087442463e+00 +4.267744246e+01 +4.267744246e+01 +4.7878e+00 +4.7593e+00 +4.9886e+00
2021 0 +6.768301262e-01 +4.226683013e+01 +4.226683013e+01 +4.9303e+00 +4.8752e+00 +4.9788e+00
2161 0 +5.448936211e-01 +4.213489362e+01 +4.213489362e+01 +4.9303e+00 +4.8752e+00 +4.9920e+00
2264 0 +5.239430330e-01 +4.211394303e+01 +4.211394303e+01 +4.9325e+00 +4.9087e+00 +4.9832e+00
2290 0 +5.054151709e-01 +4.209541517e+01 +4.209541517e+01 +4.9774e+00 +4.9313e+00 +4.9734e+00
2331 0 +4.743069432e-01 +4.206430694e+01 +4.206430694e+01 +4.9325e+00 +4.9087e+00 +4.9882e+00
2377 0 +4.523396159e-01 +4.204233962e+01 +4.204233962e+01 +4.7003e+00 +4.9658e+00 +4.9955e+00
2398 0 +2.607771628e-01 +4.185077716e+01 +4.185077716e+01 +4.9325e+00 +4.9762e+00 +4.9882e+00
2465 0 +2.393101024e-01 +4.182931010e+01 +4.182931010e+01 +4.9540e+00 +4.9762e+00 +4.9882e+00
2784 0 +1.775659740e-01 +4.176756597e+01 +4.176756597e+01 +4.8632e+00 +4.9944e+00 +4.9977e+00
3146 0 +1.603017910e-01 +4.175030179e+01 +4.175030179e+01 +4.8632e+00 +4.9944e+00 +4.9994e+00
3204 0 +1.556007816e-01 +4.174560078e+01 +4.174560078e+01 +4.8679e+00 +4.9944e+00 +4.9994e+00
3262 0 +2.481064651e-02 +4.161481065e+01 +4.161481065e+01 +4.9987e+00 +4.9944e+00 +4.9994e+00
3319 0 +1.427411303e-02 +4.160427411e+01 +4.160427411e+01 +4.9987e+00 +4.9978e+00 +4.9994e+00
4049 0 +1.192108279e-02 +4.160192108e+01 +4.160192108e+01 +4.9987e+00 +4.9978e+00 +4.9996e+00
4097 0 +1.169073968e-02 +4.160169074e+01 +4.160169074e+01 +4.9989e+00 +4.9978e+00 +4.9996e+00
4464 0 +7.050859612e-03 +4.159705086e+01 +4.159705086e+01 +4.9975e+00 +4.9991e+00 +4.9998e+00
4636 0 +4.967983433e-03 +4.159496798e+01 +4.159496798e+01 +4.9975e+00 +4.9998e+00 +4.9998e+00
4760 0 +3.109934406e-03 +4.159310993e+01 +4.159310993e+01 +4.9994e+00 +4.9998e+00 +4.9998e+00
4922 0 +2.802472965e-03 +4.159280247e+01 +4.159280247e+01 +4.9994e+00 +4.9999e+00 +4.9998e+00
5188 0 +2.751010653e-03 +4.159275101e+01 +4.159275101e+01 +4.9994e+00 +4.9999e+00 +4.9998e+00
5249 0 +2.629403647e-03 +4.159262940e+01 +4.159262940e+01 +4.9997e+00 +4.9998e+00 +4.9998e+00
5356 0 +2.510235831e-03 +4.159251024e+01 +4.159251024e+01 +4.9998e+00 +4.9998e+00 +4.9998e+00
5395 0 +2.255122362e-03 +4.159225512e+01 +4.159225512e+01 +4.9989e+00 +4.9998e+00 +5.0000e+00
5401 0 +1.507376261e-03 +4.159150738e+01 +4.159150738e+01 +4.9990e+00 +4.9999e+00 +5.0000e+00
5435 0 +1.466409970e-03 +4.159146641e+01 +4.159146641e+01 +4.9991e+00 +4.9999e+00 +5.0000e+00
5506 0 +1.411854993e-03 +4.159141185e+01 +4.159141185e+01 +4.9999e+00 +5.0000e+00 +4.9999e+00
5637 0 +1.144210117e-03 +4.159114421e+01 +4.159114421e+01 +4.9997e+00 +4.9999e+00 +4.9999e+00
5670 0 +8.415757445e-04 +4.159084158e+01 +4.159084158e+01 +4.9997e+00 +4.9999e+00 +5.0000e+00
5702 0 +7.126830550e-04 +4.159071268e+01 +4.159071268e+01 +4.9997e+00 +5.0000e+00 +5.0000e+00
5918 0 +5.463418181e-04 +4.159054634e+01 +4.159054634e+01 +4.9996e+00 +5.0000e+00 +5.0000e+00
5978 0 +4.025910073e-04 +4.159040259e+01 +4.159040259e+01 +4.9999e+00 +5.0000e+00 +5.0000e+00
6001 0 +3.444233346e-04 +4.159034442e+01 +4.159034442e+01 +5.0000e+00 +5.0000e+00 +5.0000e+00
6007 0 +3.118740909e-04 +4.159031187e+01 +4.159031187e+01 +4.9999e+00 +5.0000e+00 +5.0000e+00
6030 0 +1.597865812e-04 +4.159015979e+01 +4.159015979e+01 +5.0000e+00 +5.0000e+00 +5.0000e+00
6145 0 +1.130378353e-04 +4.159011304e+01 +4.159011304e+01 +5.0000e+00 +5.0000e+00 +5.0000e+00
6309 0 +8.125490346e-05 +4.159008125e+01 +4.159008125e+01 +5.0000e+00 +5.0000e+00 +5.0000e+00
6388 0 +5.450185800e-05 +4.159005450e+01 +4.159005450e+01 +5.0000e+00 +5.0000e+00 +5.0000e+00
6482 0 +4.846475010e-05 +4.159004846e+01 +4.159004846e+01 +5.0000e+00 +5.0000e+00 +5.0000e+00
6566 0 +3.399071595e-05 +4.159003399e+01 +4.159003399e+01 +5.0000e+00 +5.0000e+00 +5.0000e+00
6675 0 +1.861280898e-05 +4.159001861e+01 +4.159001861e+01 +5.0000e+00 +5.0000e+00 +5.0000e+00
6838 0 +1.748651857e-05 +4.159001749e+01 +4.159001749e+01 +5.0000e+00 +5.0000e+00 +5.0000e+00
6914 0 +1.304318885e-05 +4.159001304e+01 +4.159001304e+01 +5.0000e+00 +5.0000e+00 +5.0000e+00
6936 0 +9.643457247e-06 +4.159000964e+01 +4.159000964e+01 +5.0000e+00 +5.0000e+00 +5.0000e+00
6958 0 +9.060422933e-06 +4.159000906e+01 +4.159000906e+01 +5.0000e+00 +5.0000e+00 +5.0000e+00
7000 0 +5.809996040e-06 +4.159000581e+01 +4.159000581e+01 +5.0000e+00 +5.0000e+00 +5.0000e+00
7042 0 +5.010656608e-06 +4.159000501e+01 +4.159000501e+01 +5.0000e+00 +5.0000e+00 +5.0000e+00
7063 0 +4.362172760e-06 +4.159000436e+01 +4.159000436e+01 +5.0000e+00 +5.0000e+00 +5.0000e+00
7146 0 +4.257340613e-06 +4.159000426e+01 +4.159000426e+01 +5.0000e+00 +5.0000e+00 +5.0000e+00
7322 0 +4.022821770e-06 +4.159000402e+01 +4.159000402e+01 +5.0000e+00 +5.0000e+00 +5.0000e+00
7347 0 +1.662651414e-06 +4.159000166e+01 +4.159000166e+01 +5.0000e+00 +5.0000e+00 +5.0000e+00
7493 0 +1.566092799e-06 +4.159000157e+01 +4.159000157e+01 +5.0000e+00 +5.0000e+00 +5.0000e+00
7541 0 +1.508173284e-06 +4.159000151e+01 +4.159000151e+01 +5.0000e+00 +5.0000e+00 +5.0000e+00
7577 0 +1.465702645e-06 +4.159000147e+01 +4.159000147e+01 +5.0000e+00 +5.0000e+00 +5.0000e+00
7607 0 +1.416227775e-06 +4.159000142e+01 +4.159000142e+01 +5.0000e+00 +5.0000e+00 +5.0000e+00
12002 0 +1.416227775e-06 +4.159000142e+01 +4.159000142e+01 +5.0000e+00 +5.0000e+00 +5.0000e+00
% f evaluations | g evaluations | best noise-free fitness - Fopt (1.004200000000e+02) + sum g_i+ | measured fitness | best measured fitness or single-digit g-values | x1 | x2...
1 0 +2.986618771e+01 +1.302861877e+02 +1.302861877e+02 +2.9654e+00 -3.1657e+00 +2.7969e+00
5 0 +1.417943135e+00 +1.018379431e+02 +1.018379431e+02 +4.3855e+00 -4.9922e+00 +4.9221e+00
1276 0 +9.774092969e-01 +1.013974093e+02 +1.013974093e+02 +4.8261e+00 -4.9922e+00 +4.9221e+00
1487 0 +7.586431931e-01 +1.011786432e+02 +1.011786432e+02 +4.9947e+00 -4.9389e+00 +4.9440e+00
1585 0 +5.577885756e-01 +1.009777886e+02 +1.009777886e+02 +4.8261e+00 -4.9922e+00 +4.9641e+00
1832 0 +2.883516355e-01 +1.007083516e+02 +1.007083516e+02 +4.9933e+00 -4.9312e+00 +4.9936e+00
2234 0 +1.147607879e-01 +1.005347608e+02 +1.005347608e+02 +4.9827e+00 -4.9737e+00 +4.9986e+00
2658 0 +9.872542953e-02 +1.005187254e+02 +1.005187254e+02 +4.9774e+00 -4.9870e+00 +4.9965e+00
3351 0 +6.357515546e-02 +1.004835752e+02 +1.004835752e+02 +4.9827e+00 -4.9874e+00 +4.9993e+00
3407 0 +4.947685625e-02 +1.004694769e+02 +1.004694769e+02 +4.9968e+00 -4.9874e+00 +4.9993e+00
3867 0 +2.332471743e-02 +1.004433247e+02 +1.004433247e+02 +4.9947e+00 -4.9998e+00 +4.9982e+00
3917 0 +1.297874066e-02 +1.004329787e+02 +1.004329787e+02 +4.9947e+00 -4.9998e+00 +4.9993e+00
4314 0 +1.226382895e-02 +1.004322638e+02 +1.004322638e+02 +4.9999e+00 -4.9968e+00 +4.9998e+00
4476 0 +1.146265169e-02 +1.004314627e+02 +1.004314627e+02 +4.9962e+00 -4.9998e+00 +4.9993e+00
4479 0 +3.329697947e-03 +1.004233297e+02 +1.004233297e+02 +4.9996e+00 -4.9998e+00 +4.9998e+00
4693 0 +2.835338329e-03 +1.004228353e+02 +1.004228353e+02 +4.9996e+00 -4.9998e+00 +4.9998e+00
4867 0 +2.689305865e-03 +1.004226893e+02 +1.004226893e+02 +4.9999e+00 -4.9998e+00 +4.9998e+00
5013 0 +2.446233242e-03 +1.004224462e+02 +1.004224462e+02 +4.9996e+00 -4.9999e+00 +4.9998e+00
5211 0 +1.272766167e-03 +1.004212728e+02 +1.004212728e+02 +4.9999e+00 -4.9998e+00 +5.0000e+00
5247 0 +9.764002469e-04 +1.004209764e+02 +1.004209764e+02 +4.9999e+00 -4.9999e+00 +5.0000e+00
5424 0 +9.314659164e-04 +1.004209315e+02 +1.004209315e+02 +4.9999e+00 -4.9999e+00 +5.0000e+00
5548 0 +7.487539261e-04 +1.004207488e+02 +1.004207488e+02 +4.9999e+00 -4.9999e+00 +5.0000e+00
5581 0 +6.896764776e-04 +1.004206897e+02 +1.004206897e+02 +4.9999e+00 -4.9999e+00 +5.0000e+00
5806 0 +5.822154558e-04 +1.004205822e+02 +1.004205822e+02 +4.9999e+00 -4.9999e+00 +5.0000e+00
5808 0 +5.613472798e-04 +1.004205613e+02 +1.004205613e+02 +4.9999e+00 -4.9999e+00 +5.0000e+00
5886 0 +4.981150804e-04 +1.004204981e+02 +1.004204981e+02 +4.9997e+00 -4.9999e+00 +5.0000e+00
5916 0 +4.076520995e-04 +1.004204077e+02 +1.004204077e+02 +4.9997e+00 -5.0000e+00 +5.0000e+00
5926 0 +3.539315687e-04 +1.004203539e+02 +1.004203539e+02 +4.9998e+00 -4.9999e+00 +5.0000e+00
6012 0 +2.883353604e-04 +1.004202883e+02 +1.004202883e+02 +4.9998e+00 -5.0000e+00 +5.0000e+00
6014 0 +2.499032442e-04 +1.004202499e+02 +1.004202499e+02 +4.9999e+00 -4.9999e+00 +5.0000e+00
6043 0 +2.452661473e-04 +1.004202453e+02 +1.004202453e+02 +4.9999e+00 -4.9999e+00 +5.0000e+00
6142 0 +2.087112467e-04 +1.004202087e+02 +1.004202087e+02 +4.9999e+00 -5.0000e+00 +5.0000e+00
6157 0 +1.956915666e-04 +1.004201957e+02 +1.004201957e+02 +5.0000e+00 -4.9999e+00 +5.0000e+00
6185 0 +7.481165675e-05 +1.004200748e+02 +1.004200748e+02 +5.0000e+00 -5.0000e+00 +5.0000e+00
6213 0 +5.796572050e-05 +1.004200580e+02 +1.004200580e+02 +5.0000e+00 -5.0000e+00 +5.0000e+00
6451 0 +5.086636723e-05 +1.004200509e+02 +1.004200509e+02 +5.0000e+00 -5.0000e+00 +5.0000e+00
6501 0 +4.868289177e-05 +1.004200487e+02 +1.004200487e+02 +5.0000e+00 -5.0000e+00 +5.0000e+00
6512 0 +4.601817176e-05 +1.004200460e+02 +1.004200460e+02 +5.0000e+00 -5.0000e+00 +5.0000e+00
6582 0 +3.352209863e-05 +1.004200335e+02 +1.004200335e+02 +5.0000e+00 -5.0000e+00 +5.0000e+00
6587 0 +1.360544036e-05 +1.004200136e+02 +1.004200136e+02 +5.0000e+00 -5.0000e+00 +5.0000e+00
6611 0 +1.200507226e-05 +1.004200120e+02 +1.004200120e+02 +5.0000e+00 -5.0000e+00 +5.0000e+00
6635 0 +1.037171903e-05 +1.004200104e+02 +1.004200104e+02 +5.0000e+00 -5.0000e+00 +5.0000e+00
6664 0 +1.013948332e-05 +1.004200101e+02 +1.004200101e+02 +5.0000e+00 -5.0000e+00 +5.0000e+00
6845 0 +9.698061262e-06 +1.004200097e+02 +1.004200097e+02 +5.0000e+00 -5.0000e+00 +5.0000e+00
6867 0 +8.109239999e-06 +1.004200081e+02 +1.004200081e+02 +5.0000e+00 -5.0000e+00 +5.0000e+00
6911 0 +7.675190801e-06 +1.004200077e+02 +1.004200077e+02 +5.0000e+00 -5.0000e+00 +5.0000e+00
6942 0 +7.205959065e-06 +1.004200072e+02 +1.004200072e+02 +5.0000e+00 -5.0000e+00 +5.0000e+00
6977 0 +4.575775066e-06 +1.004200046e+02 +1.004200046e+02 +5.0000e+00 -5.0000e+00 +5.0000e+00
7019 0 +4.150531268e-06 +1.004200042e+02 +1.004200042e+02 +5.0000e+00 -5.0000e+00 +5.0000e+00
7053 0 +3.309094950e-06 +1.004200033e+02 +1.004200033e+02 +5.0000e+00 -5.0000e+00 +5.0000e+00
7144 0 +2.882069907e-06 +1.004200029e+02 +1.004200029e+02 +5.0000e+00 -5.0000e+00 +5.0000e+00
7176 0 +2.526238475e-06 +1.004200025e+02 +1.004200025e+02 +5.0000e+00 -5.0000e+00 +5.0000e+00
7185 0 +2.482884497e-06 +1.004200025e+02 +1.004200025e+02 +5.0000e+00 -5.0000e+00 +5.0000e+00
7204 0 +2.425522325e-06 +1.004200024e+02 +1.004200024e+02 +5.0000e+00 -5.0000e+00 +5.0000e+00
7244 0 +2.371962935e-06 +1.004200024e+02 +1.004200024e+02 +5.0000e+00 -5.0000e+00 +5.0000e+00
7319 0 +2.120676356e-06 +1.004200021e+02 +1.004200021e+02 +5.0000e+00 -5.0000e+00 +5.0000e+00
7328 0 +1.998975435e-06 +1.004200020e+02 +1.004200020e+02 +5.0000e+00 -5.0000e+00 +5.0000e+00
7404 0 +1.982342084e-06 +1.004200020e+02 +1.004200020e+02 +5.0000e+00 -5.0000e+00 +5.0000e+00
7423 0 +1.911140387e-06 +1.004200019e+02 +1.004200019e+02 +5.0000e+00 -5.0000e+00 +5.0000e+00
7425 0 +1.416227775e-06 +1.004200014e+02 +1.004200014e+02 +5.0000e+00 -5.0000e+00 +5.0000e+00
12002 0 +1.416227775e-06 +1.004200014e+02 +1.004200014e+02 +5.0000e+00 -5.0000e+00 +5.0000e+00
% f evaluations | g evaluations | best noise-free fitness - Fopt (-7.530000000000e+00) + sum g_i+ | measured fitness | best measured fitness or single-digit g-values | x1 | x2...
1 0 +2.986618771e+01 +2.233618771e+01 +2.233618771e+01 +2.9654e+00 -3.1657e+00 +2.7969e+00
5 0 +1.417943135e+00 -6.112056865e+00 -6.112056865e+00 +4.3855e+00 -4.9922e+00 +4.9221e+00
449 0 +1.398171857e+00 -6.131828143e+00 -6.131828143e+00 +4.3855e+00 -4.9985e+00 +4.9221e+00
621 0 +1.292454720e+00 -6.237545280e+00 -6.237545280e+00 +4.4912e+00 -4.9985e+00 +4.9221e+00
955 0 +9.060738209e-01 -6.623926179e+00 -6.623926179e+00 +4.8776e+00 -4.9985e+00 +4.9221e+00
1956 0 +5.360652935e-01 -6.993934706e+00 -6.993934706e+00 +4.9981e+00 -4.8723e+00 +4.9869e+00
2097 0 +5.022777841e-01 -7.027722216e+00 -7.027722216e+00 +4.9981e+00 -4.8830e+00 +4.9869e+00
2181 0 +4.689518377e-01 -7.061048162e+00 -7.061048162e+00 +4.9829e+00 -4.8692e+00 +4.9962e+00
2318 0 +4.172603293e-01 -7.112739671e+00 -7.112739671e+00 +4.9829e+00 -4.8856e+00 +4.9962e+00
2518 0 +3.772761637e-01 -7.152723836e+00 -7.152723836e+00 +4.9829e+00 -4.8982e+00 +4.9962e+00
2651 0 +3.043705631e-01 -7.225629437e+00 -7.225629437e+00 +4.8555e+00 -4.9619e+00 +4.9961e+00
2758 0 +2.184656814e-01 -7.311534319e+00 -7.311534319e+00 +4.8776e+00 -4.9985e+00 +4.9909e+00
2820 0 +1.411310396e-01 -7.388868960e+00 -7.388868960e+00 +4.8776e+00 -4.9985e+00 +4.9986e+00
2915 0 +1.319746003e-01 -7.398025400e+00 -7.398025400e+00 +4.9415e+00 -4.9895e+00 +4.9960e+00
3010 0 +5.864918183e-02 -7.471350818e+00 -7.471350818e+00 +4.9675e+00 -4.9989e+00 +4.9977e+00
3203 0 +5.375670106e-02 -7.476243299e+00 -7.476243299e+00 +4.9812e+00 -4.9984e+00 +4.9970e+00
3261 0 +3.952905092e-02 -7.490470949e+00 -7.490470949e+00 +4.9955e+00 -4.9984e+00 +4.9970e+00
3537 0 +3.583372768e-02 -7.494166272e+00 -7.494166272e+00 +4.9955e+00 -4.9996e+00 +4.9970e+00
3590 0 +1.511301911e-02 -7.514886981e+00 -7.514886981e+00 +4.9955e+00 -4.9996e+00 +4.9991e+00
4049 0 +1.275612867e-02 -7.517243871e+00 -7.517243871e+00 +4.9955e+00 -4.9996e+00 +4.9993e+00
4220 0 +6.766528665e-03 -7.523233471e+00 -7.523233471e+00 +4.9983e+00 -4.9985e+00 +5.0000e+00
4508 0 +5.893129752e-03 -7.524106870e+00 -7.524106870e+00 +4.9955e+00 -5.0000e+00 +4.9999e+00
4594 0 +5.773459055e-03 -7.524226541e+00 -7.524226541e+00 +4.9956e+00 -5.0000e+00 +4.9999e+00
4636 0 +4.591573320e-03 -7.525408427e+00 -7.525408427e+00 +4.9968e+00 -5.0000e+00 +4.9999e+00
4882 0 +4.346553093e-03 -7.525653447e+00 -7.525653447e+00 +4.9970e+00 -5.0000e+00 +4.9999e+00
4960 0 +3.472632734e-03 -7.526527367e+00 -7.526527367e+00 +4.9979e+00 -5.0000e+00 +4.9999e+00
4999 0 +3.314751481e-03 -7.526685249e+00 -7.526685249e+00 +4.9980e+00 -5.0000e+00 +4.9999e+00
5013 0 +2.123929795e-03 -7.527876070e+00 -7.527876070e+00 +4.9984e+00 -4.9999e+00 +5.0000e+00
5238 0 +2.009776110e-03 -7.527990224e+00 -7.527990224e+00 +4.9985e+00 -4.9999e+00 +5.0000e+00
5285 0 +1.964972086e-03 -7.528035028e+00 -7.528035028e+00 +4.9995e+00 -4.9997e+00 +4.9999e+00
5321 0 +1.502838824e-03 -7.528497161e+00 -7.528497161e+00 +4.9995e+00 -4.9997e+00 +5.0000e+00
5391 0 +1.020984627e-03 -7.528979015e+00 -7.528979015e+00 +4.9999e+00 -4.9997e+00 +5.0000e+00
5518 0 +5.324081661e-04 -7.529467592e+00 -7.529467592e+00 +5.0000e+00 -4.9999e+00 +5.0000e+00
5560 0 +1.854331260e-04 -7.529814567e+00 -7.529814567e+00 +5.0000e+00 -5.0000e+00 +5.0000e+00
5876 0 +1.594754975e-04 -7.529840525e+00 -7.529840525e+00 +4.9999e+00 -5.0000e+00 +5.0000e+00
5966 0 +1.582466795e-04 -7.529841753e+00 -7.529841753e+00 +4.9999e+00 -5.0000e+00 +5.0000e+00
6139 0 +1.112549649e-04 -7.529888745e+00 -7.529888745e+00 +5.0000e+00 -5.0000e+00 +5.0000e+00
6167 0 +8.152485771e-05 -7.529918475e+00 -7.529918475e+00 +5.0000e+00 -5.0000e+00 +5.0000e+00
6250 0 +8.049776992e-05 -7.529919502e+00 -7.529919502e+00 +5.0000e+00 -5.0000e+00 +5.0000e+00
6324 0 +6.656315303e-05 -7.529933437e+00 -7.529933437e+00 +5.0000e+00 -5.0000e+00 +5.0000e+00
6350 0 +6.003659266e-05 -7.529939963e+00 -7.529939963e+00 +5.0000e+00 -5.0000e+00 +5.0000e+00
6419 0 +5.116093086e-05 -7.529948839e+00 -7.529948839e+00 +5.0000e+00 -5.0000e+00 +5.0000e+00
6471 0 +3.950952181e-05 -7.529960490e+00 -7.529960490e+00 +5.0000e+00 -5.0000e+00 +5.0000e+00
6532 0 +2.947772596e-05 -7.529970522e+00 -7.529970522e+00 +5.0000e+00 -5.0000e+00 +5.0000e+00
6606 0 +2.426209905e-05 -7.529975738e+00 -7.529975738e+00 +5.0000e+00 -5.0000e+00 +5.0000e+00
6654 0 +2.343076360e-05 -7.529976569e+00 -7.529976569e+00 +5.0000e+00 -5.0000e+00 +5.0000e+00
6678 0 +1.280172414e-05 -7.529987198e+00 -7.529987198e+00 +5.0000e+00 -5.0000e+00 +5.0000e+00
6702 0 +6.670179436e-06 -7.529993330e+00 -7.529993330e+00 +5.0000e+00 -5.0000e+00 +5.0000e+00
6862 0 +5.670223713e-06 -7.529994330e+00 -7.529994330e+00 +5.0000e+00 -5.0000e+00 +5.0000e+00
6972 0 +5.486805129e-06 -7.529994513e+00 -7.529994513e+00 +5.0000e+00 -5.0000e+00 +5.0000e+00
7154 0 +4.683674682e-06 -7.529995316e+00 -7.529995316e+00 +5.0000e+00 -5.0000e+00 +5.0000e+00
7180 0 +4.334916182e-06 -7.529995665e+00 -7.529995665e+00 +5.0000e+00 -5.0000e+00 +5.0000e+00
7244 0 +3.542617248e-06 -7.529996457e+00 -7.529996457e+00 +5.0000e+00 -5.0000e+00 +5.0000e+00
7319 0 +3.239369557e-06 -7.529996761e+00 -7.529996761e+00 +5.0000e+00 -5.0000e+00 +5.0000e+00
7338 0 +3.231892880e-06 -7.529996768e+00 -7.529996768e+00 +5.0000e+00 -5.0000e+00 +5.0000e+00
7341 0 +2.901454554e-06 -7.529997099e+00 -7.529997099e+00 +5.0000e+00 -5.0000e+00 +5.0000e+00
7405 0 +2.313718767e-06 -7.529997686e+00 -7.529997686e+00 +5.0000e+00 -5.0000e+00 +5.0000e+00
7454 0 +2.016527926e-06 -7.529997983e+00 -7.529997983e+00 +5.0000e+00 -5.0000e+00 +5.0000e+00
7478 0 +1.778517182e-06 -7.529998221e+00 -7.529998221e+00 +5.0000e+00 -5.0000e+00 +5.0000e+00
7498 0 +1.667388248e-06 -7.529998333e+00 -7.529998333e+00 +5.0000e+00 -5.0000e+00 +5.0000e+00
7509 0 +1.552675755e-06 -7.529998447e+00 -7.529998447e+00 +5.0000e+00 -5.0000e+00 +5.0000e+00
7581 0 +1.416227772e-06 -7.529998584e+00 -7.529998584e+00 +5.0000e+00 -5.0000e+00 +5.0000e+00
12002 0 +1.416227772e-06 -7.529998584e+00 -7.529998584e+00 +5.0000e+00 -5.0000e+00 +5.0000e+00
