% f evaluations | g evaluations | best noise-free fitness - Fopt (-6.211100000000e+02) + sum g_i+ | measured fitness | best measured fitness or single-digit g-values | x1 | x2...
1 0 +6.061297105e+07 +6.061234994e+07 +6.061234994e+07 -4.8209e+00 -1.3202e+00 +4.3525e+00
2 0 +2.728774064e+07 +2.728711953e+07 +2.728711953e+07 -1.6334e+00 -1.9453e+00 +5.3461e-01
3 0 +1.258479200e+07 +1.258417089e+07 +1.258417089e+07 -3.2455e+00 +2.5093e+00 +2.8422e+00
4 0 +1.844305183e+06 +1.843684073e+06 +1.843684073e+06 -4.3167e-01 +2.6235e+00 +1.0192e+00
23 0 +5.596087216e+05 +5.589876116e+05 +5.589876116e+05 +2.8612e+00 +9.8763e-01 -1.8724e-01
60 0 +1.229626721e+05 +1.223415621e+05 +1.223415621e+05 +2.7287e+00 +8.0527e-01 -5.4164e-01
141 0 +7.069917443e+04 +7.007806443e+04 +7.007806443e+04 +2.8476e+00 +1.0429e+00 -5.3703e-01
164 0 +3.226336203e+04 +3.164225203e+04 +3.164225203e+04 +2.8389e+00 +1.0238e+00 -5.9526e-01
227 0 +1.542090595e+04 +1.479979595e+04 +1.479979595e+04 +2.8081e+00 +9.8553e-01 -6.4691e-01
234 0 +1.058463559e+04 +9.963525592e+03 +9.963525592e+03 +2.8080e+00 +9.9950e-01 -6.6078e-01
265 0 +8.164077241e+03 +7.542967241e+03 +7.542967241e+03 +2.8043e+00 +9.9767e-01 -6.8026e-01
312 0 +6.793719825e+03 +6.172609825e+03 +6.172609825e+03 +2.8133e+00 +1.0399e+00 -6.6160e-01
329 0 +4.755408792e+03 +4.134298792e+03 +4.134298792e+03 +2.8089e+00 +1.0508e+00 -6.6960e-01
374 0 +3.209113482e+03 +2.588003482e+03 +2.588003482e+03 +2.8061e+00 +1.0421e+00 -6.8489e-01
395 0 +2.587240094e+03 +1.966130094e+03 +1.966130094e+03 +2.8018e+00 +1.0500e+00 -6.8778e-01
436 0 +2.356028467e+03 +1.734918467e+03 +1.734918467e+03 +2.8037e+00 +1.0779e+00 -6.7957e-01
444 0 +2.223254335e+03 +1.602144335e+03 +1.602144335e+03 +2.7973e+00 +1.0490e+00 -6.9855e-01
454 0 +1.003302424e+03 +3.821924236e+02 +3.821924236e+02 +2.8245e+00 +1.0547e+00 -6.9778e-01
511 0 +9.891486048e+02 +3.680386048e+02 +3.680386048e+02 +2.8301e+00 +1.0563e+00 -6.9597e-01
524 0 +9.227463502e+02 +3.016363502e+02 +3.016363502e+02 +2.8335e+00 +1.0560e+00 -6.9651e-01
532 0 +9.090315060e+02 +2.879215060e+02 +2.879215060e+02 +2.8320e+00 +1.0562e+00 -6.9683e-01
555 0 +6.416933099e+02 +2.058330991e+01 +2.058330991e+01 +2.8219e+00 +1.0562e+00 -7.1027e-01
647 0 +5.379416638e+02 -8.316833624e+01 -8.316833624e+01 +2.8246e+00 +1.0583e+00 -7.0603e-01
655 0 +5.360969143e+02 -8.501308569e+01 -8.501308569e+01 +2.8247e+00 +1.0584e+00 -7.0577e-01
681 0 +4.838861721e+02 -1.372238279e+02 -1.372238279e+02 +2.8262e+00 +1.0591e+00 -7.0584e-01
691 0 +3.127489570e+02 -3.083610430e+02 -3.083610430e+02 +2.8408e+00 +1.0686e+00 -7.0370e-01
696 0 +2.791038487e+02 -3.420061513e+02 -3.420061513e+02 +2.8347e+00 +1.0629e+00 -7.0578e-01
742 0 +2.652957860e+02 -3.558142140e+02 -3.558142140e+02 +2.8335e+00 +1.0616e+00 -7.0747e-01
752 0 +2.124972600e+02 -4.086127400e+02 -4.086127400e+02 +2.8445e+00 +1.0662e+00 -7.0626e-01
816 0 +1.888354561e+02 -4.322745439e+02 -4.322745439e+02 +2.8444e+00 +1.0660e+00 -7.0685e-01
828 0 +1.767848435e+02 -4.443251565e+02 -4.443251565e+02 +2.8421e+00 +1.0657e+00 -7.0710e-01
848 0 +1.434299930e+02 -4.776800070e+02 -4.776800070e+02 +2.8436e+00 +1.0622e+00 -7.0887e-01
852 0 +1.375554695e+02 -4.835545305e+02 -4.835545305e+02 +2.8432e+00 +1.0602e+00 -7.1009e-01
859 0 +1.086111180e+02 -5.124988820e+02 -5.124988820e+02 +2.8424e+00 +1.0605e+00 -7.1235e-01
903 0 +9.858364590e+01 -5.225263541e+02 -5.225263541e+02 +2.8436e+00 +1.0620e+00 -7.1106e-01
904 0 +7.824109313e+01 -5.428689069e+02 -5.428689069e+02 +2.8459e+00 +1.0621e+00 -7.1164e-01
932 0 +7.473776236e+01 -5.463722376e+02 -5.463722376e+02 +2.8494e+00 +1.0615e+00 -7.1149e-01
970 0 +6.801349792e+01 -5.530965021e+02 -5.530965021e+02 +2.8486e+00 +1.0606e+00 -7.1236e-01
998 0 +6.712518144e+01 -5.539848186e+02 -5.539848186e+02 +2.8475e+00 +1.0613e+00 -7.1239e-01
1009 0 +5.738540130e+01 -5.637245987e+02 -5.637245987e+02 +2.8512e+00 +1.0619e+00 -7.1236e-01
1061 0 +4.804124598e+01 -5.730687540e+02 -5.730687540e+02 +2.8509e+00 +1.0609e+00 -7.1332e-01
1081 0 +4.432008915e+01 -5.767899109e+02 -5.767899109e+02 +2.8490e+00 +1.0612e+00 -7.1448e-01
1103 0 +3.859321151e+01 -5.825167885e+02 -5.825167885e+02 +2.8523e+00 +1.0624e+00 -7.1370e-01
1173 0 +2.808534610e+01 -5.930246539e+02 -5.930246539e+02 +2.8518e+00 +1.0623e+00 -7.1528e-01
1219 0 +2.743999662e+01 -5.936700034e+02 -5.936700034e+02 +2.8517e+00 +1.0623e+00 -7.1577e-01
1306 0 +2.606160173e+01 -5.950483983e+02 -5.950483983e+02 +2.8524e+00 +1.0625e+00 -7.1574e-01
1382 0 +2.569876235e+01 -5.954112376e+02 -5.954112376e+02 +2.8526e+00 +1.0626e+00 -7.1573e-01
1500 0 +2.502400345e+01 -5.960859966e+02 -5.960859966e+02 +2.8532e+00 +1.0627e+00 -7.1590e-01
12051 0 +2.464125504e+01 -5.964687450e+02 -5.964687450e+02 +2.8536e+00 +1.0629e+00 -7.1626e-01
% f evaluations | g evaluations | best noise-free fitness - Fopt (-2.548200000000e+02) + sum g_i+ | measured fitness | best measured fitness or single-digit g-values | x1 | x2...
1 0 +9.409134282e+06 +9.408879462e+06 +9.408879462e+06 +2.2005e-01 +1.2063e+00 -2.9926e+00
2 0 +3.100875771e+06 +3.100620951e+06 +3.100620951e+06 +1.9623e+00 -2.9265e-01 -3.0021e+00
36 0 +1.807946643e+06 +1.807691823e+06 +1.807691823e+06 +3.9657e+00 +4.6845e+00 -1.2634e+00
59 0 +3.593450516e+05 +3.590902316e+05 +3.590902316e+05 +4.2410e+00 +5.0000e+00 +7.8185e-01
101 0 +2.767093236e+05 +2.764545036e+05 +2.764545036e+05 +4.2573e+00 +4.7733e+00 +6.5785e-01
105 0 +2.796778041e+04 +2.771296041e+04 +2.771296041e+04 +4.1272e+00 +4.2413e+00 +3.2689e-02
181 0 +2.418800110e+04 +2.393318110e+04 +2.393318110e+04 +4.1290e+00 +4.2770e+00 +5.4246e-02
191 0 +9.564896853e+02 +7.016696853e+02 +7.016696853e+02 +3.6094e+00 +3.4479e+00 -2.1574e-01
244 0 +9.299708399e+02 +6.751508399e+02 +6.751508399e+02 +3.6108e+00 +3.4503e+00 -2.1479e-01
260 0 +1.139356148e+02 -1.408843852e+02 -1.408843852e+02 +3.6411e+00 +3.5062e+00 -1.5795e-01
371 0 +4.205707501e+01 -2.127629250e+02 -2.127629250e+02 +3.6324e+00 +3.4912e+00 -1.6911e-01
386 0 +6.433162005e+00 -2.483868380e+02 -2.483868380e+02 +3.6144e+00 +3.4659e+00 -1.6834e-01
422 0 +1.800053670e+00 -2.530199463e+02 -2.530199463e+02 +3.6135e+00 +3.4635e+00 -1.7076e-01
555 0 +1.092389127e+00 -2.537276109e+02 -2.537276109e+02 +3.6081e+00 +3.4555e+00 -1.7177e-01
585 0 +5.209847749e-01 -2.542990152e+02 -2.542990152e+02 +3.6113e+00 +3.4593e+00 -1.7264e-01
672 0 +5.126096874e-01 -2.543073903e+02 -2.543073903e+02 +3.6112e+00 +3.4591e+00 -1.7272e-01
711 0 +2.942400439e-01 -2.545257600e+02 -2.545257600e+02 +3.6112e+00 +3.4598e+00 -1.7259e-01
766 0 +1.823548739e-01 -2.546376451e+02 -2.546376451e+02 +3.6107e+00 +3.4593e+00 -1.7266e-01
808 0 +1.788415237e-01 -2.546411585e+02 -2.546411585e+02 +3.6107e+00 +3.4594e+00 -1.7264e-01
851 0 +1.249663916e-01 -2.546950336e+02 -2.546950336e+02 +3.6108e+00 +3.4596e+00 -1.7235e-01
910 0 +1.135207937e-01 -2.547064792e+02 -2.547064792e+02 +3.6104e+00 +3.4593e+00 -1.7242e-01
966 0 +1.115769051e-01 -2.547084231e+02 -2.547084231e+02 +3.6106e+00 +3.4594e+00 -1.7239e-01
990 0 +1.090153624e-01 -2.547109846e+02 -2.547109846e+02 +3.6107e+00 +3.4596e+00 -1.7225e-01
1014 0 +1.068166230e-01 -2.547131834e+02 -2.547131834e+02 +3.6106e+00 +3.4595e+00 -1.7227e-01
1760 0 +1.042369414e-01 -2.547157631e+02 -2.547157631e+02 +3.6136e+00 +3.4665e+00 -1.7097e-01
1893 0 +1.017751982e-01 -2.547182248e+02 -2.547182248e+02 +3.6162e+00 +3.4725e+00 -1.6992e-01
1977 0 +9.995871072e-02 -2.547200413e+02 -2.547200413e+02 +3.6156e+00 +3.4711e+00 -1.7018e-01
2020 0 +9.623659703e-02 -2.547237634e+02 -2.547237634e+02 +3.6176e+00 +3.4756e+00 -1.6939e-01
2040 0 +9.325341957e-02 -2.547267466e+02 -2.547267466e+02 +3.6210e+00 +3.4835e+00 -1.6795e-01
2056 0 +8.738285419e-02 -2.547326171e+02 -2.547326171e+02 +3.6262e+00 +3.4955e+00 -1.6581e-01
2059 0 +8.683850782e-02 -2.547331615e+02 -2.547331615e+02 +3.6313e+00 +3.5073e+00 -1.6371e-01
2074 0 +8.446689297e-02 -2.547355331e+02 -2.547355331e+02 +3.6256e+00 +3.4939e+00 -1.6611e-01
2102 0 +7.777457439e-02 -2.547422254e+02 -2.547422254e+02 +3.6329e+00 +3.5107e+00 -1.6311e-01
2103 0 +7.570481894e-02 -2.547442952e+02 -2.547442952e+02 +3.6381e+00 +3.5226e+00 -1.6097e-01
2123 0 +7.272765713e-02 -2.547472723e+02 -2.547472723e+02 +3.6356e+00 +3.5168e+00 -1.6202e-01
2146 0 +4.745572616e-02 -2.547725443e+02 -2.547725443e+02 +3.6599e+00 +3.5724e+00 -1.5217e-01
2154 0 +4.627513378e-02 -2.547737249e+02 -2.547737249e+02 +3.6613e+00 +3.5757e+00 -1.5158e-01
2156 0 +3.923184756e-02 -2.547807682e+02 -2.547807682e+02 +3.6697e+00 +3.5949e+00 -1.4817e-01
2158 0 +3.396074276e-02 -2.547860393e+02 -2.547860393e+02 +3.6759e+00 +3.6091e+00 -1.4565e-01
2194 0 +3.354891387e-02 -2.547864511e+02 -2.547864511e+02 +3.6851e+00 +3.6300e+00 -1.4192e-01
2223 0 +2.833366571e-02 -2.547916663e+02 -2.547916663e+02 +3.6882e+00 +3.6372e+00 -1.4061e-01
2271 0 +2.804338533e-02 -2.547919566e+02 -2.547919566e+02 +3.6867e+00 +3.6337e+00 -1.4123e-01
2279 0 +2.585494788e-02 -2.547941451e+02 -2.547941451e+02 +3.6818e+00 +3.6225e+00 -1.4319e-01
2306 0 +1.958343378e-02 -2.548004166e+02 -2.548004166e+02 +3.6978e+00 +3.6592e+00 -1.3656e-01
2353 0 +1.738310072e-02 -2.548026169e+02 -2.548026169e+02 +3.6948e+00 +3.6522e+00 -1.3782e-01
2394 0 +1.674090513e-02 -2.548032591e+02 -2.548032591e+02 +3.6949e+00 +3.6525e+00 -1.3776e-01
2433 0 +1.659493972e-02 -2.548034051e+02 -2.548034051e+02 +3.6946e+00 +3.6518e+00 -1.3788e-01
2461 0 +1.567869341e-02 -2.548043213e+02 -2.548043213e+02 +3.6926e+00 +3.6471e+00 -1.3870e-01
2490 0 +1.451323801e-02 -2.548054868e+02 -2.548054868e+02 +3.6955e+00 +3.6539e+00 -1.3746e-01
2506 0 +1.369916996e-02 -2.548063008e+02 -2.548063008e+02 +3.6967e+00 +3.6565e+00 -1.3697e-01
2561 0 +1.341494105e-02 -2.548065851e+02 -2.548065851e+02 +3.6987e+00 +3.6612e+00 -1.3609e-01
2608 0 +1.172160460e-02 -2.548082784e+02 -2.548082784e+02 +3.6987e+00 +3.6614e+00 -1.3604e-01
2655 0 +1.146857457e-02 -2.548085314e+02 -2.548085314e+02 +3.6996e+00 +3.6634e+00 -1.3568e-01
2690 0 +1.072877082e-02 -2.548092712e+02 -2.548092712e+02 +3.7020e+00 +3.6689e+00 -1.3461e-01
2709 0 +1.056477837e-02 -2.548094352e+02 -2.548094352e+02 +3.7030e+00 +3.6714e+00 -1.3414e-01
2710 0 +1.005289300e-02 -2.548099471e+02 -2.548099471e+02 +3.7038e+00 +3.6731e+00 -1.3383e-01
2737 0 +8.523362562e-03 -2.548114766e+02 -2.548114766e+02 +3.7149e+00 +3.6989e+00 -1.2889e-01
2760 0 +5.807754103e-03 -2.548141922e+02 -2.548141922e+02 +3.7178e+00 +3.7058e+00 -1.2756e-01
2764 0 +3.088022943e-03 -2.548169120e+02 -2.548169120e+02 +3.7203e+00 +3.7115e+00 -1.2648e-01
2780 0 +2.987836105e-03 -2.548170122e+02 -2.548170122e+02 +3.7277e+00 +3.7289e+00 -1.2305e-01
2805 0 +2.908715716e-03 -2.548170913e+02 -2.548170913e+02 +3.7277e+00 +3.7288e+00 -1.2307e-01
2812 0 +2.432421725e-03 -2.548175676e+02 -2.548175676e+02 +3.7278e+00 +3.7293e+00 -1.2297e-01
2838 0 +1.936143415e-03 -2.548180639e+02 -2.548180639e+02 +3.7270e+00 +3.7273e+00 -1.2335e-01
2857 0 +1.609097100e-03 -2.548183909e+02 -2.548183909e+02 +3.7258e+00 +3.7244e+00 -1.2392e-01
2914 0 +1.400729497e-03 -2.548185993e+02 -2.548185993e+02 +3.7268e+00 +3.7268e+00 -1.2344e-01
3038 0 +1.303289496e-03 -2.548186967e+02 -2.548186967e+02 +3.7276e+00 +3.7287e+00 -1.2303e-01
3083 0 +1.235519864e-03 -2.548187645e+02 -2.548187645e+02 +3.7278e+00 +3.7292e+00 -1.2294e-01
3114 0 +1.125997343e-03 -2.548188740e+02 -2.548188740e+02 +3.7287e+00 +3.7313e+00 -1.2250e-01
3159 0 +1.044963744e-03 -2.548189550e+02 -2.548189550e+02 +3.7291e+00 +3.7324e+00 -1.2228e-01
3192 0 +1.019491056e-03 -2.548189805e+02 -2.548189805e+02 +3.7291e+00 +3.7323e+00 -1.2230e-01
3230 0 +9.874539609e-04 -2.548190125e+02 -2.548190125e+02 +3.7296e+00 +3.7335e+00 -1.2206e-01
3241 0 +9.083095535e-04 -2.548190917e+02 -2.548190917e+02 +3.7303e+00 +3.7352e+00 -1.2169e-01
3243 0 +8.404872169e-04 -2.548191595e+02 -2.548191595e+02 +3.7306e+00 +3.7359e+00 -1.2155e-01
3288 0 +7.049407168e-04 -2.548192951e+02 -2.548192951e+02 +3.7315e+00 +3.7380e+00 -1.2111e-01
3314 0 +6.759930461e-04 -2.548193240e+02 -2.548193240e+02 +3.7328e+00 +3.7411e+00 -1.2046e-01
3333 0 +6.501173413e-04 -2.548193499e+02 -2.548193499e+02 +3.7325e+00 +3.7404e+00 -1.2060e-01
3371 0 +6.348110543e-04 -2.548193652e+02 -2.548193652e+02 +3.7325e+00 +3.7404e+00 -1.2062e-01
3450 0 +5.675654850e-04 -2.548194324e+02 -2.548194324e+02 +3.7324e+00 +3.7403e+00 -1.2062e-01
3459 0 +4.080201773e-04 -2.548195920e+02 -2.548195920e+02 +3.7336e+00 +3.7430e+00 -1.2006e-01
3507 0 +4.065023116e-04 -2.548195935e+02 -2.548195935e+02 +3.7337e+00 +3.7434e+00 -1.1997e-01
3680 0 +3.976615353e-04 -2.548196023e+02 -2.548196023e+02 +3.7338e+00 +3.7435e+00 -1.1995e-01
3733 0 +3.849182881e-04 -2.548196151e+02 -2.548196151e+02 +3.7338e+00 +3.7435e+00 -1.1996e-01
3803 0 +3.741828320e-04 -2.548196258e+02 -2.548196258e+02 +3.7337e+00 +3.7433e+00 -1.1999e-01
3871 0 +3.679170187e-04 -2.548196321e+02 -2.548196321e+02 +3.7338e+00 +3.7435e+00 -1.1996e-01
3942 0 +3.600107724e-04 -2.548196400e+02 -2.548196400e+02 +3.7338e+00 +3.7436e+00 -1.1992e-01
4014 0 +3.483565463e-04 -2.548196516e+02 -2.548196516e+02 +3.7340e+00 +3.7440e+00 -1.1984e-01
4074 0 +3.372816753e-04 -2.548196627e+02 -2.548196627e+02 +3.7342e+00 +3.7445e+00 -1.1972e-01
4114 0 +3.301443771e-04 -2.548196699e+02 -2.548196699e+02 +3.7344e+00 +3.7450e+00 -1.1961e-01
4148 0 +3.039339478e-04 -2.548196961e+02 -2.548196961e+02 +3.7345e+00 +3.7452e+00 -1.1958e-01
4163 0 +2.911242697e-04 -2.548197089e+02 -2.548197089e+02 +3.7347e+00 +3.7458e+00 -1.1944e-01
4182 0 +2.871196107e-04 -2.548197129e+02 -2.548197129e+02 +3.7347e+00 +3.7457e+00 -1.1948e-01
4183 0 +2.769520788e-04 -2.548197230e+02 -2.548197230e+02 +3.7354e+00 +3.7475e+00 -1.1908e-01
4214 0 +2.680225869e-04 -2.548197320e+02 -2.548197320e+02 +3.7353e+00 +3.7473e+00 -1.1913e-01
4380 0 +2.628763067e-04 -2.548197371e+02 -2.548197371e+02 +3.7353e+00 +3.7471e+00 -1.1916e-01
4411 0 +2.550459740e-04 -2.548197450e+02 -2.548197450e+02 +3.7352e+00 +3.7469e+00 -1.1921e-01
4480 0 +2.510563503e-04 -2.548197489e+02 -2.548197489e+02 +3.7353e+00 +3.7471e+00 -1.1916e-01
4511 0 +2.437711106e-04 -2.548197562e+02 -2.548197562e+02 +3.7355e+00 +3.7477e+00 -1.1904e-01
4558 0 +2.303830260e-04 -2.548197696e+02 -2.548197696e+02 +3.7355e+00 +3.7478e+00 -1.1901e-01
4578 0 +2.104448824e-04 -2.548197896e+02 -2.548197896e+02 +3.7355e+00 +3.7478e+00 -1.1901e-01
4604 0 +2.087833378e-04 -2.548197912e+02 -2.548197912e+02 +3.7355e+00 +3.7478e+00 -1.1901e-01
4704 0 +2.037071011e-04 -2.548197963e+02 -2.548197963e+02 +3.7356e+00 +3.7480e+00 -1.1897e-01
4740 0 +1.748681245e-04 -2.548198251e+02 -2.548198251e+02 +3.7359e+00 +3.7488e+00 -1.1880e-01
4754 0 +1.654769719e-04 -2.548198345e+02 -2.548198345e+02 +3.7361e+00 +3.7491e+00 -1.1873e-01
4757 0 +1.599772310e-04 -2.548198400e+02 -2.548198400e+02 +3.7362e+00 +3.7493e+00 -1.1868e-01
4805 0 +1.578554985e-04 -2.548198421e+02 -2.548198421e+02 +3.7362e+00 +3.7494e+00 -1.1866e-01
4814 0 +1.524652752e-04 -2.548198475e+02 -2.548198475e+02 +3.7363e+00 +3.7496e+00 -1.1862e-01
4818 0 +1.481506991e-04 -2.548198518e+02 -2.548198518e+02 +3.7364e+00 +3.7498e+00 -1.1857e-01
4855 0 +1.466013923e-04 -2.548198534e+02 -2.548198534e+02 +3.7364e+00 +3.7499e+00 -1.1854e-01
4858 0 +1.434803661e-04 -2.548198565e+02 -2.548198565e+02 +3.7365e+00 +3.7502e+00 -1.1849e-01
5035 0 +1.386872748e-04 -2.548198613e+02 -2.548198613e+02 +3.7365e+00 +3.7502e+00 -1.1849e-01
5060 0 +1.350203904e-04 -2.548198650e+02 -2.548198650e+02 +3.7373e+00 +3.7521e+00 -1.1805e-01
5078 0 +1.240588229e-04 -2.548198759e+02 -2.548198759e+02 +3.7368e+00 +3.7509e+00 -1.1832e-01
5084 0 +1.220781125e-04 -2.548198779e+02 -2.548198779e+02 +3.7368e+00 +3.7509e+00 -1.1832e-01
5104 0 +1.159549604e-04 -2.548198840e+02 -2.548198840e+02 +3.7370e+00 +3.7513e+00 -1.1824e-01
5105 0 +1.129069343e-04 -2.548198871e+02 -2.548198871e+02 +3.7370e+00 +3.7513e+00 -1.1824e-01
5108 0 +8.620530414e-05 -2.548199138e+02 -2.548199138e+02 +3.7375e+00 +3.7525e+00 -1.1795e-01
5155 0 +8.216912542e-05 -2.548199178e+02 -2.548199178e+02 +3.7376e+00 +3.7528e+00 -1.1791e-01
5163 0 +7.460314129e-05 -2.548199254e+02 -2.548199254e+02 +3.7377e+00 +3.7531e+00 -1.1784e-01
5194 0 +6.593594267e-05 -2.548199341e+02 -2.548199341e+02 +3.7380e+00 +3.7538e+00 -1.1766e-01
5201 0 +6.147624200e-05 -2.548199385e+02 -2.548199385e+02 +3.7381e+00 +3.7542e+00 -1.1759e-01
5342 0 +5.594596692e-05 -2.548199441e+02 -2.548199441e+02 +3.7382e+00 +3.7543e+00 -1.1756e-01
5371 0 +4.915075297e-05 -2.548199508e+02 -2.548199508e+02 +3.7384e+00 +3.7548e+00 -1.1743e-01
5409 0 +4.880362357e-05 -2.548199512e+02 -2.548199512e+02 +3.7384e+00 +3.7547e+00 -1.1747e-01
5413 0 +4.723694130e-05 -2.548199528e+02 -2.548199528e+02 +3.7384e+00 +3.7549e+00 -1.1742e-01
5427 0 +4.597580119e-05 -2.548199540e+02 -2.548199540e+02 +3.7385e+00 +3.7550e+00 -1.1740e-01
5490 0 +4.239521985e-05 -2.548199576e+02 -2.548199576e+02 +3.7385e+00 +3.7551e+00 -1.1737e-01
5558 0 +4.153083361e-05 -2.548199585e+02 -2.548199585e+02 +3.7387e+00 +3.7556e+00 -1.1725e-01
5618 0 +4.027436120e-05 -2.548199597e+02 -2.548199597e+02 +3.7387e+00 +3.7555e+00 -1.1727e-01
5734 0 +3.974501337e-05 -2.548199603e+02 -2.548199603e+02 +3.7388e+00 +3.7558e+00 -1.1720e-01
5741 0 +3.850487852e-05 -2.548199615e+02 -2.548199615e+02 +3.7387e+00 +3.7555e+00 -1.1727e-01
5754 0 +3.687851037e-05 -2.548199631e+02 -2.548199631e+02 +3.7387e+00 +3.7556e+00 -1.1726e-01
5811 0 +3.628789193e-05 -2.548199637e+02 -2.548199637e+02 +3.7387e+00 +3.7556e+00 -1.1725e-01
5823 0 +3.220474395e-05 -2.548199678e+02 -2.548199678e+02 +3.7388e+00 +3.7557e+00 -1.1723e-01
5936 0 +3.052516459e-05 -2.548199695e+02 -2.548199695e+02 +3.7388e+00 +3.7558e+00 -1.1721e-01
5960 0 +2.712450259e-05 -2.548199729e+02 -2.548199729e+02 +3.7389e+00 +3.7561e+00 -1.1714e-01
6002 0 +2.687862667e-05 -2.548199731e+02 -2.548199731e+02 +3.7389e+00 +3.7561e+00 -1.1713e-01
6004 0 +2.495237908e-05 -2.548199750e+02 -2.548199750e+02 +3.7391e+00 +3.7564e+00 -1.1706e-01
6025 0 +2.110998491e-05 -2.548199789e+02 -2.548199789e+02 +3.7392e+00 +3.7567e+00 -1.1699e-01
6054 0 +1.969132603e-05 -2.548199803e+02 -2.548199803e+02 +3.7393e+00 +3.7569e+00 -1.1695e-01
6061 0 +1.930846659e-05 -2.548199807e+02 -2.548199807e+02 +3.7393e+00 +3.7570e+00 -1.1693e-01
6063 0 +1.477547170e-05 -2.548199852e+02 -2.548199852e+02 +3.7394e+00 +3.7574e+00 -1.1684e-01
6121 0 +1.412778795e-05 -2.548199859e+02 -2.548199859e+02 +3.7395e+00 +3.7574e+00 -1.1682e-01
6135 0 +1.333315149e-05 -2.548199867e+02 -2.548199867e+02 +3.7395e+00 +3.7576e+00 -1.1678e-01
6159 0 +1.314714848e-05 -2.548199869e+02 -2.548199869e+02 +3.7396e+00 +3.7577e+00 -1.1676e-01
6360 0 +1.251084763e-05 -2.548199875e+02 -2.548199875e+02 +3.7396e+00 +3.7577e+00 -1.1676e-01
6416 0 +1.228772152e-05 -2.548199877e+02 -2.548199877e+02 +3.7396e+00 +3.7578e+00 -1.1673e-01
6492 0 +1.167536786e-05 -2.548199883e+02 -2.548199883e+02 +3.7396e+00 +3.7578e+00 -1.1673e-01
6510 0 +1.111904916e-05 -2.548199889e+02 -2.548199889e+02 +3.7398e+00 +3.7582e+00 -1.1665e-01
6579 0 +1.096108804e-05 -2.548199890e+02 -2.548199890e+02 +3.7396e+00 +3.7579e+00 -1.1672e-01
6583 0 +1.071468222e-05 -2.548199893e+02 -2.548199893e+02 +3.7397e+00 +3.7580e+00 -1.1669e-01
6602 0 +9.792735796e-06 -2.548199902e+02 -2.548199902e+02 +3.7398e+00 +3.7584e+00 -1.1660e-01
6658 0 +9.382846031e-06 -2.548199906e+02 -2.548199906e+02 +3.7399e+00 +3.7585e+00 -1.1656e-01
6721 0 +9.090584030e-06 -2.548199909e+02 -2.548199909e+02 +3.7399e+00 +3.7586e+00 -1.1654e-01
6750 0 +6.311828741e-06 -2.548199937e+02 -2.548199937e+02 +3.7400e+00 +3.7589e+00 -1.1648e-01
6773 0 +5.936524843e-06 -2.548199941e+02 -2.548199941e+02 +3.7400e+00 +3.7587e+00 -1.1651e-01
6804 0 +4.399760655e-06 -2.548199956e+02 -2.548199956e+02 +3.7401e+00 +3.7589e+00 -1.1646e-01
6873 0 +3.522199989e-06 -2.548199965e+02 -2.548199965e+02 +3.7401e+00 +3.7591e+00 -1.1642e-01
6890 0 +3.277831183e-06 -2.548199967e+02 -2.548199967e+02 +3.7402e+00 +3.7592e+00 -1.1641e-01
6914 0 +2.937931612e-06 -2.548199971e+02 -2.548199971e+02 +3.7402e+00 +3.7593e+00 -1.1639e-01
6935 0 +2.502472825e-06 -2.548199975e+02 -2.548199975e+02 +3.7402e+00 +3.7594e+00 -1.1635e-01
6958 0 +1.958142178e-06 -2.548199980e+02 -2.548199980e+02 +3.7403e+00 +3.7596e+00 -1.1630e-01
7010 0 +1.582165368e-06 -2.548199984e+02 -2.548199984e+02 +3.7404e+00 +3.7597e+00 -1.1627e-01
7061 0 +1.371050701e-06 -2.548199986e+02 -2.548199986e+02 +3.7404e+00 +3.7598e+00 -1.1625e-01
7110 0 +1.312753284e-06 -2.548199987e+02 -2.548199987e+02 +3.7404e+00 +3.7598e+00 -1.1624e-01
7118 0 +1.120235964e-06 -2.548199989e+02 -2.548199989e+02 +3.7405e+00 +3.7599e+00 -1.1622e-01
7138 0 +1.050204048e-06 -2.548199989e+02 -2.548199989e+02 +3.7405e+00 +3.7600e+00 -1.1620e-01
7143 0 +9.312492182e-07 -2.548199991e+02 -2.548199991e+02 +3.7405e+00 +3.7600e+00 -1.1619e-01
7162 0 +6.572663267e-07 -2.548199993e+02 -2.548199993e+02 +3.7406e+00 +3.7603e+00 -1.1614e-01
7166 0 +6.002059365e-07 -2.548199994e+02 -2.548199994e+02 +3.7406e+00 +3.7602e+00 -1.1615e-01
7240 0 +3.500225034e-07 -2.548199996e+02 -2.548199996e+02 +3.7407e+00 +3.7605e+00 -1.1608e-01
7275 0 +3.463843541e-07 -2.548199997e+02 -2.548199997e+02 +3.7407e+00 +3.7605e+00 -1.1608e-01
7314 0 +3.374807989e-07 -2.548199997e+02 -2.548199997e+02 +3.7407e+00 +3.7605e+00 -1.1609e-01
7419 0 +3.290560358e-07 -2.548199997e+02 -2.548199997e+02 +3.7407e+00 +3.7604e+00 -1.1609e-01
7487 0 +3.031167068e-07 -2.548199997e+02 -2.548199997e+02 +3.7407e+00 +3.7605e+00 -1.1608e-01
7512 0 +2.598120545e-07 -2.548199997e+02 -2.548199997e+02 +3.7407e+00 +3.7605e+00 -1.1607e-01
7563 0 +2.171565825e-07 -2.548199998e+02 -2.548199998e+02 +3.7407e+00 +3.7606e+00 -1.1606e-01
7625 0 +1.978563091e-07 -2.548199998e+02 -2.548199998e+02 +3.7407e+00 +3.7606e+00 -1.1605e-01
7637 0 +1.684936990e-07 -2.548199998e+02 -2.548199998e+02 +3.7407e+00 +3.7607e+00 -1.1604e-01
7753 0 +1.645182692e-07 -2.548199998e+02 -2.548199998e+02 +3.7407e+00 +3.7607e+00 -1.1604e-01
7766 0 +1.489741237e-07 -2.548199999e+02 -2.548199999e+02 +3.7408e+00 +3.7607e+00 -1.1603e-01
7823 0 +1.458128338e-07 -2.548199999e+02 -2.548199999e+02 +3.7408e+00 +3.7607e+00 -1.1603e-01
7837 0 +1.435404897e-07 -2.548199999e+02 -2.548199999e+02 +3.7408e+00 +3.7607e+00 -1.1603e-01
7880 0 +1.393768230e-07 -2.548199999e+02 -2.548199999e+02 +3.7408e+00 +3.7607e+00 -1.1602e-01
7883 0 +1.199848043e-07 -2.548199999e+02 -2.548199999e+02 +3.7408e+00 +3.7607e+00 -1.1602e-01
7903 0 +1.012529651e-07 -2.548199999e+02 -2.548199999e+02 +3.7408e+00 +3.7608e+00 -1.1600e-01
7925 0 +8.952170560e-08 -2.548199999e+02 -2.548199999e+02 +3.7408e+00 +3.7608e+00 -1.1600e-01
7958 0 +4.408261134e-08 -2.548200000e+02 -2.548200000e+02 +3.7408e+00 +3.7608e+00 -1.1599e-01
7987 0 +3.971558726e-08 -2.548200000e+02 -2.548200000e+02 +3.7408e+00 +3.7608e+00 -1.1599e-01
8021 0 +3.621067890e-08 -2.548200000e+02 -2.548200000e+02 +3.7408e+00 +3.7608e+00 -1.1600e-01
8070 0 +2.202577321e-08 -2.548200000e+02 -2.548200000e+02 +3.7408e+00 +3.7608e+00 -1.1599e-01
8143 0 +1.564825425e-08 -2.548200000e+02 -2.548200000e+02 +3.7408e+00 +3.7608e+00 -1.1599e-01
8187 0 +5.534559477e-09 -2.548200000e+02 -2.548200000e+02 +3.7408e+00 +3.7608e+00 -1.1599e-01
9858 0 +9.379164112e-13 -2.548200000e+02 -2.548200000e+02 +3.7408e+00 +3.7608e+00 -1.1600e-01
12051 0 +2.842170943e-14 -2.548200000e+02 -2.548200000e+02 +3.7408e+00 +3.7608e+00 -1.1600e-01
% f evaluations | g evaluations | best noise-free fitness - Fopt (5.661000000000e+01) + sum g_i+ | measured fitness | best measured fitness or single-digit g-values | x1 | x2...
1 0 +8.740480071e+08 +8.740480637e+08 +8.740480637e+08 -4.2537e-01 +4.4118e+00 -2.8813e+00
2 0 +3.859984000e+07 +3.859989661e+07 +3.859989661e+07 -2.9122e+00 -4.7396e+00 +1.3070e+00
5 0 +1.846931449e+07 +1.846937110e+07 +1.846937110e+07 -9.9452e-01 -4.5422e+00 -7.6630e-01
6 0 +1.058335323e+07 +1.058340984e+07 +1.058340984e+07 -4.1441e+00 -3.1260e+00 -7.9365e-01
15 0 +8.618533029e+05 +8.619099129e+05 +8.619099129e+05 -1.8903e+00 -2.7683e+00 -4.5660e+00
52 0 +1.576742623e+05 +1.577308723e+05 +1.577308723e+05 -2.3406e+00 -3.6368e+00 -5.0000e+00
90 0 +1.077971938e+04 +1.083632938e+04 +1.083632938e+04 -2.3475e+00 -3.2485e+00 -4.7598e+00
211 0 +9.972257283e+03 +1.002886728e+04 +1.002886728e+04 -2.3481e+00 -3.2629e+00 -4.7618e+00
271 0 +7.448345150e+03 +7.504955150e+03 +7.504955150e+03 -2.3321e+00 -3.2499e+00 -4.7411e+00
300 0 +5.926053826e+03 +5.982663826e+03 +5.982663826e+03 -2.3155e+00 -3.2319e+00 -4.6953e+00
310 0 +4.513740156e+03 +4.570350156e+03 +4.570350156e+03 -2.3482e+00 -3.2562e+00 -4.7220e+00
320 0 +4.310148459e+03 +4.366758459e+03 +4.366758459e+03 -2.3284e+00 -3.2427e+00 -4.7046e+00
337 0 +3.731840478e+03 +3.788450478e+03 +3.788450478e+03 -2.3787e+00 -3.2342e+00 -4.6987e+00
349 0 +3.278622916e+03 +3.335232916e+03 +3.335232916e+03 -2.3840e+00 -3.2617e+00 -4.6991e+00
362 0 +9.713980691e+02 +1.028008069e+03 +1.028008069e+03 -2.3804e+00 -3.2501e+00 -4.6711e+00
435 0 +3.433729532e+02 +3.999829532e+02 +3.999829532e+02 -2.3707e+00 -3.2424e+00 -4.6521e+00
460 0 +3.200855160e+02 +3.766955160e+02 +3.766955160e+02 -2.3688e+00 -3.2412e+00 -4.6461e+00
474 0 +2.764615496e+02 +3.330715496e+02 +3.330715496e+02 -2.3769e+00 -3.2438e+00 -4.6529e+00
504 0 +2.464020941e+02 +3.030120941e+02 +3.030120941e+02 -2.3728e+00 -3.2437e+00 -4.6504e+00
555 0 +2.341156814e+02 +2.907256814e+02 +2.907256814e+02 -2.3758e+00 -3.2416e+00 -4.6486e+00
557 0 +1.660752733e+02 +2.226852733e+02 +2.226852733e+02 -2.3763e+00 -3.2393e+00 -4.6326e+00
603 0 +9.919769146e+01 +1.558076915e+02 +1.558076915e+02 -2.3840e+00 -3.2491e+00 -4.6455e+00
616 0 +6.248033428e+01 +1.190903343e+02 +1.190903343e+02 -2.3817e+00 -3.2460e+00 -4.6437e+00
620 0 +3.859780118e+01 +9.520780118e+01 +9.520780118e+01 -2.3911e+00 -3.2450e+00 -4.6351e+00
632 0 +3.788098237e+01 +9.449098237e+01 +9.449098237e+01 -2.3889e+00 -3.2416e+00 -4.6379e+00
679 0 +2.779457745e+01 +8.440457745e+01 +8.440457745e+01 -2.3869e+00 -3.2384e+00 -4.6333e+00
727 0 +2.388383676e+01 +8.049383676e+01 +8.049383676e+01 -2.3878e+00 -3.2388e+00 -4.6343e+00
757 0 +2.207741517e+01 +7.868741517e+01 +7.868741517e+01 -2.3885e+00 -3.2388e+00 -4.6344e+00
819 0 +1.723230342e+01 +7.384230342e+01 +7.384230342e+01 -2.3904e+00 -3.2406e+00 -4.6347e+00
854 0 +4.607807944e+00 +6.121780794e+01 +6.121780794e+01 -2.3901e+00 -3.2396e+00 -4.6306e+00
905 0 +4.469646547e+00 +6.107964655e+01 +6.107964655e+01 -2.3914e+00 -3.2398e+00 -4.6309e+00
978 0 +3.938523484e+00 +6.054852348e+01 +6.054852348e+01 -2.3910e+00 -3.2397e+00 -4.6299e+00
985 0 +3.884284025e+00 +6.049428403e+01 +6.049428403e+01 -2.3909e+00 -3.2397e+00 -4.6302e+00
12051 0 +3.844410417e+00 +6.045441042e+01 +6.045441042e+01 -2.3911e+00 -3.2397e+00 -4.6301e+00
% f evaluations | g evaluations | best noise-free fitness - Fopt (-1.810000000000e+01) + sum g_i+ | measured fitness | best measured fitness or single-digit g-values | x1 | x2...
1 0 +3.433577281e+07 +3.433575471e+07 +3.433575471e+07 +2.5774e-01 +1.1967e+00 -8.1248e-01
2 0 +2.414943569e+06 +2.414925469e+06 +2.414925469e+06 +4.8808e-01 +1.0094e+00 +1.1060e+00
17 0 +2.269501471e+05 +2.269320471e+05 +2.269320471e+05 +8.8664e-01 +1.4217e+00 +1.7855e+00
52 0 +1.737806510e+04 +1.735996510e+04 +1.735996510e+04 +1.0351e+00 +1.5753e+00 +2.0385e+00
134 0 +1.220602742e+04 +1.218792742e+04 +1.218792742e+04 +1.2764e+00 +1.8200e+00 +2.0847e+00
167 0 +1.092555339e+04 +1.090745339e+04 +1.090745339e+04 +1.2195e+00 +1.7619e+00 +2.0503e+00
239 0 +1.056091192e+04 +1.054281192e+04 +1.054281192e+04 +1.2292e+00 +1.7715e+00 +2.0562e+00
276 0 +9.227133832e+03 +9.209033832e+03 +9.209033832e+03 +1.2522e+00 +1.7826e+00 +2.0684e+00
339 0 +8.872988770e+03 +8.854888770e+03 +8.854888770e+03 +1.2712e+00 +1.7919e+00 +2.0784e+00
390 0 +6.469605566e+03 +6.451505566e+03 +6.451505566e+03 +1.2677e+00 +1.7675e+00 +2.0712e+00
411 0 +5.944252410e+03 +5.926152410e+03 +5.926152410e+03 +1.2596e+00 +1.7508e+00 +2.0566e+00
414 0 +3.935770837e+03 +3.917670837e+03 +3.917670837e+03 +1.2632e+00 +1.7347e+00 +2.0642e+00
461 0 +3.139682539e+03 +3.121582539e+03 +3.121582539e+03 +1.2582e+00 +1.7121e+00 +2.0535e+00
463 0 +2.848287426e+03 +2.830187426e+03 +2.830187426e+03 +1.2589e+00 +1.7097e+00 +2.0551e+00
499 0 +2.699147150e+03 +2.681047150e+03 +2.681047150e+03 +1.2602e+00 +1.7118e+00 +2.0588e+00
502 0 +1.707144363e+03 +1.689044363e+03 +1.689044363e+03 +1.2515e+00 +1.6526e+00 +2.0444e+00
529 0 +1.546402672e+03 +1.528302672e+03 +1.528302672e+03 +1.2544e+00 +1.6398e+00 +2.0436e+00
559 0 +1.454553330e+03 +1.436453330e+03 +1.436453330e+03 +1.2571e+00 +1.6398e+00 +2.0437e+00
566 0 +9.623290635e+02 +9.442290635e+02 +9.442290635e+02 +1.2704e+00 +1.6524e+00 +2.0460e+00
573 0 +7.294650492e+01 +5.484650492e+01 +5.484650492e+01 +1.2991e+00 +1.6501e+00 +2.0593e+00
593 0 +2.505061058e+01 +6.950610580e+00 +6.950610580e+00 +1.2704e+00 +1.6454e+00 +2.0696e+00
634 0 +9.777897598e+00 -8.322102402e+00 -8.322102402e+00 +1.2716e+00 +1.6463e+00 +2.0713e+00
654 0 +5.455713954e+00 -1.264428605e+01 -1.264428605e+01 +1.2730e+00 +1.6477e+00 +2.0733e+00
655 0 +5.349606421e+00 -1.275039358e+01 -1.275039358e+01 +1.2725e+00 +1.6471e+00 +2.0726e+00
737 0 +5.178031564e+00 -1.292196844e+01 -1.292196844e+01 +1.2728e+00 +1.6475e+00 +2.0730e+00
912 0 +5.088012351e+00 -1.301198765e+01 -1.301198765e+01 +1.2727e+00 +1.6481e+00 +2.0729e+00
12051 0 +5.051291030e+00 -1.304870897e+01 -1.304870897e+01 +1.2722e+00 +1.6476e+00 +2.0730e+00
% f evaluations | g evaluations | best noise-free fitness - Fopt (3.777000000000e+01) + sum g_i+ | measured fitness | best measured fitness or single-digit g-values | x1 | x2...
1 0 +7.919789018e+06 +7.919826788e+06 +7.919826788e+06 -4.1670e+00 -2.7085e+00 +3.1971e+00
8 0 +6.866634840e+06 +6.866672610e+06 +6.866672610e+06 -1.5064e+00 +3.7337e+00 -1.8885e+00
19 0 +4.700366425e+06 +4.700404195e+06 +4.700404195e+06 -1.0196e+00 -1.1387e-01 -3.0206e-01
43 0 +1.589389393e+06 +1.589427163e+06 +1.589427163e+06 +3.2085e+00 +3.7982e+00 -6.2389e-01
57 0 +1.356897776e+06 +1.356935546e+06 +1.356935546e+06 +3.2849e+00 +4.0194e+00 -6.1344e-01
90 0 +4.113651830e+05 +4.114029530e+05 +4.114029530e+05 +2.2065e+00 +3.7605e+00 -9.0715e-01
107 0 +3.585696202e+05 +3.586073902e+05 +3.586073902e+05 +1.9782e+00 +3.7057e+00 -9.6932e-01
146 0 +3.154133683e+05 +3.154511383e+05 +3.154511383e+05 +1.9008e+00 +3.7310e+00 -9.9279e-01
160 0 +2.050378372e+05 +2.050756072e+05 +2.050756072e+05 +2.3168e+00 +4.2340e+00 -5.1743e-01
206 0 +1.491875127e+04 +1.495652127e+04 +1.495652127e+04 +1.8394e+00 +4.1845e+00 -6.1087e-01
253 0 +2.415419239e+03 +2.453189239e+03 +2.453189239e+03 +1.7271e+00 +4.1145e+00 -6.9715e-01
261 0 +2.178211999e+03 +2.215981999e+03 +2.215981999e+03 +1.7794e+00 +4.1816e+00 -6.6528e-01
290 0 +1.166818000e+03 +1.204588000e+03 +1.204588000e+03 +1.7236e+00 +4.1485e+00 -6.5362e-01
303 0 +1.064924452e+03 +1.102694452e+03 +1.102694452e+03 +1.7234e+00 +4.1467e+00 -6.5596e-01
346 0 +3.089856916e+02 +3.467556916e+02 +3.467556916e+02 +1.6734e+00 +4.1476e+00 -6.5972e-01
386 0 +3.452248430e+01 +7.229248430e+01 +7.229248430e+01 +1.6724e+00 +4.1355e+00 -6.6691e-01
460 0 +3.324709426e+01 +7.101709426e+01 +7.101709426e+01 +1.6720e+00 +4.1351e+00 -6.6693e-01
487 0 +3.106374361e+01 +6.883374361e+01 +6.883374361e+01 +1.6685e+00 +4.1286e+00 -6.7017e-01
510 0 +2.654816149e+01 +6.431816149e+01 +6.431816149e+01 +1.6712e+00 +4.1337e+00 -6.6765e-01
529 0 +1.886552332e+01 +5.663552332e+01 +5.663552332e+01 +1.6753e+00 +4.1292e+00 -6.6882e-01
567 0 +1.655619942e+01 +5.432619942e+01 +5.432619942e+01 +1.6715e+00 +4.1290e+00 -6.6888e-01
590 0 +1.444983952e+01 +5.221983952e+01 +5.221983952e+01 +1.6777e+00 +4.1333e+00 -6.6807e-01
597 0 +1.309557336e+01 +5.086557336e+01 +5.086557336e+01 +1.6756e+00 +4.1315e+00 -6.6838e-01
707 0 +1.270998570e+01 +5.047998570e+01 +5.047998570e+01 +1.6757e+00 +4.1322e+00 -6.6851e-01
12051 0 +1.264976744e+01 +5.041976744e+01 +5.041976744e+01 +1.6751e+00 +4.1320e+00 -6.6840e-01
% f evaluations | g evaluations | best noise-free fitness - Fopt (-6.211100000000e+02) + sum g_i+ | measured fitness | best measured fitness or single-digit g-values | x1 | x2...
1 0 +1.560925496e+07 +1.560863385e+07 +1.560863385e+07 +3.7116e+00 -2.0339e+00 -1.7641e+00
5 0 +1.340870058e+07 +1.340807947e+07 +1.340807947e+07 +2.3824e+00 +3.6563e+00 -2.2047e+00
6 0 +1.305284735e+07 +1.305222624e+07 +1.305222624e+07 +6.3083e-01 +3.6671e+00 -2.6035e+00
9 0 +9.356622710e+06 +9.356001600e+06 +9.356001600e+06 +5.2043e-01 -9.1755e-02 +1.3400e+00
11 0 +8.973277634e+05 +8.967066534e+05 +8.967066534e+05 +4.8200e-01 +3.5228e+00 -1.0282e+00
56 0 +2.680053478e+05 +2.673842378e+05 +2.673842378e+05 +5.4743e-01 +3.5862e+00 -3.3571e-01
104 0 +1.896305254e+05 +1.890094154e+05 +1.890094154e+05 +4.5238e-01 +3.0575e+00 -6.5967e-01
131 0 +1.424603585e+05 +1.418392485e+05 +1.418392485e+05 +4.9491e-01 +3.3779e+00 -4.2858e-01
156 0 +1.315665930e+05 +1.309454830e+05 +1.309454830e+05 +4.9249e-01 +3.3241e+00 -4.6505e-01
171 0 +7.561788908e+04 +7.499677908e+04 +7.499677908e+04 +3.1844e-01 +2.9187e+00 -5.1273e-01
209 0 +4.463774828e+04 +4.401663828e+04 +4.401663828e+04 +3.3547e-01 +3.0211e+00 -4.5715e-01
235 0 +2.096736678e+03 +1.475626678e+03 +1.475626678e+03 +3.5707e-01 +3.0096e+00 -2.4745e-01
275 0 +1.794263646e+03 +1.173153646e+03 +1.173153646e+03 +3.5607e-01 +3.0061e+00 -2.4867e-01
284 0 +6.700572881e+02 +4.894728810e+01 +4.894728810e+01 +3.4334e-01 +3.0026e+00 -2.7297e-01
312 0 +6.499105143e+02 +2.880051430e+01 +2.880051430e+01 +3.4313e-01 +3.0022e+00 -2.7331e-01
320 0 +3.108307453e+02 -3.102792547e+02 -3.102792547e+02 +3.3606e-01 +2.9886e+00 -2.8191e-01
385 0 +2.985948186e+02 -3.225151814e+02 -3.225151814e+02 +3.3752e-01 +2.9905e+00 -2.7972e-01
476 0 +2.637751285e+02 -3.573348715e+02 -3.573348715e+02 +3.3794e-01 +2.9906e+00 -2.7801e-01
497 0 +2.386654254e+02 -3.824445746e+02 -3.824445746e+02 +3.3649e-01 +2.9847e+00 -2.8151e-01
507 0 +1.534843489e+02 -4.676256511e+02 -4.676256511e+02 +3.4254e-01 +2.9859e+00 -2.7335e-01
578 0 +1.024887940e+02 -5.186212060e+02 -5.186212060e+02 +3.4174e-01 +2.9625e+00 -2.7815e-01
603 0 +4.989800791e+01 -5.712119921e+02 -5.712119921e+02 +3.5355e-01 +2.9704e+00 -2.7577e-01
610 0 +1.753829688e+01 -6.035717031e+02 -6.035717031e+02 +3.4856e-01 +2.9687e+00 -2.7562e-01
769 0 +1.563992818e+01 -6.054700718e+02 -6.054700718e+02 +3.4796e-01 +2.9678e+00 -2.7573e-01
816 0 +1.194434551e+01 -6.091656545e+02 -6.091656545e+02 +3.4804e-01 +2.9694e+00 -2.7433e-01
859 0 +7.625204872e+00 -6.134847951e+02 -6.134847951e+02 +3.4776e-01 +2.9678e+00 -2.7438e-01
913 0 +7.207667974e+00 -6.139023320e+02 -6.139023320e+02 +3.4766e-01 +2.9671e+00 -2.7441e-01
960 0 +6.426645371e+00 -6.146833546e+02 -6.146833546e+02 +3.4789e-01 +2.9685e+00 -2.7370e-01
996 0 +5.623989782e+00 -6.154860102e+02 -6.154860102e+02 +3.4788e-01 +2.9682e+00 -2.7365e-01
1017 0 +5.188348967e+00 -6.159216510e+02 -6.159216510e+02 +3.4766e-01 +2.9665e+00 -2.7389e-01
1055 0 +3.604257629e+00 -6.175057424e+02 -6.175057424e+02 +3.4835e-01 +2.9677e+00 -2.7234e-01
1064 0 +3.167862098e+00 -6.179421379e+02 -6.179421379e+02 +3.4775e-01 +2.9667e+00 -2.7305e-01
1113 0 +3.014356611e+00 -6.180956434e+02 -6.180956434e+02 +3.4784e-01 +2.9672e+00 -2.7193e-01
1155 0 +2.845928915e+00 -6.182640711e+02 -6.182640711e+02 +3.4754e-01 +2.9668e+00 -2.7217e-01
1186 0 +2.776624424e+00 -6.183333756e+02 -6.183333756e+02 +3.4781e-01 +2.9670e+00 -2.7221e-01
1206 0 +2.729883222e+00 -6.183801168e+02 -6.183801168e+02 +3.4777e-01 +2.9669e+00 -2.7235e-01
12051 0 +2.715775177e+00 -6.183942248e+02 -6.183942248e+02 +3.4778e-01 +2.9670e+00 -2.7244e-01
% f evaluations | g evaluations | best noise-free fitness - Fopt (-2.548200000000e+02) + sum g_i+ | measured fitness | best measured fitness or single-digit g-values | x1 | x2...
1 0 +9.315831510e+06 +9.315576690e+06 +9.315576690e+06 +4.1429e+00 -2.7282e+00 -3.0220e+00
9 0 +1.548546525e+06 +1.548291705e+06 +1.548291705e+06 +3.8318e+00 +1.5969e+00 +3.5501e-01
29 0 +1.244297119e+06 +1.244042299e+06 +1.244042299e+06 +1.8905e+00 +2.0753e+00 -8.4677e-01
57 0 +2.090721759e+05 +2.088173559e+05 +2.088173559e+05 +2.5980e+00 +2.1942e+00 -5.4432e-01
103 0 +1.377023380e+05 +1.374475180e+05 +1.374475180e+05 +2.6927e+00 +2.2110e+00 -4.6923e-01
143 0 +8.260286807e+04 +8.234804807e+04 +8.234804807e+04 +2.1431e+00 +2.3111e-01 -8.9187e-01
153 0 +2.014776300e+04 +1.989294300e+04 +1.989294300e+04 +2.0839e+00 -4.4988e-01 -1.0960e+00
168 0 +1.844273073e+04 +1.818791073e+04 +1.818791073e+04 +2.8391e+00 +1.2105e+00 -6.3355e-01
207 0 +4.160002278e+03 +3.905182278e+03 +3.905182278e+03 +3.0073e+00 +1.8967e+00 -5.7131e-01
269 0 +3.155350039e+03 +2.900530039e+03 +2.900530039e+03 +3.0214e+00 +1.9412e+00 -5.5165e-01
335 0 +2.861738478e+03 +2.606918478e+03 +2.606918478e+03 +2.9716e+00 +1.9316e+00 -5.6363e-01
355 0 +2.504222304e+03 +2.249402304e+03 +2.249402304e+03 +2.9188e+00 +1.8448e+00 -5.7560e-01
373 0 +2.423682284e+03 +2.168862284e+03 +2.168862284e+03 +2.9486e+00 +1.8876e+00 -5.6883e-01
427 0 +5.933449354e+02 +3.385249354e+02 +3.385249354e+02 +3.0479e+00 +2.0530e+00 -4.9322e-01
452 0 +4.218296901e+02 +1.670096901e+02 +1.670096901e+02 +3.0256e+00 +2.0327e+00 -5.0237e-01
488 0 +3.361579513e+02 +8.133795134e+01 +8.133795134e+01 +3.0500e+00 +2.0585e+00 -4.7097e-01
545 0 +2.995007313e+02 +4.468073126e+01 +4.468073126e+01 +3.0344e+00 +2.0338e+00 -4.9307e-01
557 0 +2.407503081e+02 -1.406969188e+01 -1.406969188e+01 +3.0348e+00 +2.0388e+00 -4.9071e-01
577 0 +1.338939683e+02 -1.209260317e+02 -1.209260317e+02 +3.0232e+00 +2.0179e+00 -4.9319e-01
602 0 +1.144678229e+02 -1.403521771e+02 -1.403521771e+02 +3.0236e+00 +2.0201e+00 -4.9181e-01
612 0 +7.497000489e+01 -1.798499951e+02 -1.798499951e+02 +2.9890e+00 +1.9746e+00 -4.9936e-01
649 0 +3.367604432e+01 -2.211439557e+02 -2.211439557e+02 +3.0262e+00 +2.0329e+00 -4.7963e-01
662 0 +4.034727086e+00 -2.507852729e+02 -2.507852729e+02 +3.0112e+00 +2.0095e+00 -4.8754e-01
713 0 +3.780909906e+00 -2.510390901e+02 -2.510390901e+02 +3.0091e+00 +2.0052e+00 -4.8824e-01
824 0 +3.675578910e+00 -2.511444211e+02 -2.511444211e+02 +3.0095e+00 +2.0056e+00 -4.8793e-01
1462 0 +3.626605499e+00 -2.511933945e+02 -2.511933945e+02 +3.0130e+00 +2.0142e+00 -4.8571e-01
1614 0 +3.488178740e+00 -2.513318213e+02 -2.513318213e+02 +3.0290e+00 +2.0551e+00 -4.7525e-01
1678 0 +3.451968706e+00 -2.513680313e+02 -2.513680313e+02 +3.0423e+00 +2.0885e+00 -4.6673e-01
1807 0 +3.379661934e+00 -2.514403381e+02 -2.514403381e+02 +3.0422e+00 +2.0883e+00 -4.6691e-01
1852 0 +3.308569759e+00 -2.515114302e+02 -2.515114302e+02 +3.0509e+00 +2.1106e+00 -4.6130e-01
1869 0 +3.219371701e+00 -2.516006283e+02 -2.516006283e+02 +3.0793e+00 +2.1818e+00 -4.4359e-01
1974 0 +3.127640959e+00 -2.516923590e+02 -2.516923590e+02 +3.0854e+00 +2.1972e+00 -4.3985e-01
2008 0 +3.063133966e+00 -2.517568660e+02 -2.517568660e+02 +3.0923e+00 +2.2147e+00 -4.3559e-01
2066 0 +2.976218354e+00 -2.518437816e+02 -2.518437816e+02 +3.0959e+00 +2.2237e+00 -4.3343e-01
2080 0 +2.898841441e+00 -2.519211586e+02 -2.519211586e+02 +3.0930e+00 +2.2165e+00 -4.3540e-01
2102 0 +2.762275187e+00 -2.520577248e+02 -2.520577248e+02 +3.1036e+00 +2.2435e+00 -4.2898e-01
2104 0 +2.501693703e+00 -2.523183063e+02 -2.523183063e+02 +3.1308e+00 +2.3122e+00 -4.1257e-01
2155 0 +2.409409902e+00 -2.524105901e+02 -2.524105901e+02 +3.1594e+00 +2.3845e+00 -3.9550e-01
2158 0 +2.398179812e+00 -2.524218202e+02 -2.524218202e+02 +3.1761e+00 +2.4266e+00 -3.8517e-01
2160 0 +2.344172045e+00 -2.524758280e+02 -2.524758280e+02 +3.1516e+00 +2.3646e+00 -3.9998e-01
2223 0 +2.267106552e+00 -2.525528934e+02 -2.525528934e+02 +3.1620e+00 +2.3908e+00 -3.9375e-01
2290 0 +2.225105753e+00 -2.525948942e+02 -2.525948942e+02 +3.1677e+00 +2.4049e+00 -3.9039e-01
2443 0 +2.181592798e+00 -2.526384072e+02 -2.526384072e+02 +3.1780e+00 +2.4306e+00 -3.8418e-01
2610 0 +2.120067077e+00 -2.526999329e+02 -2.526999329e+02 +3.1837e+00 +2.4442e+00 -3.8094e-01
2839 0 +2.078336545e+00 -2.527416635e+02 -2.527416635e+02 +3.1993e+00 +2.4825e+00 -3.7192e-01
2853 0 +2.034625113e+00 -2.527853749e+02 -2.527853749e+02 +3.1990e+00 +2.4824e+00 -3.7206e-01
2960 0 +1.984431847e+00 -2.528355682e+02 -2.528355682e+02 +3.2046e+00 +2.4960e+00 -3.6889e-01
2985 0 +1.917755717e+00 -2.529022443e+02 -2.529022443e+02 +3.2224e+00 +2.5399e+00 -3.5868e-01
3052 0 +1.883657370e+00 -2.529363426e+02 -2.529363426e+02 +3.2171e+00 +2.5267e+00 -3.6184e-01
3086 0 +1.823822618e+00 -2.529961774e+02 -2.529961774e+02 +3.2297e+00 +2.5573e+00 -3.5485e-01
3091 0 +1.798770897e+00 -2.530212291e+02 -2.530212291e+02 +3.2187e+00 +2.5305e+00 -3.6117e-01
3116 0 +1.776635343e+00 -2.530433647e+02 -2.530433647e+02 +3.2215e+00 +2.5375e+00 -3.5960e-01
3138 0 +1.708095334e+00 -2.531119047e+02 -2.531119047e+02 +3.2325e+00 +2.5647e+00 -3.5342e-01
3145 0 +1.672566865e+00 -2.531474331e+02 -2.531474331e+02 +3.2427e+00 +2.5902e+00 -3.4768e-01
3203 0 +1.652663918e+00 -2.531673361e+02 -2.531673361e+02 +3.2570e+00 +2.6255e+00 -3.3970e-01
3338 0 +1.620422959e+00 -2.531995770e+02 -2.531995770e+02 +3.2697e+00 +2.6566e+00 -3.3283e-01
3350 0 +1.551960875e+00 -2.532680391e+02 -2.532680391e+02 +3.2617e+00 +2.6366e+00 -3.3725e-01
3355 0 +1.501792470e+00 -2.533182075e+02 -2.533182075e+02 +3.2737e+00 +2.6661e+00 -3.3061e-01
3407 0 +1.455292206e+00 -2.533647078e+02 -2.533647078e+02 +3.2818e+00 +2.6858e+00 -3.2616e-01
3415 0 +1.435834536e+00 -2.533841655e+02 -2.533841655e+02 +3.2859e+00 +2.6958e+00 -3.2388e-01
3509 0 +1.314684578e+00 -2.535053154e+02 -2.535053154e+02 +3.3126e+00 +2.7607e+00 -3.1001e-01
3554 0 +1.222482218e+00 -2.535975178e+02 -2.535975178e+02 +3.3130e+00 +2.7613e+00 -3.0982e-01
3567 0 +1.152358006e+00 -2.536676420e+02 -2.536676420e+02 +3.3196e+00 +2.7769e+00 -3.0657e-01
3587 0 +1.103526950e+00 -2.537164730e+02 -2.537164730e+02 +3.3392e+00 +2.8245e+00 -2.9598e-01
3607 0 +1.091184983e+00 -2.537288150e+02 -2.537288150e+02 +3.3307e+00 +2.8037e+00 -3.0062e-01
3652 0 +9.685630550e-01 -2.538514369e+02 -2.538514369e+02 +3.3525e+00 +2.8562e+00 -2.8948e-01
3704 0 +9.185818549e-01 -2.539014181e+02 -2.539014181e+02 +3.3827e+00 +2.9286e+00 -2.7396e-01
3739 0 +9.109882474e-01 -2.539090118e+02 -2.539090118e+02 +3.3849e+00 +2.9338e+00 -2.7289e-01
3744 0 +8.892997813e-01 -2.539307002e+02 -2.539307002e+02 +3.3728e+00 +2.9048e+00 -2.7913e-01
3774 0 +8.678661845e-01 -2.539521338e+02 -2.539521338e+02 +3.3811e+00 +2.9247e+00 -2.7492e-01
3823 0 +7.984144203e-01 -2.540215856e+02 -2.540215856e+02 +3.3866e+00 +2.9374e+00 -2.7253e-01
3877 0 +7.918405734e-01 -2.540281594e+02 -2.540281594e+02 +3.3920e+00 +2.9501e+00 -2.7006e-01
3900 0 +7.388293136e-01 -2.540811707e+02 -2.540811707e+02 +3.4005e+00 +2.9707e+00 -2.6558e-01
3904 0 +7.169692192e-01 -2.541030308e+02 -2.541030308e+02 +3.4072e+00 +2.9866e+00 -2.6229e-01
3910 0 +6.954240105e-01 -2.541245760e+02 -2.541245760e+02 +3.4095e+00 +2.9919e+00 -2.6133e-01
3957 0 +6.862165395e-01 -2.541337835e+02 -2.541337835e+02 +3.4132e+00 +3.0006e+00 -2.5966e-01
3974 0 +6.602422506e-01 -2.541597577e+02 -2.541597577e+02 +3.4178e+00 +3.0115e+00 -2.5734e-01
3983 0 +6.266275596e-01 -2.541933724e+02 -2.541933724e+02 +3.4277e+00 +3.0351e+00 -2.5250e-01
3986 0 +5.896721667e-01 -2.542303278e+02 -2.542303278e+02 +3.4419e+00 +3.0687e+00 -2.4567e-01
4026 0 +5.402399464e-01 -2.542797601e+02 -2.542797601e+02 +3.4498e+00 +3.0870e+00 -2.4232e-01
4059 0 +4.543930386e-01 -2.543656070e+02 -2.543656070e+02 +3.4721e+00 +3.1395e+00 -2.3187e-01
4141 0 +4.318485756e-01 -2.543881514e+02 -2.543881514e+02 +3.4849e+00 +3.1695e+00 -2.2591e-01
4233 0 +4.258297830e-01 -2.543941702e+02 -2.543941702e+02 +3.4849e+00 +3.1694e+00 -2.2596e-01
4311 0 +4.062867955e-01 -2.544137132e+02 -2.544137132e+02 +3.4981e+00 +3.2004e+00 -2.1991e-01
4320 0 +3.286050232e-01 -2.544913950e+02 -2.544913950e+02 +3.5127e+00 +3.2341e+00 -2.1366e-01
4361 0 +2.957090791e-01 -2.545242909e+02 -2.545242909e+02 +3.5251e+00 +3.2627e+00 -2.0834e-01
4383 0 +2.765447854e-01 -2.545434552e+02 -2.545434552e+02 +3.5323e+00 +3.2795e+00 -2.0508e-01
4431 0 +2.583297419e-01 -2.545616703e+02 -2.545616703e+02 +3.5442e+00 +3.3070e+00 -1.9987e-01
4456 0 +2.454319723e-01 -2.545745680e+02 -2.545745680e+02 +3.5446e+00 +3.3079e+00 -1.9986e-01
4460 0 +2.379473883e-01 -2.545820526e+02 -2.545820526e+02 +3.5487e+00 +3.3174e+00 -1.9802e-01
4512 0 +2.237046357e-01 -2.545962954e+02 -2.545962954e+02 +3.5685e+00 +3.3631e+00 -1.8946e-01
4525 0 +2.155005341e-01 -2.546044995e+02 -2.546044995e+02 +3.5656e+00 +3.3565e+00 -1.9072e-01
4594 0 +1.897875861e-01 -2.546302124e+02 -2.546302124e+02 +3.5730e+00 +3.3733e+00 -1.8771e-01
4602 0 +1.810830128e-01 -2.546389170e+02 -2.546389170e+02 +3.5799e+00 +3.3893e+00 -1.8476e-01
4614 0 +1.658975487e-01 -2.546541025e+02 -2.546541025e+02 +3.5816e+00 +3.3928e+00 -1.8427e-01
4615 0 +1.569793617e-01 -2.546630206e+02 -2.546630206e+02 +3.6272e+00 +3.4977e+00 -1.6508e-01
4659 0 +1.410067774e-01 -2.546789932e+02 -2.546789932e+02 +3.6193e+00 +3.4796e+00 -1.6839e-01
4686 0 +1.338931296e-01 -2.546861069e+02 -2.546861069e+02 +3.6057e+00 +3.4482e+00 -1.7413e-01
4712 0 +1.233765476e-01 -2.546966235e+02 -2.546966235e+02 +3.6142e+00 +3.4678e+00 -1.7061e-01
4757 0 +1.145417653e-01 -2.547054582e+02 -2.547054582e+02 +3.7382e+00 +3.7535e+00 -1.1790e-01
4837 0 +4.434239243e-02 -2.547756576e+02 -2.547756576e+02 +3.7340e+00 +3.7438e+00 -1.1968e-01
4892 0 +3.819070193e-02 -2.547818093e+02 -2.547818093e+02 +3.7352e+00 +3.7465e+00 -1.1919e-01
4998 0 +3.790896417e-02 -2.547820910e+02 -2.547820910e+02 +3.7352e+00 +3.7464e+00 -1.1920e-01
5104 0 +3.713725217e-02 -2.547828627e+02 -2.547828627e+02 +3.7354e+00 +3.7470e+00 -1.1910e-01
5392 0 +3.589851696e-02 -2.547841015e+02 -2.547841015e+02 +3.7354e+00 +3.7470e+00 -1.1910e-01
5454 0 +3.358329332e-02 -2.547864167e+02 -2.547864167e+02 +3.7354e+00 +3.7470e+00 -1.1910e-01
5513 0 +3.274908820e-02 -2.547872509e+02 -2.547872509e+02 +3.7354e+00 +3.7470e+00 -1.1910e-01
5594 0 +3.119541718e-02 -2.547888046e+02 -2.547888046e+02 +3.7355e+00 +3.7472e+00 -1.1904e-01
5607 0 +2.934574950e-02 -2.547906543e+02 -2.547906543e+02 +3.7355e+00 +3.7474e+00 -1.1902e-01
5650 0 +8.762685042e-03 -2.548112373e+02 -2.548112373e+02 +3.7362e+00 +3.7492e+00 -1.1864e-01
5685 0 +7.404134167e-03 -2.548125959e+02 -2.548125959e+02 +3.7365e+00 +3.7499e+00 -1.1849e-01
5687 0 +3.719842320e-03 -2.548162802e+02 -2.548162802e+02 +3.7370e+00 +3.7515e+00 -1.1815e-01
5694 0 +3.283533549e-03 -2.548167165e+02 -2.548167165e+02 +3.7366e+00 +3.7504e+00 -1.1838e-01
5695 0 +3.117037978e-03 -2.548168830e+02 -2.548168830e+02 +3.7366e+00 +3.7504e+00 -1.1838e-01
5704 0 +2.799389885e-03 -2.548172006e+02 -2.548172006e+02 +3.7367e+00 +3.7507e+00 -1.1831e-01
5763 0 +2.647264343e-03 -2.548173527e+02 -2.548173527e+02 +3.7368e+00 +3.7507e+00 -1.1830e-01
5770 0 +1.797362247e-03 -2.548182026e+02 -2.548182026e+02 +3.7369e+00 +3.7510e+00 -1.1824e-01
5804 0 +1.568631454e-03 -2.548184314e+02 -2.548184314e+02 +3.7369e+00 +3.7511e+00 -1.1823e-01
5894 0 +1.254083573e-03 -2.548187459e+02 -2.548187459e+02 +3.7370e+00 +3.7513e+00 -1.1818e-01
6054 0 +1.224501904e-03 -2.548187755e+02 -2.548187755e+02 +3.7370e+00 +3.7514e+00 -1.1818e-01
6137 0 +1.089143280e-03 -2.548189109e+02 -2.548189109e+02 +3.7370e+00 +3.7514e+00 -1.1817e-01
6157 0 +1.033954153e-03 -2.548189660e+02 -2.548189660e+02 +3.7370e+00 +3.7513e+00 -1.1821e-01
6180 0 +9.734688844e-04 -2.548190265e+02 -2.548190265e+02 +3.7370e+00 +3.7514e+00 -1.1817e-01
6204 0 +9.378775501e-04 -2.548190621e+02 -2.548190621e+02 +3.7370e+00 +3.7514e+00 -1.1817e-01
6208 0 +8.036962966e-04 -2.548191963e+02 -2.548191963e+02 +3.7378e+00 +3.7533e+00 -1.1781e-01
6252 0 +4.410642972e-04 -2.548195589e+02 -2.548195589e+02 +3.7379e+00 +3.7534e+00 -1.1777e-01
6254 0 +2.203646444e-04 -2.548197796e+02 -2.548197796e+02 +3.7374e+00 +3.7522e+00 -1.1801e-01
6307 0 +1.962345723e-04 -2.548198038e+02 -2.548198038e+02 +3.7374e+00 +3.7522e+00 -1.1801e-01
6313 0 +1.614725905e-04 -2.548198385e+02 -2.548198385e+02 +3.7376e+00 +3.7528e+00 -1.1791e-01
6375 0 +1.035786436e-04 -2.548198964e+02 -2.548198964e+02 +3.7376e+00 +3.7527e+00 -1.1792e-01
6470 0 +1.012404272e-04 -2.548198988e+02 -2.548198988e+02 +3.7376e+00 +3.7527e+00 -1.1792e-01
6502 0 +9.423665077e-05 -2.548199058e+02 -2.548199058e+02 +3.7375e+00 +3.7527e+00 -1.1793e-01
6530 0 +8.208839986e-05 -2.548199179e+02 -2.548199179e+02 +3.7375e+00 +3.7526e+00 -1.1795e-01
7535 0 +8.127415344e-05 -2.548199187e+02 -2.548199187e+02 +3.7375e+00 +3.7526e+00 -1.1794e-01
8003 0 +7.901764840e-05 -2.548199210e+02 -2.548199210e+02 +3.7376e+00 +3.7527e+00 -1.1792e-01
8103 0 +7.760840847e-05 -2.548199224e+02 -2.548199224e+02 +3.7376e+00 +3.7528e+00 -1.1790e-01
8109 0 +7.416277381e-05 -2.548199258e+02 -2.548199258e+02 +3.7377e+00 +3.7530e+00 -1.1785e-01
8153 0 +7.085413910e-05 -2.548199291e+02 -2.548199291e+02 +3.7379e+00 +3.7536e+00 -1.1771e-01
8204 0 +7.051548354e-05 -2.548199295e+02 -2.548199295e+02 +3.7381e+00 +3.7541e+00 -1.1759e-01
8235 0 +6.692020818e-05 -2.548199331e+02 -2.548199331e+02 +3.7379e+00 +3.7536e+00 -1.1771e-01
8242 0 +6.220556762e-05 -2.548199378e+02 -2.548199378e+02 +3.7386e+00 +3.7553e+00 -1.1731e-01
8258 0 +3.830619289e-05 -2.548199617e+02 -2.548199617e+02 +3.7393e+00 +3.7570e+00 -1.1693e-01
8567 0 +1.546493786e-05 -2.548199845e+02 -2.548199845e+02 +3.7394e+00 +3.7574e+00 -1.1684e-01
8613 0 +1.505910683e-05 -2.548199849e+02 -2.548199849e+02 +3.7394e+00 +3.7573e+00 -1.1685e-01
8776 0 +1.455149857e-05 -2.548199854e+02 -2.548199854e+02 +3.7394e+00 +3.7574e+00 -1.1683e-01
9080 0 +1.444031392e-05 -2.548199856e+02 -2.548199856e+02 +3.7395e+00 +3.7575e+00 -1.1681e-01
9164 0 +1.408970621e-05 -2.548199859e+02 -2.548199859e+02 +3.7395e+00 +3.7576e+00 -1.1679e-01
9251 0 +1.360865213e-05 -2.548199864e+02 -2.548199864e+02 +3.7395e+00 +3.7575e+00 -1.1681e-01
9268 0 +1.315132317e-05 -2.548199868e+02 -2.548199868e+02 +3.7395e+00 +3.7575e+00 -1.1680e-01
9328 0 +1.212657938e-05 -2.548199879e+02 -2.548199879e+02 +3.7395e+00 +3.7576e+00 -1.1678e-01
9353 0 +1.193132056e-05 -2.548199881e+02 -2.548199881e+02 +3.7396e+00 +3.7577e+00 -1.1677e-01
9414 0 +1.135741499e-05 -2.548199886e+02 -2.548199886e+02 +3.7396e+00 +3.7578e+00 -1.1674e-01
9430 0 +8.404187838e-06 -2.548199916e+02 -2.548199916e+02 +3.7398e+00 +3.7582e+00 -1.1663e-01
9474 0 +8.284249191e-06 -2.548199917e+02 -2.548199917e+02 +3.7398e+00 +3.7583e+00 -1.1662e-01
9515 0 +8.116865104e-06 -2.548199919e+02 -2.548199919e+02 +3.7398e+00 +3.7584e+00 -1.1660e-01
9564 0 +7.810497237e-06 -2.548199922e+02 -2.548199922e+02 +3.7399e+00 +3.7586e+00 -1.1654e-01
9618 0 +7.452677579e-06 -2.548199925e+02 -2.548199925e+02 +3.7399e+00 +3.7585e+00 -1.1656e-01
9629 0 +7.240273476e-06 -2.548199928e+02 -2.548199928e+02 +3.7399e+00 +3.7586e+00 -1.1655e-01
9668 0 +7.051670480e-06 -2.548199929e+02 -2.548199929e+02 +3.7399e+00 +3.7586e+00 -1.1655e-01
9670 0 +6.640230708e-06 -2.548199934e+02 -2.548199934e+02 +3.7399e+00 +3.7586e+00 -1.1655e-01
9672 0 +6.161441661e-06 -2.548199938e+02 -2.548199938e+02 +3.7400e+00 +3.7587e+00 -1.1652e-01
9717 0 +5.863150449e-06 -2.548199941e+02 -2.548199941e+02 +3.7401e+00 +3.7589e+00 -1.1647e-01
9743 0 +5.613766717e-06 -2.548199944e+02 -2.548199944e+02 +3.7400e+00 +3.7587e+00 -1.1651e-01
9766 0 +5.220583262e-06 -2.548199948e+02 -2.548199948e+02 +3.7400e+00 +3.7588e+00 -1.1651e-01
9780 0 +5.105794429e-06 -2.548199949e+02 -2.548199949e+02 +3.7400e+00 +3.7589e+00 -1.1648e-01
9786 0 +4.673445460e-06 -2.548199953e+02 -2.548199953e+02 +3.7400e+00 +3.7588e+00 -1.1649e-01
9807 0 +4.265614820e-06 -2.548199957e+02 -2.548199957e+02 +3.7401e+00 +3.7591e+00 -1.1643e-01
9851 0 +4.047869027e-06 -2.548199960e+02 -2.548199960e+02 +3.7401e+00 +3.7590e+00 -1.1645e-01
9863 0 +3.685830706e-06 -2.548199963e+02 -2.548199963e+02 +3.7403e+00 +3.7596e+00 -1.1630e-01
9865 0 +3.058533139e-06 -2.548199969e+02 -2.548199969e+02 +3.7402e+00 +3.7593e+00 -1.1637e-01
9908 0 +2.421051533e-06 -2.548199976e+02 -2.548199976e+02 +3.7403e+00 +3.7594e+00 -1.1635e-01
9956 0 +5.550832896e-07 -2.548199994e+02 -2.548199994e+02 +3.7406e+00 +3.7603e+00 -1.1613e-01
10002 0 +5.235224307e-07 -2.548199995e+02 -2.548199995e+02 +3.7406e+00 +3.7602e+00 -1.1616e-01
10056 0 +4.763357424e-07 -2.548199995e+02 -2.548199995e+02 +3.7406e+00 +3.7602e+00 -1.1615e-01
10235 0 +4.620663674e-07 -2.548199995e+02 -2.548199995e+02 +3.7406e+00 +3.7602e+00 -1.1615e-01
10280 0 +4.329575631e-07 -2.548199996e+02 -2.548199996e+02 +3.7406e+00 +3.7603e+00 -1.1614e-01
10415 0 +4.257600779e-07 -2.548199996e+02 -2.548199996e+02 +3.7406e+00 +3.7603e+00 -1.1613e-01
10452 0 +4.085506760e-07 -2.548199996e+02 -2.548199996e+02 +3.7406e+00 +3.7603e+00 -1.1614e-01
10482 0 +3.988672290e-07 -2.548199996e+02 -2.548199996e+02 +3.7406e+00 +3.7603e+00 -1.1613e-01
10547 0 +3.792339953e-07 -2.548199996e+02 -2.548199996e+02 +3.7406e+00 +3.7603e+00 -1.1613e-01
10563 0 +3.346119684e-07 -2.548199997e+02 -2.548199997e+02 +3.7406e+00 +3.7603e+00 -1.1612e-01
10602 0 +2.763513578e-07 -2.548199997e+02 -2.548199997e+02 +3.7406e+00 +3.7604e+00 -1.1611e-01
10632 0 +2.160881536e-07 -2.548199998e+02 -2.548199998e+02 +3.7407e+00 +3.7604e+00 -1.1609e-01
10675 0 +1.890320505e-07 -2.548199998e+02 -2.548199998e+02 +3.7407e+00 +3.7605e+00 -1.1607e-01
10713 0 +1.835122987e-07 -2.548199998e+02 -2.548199998e+02 +3.7407e+00 +3.7605e+00 -1.1607e-01
10742 0 +1.703703845e-07 -2.548199998e+02 -2.548199998e+02 +3.7407e+00 +3.7605e+00 -1.1607e-01
10759 0 +1.685753830e-07 -2.548199998e+02 -2.548199998e+02 +3.7407e+00 +3.7605e+00 -1.1607e-01
10804 0 +1.639348284e-07 -2.548199998e+02 -2.548199998e+02 +3.7407e+00 +3.7606e+00 -1.1606e-01
10836 0 +1.596751531e-07 -2.548199998e+02 -2.548199998e+02 +3.7407e+00 +3.7605e+00 -1.1607e-01
10862 0 +1.513064376e-07 -2.548199998e+02 -2.548199998e+02 +3.7407e+00 +3.7605e+00 -1.1607e-01
10875 0 +1.458621455e-07 -2.548199999e+02 -2.548199999e+02 +3.7407e+00 +3.7605e+00 -1.1607e-01
10928 0 +1.309895765e-07 -2.548199999e+02 -2.548199999e+02 +3.7407e+00 +3.7605e+00 -1.1607e-01
10935 0 +1.270193764e-07 -2.548199999e+02 -2.548199999e+02 +3.7407e+00 +3.7606e+00 -1.1606e-01
10962 0 +1.129321561e-07 -2.548199999e+02 -2.548199999e+02 +3.7407e+00 +3.7606e+00 -1.1605e-01
11007 0 +9.710723248e-08 -2.548199999e+02 -2.548199999e+02 +3.7407e+00 +3.7606e+00 -1.1604e-01
11008 0 +8.995863254e-08 -2.548199999e+02 -2.548199999e+02 +3.7407e+00 +3.7606e+00 -1.1604e-01
11015 0 +5.269467351e-08 -2.548199999e+02 -2.548199999e+02 +3.7407e+00 +3.7606e+00 -1.1604e-01
11057 0 +5.234679179e-08 -2.548199999e+02 -2.548199999e+02 +3.7407e+00 +3.7606e+00 -1.1604e-01
11061 0 +3.784907676e-08 -2.548200000e+02 -2.548200000e+02 +3.7408e+00 +3.7607e+00 -1.1603e-01
11107 0 +2.890459427e-08 -2.548200000e+02 -2.548200000e+02 +3.7408e+00 +3.7607e+00 -1.1602e-01
11129 0 +1.437791752e-08 -2.548200000e+02 -2.548200000e+02 +3.7408e+00 +3.7607e+00 -1.1601e-01
11133 0 +1.388963256e-08 -2.548200000e+02 -2.548200000e+02 +3.7408e+00 +3.7607e+00 -1.1601e-01
11152 0 +6.426262189e-09 -2.548200000e+02 -2.548200000e+02 +3.7408e+00 +3.7608e+00 -1.1601e-01
12051 0 +7.571543392e-11 -2.548200000e+02 -2.548200000e+02 +3.7408e+00 +3.7608e+00 -1.1600e-01
% f evaluations | g evaluations | best noise-free fitness - Fopt (5.661000000000e+01) + sum g_i+ | measured fitness | best measured fitness or single-digit g-values | x1 | x2...
1 0 +1.253821668e+08 +1.253822234e+08 +1.253822234e+08 -2.7239e+00 -4.5928e+00 +3.2417e+00
5 0 +4.586902212e+07 +4.586907873e+07 +4.586907873e+07 +1.2274e+00 -3.8639e+00 -1.3473e+00
19 0 +1.187940352e+07 +1.187946013e+07 +1.187946013e+07 -1.7626e-01 -3.3604e+00 -3.3241e+00
23 0 +1.098308779e+06 +1.098365389e+06 +1.098365389e+06 -4.1225e+00 -1.7140e+00 -4.7190e+00
28 0 +1.916490597e+05 +1.917056697e+05 +1.917056697e+05 -1.6956e+00 -3.6957e+00 -4.6184e+00
115 0 +1.107977051e+05 +1.108543151e+05 +1.108543151e+05 -1.8161e+00 -3.7365e+00 -4.6325e+00
168 0 +1.051216626e+05 +1.051782726e+05 +1.051782726e+05 -1.9984e+00 -3.9383e+00 -4.8660e+00
172 0 +7.469781395e+04 +7.475442395e+04 +7.475442395e+04 -1.9703e+00 -3.7603e+00 -4.6626e+00
198 0 +5.983925073e+04 +5.989586073e+04 +5.989586073e+04 -1.9357e+00 -3.8375e+00 -4.7624e+00
229 0 +5.743066980e+04 +5.748727980e+04 +5.748727980e+04 -1.8860e+00 -3.7269e+00 -4.6979e+00
256 0 +5.440209277e+04 +5.445870277e+04 +5.445870277e+04 -1.9002e+00 -3.7352e+00 -4.7026e+00
260 0 +3.458455570e+04 +3.464116570e+04 +3.464116570e+04 -1.9106e+00 -3.7808e+00 -4.7797e+00
263 0 +2.410684152e+04 +2.416345152e+04 +2.416345152e+04 -1.9347e+00 -3.7859e+00 -4.8324e+00
287 0 +1.956313933e+04 +1.961974933e+04 +1.961974933e+04 -1.9784e+00 -3.7748e+00 -4.9101e+00
302 0 +1.683093792e+04 +1.688754792e+04 +1.688754792e+04 -1.9688e+00 -3.7725e+00 -4.9084e+00
303 0 +1.575203308e+04 +1.580864308e+04 +1.580864308e+04 -1.9621e+00 -3.7524e+00 -4.8547e+00
312 0 +1.360598790e+04 +1.366259790e+04 +1.366259790e+04 -1.9239e+00 -3.7668e+00 -4.8610e+00
344 0 +2.884310833e+03 +2.940920833e+03 +2.940920833e+03 -1.9134e+00 -3.7238e+00 -4.8984e+00
360 0 +2.316010876e+03 +2.372620876e+03 +2.372620876e+03 -1.9138e+00 -3.7320e+00 -4.9155e+00
365 0 +1.799468917e+03 +1.856078917e+03 +1.856078917e+03 -1.9234e+00 -3.7255e+00 -4.9264e+00
402 0 +8.008053431e+02 +8.574153431e+02 +8.574153431e+02 -1.9119e+00 -3.7137e+00 -4.9219e+00
412 0 +5.753697711e+02 +6.319797711e+02 +6.319797711e+02 -1.9221e+00 -3.7006e+00 -4.9181e+00
482 0 +5.121030559e+02 +5.687130559e+02 +5.687130559e+02 -1.9245e+00 -3.7035e+00 -4.9256e+00
503 0 +4.161661181e+02 +4.727761181e+02 +4.727761181e+02 -1.9245e+00 -3.7003e+00 -4.9245e+00
513 0 +3.110402685e+02 +3.676502685e+02 +3.676502685e+02 -1.9239e+00 -3.6945e+00 -4.9213e+00
562 0 +2.912278012e+02 +3.478378012e+02 +3.478378012e+02 -1.9235e+00 -3.6930e+00 -4.9206e+00
595 0 +2.743477289e+02 +3.309577289e+02 +3.309577289e+02 -1.9219e+00 -3.6876e+00 -4.9185e+00
602 0 +2.050880125e+02 +2.616980125e+02 +2.616980125e+02 -1.9298e+00 -3.6883e+00 -4.9217e+00
637 0 +2.000068278e+02 +2.566168278e+02 +2.566168278e+02 -1.9226e+00 -3.6884e+00 -4.9213e+00
695 0 +1.555200871e+02 +2.121300871e+02 +2.121300871e+02 -1.9232e+00 -3.6890e+00 -4.9235e+00
715 0 +1.418990454e+02 +1.985090454e+02 +1.985090454e+02 -1.9237e+00 -3.6897e+00 -4.9246e+00
717 0 +7.049249747e+01 +1.271024975e+02 +1.271024975e+02 -1.9252e+00 -3.6912e+00 -4.9336e+00
752 0 +6.793472034e+01 +1.245447203e+02 +1.245447203e+02 -1.9243e+00 -3.6907e+00 -4.9312e+00
769 0 +5.305242664e+01 +1.096624266e+02 +1.096624266e+02 -1.9195e+00 -3.6898e+00 -4.9306e+00
805 0 +4.374367479e+01 +1.003536748e+02 +1.003536748e+02 -1.9196e+00 -3.6941e+00 -4.9353e+00
835 0 +3.781370376e+01 +9.442370376e+01 +9.442370376e+01 -1.9230e+00 -3.6907e+00 -4.9343e+00
873 0 +3.613330375e+01 +9.274330375e+01 +9.274330375e+01 -1.9181e+00 -3.6859e+00 -4.9342e+00
897 0 +1.798001119e+01 +7.459001119e+01 +7.459001119e+01 -1.9217e+00 -3.6880e+00 -4.9333e+00
964 0 +1.581045170e+01 +7.242045170e+01 +7.242045170e+01 -1.9215e+00 -3.6865e+00 -4.9333e+00
1016 0 +1.238384688e+01 +6.899384688e+01 +6.899384688e+01 -1.9224e+00 -3.6879e+00 -4.9348e+00
1050 0 +1.212812129e+01 +6.873812129e+01 +6.873812129e+01 -1.9216e+00 -3.6875e+00 -4.9343e+00
1066 0 +1.187039524e+01 +6.848039524e+01 +6.848039524e+01 -1.9218e+00 -3.6876e+00 -4.9345e+00
1076 0 +9.891616991e+00 +6.650161699e+01 +6.650161699e+01 -1.9216e+00 -3.6876e+00 -4.9351e+00
1117 0 +9.588146689e+00 +6.619814669e+01 +6.619814669e+01 -1.9214e+00 -3.6873e+00 -4.9351e+00
1154 0 +9.469110102e+00 +6.607911010e+01 +6.607911010e+01 -1.9214e+00 -3.6874e+00 -4.9352e+00
1165 0 +8.280299141e+00 +6.489029914e+01 +6.489029914e+01 -1.9216e+00 -3.6876e+00 -4.9364e+00
1195 0 +8.015200431e+00 +6.462520043e+01 +6.462520043e+01 -1.9215e+00 -3.6875e+00 -4.9363e+00
1323 0 +7.934452738e+00 +6.454445274e+01 +6.454445274e+01 -1.9214e+00 -3.6874e+00 -4.9363e+00
12051 0 +7.812737411e+00 +6.442273741e+01 +6.442273741e+01 -1.9214e+00 -3.6871e+00 -4.9365e+00
% f evaluations | g evaluations | best noise-free fitness - Fopt (-1.810000000000e+01) + sum g_i+ | measured fitness | best measured fitness or single-digit g-values | x1 | x2...
1 0 +9.856147200e+08 +9.856147019e+08 +9.856147019e+08 -2.5314e+00 -4.4502e+00 -1.7801e+00
2 0 +3.922263811e+06 +3.922245711e+06 +3.922245711e+06 -1.5094e+00 +2.4454e+00 +2.4668e+00
11 0 +7.939025274e+05 +7.938844274e+05 +7.938844274e+05 -1.8366e+00 +1.0643e+00 +3.4319e+00
52 0 +7.271972588e+05 +7.271791588e+05 +7.271791588e+05 -1.8465e+00 +1.0229e+00 +3.4029e+00
56 0 +5.006657303e+05 +5.006476303e+05 +5.006476303e+05 -1.9769e+00 +7.9986e-01 +3.2667e+00
73 0 +1.889052262e+05 +1.888871262e+05 +1.888871262e+05 -2.2827e+00 -3.5323e-02 +3.1351e+00
116 0 +1.653294851e+05 +1.653113851e+05 +1.653113851e+05 -2.2419e+00 +8.2342e-02 +3.1681e+00
127 0 +1.367904057e+05 +1.367723057e+05 +1.367723057e+05 -2.2497e+00 +3.1546e-02 +3.2017e+00
165 0 +4.693117309e+04 +4.691307309e+04 +4.691307309e+04 -1.8487e+00 +2.1321e-01 +3.2083e+00
202 0 +4.237810917e+04 +4.236000917e+04 +4.236000917e+04 -1.8132e+00 +2.9190e-01 +3.2620e+00
223 0 +3.325568516e+04 +3.323758516e+04 +3.323758516e+04 -1.5101e+00 +2.7451e-01 +3.4667e+00
229 0 +5.900098046e+03 +5.881998046e+03 +5.881998046e+03 -1.4740e+00 +3.5100e-01 +3.2236e+00
258 0 +1.960037572e+03 +1.941937572e+03 +1.941937572e+03 -1.4067e+00 +3.5331e-01 +3.2284e+00
315 0 +1.708781684e+03 +1.690681684e+03 +1.690681684e+03 -1.3994e+00 +3.5348e-01 +3.2289e+00
363 0 +5.253190685e+02 +5.072190685e+02 +5.072190685e+02 -1.4101e+00 +3.0827e-01 +3.2104e+00
424 0 +4.826367066e+02 +4.645367066e+02 +4.645367066e+02 -1.3796e+00 +3.4123e-01 +3.2255e+00
443 0 +4.213599556e+00 -1.388640044e+01 -1.388640044e+01 -1.3584e+00 +3.2700e-01 +3.2125e+00
482 0 +2.534474714e+00 -1.556552529e+01 -1.556552529e+01 -1.3565e+00 +3.2861e-01 +3.2134e+00
565 0 +2.194582264e+00 -1.590541774e+01 -1.590541774e+01 -1.3571e+00 +3.2819e-01 +3.2132e+00
621 0 +2.100691650e+00 -1.599930835e+01 -1.599930835e+01 -1.3572e+00 +3.2814e-01 +3.2131e+00
735 0 +2.007867071e+00 -1.609213293e+01 -1.609213293e+01 -1.3591e+00 +3.2793e-01 +3.2125e+00
777 0 +1.765081186e+00 -1.633491881e+01 -1.633491881e+01 -1.3562e+00 +3.2929e-01 +3.2133e+00
781 0 +1.525664482e+00 -1.657433552e+01 -1.657433552e+01 -1.3586e+00 +3.2812e-01 +3.2127e+00
794 0 +1.313966304e+00 -1.678603370e+01 -1.678603370e+01 -1.3587e+00 +3.2804e-01 +3.2130e+00
831 0 +1.120149760e+00 -1.697985024e+01 -1.697985024e+01 -1.3586e+00 +3.2811e-01 +3.2132e+00
910 0 +1.008856724e+00 -1.709114328e+01 -1.709114328e+01 -1.3587e+00 +3.2816e-01 +3.2134e+00
974 0 +9.860438966e-01 -1.711395610e+01 -1.711395610e+01 -1.3586e+00 +3.2825e-01 +3.2135e+00
1045 0 +9.532483243e-01 -1.714675168e+01 -1.714675168e+01 -1.3588e+00 +3.2824e-01 +3.2132e+00
1103 0 +9.245484734e-01 -1.717545153e+01 -1.717545153e+01 -1.3588e+00 +3.2821e-01 +3.2135e+00
1141 0 +8.517748863e-01 -1.724822511e+01 -1.724822511e+01 -1.3592e+00 +3.2818e-01 +3.2135e+00
1153 0 +8.507220371e-01 -1.724927796e+01 -1.724927796e+01 -1.3594e+00 +3.2816e-01 +3.2135e+00
1311 0 +8.287050055e-01 -1.727129499e+01 -1.727129499e+01 -1.3593e+00 +3.2821e-01 +3.2135e+00
1482 0 +8.102855619e-01 -1.728971444e+01 -1.728971444e+01 -1.3594e+00 +3.2827e-01 +3.2136e+00
12051 0 +8.079955516e-01 -1.729200445e+01 -1.729200445e+01 -1.3593e+00 +3.2834e-01 +3.2136e+00
% f evaluations | g evaluations | best noise-free fitness - Fopt (3.777000000000e+01) + sum g_i+ | measured fitness | best measured fitness or single-digit g-values | x1 | x2...
1 0 +2.232151631e+07 +2.232155408e+07 +2.232155408e+07 -3.4307e-01 +7.5195e-01 -4.1801e+00
3 0 +1.016007360e+07 +1.016011137e+07 +1.016011137e+07 +1.6737e+00 +1.2818e+00 +1.6265e+00
4 0 +6.788533099e+06 +6.788570869e+06 +6.788570869e+06 -3.1489e+00 -2.1881e+00 +2.2233e+00
8 0 +6.535438735e+06 +6.535476505e+06 +6.535476505e+06 +2.1550e+00 +4.7602e+00 -3.6197e+00
9 0 +3.367573823e+06 +3.367611593e+06 +3.367611593e+06 -2.1226e+00 +2.9177e+00 -7.2653e-01
36 0 +9.849030635e+05 +9.849408335e+05 +9.849408335e+05 +2.4871e+00 +3.5237e+00 -9.2963e-01
42 0 +7.617862224e+05 +7.618239924e+05 +7.618239924e+05 +1.7641e+00 +3.1171e+00 -2.9319e-01
55 0 +6.316303783e+05 +6.316681483e+05 +6.316681483e+05 +2.1757e+00 +4.8016e+00 -1.3569e-01
83 0 +3.724239760e+05 +3.724617460e+05 +3.724617460e+05 +1.8333e+00 +4.0517e+00 -7.2211e-02
96 0 +1.707327829e+05 +1.707705529e+05 +1.707705529e+05 +4.3615e-01 +2.7512e+00 -3.1671e-01
107 0 +7.653511755e+04 +7.657288755e+04 +7.657288755e+04 +8.3104e-01 +3.7061e+00 -1.3522e-01
152 0 +3.973685000e+03 +4.011455000e+03 +4.011455000e+03 +6.4855e-01 +3.4066e+00 -2.2218e-01
183 0 +9.593513876e+02 +9.971213876e+02 +9.971213876e+02 +6.5956e-01 +3.3021e+00 -2.1203e-01
208 0 +8.200467357e+02 +8.578167357e+02 +8.578167357e+02 +6.5974e-01 +3.3076e+00 -2.0935e-01
259 0 +2.588809879e+01 +6.365809879e+01 +6.365809879e+01 +6.2123e-01 +3.3031e+00 -2.1262e-01
359 0 +2.568505337e+01 +6.345505337e+01 +6.345505337e+01 +6.2060e-01 +3.3027e+00 -2.1280e-01
386 0 +2.021935197e+01 +5.798935197e+01 +5.798935197e+01 +6.1660e-01 +3.3013e+00 -2.1390e-01
399 0 +1.026236209e+01 +4.803236209e+01 +4.803236209e+01 +6.2021e-01 +3.3059e+00 -2.1179e-01
409 0 +1.008987331e+01 +4.785987331e+01 +4.785987331e+01 +6.2023e-01 +3.3061e+00 -2.1172e-01
422 0 +8.969771355e+00 +4.673977136e+01 +4.673977136e+01 +6.1923e-01 +3.3048e+00 -2.1259e-01
471 0 +5.720610478e+00 +4.349061048e+01 +4.349061048e+01 +6.1944e-01 +3.3073e+00 -2.1240e-01
630 0 +5.463478590e+00 +4.323347859e+01 +4.323347859e+01 +6.1906e-01 +3.3067e+00 -2.1242e-01
668 0 +4.773618912e+00 +4.254361891e+01 +4.254361891e+01 +6.1766e-01 +3.3063e+00 -2.1327e-01
744 0 +4.588704604e+00 +4.235870460e+01 +4.235870460e+01 +6.1819e-01 +3.3065e+00 -2.1294e-01
12051 0 +4.579462108e+00 +4.234946211e+01 +4.234946211e+01 +6.1786e-01 +3.3063e+00 -2.1288e-01
% f evaluations | g evaluations | best noise-free fitness - Fopt (-6.211100000000e+02) + sum g_i+ | measured fitness | best measured fitness or single-digit g-values | x1 | x2...
1 0 +4.889070280e+06 +4.888449170e+06 +4.888449170e+06 +1.2616e+00 +8.4408e-01 +1.2459e+00
4 0 +2.922787669e+05 +2.916576569e+05 +2.916576569e+05 -1.6069e+00 +3.8842e+00 +1.9402e-01
54 0 +5.332538880e+04 +5.270427880e+04 +5.270427880e+04 -1.2695e+00 +4.6997e+00 +2.3476e-01
63 0 +2.258187773e+04 +2.196076773e+04 +2.196076773e+04 -8.8794e-01 +4.2400e+00 +2.4063e-01
116 0 +3.098415188e+02 -3.112684812e+02 -3.112684812e+02 -1.0129e+00 +4.0936e+00 +2.2733e-01
239 0 +2.919222299e+02 -3.291877701e+02 -3.291877701e+02 -1.0133e+00 +4.0926e+00 +2.2674e-01
242 0 +2.529478773e+02 -3.681621227e+02 -3.681621227e+02 -1.0158e+00 +4.0936e+00 +2.2607e-01
339 0 +2.451146830e+02 -3.759953170e+02 -3.759953170e+02 -1.0166e+00 +4.0933e+00 +2.2586e-01
445 0 +2.347821264e+02 -3.863278736e+02 -3.863278736e+02 -1.0256e+00 +4.0901e+00 +2.2422e-01
455 0 +2.310658663e+02 -3.900441337e+02 -3.900441337e+02 -1.0211e+00 +4.0917e+00 +2.2524e-01
475 0 +2.192536161e+02 -4.018563839e+02 -4.018563839e+02 -1.0255e+00 +4.0918e+00 +2.2447e-01
498 0 +2.011510696e+02 -4.199589304e+02 -4.199589304e+02 -1.0239e+00 +4.1038e+00 +2.2708e-01
526 0 +1.826071739e+02 -4.385028261e+02 -4.385028261e+02 -1.0259e+00 +4.1000e+00 +2.2599e-01
555 0 +1.803366011e+02 -4.407733989e+02 -4.407733989e+02 -1.0243e+00 +4.1028e+00 +2.2624e-01
579 0 +1.064787234e+02 -5.146312766e+02 -5.146312766e+02 -1.0261e+00 +4.0998e+00 +2.2216e-01
605 0 +8.824324003e+01 -5.328667600e+02 -5.328667600e+02 -1.0270e+00 +4.0983e+00 +2.2015e-01
675 0 +7.811716952e+01 -5.429928305e+02 -5.429928305e+02 -1.0282e+00 +4.0953e+00 +2.1323e-01
676 0 +7.020571449e+01 -5.509042855e+02 -5.509042855e+02 -1.0282e+00 +4.0963e+00 +2.1475e-01
683 0 +6.209069523e+01 -5.590193048e+02 -5.590193048e+02 -1.0269e+00 +4.1051e+00 +2.2091e-01
731 0 +4.925993711e+01 -5.718500629e+02 -5.718500629e+02 -1.0272e+00 +4.1040e+00 +2.1961e-01
742 0 +3.986708461e+01 -5.812429154e+02 -5.812429154e+02 -1.0286e+00 +4.1029e+00 +2.1788e-01
780 0 +2.962627220e+01 -5.914837278e+02 -5.914837278e+02 -1.0275e+00 +4.1151e+00 +2.1869e-01
806 0 +2.112445634e+01 -5.999855437e+02 -5.999855437e+02 -1.0294e+00 +4.1150e+00 +2.1865e-01
829 0 +2.000465926e+01 -6.011053407e+02 -6.011053407e+02 -1.0277e+00 +4.1110e+00 +2.1817e-01
833 0 +1.687101559e+01 -6.042389844e+02 -6.042389844e+02 -1.0278e+00 +4.1112e+00 +2.1782e-01
844 0 +7.832514868e+00 -6.132774851e+02 -6.132774851e+02 -1.0296e+00 +4.1123e+00 +2.1697e-01
847 0 +2.642575584e+00 -6.184674244e+02 -6.184674244e+02 -1.0284e+00 +4.1136e+00 +2.1506e-01
862 0 +1.248320312e-01 -6.209851680e+02 -6.209851680e+02 -1.0288e+00 +4.1121e+00 +2.1407e-01
960 0 +8.619670788e-02 -6.210238033e+02 -6.210238033e+02 -1.0288e+00 +4.1117e+00 +2.1388e-01
982 0 +8.287782114e-02 -6.210271222e+02 -6.210271222e+02 -1.0288e+00 +4.1120e+00 +2.1399e-01
1006 0 +5.791618700e-02 -6.210520838e+02 -6.210520838e+02 -1.0288e+00 +4.1118e+00 +2.1373e-01
1060 0 +5.326175627e-02 -6.210567382e+02 -6.210567382e+02 -1.0288e+00 +4.1118e+00 +2.1375e-01
1088 0 +3.517368800e-02 -6.210748263e+02 -6.210748263e+02 -1.0287e+00 +4.1121e+00 +2.1374e-01
12051 0 +3.467835979e-02 -6.210753216e+02 -6.210753216e+02 -1.0287e+00 +4.1120e+00 +2.1375e-01
% f evaluations | g evaluations | best noise-free fitness - Fopt (-2.548200000000e+02) + sum g_i+ | measured fitness | best measured fitness or single-digit g-values | x1 | x2...
1 0 +2.943588269e+06 +2.943333449e+06 +2.943333449e+06 +4.7291e+00 +2.8081e+00 -1.4412e+00
10 0 +2.495701843e+06 +2.495447023e+06 +2.495447023e+06 +1.7376e+00 -4.7003e-01 -2.8477e+00
15 0 +1.082138192e+06 +1.081883372e+06 +1.081883372e+06 +3.2452e+00 +4.3497e+00 +8.3860e-01
50 0 +6.364946315e+05 +6.362398115e+05 +6.362398115e+05 +1.5318e+00 -1.6892e-01 -1.6722e+00
53 0 +4.863031883e+03 +4.608211883e+03 +4.608211883e+03 +1.5317e+00 -2.2973e+00 -1.7594e+00
130 0 +2.629764095e+02 +8.156409471e+00 +8.156409471e+00 +1.5496e+00 -2.0776e+00 -1.7368e+00
182 0 +2.335310872e+02 -2.128891282e+01 -2.128891282e+01 +1.5262e+00 -2.1003e+00 -1.7484e+00
203 0 +6.040141054e+01 -1.944185895e+02 -1.944185895e+02 +1.5255e+00 -2.1260e+00 -1.7498e+00
327 0 +5.538968714e+01 -1.994303129e+02 -1.994303129e+02 +1.5261e+00 -2.1247e+00 -1.7489e+00
421 0 +5.413441717e+01 -2.006855828e+02 -2.006855828e+02 +1.5263e+00 -2.1247e+00 -1.7487e+00
432 0 +4.454183343e+01 -2.102781666e+02 -2.102781666e+02 +1.5290e+00 -2.1199e+00 -1.7455e+00
500 0 +4.245365467e+01 -2.123663453e+02 -2.123663453e+02 +1.5299e+00 -2.1196e+00 -1.7443e+00
1526 0 +4.156187032e+01 -2.132581297e+02 -2.132581297e+02 +1.5488e+00 -2.0634e+00 -1.7252e+00
1603 0 +4.022145058e+01 -2.145985494e+02 -2.145985494e+02 +1.6030e+00 -1.9053e+00 -1.6714e+00
1653 0 +3.979868250e+01 -2.150213175e+02 -2.150213175e+02 +1.6107e+00 -1.8825e+00 -1.6638e+00
1751 0 +3.753180379e+01 -2.172881962e+02 -2.172881962e+02 +1.6969e+00 -1.6297e+00 -1.5788e+00
1768 0 +3.640515877e+01 -2.184148412e+02 -2.184148412e+02 +1.6915e+00 -1.6450e+00 -1.5845e+00
1777 0 +3.609938877e+01 -2.187206112e+02 -2.187206112e+02 +1.7105e+00 -1.5893e+00 -1.5656e+00
1813 0 +3.540613971e+01 -2.194138603e+02 -2.194138603e+02 +1.7320e+00 -1.5263e+00 -1.5446e+00
1859 0 +3.464780124e+01 -2.201721988e+02 -2.201721988e+02 +1.7651e+00 -1.4290e+00 -1.5122e+00
1866 0 +3.250332726e+01 -2.223166727e+02 -2.223166727e+02 +1.8074e+00 -1.3031e+00 -1.4713e+00
1903 0 +3.226355352e+01 -2.225564465e+02 -2.225564465e+02 +1.8381e+00 -1.2113e+00 -1.4419e+00
2271 0 +3.161056550e+01 -2.232094345e+02 -2.232094345e+02 +1.8131e+00 -1.2858e+00 -1.4662e+00
2414 0 +3.078144724e+01 -2.240385528e+02 -2.240385528e+02 +1.8411e+00 -1.2044e+00 -1.4401e+00
2502 0 +3.006214870e+01 -2.247578513e+02 -2.247578513e+02 +1.8795e+00 -1.0918e+00 -1.4035e+00
2554 0 +2.855627462e+01 -2.262637254e+02 -2.262637254e+02 +1.8910e+00 -1.0605e+00 -1.3927e+00
2611 0 +2.768608651e+01 -2.271339135e+02 -2.271339135e+02 +1.9174e+00 -9.8439e-01 -1.3678e+00
2624 0 +2.700372106e+01 -2.278162789e+02 -2.278162789e+02 +1.9511e+00 -8.8789e-01 -1.3361e+00
2655 0 +2.657396552e+01 -2.282460345e+02 -2.282460345e+02 +1.9471e+00 -8.9956e-01 -1.3402e+00
2702 0 +2.626013455e+01 -2.285598654e+02 -2.285598654e+02 +1.9629e+00 -8.5389e-01 -1.3253e+00
2731 0 +2.564150048e+01 -2.291784995e+02 -2.291784995e+02 +2.0082e+00 -7.2354e-01 -1.2831e+00
2760 0 +2.379485935e+01 -2.310251407e+02 -2.310251407e+02 +2.0724e+00 -5.3824e-01 -1.2246e+00
2982 0 +2.326040751e+01 -2.315595925e+02 -2.315595925e+02 +2.1016e+00 -4.5436e-01 -1.1983e+00
3156 0 +2.282149239e+01 -2.319985076e+02 -2.319985076e+02 +2.1032e+00 -4.5036e-01 -1.1969e+00
3219 0 +2.196108710e+01 -2.328589129e+02 -2.328589129e+02 +2.0935e+00 -4.8079e-01 -1.2063e+00
3289 0 +2.176644633e+01 -2.330535537e+02 -2.330535537e+02 +2.0997e+00 -4.6393e-01 -1.2010e+00
3414 0 +2.113614788e+01 -2.336838521e+02 -2.336838521e+02 +2.1258e+00 -3.8838e-01 -1.1778e+00
3437 0 +2.088248444e+01 -2.339375156e+02 -2.339375156e+02 +2.1649e+00 -2.7911e-01 -1.1439e+00
3455 0 +1.857462311e+01 -2.362453769e+02 -2.362453769e+02 +2.2716e+00 +2.3788e-02 -1.0503e+00
3510 0 +1.701043350e+01 -2.378095665e+02 -2.378095665e+02 +2.3521e+00 +2.4909e-01 -9.7965e-01
3527 0 +1.615801070e+01 -2.386619893e+02 -2.386619893e+02 +2.3276e+00 +1.7944e-01 -1.0011e+00
3614 0 +1.573790805e+01 -2.390820920e+02 -2.390820920e+02 +2.3727e+00 +3.0147e-01 -9.6376e-01
3772 0 +1.548665792e+01 -2.393333421e+02 -2.393333421e+02 +2.3453e+00 +2.2661e-01 -9.8673e-01
3904 0 +1.496537482e+01 -2.398546252e+02 -2.398546252e+02 +2.3874e+00 +3.4350e-01 -9.5110e-01
3974 0 +1.477638374e+01 -2.400436163e+02 -2.400436163e+02 +2.3944e+00 +3.6268e-01 -9.4537e-01
4010 0 +1.422555352e+01 -2.405944465e+02 -2.405944465e+02 +2.4168e+00 +4.2458e-01 -9.2683e-01
4032 0 +1.412193167e+01 -2.406980683e+02 -2.406980683e+02 +2.4179e+00 +4.2727e-01 -9.2614e-01
4124 0 +1.368213251e+01 -2.411378675e+02 -2.411378675e+02 +2.4637e+00 +5.5375e-01 -8.8814e-01
4205 0 +1.298860498e+01 -2.418313950e+02 -2.418313950e+02 +2.4709e+00 +5.7348e-01 -8.8257e-01
4259 0 +1.283842287e+01 -2.419815771e+02 -2.419815771e+02 +2.4726e+00 +5.7818e-01 -8.8125e-01
4272 0 +1.257283491e+01 -2.422471651e+02 -2.422471651e+02 +2.4746e+00 +5.8360e-01 -8.7983e-01
4284 0 +1.164930255e+01 -2.431706974e+02 -2.431706974e+02 +2.5134e+00 +6.9073e-01 -8.4830e-01
4333 0 +1.120499747e+01 -2.436150025e+02 -2.436150025e+02 +2.5462e+00 +7.8104e-01 -8.2180e-01
4354 0 +1.078360918e+01 -2.440363908e+02 -2.440363908e+02 +2.5486e+00 +7.8765e-01 -8.2020e-01
4406 0 +1.058111901e+01 -2.442388810e+02 -2.442388810e+02 +2.5537e+00 +8.0169e-01 -8.1660e-01
4443 0 +1.039722344e+01 -2.444227766e+02 -2.444227766e+02 +2.5745e+00 +8.5908e-01 -7.9972e-01
4747 0 +1.022971853e+01 -2.445902815e+02 -2.445902815e+02 +2.5838e+00 +8.8178e-01 -7.9289e-01
4792 0 +9.907473196e+00 -2.449125268e+02 -2.449125268e+02 +2.5889e+00 +8.9685e-01 -7.8873e-01
4816 0 +9.574285739e+00 -2.452457143e+02 -2.452457143e+02 +2.6092e+00 +9.5226e-01 -7.7281e-01
4856 0 +9.509619483e+00 -2.453103805e+02 -2.453103805e+02 +2.6171e+00 +9.7391e-01 -7.6660e-01
4972 0 +9.285462559e+00 -2.455345374e+02 -2.455345374e+02 +2.6355e+00 +1.0227e+00 -7.5239e-01
5065 0 +9.055150730e+00 -2.457648493e+02 -2.457648493e+02 +2.6559e+00 +1.0776e+00 -7.3670e-01
5151 0 +8.894198884e+00 -2.459258011e+02 -2.459258011e+02 +2.6627e+00 +1.0960e+00 -7.3154e-01
5189 0 +8.701262563e+00 -2.461187374e+02 -2.461187374e+02 +2.6726e+00 +1.1231e+00 -7.2397e-01
5288 0 +8.479981062e+00 -2.463400189e+02 -2.463400189e+02 +2.6910e+00 +1.1731e+00 -7.1013e-01
5326 0 +8.297097493e+00 -2.465229025e+02 -2.465229025e+02 +2.6909e+00 +1.1727e+00 -7.1032e-01
5354 0 +8.113542510e+00 -2.467064575e+02 -2.467064575e+02 +2.7112e+00 +1.2271e+00 -6.9500e-01
5430 0 +7.726076359e+00 -2.470939236e+02 -2.470939236e+02 +2.7394e+00 +1.3026e+00 -6.7419e-01
5459 0 +7.434078689e+00 -2.473859213e+02 -2.473859213e+02 +2.7494e+00 +1.3289e+00 -6.6687e-01
5511 0 +7.329291456e+00 -2.474907085e+02 -2.474907085e+02 +2.7878e+00 +1.4309e+00 -6.3858e-01
5528 0 +7.185795404e+00 -2.476342046e+02 -2.476342046e+02 +2.8038e+00 +1.4732e+00 -6.2697e-01
5592 0 +6.924741131e+00 -2.478952589e+02 -2.478952589e+02 +2.8107e+00 +1.4908e+00 -6.2211e-01
5593 0 +6.769134134e+00 -2.480508659e+02 -2.480508659e+02 +2.8225e+00 +1.5219e+00 -6.1371e-01
5646 0 +6.676898933e+00 -2.481431011e+02 -2.481431011e+02 +2.8316e+00 +1.5455e+00 -6.0727e-01
5659 0 +6.572790331e+00 -2.482472097e+02 -2.482472097e+02 +2.8193e+00 +1.5132e+00 -6.1616e-01
5681 0 +6.020031836e+00 -2.487999682e+02 -2.487999682e+02 +2.8440e+00 +1.5769e+00 -5.9899e-01
5716 0 +5.852524048e+00 -2.489674760e+02 -2.489674760e+02 +2.8726e+00 +1.6501e+00 -5.7953e-01
5977 0 +5.749371142e+00 -2.490706289e+02 -2.490706289e+02 +2.8572e+00 +1.6104e+00 -5.9024e-01
6060 0 +5.607772674e+00 -2.492122273e+02 -2.492122273e+02 +2.8528e+00 +1.5995e+00 -5.9334e-01
6118 0 +5.383943513e+00 -2.494360565e+02 -2.494360565e+02 +2.8690e+00 +1.6418e+00 -5.8219e-01
6127 0 +5.286108656e+00 -2.495338913e+02 -2.495338913e+02 +2.8752e+00 +1.6582e+00 -5.7786e-01
6152 0 +5.156087450e+00 -2.496639125e+02 -2.496639125e+02 +2.8842e+00 +1.6819e+00 -5.7163e-01
6155 0 +4.879075175e+00 -2.499409248e+02 -2.499409248e+02 +2.9294e+00 +1.8006e+00 -5.4071e-01
6421 0 +4.775205589e+00 -2.500447944e+02 -2.500447944e+02 +2.9201e+00 +1.7759e+00 -5.4710e-01
6457 0 +4.651775571e+00 -2.501682244e+02 -2.501682244e+02 +2.9306e+00 +1.8033e+00 -5.3981e-01
6513 0 +4.362917484e+00 -2.504570825e+02 -2.504570825e+02 +2.9546e+00 +1.8649e+00 -5.2360e-01
6518 0 +4.258828688e+00 -2.505611713e+02 -2.505611713e+02 +2.9643e+00 +1.8901e+00 -5.1712e-01
6603 0 +4.167951438e+00 -2.506520486e+02 -2.506520486e+02 +2.9725e+00 +1.9107e+00 -5.1170e-01
6657 0 +4.056795268e+00 -2.507632047e+02 -2.507632047e+02 +2.9806e+00 +1.9310e+00 -5.0653e-01
6869 0 +3.980909760e+00 -2.508390902e+02 -2.508390902e+02 +2.9980e+00 +1.9755e+00 -4.9507e-01
6983 0 +3.884668053e+00 -2.509353319e+02 -2.509353319e+02 +3.0083e+00 +2.0021e+00 -4.8827e-01
7008 0 +3.703099489e+00 -2.511169005e+02 -2.511169005e+02 +3.0260e+00 +2.0475e+00 -4.7683e-01
7060 0 +3.627098476e+00 -2.511929015e+02 -2.511929015e+02 +3.0332e+00 +2.0660e+00 -4.7222e-01
7125 0 +3.451128094e+00 -2.513688719e+02 -2.513688719e+02 +3.0422e+00 +2.0892e+00 -4.6661e-01
7242 0 +3.385610504e+00 -2.514343895e+02 -2.514343895e+02 +3.0535e+00 +2.1186e+00 -4.5945e-01
7536 0 +3.310866480e+00 -2.515091335e+02 -2.515091335e+02 +3.0512e+00 +2.1108e+00 -4.6153e-01
7594 0 +3.163832843e+00 -2.516561672e+02 -2.516561672e+02 +3.0602e+00 +2.1344e+00 -4.5552e-01
7603 0 +3.160744837e+00 -2.516592552e+02 -2.516592552e+02 +3.0606e+00 +2.1354e+00 -4.5528e-01
7639 0 +3.013334080e+00 -2.518066659e+02 -2.518066659e+02 +3.0758e+00 +2.1735e+00 -4.4613e-01
7658 0 +2.757682693e+00 -2.520623173e+02 -2.520623173e+02 +3.1004e+00 +2.2360e+00 -4.3079e-01
7702 0 +2.572133776e+00 -2.522478662e+02 -2.522478662e+02 +3.1394e+00 +2.3338e+00 -4.0681e-01
7711 0 +2.450446769e+00 -2.523695532e+02 -2.523695532e+02 +3.1474e+00 +2.3532e+00 -4.0235e-01
7868 0 +2.378223285e+00 -2.524417767e+02 -2.524417767e+02 +3.1600e+00 +2.3847e+00 -3.9485e-01
8000 0 +2.336581473e+00 -2.524834185e+02 -2.524834185e+02 +3.1789e+00 +2.4318e+00 -3.8357e-01
8020 0 +2.200949460e+00 -2.526190505e+02 -2.526190505e+02 +3.1696e+00 +2.4092e+00 -3.8921e-01
8068 0 +2.186444747e+00 -2.526335553e+02 -2.526335553e+02 +3.1759e+00 +2.4254e+00 -3.8548e-01
8154 0 +2.136768841e+00 -2.526832312e+02 -2.526832312e+02 +3.1751e+00 +2.4231e+00 -3.8607e-01
8182 0 +1.942496456e+00 -2.528775035e+02 -2.528775035e+02 +3.2037e+00 +2.4943e+00 -3.6958e-01
8247 0 +1.822457588e+00 -2.529975424e+02 -2.529975424e+02 +3.2319e+00 +2.5635e+00 -3.5337e-01
8313 0 +1.767406086e+00 -2.530525939e+02 -2.530525939e+02 +3.2305e+00 +2.5599e+00 -3.5431e-01
8394 0 +1.719859513e+00 -2.531001405e+02 -2.531001405e+02 +3.2430e+00 +2.5901e+00 -3.4738e-01
8440 0 +1.683325259e+00 -2.531366747e+02 -2.531366747e+02 +3.2342e+00 +2.5685e+00 -3.5270e-01
8454 0 +1.569119462e+00 -2.532508805e+02 -2.532508805e+02 +3.2511e+00 +2.6103e+00 -3.4310e-01
8517 0 +1.483447107e+00 -2.533365529e+02 -2.533365529e+02 +3.2641e+00 +2.6419e+00 -3.3603e-01
8521 0 +1.439168779e+00 -2.533808312e+02 -2.533808312e+02 +3.2704e+00 +2.6575e+00 -3.3261e-01
8556 0 +1.399760004e+00 -2.534202400e+02 -2.534202400e+02 +3.2770e+00 +2.6736e+00 -3.2902e-01
8576 0 +1.369124432e+00 -2.534508756e+02 -2.534508756e+02 +3.2818e+00 +2.6853e+00 -3.2649e-01
8603 0 +1.327299193e+00 -2.534927008e+02 -2.534927008e+02 +3.2937e+00 +2.7144e+00 -3.2016e-01
8605 0 +1.263110583e+00 -2.535568894e+02 -2.535568894e+02 +3.3088e+00 +2.7511e+00 -3.1189e-01
8718 0 +1.255496289e+00 -2.535645037e+02 -2.535645037e+02 +3.3108e+00 +2.7560e+00 -3.1082e-01
8827 0 +1.218501269e+00 -2.536014987e+02 -2.536014987e+02 +3.3097e+00 +2.7531e+00 -3.1161e-01
8860 0 +1.178844933e+00 -2.536411551e+02 -2.536411551e+02 +3.3245e+00 +2.7892e+00 -3.0370e-01
8891 0 +1.144142379e+00 -2.536758576e+02 -2.536758576e+02 +3.3261e+00 +2.7928e+00 -3.0306e-01
8905 0 +1.074249762e+00 -2.537457502e+02 -2.537457502e+02 +3.3445e+00 +2.8375e+00 -2.9354e-01
8960 0 +1.019528084e+00 -2.538004719e+02 -2.538004719e+02 +3.3646e+00 +2.8859e+00 -2.8335e-01
9029 0 +9.911005328e-01 -2.538288995e+02 -2.538288995e+02 +3.3850e+00 +2.9347e+00 -2.7317e-01
9043 0 +9.594266436e-01 -2.538605734e+02 -2.538605734e+02 +3.3989e+00 +2.9678e+00 -2.6640e-01
9077 0 +8.726133107e-01 -2.539473867e+02 -2.539473867e+02 +3.3995e+00 +2.9690e+00 -2.6567e-01
9102 0 +8.485830295e-01 -2.539714170e+02 -2.539714170e+02 +3.3852e+00 +2.9347e+00 -2.7299e-01
9165 0 +8.018479925e-01 -2.540181520e+02 -2.540181520e+02 +3.4013e+00 +2.9730e+00 -2.6494e-01
9236 0 +7.357449309e-01 -2.540842551e+02 -2.540842551e+02 +3.4024e+00 +2.9749e+00 -2.6468e-01
9259 0 +7.171259293e-01 -2.541028741e+02 -2.541028741e+02 +3.4094e+00 +2.9915e+00 -2.6129e-01
9353 0 +6.974255180e-01 -2.541225745e+02 -2.541225745e+02 +3.4173e+00 +3.0100e+00 -2.5751e-01
9413 0 +6.633570981e-01 -2.541566429e+02 -2.541566429e+02 +3.4275e+00 +3.0343e+00 -2.5250e-01
9458 0 +6.257553912e-01 -2.541942446e+02 -2.541942446e+02 +3.4337e+00 +3.0496e+00 -2.4952e-01
9518 0 +6.148736231e-01 -2.542051264e+02 -2.542051264e+02 +3.4456e+00 +3.0775e+00 -2.4382e-01
9584 0 +5.997857668e-01 -2.542202142e+02 -2.542202142e+02 +3.4473e+00 +3.0812e+00 -2.4307e-01
9636 0 +5.814276409e-01 -2.542385724e+02 -2.542385724e+02 +3.4628e+00 +3.1180e+00 -2.3573e-01
9692 0 +5.692739399e-01 -2.542507261e+02 -2.542507261e+02 +3.4457e+00 +3.0774e+00 -2.4394e-01
9709 0 +5.475293688e-01 -2.542724706e+02 -2.542724706e+02 +3.4478e+00 +3.0823e+00 -2.4306e-01
9719 0 +5.357045910e-01 -2.542842954e+02 -2.542842954e+02 +3.4495e+00 +3.0862e+00 -2.4242e-01
9723 0 +5.191137844e-01 -2.543008862e+02 -2.543008862e+02 +3.4579e+00 +3.1062e+00 -2.3828e-01
9745 0 +5.058251981e-01 -2.543141748e+02 -2.543141748e+02 +3.4767e+00 +3.1507e+00 -2.2959e-01
9828 0 +5.011763399e-01 -2.543188237e+02 -2.543188237e+02 +3.4726e+00 +3.1412e+00 -2.3146e-01
9852 0 +4.834306844e-01 -2.543365693e+02 -2.543365693e+02 +3.4735e+00 +3.1430e+00 -2.3108e-01
9856 0 +4.742601365e-01 -2.543457399e+02 -2.543457399e+02 +3.4736e+00 +3.1431e+00 -2.3102e-01
9904 0 +4.554917401e-01 -2.543645083e+02 -2.543645083e+02 +3.4894e+00 +3.1804e+00 -2.2400e-01
9979 0 +4.282302669e-01 -2.543917697e+02 -2.543917697e+02 +3.5056e+00 +3.2181e+00 -2.1687e-01
10008 0 +4.257145048e-01 -2.543942855e+02 -2.543942855e+02 +3.5181e+00 +3.2475e+00 -2.1130e-01
10049 0 +3.959574031e-01 -2.544240426e+02 -2.544240426e+02 +3.5188e+00 +3.2489e+00 -2.1099e-01
10071 0 +3.869726619e-01 -2.544330273e+02 -2.544330273e+02 +3.5242e+00 +3.2614e+00 -2.0862e-01
10108 0 +3.532565880e-01 -2.544667434e+02 -2.544667434e+02 +3.5192e+00 +3.2497e+00 -2.1077e-01
10176 0 +3.271087727e-01 -2.544928912e+02 -2.544928912e+02 +3.5268e+00 +3.2674e+00 -2.0742e-01
10227 0 +3.100277924e-01 -2.545099722e+02 -2.545099722e+02 +3.5389e+00 +3.2953e+00 -2.0207e-01
10229 0 +3.029300544e-01 -2.545170699e+02 -2.545170699e+02 +3.5433e+00 +3.3054e+00 -2.0013e-01
10230 0 +2.910499021e-01 -2.545289501e+02 -2.545289501e+02 +3.5311e+00 +3.2770e+00 -2.0555e-01
10259 0 +2.818627571e-01 -2.545381372e+02 -2.545381372e+02 +3.5315e+00 +3.2777e+00 -2.0541e-01
10290 0 +2.797416021e-01 -2.545402584e+02 -2.545402584e+02 +3.5342e+00 +3.2841e+00 -2.0418e-01
10305 0 +2.709052276e-01 -2.545490948e+02 -2.545490948e+02 +3.5448e+00 +3.3085e+00 -1.9954e-01
10408 0 +2.680751768e-01 -2.545519248e+02 -2.545519248e+02 +3.5502e+00 +3.3209e+00 -1.9721e-01
10415 0 +2.581127630e-01 -2.545618872e+02 -2.545618872e+02 +3.5452e+00 +3.3094e+00 -1.9943e-01
10455 0 +2.543362706e-01 -2.545656637e+02 -2.545656637e+02 +3.5453e+00 +3.3097e+00 -1.9939e-01
10484 0 +2.511695747e-01 -2.545688304e+02 -2.545688304e+02 +3.5468e+00 +3.3131e+00 -1.9875e-01
10552 0 +2.421069360e-01 -2.545778931e+02 -2.545778931e+02 +3.5589e+00 +3.3407e+00 -1.9367e-01
10625 0 +2.395113795e-01 -2.545804886e+02 -2.545804886e+02 +3.5489e+00 +3.3176e+00 -1.9800e-01
10752 0 +2.315143217e-01 -2.545884857e+02 -2.545884857e+02 +3.5554e+00 +3.3328e+00 -1.9513e-01
10807 0 +2.202990526e-01 -2.545997009e+02 -2.545997009e+02 +3.5620e+00 +3.3480e+00 -1.9235e-01
10840 0 +2.163226037e-01 -2.546036774e+02 -2.546036774e+02 +3.5622e+00 +3.3483e+00 -1.9232e-01
10861 0 +1.962312265e-01 -2.546237688e+02 -2.546237688e+02 +3.5741e+00 +3.3754e+00 -1.8742e-01
10897 0 +1.902992177e-01 -2.546297008e+02 -2.546297008e+02 +3.5709e+00 +3.3684e+00 -1.8876e-01
10903 0 +1.827981936e-01 -2.546372018e+02 -2.546372018e+02 +3.5708e+00 +3.3681e+00 -1.8877e-01
10909 0 +1.807036143e-01 -2.546392964e+02 -2.546392964e+02 +3.5784e+00 +3.3855e+00 -1.8574e-01
10922 0 +1.739370500e-01 -2.546460630e+02 -2.546460630e+02 +3.5811e+00 +3.3916e+00 -1.8450e-01
10945 0 +1.604235282e-01 -2.546595765e+02 -2.546595765e+02 +3.5860e+00 +3.4031e+00 -1.8256e-01
10957 0 +1.545005992e-01 -2.546654994e+02 -2.546654994e+02 +3.5925e+00 +3.4181e+00 -1.7990e-01
10969 0 +1.508832504e-01 -2.546691167e+02 -2.546691167e+02 +3.5910e+00 +3.4148e+00 -1.8044e-01
10973 0 +1.151913249e-01 -2.547048087e+02 -2.547048087e+02 +3.6183e+00 +3.4772e+00 -1.6928e-01
11013 0 +9.548882415e-02 -2.547245112e+02 -2.547245112e+02 +3.6402e+00 +3.5276e+00 -1.6027e-01
11034 0 +9.180451721e-02 -2.547281955e+02 -2.547281955e+02 +3.6473e+00 +3.5440e+00 -1.5731e-01
11044 0 +8.982547130e-02 -2.547301745e+02 -2.547301745e+02 +3.6428e+00 +3.5334e+00 -1.5922e-01
11072 0 +7.690881584e-02 -2.547430912e+02 -2.547430912e+02 +3.6406e+00 +3.5284e+00 -1.6006e-01
11082 0 +6.118882915e-02 -2.547588112e+02 -2.547588112e+02 +3.6430e+00 +3.5335e+00 -1.5910e-01
11103 0 +2.555910102e-02 -2.547944409e+02 -2.547944409e+02 +3.6796e+00 +3.6173e+00 -1.4406e-01
11130 0 +1.862386731e-02 -2.548013761e+02 -2.548013761e+02 +3.6920e+00 +3.6457e+00 -1.3900e-01
11228 0 +1.847501065e-02 -2.548015250e+02 -2.548015250e+02 +3.6913e+00 +3.6441e+00 -1.3928e-01
11317 0 +1.696347679e-02 -2.548030365e+02 -2.548030365e+02 +3.6913e+00 +3.6443e+00 -1.3923e-01
11356 0 +1.653865766e-02 -2.548034613e+02 -2.548034613e+02 +3.6929e+00 +3.6479e+00 -1.3858e-01
11420 0 +1.615433723e-02 -2.548038457e+02 -2.548038457e+02 +3.6947e+00 +3.6522e+00 -1.3779e-01
11462 0 +1.579528161e-02 -2.548042047e+02 -2.548042047e+02 +3.6948e+00 +3.6522e+00 -1.3778e-01
11508 0 +1.546502231e-02 -2.548045350e+02 -2.548045350e+02 +3.6945e+00 +3.6517e+00 -1.3787e-01
11572 0 +1.394386084e-02 -2.548060561e+02 -2.548060561e+02 +3.6986e+00 +3.6610e+00 -1.3617e-01
11611 0 +1.367237445e-02 -2.548063276e+02 -2.548063276e+02 +3.6996e+00 +3.6633e+00 -1.3575e-01
11663 0 +1.310387627e-02 -2.548068961e+02 -2.548068961e+02 +3.7003e+00 +3.6650e+00 -1.3543e-01
11688 0 +1.247956115e-02 -2.548075204e+02 -2.548075204e+02 +3.7021e+00 +3.6691e+00 -1.3467e-01
11701 0 +1.189644285e-02 -2.548081036e+02 -2.548081036e+02 +3.7004e+00 +3.6652e+00 -1.3537e-01
11708 0 +1.119922333e-02 -2.548088008e+02 -2.548088008e+02 +3.7015e+00 +3.6677e+00 -1.3490e-01
11720 0 +1.033248773e-02 -2.548096675e+02 -2.548096675e+02 +3.7051e+00 +3.6761e+00 -1.3336e-01
11781 0 +1.015315371e-02 -2.548098468e+02 -2.548098468e+02 +3.7056e+00 +3.6772e+00 -1.3314e-01
11824 0 +9.589469523e-03 -2.548104105e+02 -2.548104105e+02 +3.7055e+00 +3.6770e+00 -1.3315e-01
11834 0 +8.291324149e-03 -2.548117087e+02 -2.548117087e+02 +3.7071e+00 +3.6807e+00 -1.3245e-01
11892 0 +7.749941311e-03 -2.548122501e+02 -2.548122501e+02 +3.7070e+00 +3.6806e+00 -1.3245e-01
11911 0 +6.534391350e-03 -2.548134656e+02 -2.548134656e+02 +3.7098e+00 +3.6871e+00 -1.3121e-01
11928 0 +5.757677485e-03 -2.548142423e+02 -2.548142423e+02 +3.7123e+00 +3.6930e+00 -1.3010e-01
11960 0 +4.427648709e-03 -2.548155724e+02 -2.548155724e+02 +3.7166e+00 +3.7028e+00 -1.2822e-01
11972 0 +4.289996428e-03 -2.548157100e+02 -2.548157100e+02 +3.7164e+00 +3.7024e+00 -1.2831e-01
11983 0 +4.181252289e-03 -2.548158187e+02 -2.548158187e+02 +3.7192e+00 +3.7089e+00 -1.2705e-01
12038 0 +4.092358185e-03 -2.548159076e+02 -2.548159076e+02 +3.7173e+00 +3.7044e+00 -1.2792e-01
12051 0 +4.092358185e-03 -2.548159076e+02 -2.548159076e+02 +3.7173e+00 +3.7044e+00 -1.2792e-01
% f evaluations | g evaluations | best noise-free fitness - Fopt (5.661000000000e+01) + sum g_i+ | measured fitness | best measured fitness or single-digit g-values | x1 | x2...
1 0 +1.929311094e+08 +1.929311660e+08 +1.929311660e+08 -2.6702e+00 +7.5890e-01 -8.8944e-01
8 0 +3.628223535e+07 +3.628229196e+07 +3.628229196e+07 +3.8594e-01 -1.9379e+00 -4.3087e+00
12 0 +5.447363155e+06 +5.447419765e+06 +5.447419765e+06 -2.4580e+00 -1.6619e+00 -2.4169e+00
26 0 +1.952459593e+05 +1.953025693e+05 +1.953025693e+05 -3.7830e+00 -2.7895e+00 -3.7987e+00
82 0 +1.812644555e+05 +1.813210655e+05 +1.813210655e+05 -3.5782e+00 -2.6161e+00 -3.6090e+00
111 0 +1.031939638e+05 +1.032505738e+05 +1.032505738e+05 -3.6520e+00 -2.7188e+00 -3.8637e+00
168 0 +5.951638370e+04 +5.957299370e+04 +5.957299370e+04 -3.6409e+00 -2.5263e+00 -3.7613e+00
217 0 +2.295929834e+04 +2.301590834e+04 +2.301590834e+04 -3.6722e+00 -2.5418e+00 -3.9338e+00
257 0 +1.950795604e+04 +1.956456604e+04 +1.956456604e+04 -3.6654e+00 -2.5262e+00 -3.9243e+00
258 0 +1.621598681e+04 +1.627259681e+04 +1.627259681e+04 -3.5966e+00 -2.4527e+00 -3.8605e+00
305 0 +3.386631570e+03 +3.443241570e+03 +3.443241570e+03 -3.7311e+00 -2.3721e+00 -3.9838e+00
320 0 +3.027382047e+03 +3.083992047e+03 +3.083992047e+03 -3.6787e+00 -2.4060e+00 -3.9067e+00
330 0 +1.135332175e+03 +1.191942175e+03 +1.191942175e+03 -3.7745e+00 -2.3530e+00 -3.9286e+00
373 0 +4.470662766e+02 +5.036762766e+02 +5.036762766e+02 -3.7565e+00 -2.3147e+00 -3.9271e+00
396 0 +1.239219130e+02 +1.805319130e+02 +1.805319130e+02 -3.7674e+00 -2.3348e+00 -3.9044e+00
397 0 +3.710449831e+01 +9.371449831e+01 +9.371449831e+01 -3.7346e+00 -2.3342e+00 -3.9128e+00
415 0 +1.823453518e+01 +7.484453518e+01 +7.484453518e+01 -3.7385e+00 -2.3353e+00 -3.9130e+00
426 0 +7.257701206e+00 +6.386770121e+01 +6.386770121e+01 -3.7371e+00 -2.3368e+00 -3.9155e+00
458 0 +7.074474990e+00 +6.368447499e+01 +6.368447499e+01 -3.7382e+00 -2.3377e+00 -3.9160e+00
593 0 +5.861660931e+00 +6.247166093e+01 +6.247166093e+01 -3.7381e+00 -2.3372e+00 -3.9159e+00
602 0 +5.462421489e+00 +6.207242149e+01 +6.207242149e+01 -3.7383e+00 -2.3372e+00 -3.9160e+00
691 0 +4.856387973e+00 +6.146638797e+01 +6.146638797e+01 -3.7390e+00 -2.3376e+00 -3.9167e+00
724 0 +4.398243073e+00 +6.100824307e+01 +6.100824307e+01 -3.7381e+00 -2.3373e+00 -3.9164e+00
752 0 +4.024727151e+00 +6.063472715e+01 +6.063472715e+01 -3.7383e+00 -2.3373e+00 -3.9165e+00
824 0 +3.870837916e+00 +6.048083792e+01 +6.048083792e+01 -3.7384e+00 -2.3373e+00 -3.9166e+00
826 0 +3.598015397e+00 +6.020801540e+01 +6.020801540e+01 -3.7384e+00 -2.3374e+00 -3.9168e+00
843 0 +3.440018111e+00 +6.005001811e+01 +6.005001811e+01 -3.7384e+00 -2.3374e+00 -3.9169e+00
857 0 +2.955857095e+00 +5.956585709e+01 +5.956585709e+01 -3.7378e+00 -2.3371e+00 -3.9167e+00
866 0 +2.200232009e+00 +5.881023201e+01 +5.881023201e+01 -3.7383e+00 -2.3368e+00 -3.9168e+00
907 0 +1.829718519e+00 +5.843971852e+01 +5.843971852e+01 -3.7378e+00 -2.3365e+00 -3.9167e+00
918 0 +1.782507385e+00 +5.839250739e+01 +5.839250739e+01 -3.7382e+00 -2.3366e+00 -3.9167e+00
945 0 +1.589109092e+00 +5.819910909e+01 +5.819910909e+01 -3.7383e+00 -2.3364e+00 -3.9167e+00
956 0 +1.315737203e+00 +5.792573720e+01 +5.792573720e+01 -3.7385e+00 -2.3365e+00 -3.9169e+00
958 0 +1.250694898e+00 +5.786069490e+01 +5.786069490e+01 -3.7382e+00 -2.3354e+00 -3.9165e+00
975 0 +1.228863460e+00 +5.783886346e+01 +5.783886346e+01 -3.7383e+00 -2.3360e+00 -3.9167e+00
987 0 +1.158592745e+00 +5.776859275e+01 +5.776859275e+01 -3.7382e+00 -2.3355e+00 -3.9166e+00
1005 0 +3.908395783e-01 +5.700083958e+01 +5.700083958e+01 -3.7383e+00 -2.3357e+00 -3.9171e+00
1066 0 +2.235736818e-01 +5.683357368e+01 +5.683357368e+01 -3.7383e+00 -2.3357e+00 -3.9173e+00
1086 0 +2.137632737e-01 +5.682376327e+01 +5.682376327e+01 -3.7383e+00 -2.3359e+00 -3.9174e+00
1087 0 +7.092845751e-02 +5.668092846e+01 +5.668092846e+01 -3.7383e+00 -2.3359e+00 -3.9177e+00
1109 0 +6.431363077e-02 +5.667431363e+01 +5.667431363e+01 -3.7383e+00 -2.3359e+00 -3.9177e+00
1206 0 +5.016338262e-02 +5.666016338e+01 +5.666016338e+01 -3.7383e+00 -2.3359e+00 -3.9177e+00
1253 0 +1.541133705e-02 +5.662541134e+01 +5.662541134e+01 -3.7383e+00 -2.3356e+00 -3.9177e+00
12051 0 +1.520670975e-02 +5.662520671e+01 +5.662520671e+01 -3.7383e+00 -2.3356e+00 -3.9177e+00
% f evaluations | g evaluations | best noise-free fitness - Fopt (-1.810000000000e+01) + sum g_i+ | measured fitness | best measured fitness or single-digit g-values | x1 | x2...
1 0 +5.924848327e+05 +5.924667327e+05 +5.924667327e+05 +2.3189e+00 +2.7214e+00 +2.2633e+00
11 0 +5.148864299e+04 +5.147054299e+04 +5.147054299e+04 -4.6956e+00 -1.2868e+00 +4.8146e+00
77 0 +1.746479642e+04 +1.744669642e+04 +1.744669642e+04 -4.6983e+00 -1.3447e+00 +4.7396e+00
111 0 +6.271855392e+03 +6.253755392e+03 +6.253755392e+03 -4.6998e+00 -1.3771e+00 +4.6976e+00
115 0 +5.551404840e+03 +5.533304840e+03 +5.533304840e+03 -4.9183e+00 -1.4580e+00 +4.6929e+00
242 0 +4.806367605e+03 +4.788267605e+03 +4.788267605e+03 -4.9060e+00 -1.4557e+00 +4.7208e+00
266 0 +2.213837566e+03 +2.195737566e+03 +2.195737566e+03 -5.0000e+00 -1.5561e+00 +4.7140e+00
301 0 +9.600884136e+02 +9.419884136e+02 +9.419884136e+02 -4.9433e+00 -1.5201e+00 +4.7206e+00
302 0 +6.771538878e+02 +6.590538878e+02 +6.590538878e+02 -4.9352e+00 -1.5193e+00 +4.7283e+00
342 0 +5.806115818e+02 +5.625115818e+02 +5.625115818e+02 -4.9595e+00 -1.5480e+00 +4.7205e+00
365 0 +5.547487931e+02 +5.366487931e+02 +5.366487931e+02 -4.9565e+00 -1.5414e+00 +4.7225e+00
420 0 +4.290558077e+02 +4.109558077e+02 +4.109558077e+02 -4.9555e+00 -1.5394e+00 +4.7285e+00
471 0 +4.150382876e+02 +3.969382876e+02 +3.969382876e+02 -4.9577e+00 -1.5422e+00 +4.7281e+00
493 0 +3.654313413e+02 +3.473313413e+02 +3.473313413e+02 -4.9563e+00 -1.5496e+00 +4.7243e+00
502 0 +3.550599373e+02 +3.369599373e+02 +3.369599373e+02 -4.9551e+00 -1.5479e+00 +4.7245e+00
519 0 +2.276591378e+02 +2.095591378e+02 +2.095591378e+02 -4.9519e+00 -1.5414e+00 +4.7347e+00
549 0 +1.931030599e+02 +1.750030599e+02 +1.750030599e+02 -4.9556e+00 -1.5461e+00 +4.7341e+00
559 0 +1.456570557e+02 +1.275570557e+02 +1.275570557e+02 -4.9533e+00 -1.5453e+00 +4.7407e+00
575 0 +9.261345503e+01 +7.451345503e+01 +7.451345503e+01 -4.9469e+00 -1.5454e+00 +4.7403e+00
632 0 +8.433709330e+01 +6.623709330e+01 +6.623709330e+01 -4.9504e+00 -1.5477e+00 +4.7376e+00
633 0 +5.996766685e+01 +4.186766685e+01 +4.186766685e+01 -4.9533e+00 -1.5537e+00 +4.7366e+00
700 0 +5.455566442e+01 +3.645566442e+01 +3.645566442e+01 -4.9497e+00 -1.5501e+00 +4.7377e+00
702 0 +5.124522084e+01 +3.314522084e+01 +3.314522084e+01 -4.9500e+00 -1.5509e+00 +4.7375e+00
715 0 +4.600095151e+01 +2.790095151e+01 +2.790095151e+01 -4.9513e+00 -1.5553e+00 +4.7366e+00
761 0 +4.313479238e+01 +2.503479238e+01 +2.503479238e+01 -4.9502e+00 -1.5530e+00 +4.7371e+00
771 0 +3.897475351e+01 +2.087475351e+01 +2.087475351e+01 -4.9500e+00 -1.5528e+00 +4.7379e+00
786 0 +2.988770380e+01 +1.178770380e+01 +1.178770380e+01 -4.9460e+00 -1.5530e+00 +4.7405e+00
844 0 +2.872611147e+01 +1.062611147e+01 +1.062611147e+01 -4.9471e+00 -1.5554e+00 +4.7390e+00
850 0 +2.751114165e+01 +9.411141646e+00 +9.411141646e+00 -4.9471e+00 -1.5539e+00 +4.7397e+00
12051 0 +2.732926241e+01 +9.229262411e+00 +9.229262411e+00 -4.9465e+00 -1.5540e+00 +4.7393e+00
% f evaluations | g evaluations | best noise-free fitness - Fopt (3.777000000000e+01) + sum g_i+ | measured fitness | best measured fitness or single-digit g-values | x1 | x2...
1 0 +1.224693708e+08 +1.224694086e+08 +1.224694086e+08 +1.7632e+00 -4.5660e+00 -4.8555e+00
2 0 +6.857878397e+06 +6.857916167e+06 +6.857916167e+06 +8.1185e-01 +4.3491e-01 -1.5731e-01
4 0 +4.118484770e+06 +4.118522540e+06 +4.118522540e+06 +5.9173e-01 +2.8874e+00 -2.2357e+00
5 0 +5.303004886e+05 +5.303382586e+05 +5.303382586e+05 +1.1864e+00 +3.3865e+00 +3.2512e-01
22 0 +1.518997061e+05 +1.519374761e+05 +1.519374761e+05 -2.8731e+00 +4.0814e-01 +1.9609e+00
76 0 +1.490003120e+05 +1.490380820e+05 +1.490380820e+05 -2.6483e+00 +5.1705e-01 +2.0055e+00
91 0 +2.751542210e+04 +2.755319210e+04 +2.755319210e+04 +2.5702e+00 +5.0000e+00 -9.8514e-01
154 0 +2.379452693e+03 +2.417222693e+03 +2.417222693e+03 +2.4141e+00 +4.7693e+00 -1.0099e+00
247 0 +1.893491793e+03 +1.931261793e+03 +1.931261793e+03 +2.3595e+00 +4.6831e+00 -1.0103e+00
254 0 +1.593088854e+03 +1.630858854e+03 +1.630858854e+03 +2.3749e+00 +4.7073e+00 -1.0102e+00
314 0 +1.565685157e+03 +1.603455157e+03 +1.603455157e+03 +2.3812e+00 +4.7175e+00 -1.0100e+00
317 0 +4.056877098e+02 +4.434577098e+02 +4.434577098e+02 +2.4427e+00 +4.7311e+00 -9.7833e-01
352 0 +2.941692511e+02 +3.319392511e+02 +3.319392511e+02 +2.4249e+00 +4.7241e+00 -1.0094e+00
364 0 +1.102717239e+02 +1.480417239e+02 +1.480417239e+02 +2.4232e+00 +4.7268e+00 -9.8839e-01
396 0 +8.155944409e+01 +1.193294441e+02 +1.193294441e+02 +2.4336e+00 +4.7184e+00 -9.8733e-01
417 0 +6.315142514e+01 +1.009214251e+02 +1.009214251e+02 +2.4298e+00 +4.7131e+00 -9.9104e-01
578 0 +5.533487172e+01 +9.310487172e+01 +9.310487172e+01 +2.4287e+00 +4.7130e+00 -9.9116e-01
610 0 +5.241229693e+01 +9.018229693e+01 +9.018229693e+01 +2.4275e+00 +4.7124e+00 -9.9210e-01
631 0 +4.596669180e+01 +8.373669180e+01 +8.373669180e+01 +2.4272e+00 +4.7129e+00 -9.9118e-01
659 0 +4.074509872e+01 +7.851509872e+01 +7.851509872e+01 +2.4291e+00 +4.7162e+00 -9.8949e-01
679 0 +3.927454057e+01 +7.704454057e+01 +7.704454057e+01 +2.4215e+00 +4.7110e+00 -9.9239e-01
717 0 +3.784018750e+01 +7.561018750e+01 +7.561018750e+01 +2.4240e+00 +4.7119e+00 -9.9176e-01
721 0 +2.799671350e+01 +6.576671350e+01 +6.576671350e+01 +2.4257e+00 +4.7149e+00 -9.9200e-01
730 0 +2.729632459e+01 +6.506632459e+01 +6.506632459e+01 +2.4216e+00 +4.7126e+00 -9.9146e-01
779 0 +2.092847962e+01 +5.869847962e+01 +5.869847962e+01 +2.4217e+00 +4.7154e+00 -9.8989e-01
896 0 +2.085476309e+01 +5.862476309e+01 +5.862476309e+01 +2.4214e+00 +4.7148e+00 -9.9024e-01
12051 0 +2.076123310e+01 +5.853123310e+01 +5.853123310e+01 +2.4213e+00 +4.7146e+00 -9.8988e-01
