% f evaluations | g evaluations | best noise-free fitness - Fopt (-4.620900000000e+02) + sum g_i+ | measured fitness | best measured fitness or single-digit g-values | x1 | x2...
1 0 +5.613815075e+02 +9.929150746e+01 +9.929150746e+01 +2.9654e+00 -3.1657e+00 +2.7969e+00
2 0 +4.118222336e+02 -5.026776636e+01 -5.026776636e+01 +9.6850e-01 -5.4167e-01 -4.0003e+00
3 0 +3.967319521e+02 -6.535804793e+01 -6.535804793e+01 -4.0751e-01 -1.6629e+00 -3.5713e+00
4 0 +1.539477282e+02 -3.081422718e+02 -3.081422718e+02 +1.5089e+00 -4.4359e+00 +2.2200e+00
19 0 +9.265688673e+01 -3.694331133e+02 -3.694331133e+02 +2.2727e+00 -1.7346e+00 +7.0444e-01
21 0 +8.289177759e+01 -3.791982224e+02 -3.791982224e+02 +2.4732e+00 +3.9692e-01 +8.6751e-01
29 0 +5.996213917e+01 -4.021278608e+02 -4.021278608e+02 +1.6884e+00 +1.6592e+00 +9.1298e-01
44 0 +3.280033151e+01 -4.292896685e+02 -4.292896685e+02 +3.4089e-01 -1.5170e-01 +1.9244e+00
134 0 +1.850634600e+01 -4.435836540e+02 -4.435836540e+02 +3.4089e-01 +3.0314e+00 +1.9244e+00
636 0 +1.312206306e+01 -4.489679369e+02 -4.489679369e+02 +2.4318e+00 +1.2700e+00 +1.5431e+00
749 0 +7.299693701e+00 -4.547903063e+02 -4.547903063e+02 +1.3435e+00 +1.7198e+00 +1.5575e+00
1094 0 +5.846140861e+00 -4.562438591e+02 -4.562438591e+02 +4.2855e-01 +2.8534e+00 +2.2091e+00
1254 0 +5.738714606e+00 -4.563512854e+02 -4.563512854e+02 +4.1331e-01 +2.8534e+00 +2.2091e+00
1414 0 +4.938410345e+00 -4.571515897e+02 -4.571515897e+02 +2.2094e+00 +2.2754e+00 +2.1905e+00
1627 0 +4.764297898e+00 -4.573257021e+02 -4.573257021e+02 +1.4101e+00 +2.8420e+00 +1.9082e+00
2028 0 +4.101578859e+00 -4.579884211e+02 -4.579884211e+02 +1.3952e+00 +1.7222e+00 +1.9075e+00
2168 0 +3.275843206e+00 -4.588141568e+02 -4.588141568e+02 +1.3245e+00 +1.7222e+00 +1.9075e+00
2642 0 +2.651524633e+00 -4.594384754e+02 -4.594384754e+02 +2.4318e+00 +2.3364e+00 +2.1973e+00
2694 0 +1.375296576e+00 -4.607147034e+02 -4.607147034e+02 +2.3346e+00 +2.3049e+00 +2.1873e+00
2832 0 +9.916823234e-01 -4.610983177e+02 -4.610983177e+02 +2.3467e+00 +2.2941e+00 +2.2151e+00
2941 0 +5.372561232e-01 -4.615527439e+02 -4.615527439e+02 +2.3346e+00 +2.3049e+00 +2.1978e+00
3336 0 +4.660338285e-01 -4.616239662e+02 -4.616239662e+02 +2.3222e+00 +2.2808e+00 +2.2039e+00
3569 0 +2.092166557e-01 -4.618807833e+02 -4.618807833e+02 +2.3346e+00 +2.3049e+00 +2.2034e+00
3931 0 +2.446678644e-02 -4.620655332e+02 -4.620655332e+02 +2.3346e+00 +2.3049e+00 +2.2129e+00
5282 0 +8.588871284e-03 -4.620814111e+02 -4.620814111e+02 +2.3346e+00 +2.3007e+00 +2.2130e+00
5423 0 +8.427014754e-03 -4.620815730e+02 -4.620815730e+02 +2.3346e+00 +2.3005e+00 +2.2130e+00
5757 0 +7.430802826e-04 -4.620892569e+02 -4.620892569e+02 +2.3395e+00 +2.2993e+00 +2.2134e+00
5999 0 +5.944930408e-04 -4.620894055e+02 -4.620894055e+02 +2.3395e+00 +2.3005e+00 +2.2134e+00
6086 0 +5.136306529e-04 -4.620894864e+02 -4.620894864e+02 +2.3395e+00 +2.3005e+00 +2.2136e+00
6385 0 +4.603574233e-04 -4.620895396e+02 -4.620895396e+02 +2.3395e+00 +2.3004e+00 +2.2136e+00
6507 0 +7.519093327e-05 -4.620899248e+02 -4.620899248e+02 +2.3404e+00 +2.2998e+00 +2.2136e+00
6612 0 +5.716347897e-05 -4.620899428e+02 -4.620899428e+02 +2.3408e+00 +2.3003e+00 +2.2136e+00
6636 0 +4.394175369e-05 -4.620899561e+02 -4.620899561e+02 +2.3408e+00 +2.3002e+00 +2.2136e+00
6710 0 +3.380342326e-05 -4.620899662e+02 -4.620899662e+02 +2.3407e+00 +2.3000e+00 +2.2135e+00
6725 0 +2.891093135e-05 -4.620899711e+02 -4.620899711e+02 +2.3407e+00 +2.2998e+00 +2.2136e+00
6827 0 +1.392817256e-05 -4.620899861e+02 -4.620899861e+02 +2.3407e+00 +2.3000e+00 +2.2135e+00
6846 0 +1.181913603e-06 -4.620899988e+02 -4.620899988e+02 +2.3408e+00 +2.3000e+00 +2.2136e+00
6879 0 +1.036751087e-06 -4.620899990e+02 -4.620899990e+02 +2.3408e+00 +2.3000e+00 +2.2136e+00
6945 0 +9.385292969e-07 -4.620899991e+02 -4.620899991e+02 +2.3408e+00 +2.3000e+00 +2.2136e+00
6967 0 +2.881976116e-07 -4.620899997e+02 -4.620899997e+02 +2.3408e+00 +2.3000e+00 +2.2136e+00
7170 0 +8.483402780e-08 -4.620899999e+02 -4.620899999e+02 +2.3408e+00 +2.3000e+00 +2.2136e+00
7190 0 +1.348968226e-08 -4.620900000e+02 -4.620900000e+02 +2.3408e+00 +2.3000e+00 +2.2136e+00
7327 0 +1.290322871e-08 -4.620900000e+02 -4.620900000e+02 +2.3408e+00 +2.3000e+00 +2.2136e+00
7421 0 +4.491994332e-09 -4.620900000e+02 -4.620900000e+02 +2.3408e+00 +2.3000e+00 +2.2136e+00
8168 0 +8.526512829e-13 -4.620900000e+02 -4.620900000e+02 +2.3408e+00 +2.3000e+00 +2.2136e+00
8400 0 +0.000000000e+00 -4.620900000e+02 -4.620900000e+02 +2.3408e+00 +2.3000e+00 +2.2136e+00
12002 0 +0.000000000e+00 -4.620900000e+02 -4.620900000e+02 +2.3408e+00 +2.3000e+00 +2.2136e+00
% f evaluations | g evaluations | best noise-free fitness - Fopt (7.766000000000e+01) + sum g_i+ | measured fitness | best measured fitness or single-digit g-values | x1 | x2...
1 0 +2.159336247e+03 +2.236996247e+03 +2.236996247e+03 +2.9654e+00 -3.1657e+00 +2.7969e+00
2 0 +3.074125322e+02 +3.850725322e+02 +3.850725322e+02 +9.6850e-01 -5.4167e-01 -4.0003e+00
3 0 +2.650746264e+02 +3.427346264e+02 +3.427346264e+02 -4.0751e-01 -1.6629e+00 -3.5713e+00
7 0 +1.115401514e+02 +1.892001514e+02 +1.892001514e+02 -4.7694e+00 +2.4775e-01 -1.0014e+00
19 0 +4.086668721e+01 +1.185266872e+02 +1.185266872e+02 +2.2727e+00 -1.7346e+00 +7.0444e-01
51 0 +3.771610148e+01 +1.153761015e+02 +1.153761015e+02 +1.3435e+00 +1.8071e+00 +3.0935e-01
164 0 +3.112332556e+01 +1.087833256e+02 +1.087833256e+02 +2.2094e+00 -1.9194e+00 +1.3681e+00
400 0 +2.063292987e+01 +9.829292987e+01 +9.829292987e+01 +3.4089e-01 -1.5170e-01 +9.9733e-01
622 0 +1.969855567e+01 +9.735855567e+01 +9.735855567e+01 +1.9037e-01 +2.4775e-01 +9.3834e-01
658 0 +1.730135510e+01 +9.496135510e+01 +9.496135510e+01 +3.4089e-01 -3.9536e-01 +9.9733e-01
726 0 +1.571665062e+01 +9.337665062e+01 +9.337665062e+01 +1.5108e+00 -2.1268e-01 +1.3043e+00
743 0 +1.329057887e+01 +9.095057887e+01 +9.095057887e+01 +1.3963e+00 -3.9536e-01 +9.9733e-01
751 0 +1.204745384e+01 +8.970745384e+01 +8.970745384e+01 +3.4330e-01 -9.3443e-01 +9.2697e-01
835 0 +9.385171408e+00 +8.704517141e+01 +8.704517141e+01 +3.4330e-01 -9.3443e-01 +9.4964e-01
1074 0 +6.060860536e+00 +8.372086054e+01 +8.372086054e+01 +1.3963e+00 -1.4728e+00 +9.9733e-01
1545 0 +5.707650319e+00 +8.336765032e+01 +8.336765032e+01 +2.3379e+00 -1.4728e+00 +9.9733e-01
1789 0 +2.518266441e+00 +8.017826644e+01 +8.017826644e+01 +2.3499e+00 -1.4437e+00 +9.6397e-01
2128 0 +1.796251865e+00 +7.945625186e+01 +7.945625186e+01 +2.3379e+00 -1.4728e+00 +1.2695e+00
2483 0 +1.534083297e+00 +7.919408330e+01 +7.919408330e+01 +2.3528e+00 -8.4516e-01 +9.6397e-01
2752 0 +1.349354857e+00 +7.900935486e+01 +7.900935486e+01 +2.3815e+00 -1.4535e+00 +1.2732e+00
2909 0 +1.090074242e+00 +7.875007424e+01 +7.875007424e+01 +2.3944e+00 -1.4356e+00 +1.2695e+00
3539 0 +1.015699800e+00 +7.867569980e+01 +7.867569980e+01 +2.3944e+00 -1.4479e+00 +1.2695e+00
3702 0 +7.955284815e-02 +7.773955285e+01 +7.773955285e+01 +2.3815e+00 -8.5032e-01 +1.2708e+00
3754 0 +7.892148104e-02 +7.773892148e+01 +7.773892148e+01 +2.3816e+00 -8.5032e-01 +1.2708e+00
4051 0 +1.933142366e-02 +7.767933142e+01 +7.767933142e+01 +2.3944e+00 -8.5382e-01 +1.2695e+00
4286 0 +1.698824655e-02 +7.767698825e+01 +7.767698825e+01 +2.3944e+00 -8.5382e-01 +1.2697e+00
4377 0 +7.674507067e-03 +7.766767451e+01 +7.766767451e+01 +2.3944e+00 -8.5382e-01 +1.2717e+00
4681 0 +6.559463384e-03 +7.766655946e+01 +7.766655946e+01 +2.3949e+00 -8.5382e-01 +1.2717e+00
5205 0 +2.706736338e-03 +7.766270674e+01 +7.766270674e+01 +2.3975e+00 -8.5637e-01 +1.2709e+00
5784 0 +1.137535192e-03 +7.766113754e+01 +7.766113754e+01 +2.3979e+00 -8.5522e-01 +1.2714e+00
5815 0 +7.278190059e-04 +7.766072782e+01 +7.766072782e+01 +2.3979e+00 -8.5522e-01 +1.2716e+00
6224 0 +3.694037563e-04 +7.766036940e+01 +7.766036940e+01 +2.3979e+00 -8.5600e-01 +1.2716e+00
6362 0 +3.231482001e-04 +7.766032315e+01 +7.766032315e+01 +2.3984e+00 -8.5670e-01 +1.2720e+00
6366 0 +2.539845613e-04 +7.766025398e+01 +7.766025398e+01 +2.3979e+00 -8.5545e-01 +1.2720e+00
6491 0 +3.319823007e-05 +7.766003320e+01 +7.766003320e+01 +2.3984e+00 -8.5587e-01 +1.2720e+00
6756 0 +1.042870019e-05 +7.766001043e+01 +7.766001043e+01 +2.3984e+00 -8.5587e-01 +1.2720e+00
6982 0 +5.657656729e-06 +7.766000566e+01 +7.766000566e+01 +2.3983e+00 -8.5596e-01 +1.2720e+00
7003 0 +5.532096111e-06 +7.766000553e+01 +7.766000553e+01 +2.3983e+00 -8.5596e-01 +1.2720e+00
7048 0 +4.978351640e-06 +7.766000498e+01 +7.766000498e+01 +2.3984e+00 -8.5592e-01 +1.2720e+00
7059 0 +3.622469279e-06 +7.766000362e+01 +7.766000362e+01 +2.3984e+00 -8.5593e-01 +1.2720e+00
7074 0 +2.562673203e-06 +7.766000256e+01 +7.766000256e+01 +2.3984e+00 -8.5605e-01 +1.2720e+00
7108 0 +1.601367885e-06 +7.766000160e+01 +7.766000160e+01 +2.3983e+00 -8.5599e-01 +1.2720e+00
7111 0 +7.912492350e-07 +7.766000079e+01 +7.766000079e+01 +2.3984e+00 -8.5598e-01 +1.2720e+00
7164 0 +2.310790563e-07 +7.766000023e+01 +7.766000023e+01 +2.3984e+00 -8.5600e-01 +1.2720e+00
7194 0 +2.598997639e-08 +7.766000003e+01 +7.766000003e+01 +2.3984e+00 -8.5600e-01 +1.2720e+00
7350 0 +1.893758395e-08 +7.766000002e+01 +7.766000002e+01 +2.3984e+00 -8.5600e-01 +1.2720e+00
7534 0 +1.818138173e-08 +7.766000002e+01 +7.766000002e+01 +2.3984e+00 -8.5600e-01 +1.2720e+00
7549 0 +1.541319250e-08 +7.766000002e+01 +7.766000002e+01 +2.3984e+00 -8.5600e-01 +1.2720e+00
7584 0 +1.050069898e-08 +7.766000001e+01 +7.766000001e+01 +2.3984e+00 -8.5600e-01 +1.2720e+00
7587 0 +6.470131098e-09 +7.766000001e+01 +7.766000001e+01 +2.3984e+00 -8.5600e-01 +1.2720e+00
8277 0 +8.668621376e-13 +7.766000000e+01 +7.766000000e+01 +2.3984e+00 -8.5600e-01 +1.2720e+00
8544 0 +0.000000000e+00 +7.766000000e+01 +7.766000000e+01 +2.3984e+00 -8.5600e-01 +1.2720e+00
12002 0 +0.000000000e+00 +7.766000000e+01 +7.766000000e+01 +2.3984e+00 -8.5600e-01 +1.2720e+00
% f evaluations | g evaluations | best noise-free fitness - Fopt (1.156800000000e+02) + sum g_i+ | measured fitness | best measured fitness or single-digit g-values | x1 | x2...
1 0 +7.254841487e+03 +7.370521487e+03 +7.370521487e+03 +2.9654e+00 -3.1657e+00 +2.7969e+00
2 0 +2.254416429e+02 +3.411216429e+02 +3.411216429e+02 +9.6850e-01 -5.4167e-01 -4.0003e+00
3 0 +1.773633823e+02 +2.930433823e+02 +2.930433823e+02 -4.0751e-01 -1.6629e+00 -3.5713e+00
7 0 +1.146836032e+02 +2.303636032e+02 +2.303636032e+02 -4.7694e+00 +2.4775e-01 -1.0014e+00
9 0 +7.806829778e+01 +1.937482978e+02 +1.937482978e+02 -4.0939e+00 +1.1839e+00 -1.1754e+00
24 0 +6.825902971e+01 +1.839390297e+02 +1.839390297e+02 -7.6599e-01 -1.0512e+00 -2.0651e+00
33 0 +5.250661456e+01 +1.681866146e+02 +1.681866146e+02 +2.1066e+00 -3.8911e+00 -6.0663e-01
51 0 +3.850622058e+01 +1.541862206e+02 +1.541862206e+02 +1.3435e+00 +1.8071e+00 +3.0935e-01
301 0 +3.657988045e+01 +1.522598804e+02 +1.522598804e+02 +2.1066e+00 -1.8748e+00 +2.4049e-02
340 0 +3.301094609e+01 +1.486909461e+02 +1.486909461e+02 -1.7913e+00 -3.2881e+00 -6.1063e-02
359 0 +3.201340329e+01 +1.476934033e+02 +1.476934033e+02 +9.6850e-01 -1.4866e+00 -7.5261e-01
389 0 +1.528619155e+01 +1.309661916e+02 +1.309661916e+02 +2.1066e+00 -9.4242e-01 +2.4049e-02
507 0 +8.600286018e+00 +1.242802860e+02 +1.242802860e+02 +2.1637e+00 -1.5980e+00 -3.8774e-01
763 0 +3.256663387e+00 +1.189366634e+02 +1.189366634e+02 +2.1637e+00 -1.5980e+00 -4.4019e-02
2279 0 +1.686542422e+00 +1.173665424e+02 +1.173665424e+02 +2.1637e+00 -1.5980e+00 +2.2861e-01
2321 0 +1.024126840e+00 +1.167041268e+02 +1.167041268e+02 +2.1066e+00 -9.8898e-01 +2.3506e-01
3019 0 +6.007982906e-01 +1.162807983e+02 +1.162807983e+02 +2.1354e+00 -9.8898e-01 +2.3506e-01
3697 0 +2.487149544e-01 +1.159287150e+02 +1.159287150e+02 +2.1460e+00 -9.8893e-01 +2.4472e-01
3851 0 +2.273161150e-01 +1.159073161e+02 +1.159073161e+02 +2.1460e+00 -9.8293e-01 +2.4472e-01
4236 0 +1.015550603e-01 +1.157815551e+02 +1.157815551e+02 +2.1688e+00 -9.7773e-01 +2.3904e-01
4282 0 +8.670993938e-02 +1.157667099e+02 +1.157667099e+02 +2.1688e+00 -9.7773e-01 +2.4002e-01
4635 0 +7.025668827e-02 +1.157502567e+02 +1.157502567e+02 +2.1688e+00 -9.8454e-01 +2.4002e-01
4919 0 +6.887652042e-02 +1.157488765e+02 +1.157488765e+02 +2.1692e+00 -9.8454e-01 +2.4002e-01
4959 0 +1.268141876e-02 +1.156926814e+02 +1.156926814e+02 +2.1697e+00 -9.8293e-01 +2.4472e-01
5547 0 +9.904306927e-04 +1.156809904e+02 +1.156809904e+02 +2.1778e+00 -9.8285e-01 +2.4417e-01
5852 0 +1.464094227e-04 +1.156801464e+02 +1.156801464e+02 +2.1781e+00 -9.8276e-01 +2.4475e-01
6099 0 +5.809320417e-05 +1.156800581e+02 +1.156800581e+02 +2.1779e+00 -9.8325e-01 +2.4480e-01
6212 0 +4.725830513e-05 +1.156800473e+02 +1.156800473e+02 +2.1780e+00 -9.8325e-01 +2.4480e-01
6277 0 +2.975842428e-05 +1.156800298e+02 +1.156800298e+02 +2.1781e+00 -9.8306e-01 +2.4473e-01
6321 0 +1.048024200e-05 +1.156800105e+02 +1.156800105e+02 +2.1782e+00 -9.8325e-01 +2.4480e-01
6439 0 +4.456367094e-06 +1.156800045e+02 +1.156800045e+02 +2.1783e+00 -9.8319e-01 +2.4479e-01
6547 0 +4.328212754e-06 +1.156800043e+02 +1.156800043e+02 +2.1783e+00 -9.8319e-01 +2.4477e-01
6595 0 +5.935349208e-07 +1.156800006e+02 +1.156800006e+02 +2.1784e+00 -9.8318e-01 +2.4480e-01
6619 0 +3.104018305e-07 +1.156800003e+02 +1.156800003e+02 +2.1784e+00 -9.8318e-01 +2.4480e-01
6870 0 +2.713455558e-07 +1.156800003e+02 +1.156800003e+02 +2.1784e+00 -9.8318e-01 +2.4480e-01
6949 0 +2.243932329e-07 +1.156800002e+02 +1.156800002e+02 +2.1784e+00 -9.8320e-01 +2.4479e-01
6974 0 +1.639995020e-07 +1.156800002e+02 +1.156800002e+02 +2.1784e+00 -9.8320e-01 +2.4479e-01
7007 0 +1.168448307e-07 +1.156800001e+02 +1.156800001e+02 +2.1784e+00 -9.8321e-01 +2.4480e-01
7074 0 +2.636789986e-08 +1.156800000e+02 +1.156800000e+02 +2.1784e+00 -9.8319e-01 +2.4480e-01
7118 0 +1.980573927e-08 +1.156800000e+02 +1.156800000e+02 +2.1784e+00 -9.8320e-01 +2.4480e-01
7198 0 +1.911861602e-08 +1.156800000e+02 +1.156800000e+02 +2.1784e+00 -9.8320e-01 +2.4480e-01
7218 0 +1.830312613e-08 +1.156800000e+02 +1.156800000e+02 +2.1784e+00 -9.8320e-01 +2.4480e-01
7225 0 +1.157457064e-08 +1.156800000e+02 +1.156800000e+02 +2.1784e+00 -9.8320e-01 +2.4480e-01
7264 0 +5.760227850e-10 +1.156800000e+02 +1.156800000e+02 +2.1784e+00 -9.8320e-01 +2.4480e-01
7973 0 +5.115907697e-13 +1.156800000e+02 +1.156800000e+02 +2.1784e+00 -9.8320e-01 +2.4480e-01
8319 0 +0.000000000e+00 +1.156800000e+02 +1.156800000e+02 +2.1784e+00 -9.8320e-01 +2.4480e-01
12002 0 +0.000000000e+00 +1.156800000e+02 +1.156800000e+02 +2.1784e+00 -9.8320e-01 +2.4480e-01
% f evaluations | g evaluations | best noise-free fitness - Fopt (-3.710000000000e+00) + sum g_i+ | measured fitness | best measured fitness or single-digit g-values | x1 | x2...
1 0 +1.098505791e+03 +1.094795791e+03 +1.094795791e+03 +2.9654e+00 -3.1657e+00 +2.7969e+00
2 0 +3.419287072e+02 +3.382187072e+02 +3.382187072e+02 +9.6850e-01 -5.4167e-01 -4.0003e+00
3 0 +3.260437023e+02 +3.223337023e+02 +3.223337023e+02 -4.0751e-01 -1.6629e+00 -3.5713e+00
4 0 +2.071936409e+02 +2.034836409e+02 +2.034836409e+02 +1.5089e+00 -4.4359e+00 +2.2200e+00
7 0 +2.016907324e+02 +1.979807324e+02 +1.979807324e+02 -4.7694e+00 +2.4775e-01 -1.0014e+00
9 0 +1.745381431e+02 +1.708281431e+02 +1.708281431e+02 -4.0939e+00 +1.1839e+00 -1.1754e+00
19 0 +4.224334660e+01 +3.853334660e+01 +3.853334660e+01 +2.2727e+00 -1.7346e+00 +7.0444e-01
151 0 +4.070256730e+01 +3.699256730e+01 +3.699256730e+01 +2.3522e+00 -2.9093e+00 +3.7046e-01
241 0 +1.847800366e+01 +1.476800366e+01 +1.476800366e+01 +2.3522e+00 -2.9093e+00 +1.1064e+00
585 0 +1.114066616e+01 +7.430666158e+00 +7.430666158e+00 +1.1808e+00 -1.2700e+00 +1.7731e+00
1003 0 +1.042739871e+01 +6.717398714e+00 +6.717398714e+00 +1.1808e+00 -1.2649e+00 +1.7731e+00
1062 0 +9.899091084e+00 +6.189091084e+00 +6.189091084e+00 +1.1859e+00 -2.3335e+00 +1.1214e+00
1067 0 +7.988756720e+00 +4.278756720e+00 +4.278756720e+00 +3.1132e+00 -1.1977e+00 +1.4906e+00
1084 0 +7.468119559e+00 +3.758119559e+00 +3.758119559e+00 +1.1808e+00 -2.3770e+00 +1.7731e+00
1243 0 +4.519583625e+00 +8.095836252e-01 +8.095836252e-01 +1.1808e+00 -2.3185e+00 +1.7731e+00
1477 0 +4.042184707e+00 +3.321847066e-01 +3.321847066e-01 +2.1016e+00 -1.7404e+00 +1.8157e+00
1541 0 +3.342774288e+00 -3.672257124e-01 -3.672257124e-01 +3.0802e+00 -1.7744e+00 +1.4569e+00
1692 0 +3.168509890e+00 -5.414901099e-01 -5.414901099e-01 +3.0802e+00 -1.7697e+00 +1.4569e+00
1891 0 +2.333943634e+00 -1.376056366e+00 -1.376056366e+00 +3.1177e+00 -1.7325e+00 +1.7837e+00
2002 0 +2.218119712e+00 -1.491880288e+00 -1.491880288e+00 +3.0640e+00 -2.3151e+00 +1.8138e+00
2253 0 +1.362377066e+00 -2.347622934e+00 -2.347622934e+00 +2.1081e+00 -2.3159e+00 +1.7815e+00
2321 0 +1.313987281e+00 -2.396012719e+00 -2.396012719e+00 +2.1126e+00 -2.3159e+00 +1.7815e+00
2454 0 +1.139543526e+00 -2.570456474e+00 -2.570456474e+00 +2.1126e+00 -2.3073e+00 +1.7815e+00
2607 0 +1.080194606e+00 -2.629805394e+00 -2.629805394e+00 +3.1058e+00 -2.3073e+00 +1.7610e+00
2734 0 +1.043167459e+00 -2.666832541e+00 -2.666832541e+00 +3.1157e+00 -2.3073e+00 +1.7610e+00
2981 0 +6.486181478e-01 -3.061381852e+00 -3.061381852e+00 +3.1157e+00 -2.3073e+00 +1.7849e+00
3129 0 +6.441310110e-01 -3.065868989e+00 -3.065868989e+00 +3.1177e+00 -2.2606e+00 +1.7835e+00
3429 0 +5.619383928e-01 -3.148061607e+00 -3.148061607e+00 +3.0922e+00 -2.3112e+00 +1.7719e+00
3441 0 +5.318729300e-01 -3.178127070e+00 -3.178127070e+00 +3.1157e+00 -2.3069e+00 +1.7685e+00
3838 0 +4.946109499e-01 -3.215389050e+00 -3.215389050e+00 +3.1177e+00 -2.2696e+00 +1.7835e+00
3909 0 +1.434334444e-01 -3.566566556e+00 -3.566566556e+00 +3.1168e+00 -2.3001e+00 +1.7746e+00
4104 0 +1.345286175e-01 -3.575471382e+00 -3.575471382e+00 +3.1168e+00 -2.2986e+00 +1.7746e+00
4291 0 +8.552889802e-02 -3.624471102e+00 -3.624471102e+00 +3.1168e+00 -2.2986e+00 +1.7769e+00
4430 0 +1.978896120e-02 -3.690211039e+00 -3.690211039e+00 +3.1157e+00 -2.2986e+00 +1.7813e+00
4972 0 +1.608367446e-02 -3.693916326e+00 -3.693916326e+00 +3.1180e+00 -2.2986e+00 +1.7813e+00
5011 0 +1.003522752e-02 -3.699964772e+00 -3.699964772e+00 +3.1180e+00 -2.2986e+00 +1.7825e+00
5049 0 +9.139050182e-03 -3.700860950e+00 -3.700860950e+00 +3.1180e+00 -2.2985e+00 +1.7825e+00
5087 0 +4.805164176e-03 -3.705194836e+00 -3.705194836e+00 +3.1180e+00 -2.2975e+00 +1.7825e+00
5161 0 +4.064957435e-03 -3.705935043e+00 -3.705935043e+00 +3.1198e+00 -2.2975e+00 +1.7825e+00
5446 0 +2.675051664e-03 -3.707324948e+00 -3.707324948e+00 +3.1198e+00 -2.2969e+00 +1.7825e+00
5649 0 +2.253333988e-03 -3.707746666e+00 -3.707746666e+00 +3.1192e+00 -2.2971e+00 +1.7830e+00
5777 0 +1.039440130e-03 -3.708960560e+00 -3.708960560e+00 +3.1192e+00 -2.2941e+00 +1.7830e+00
5808 0 +9.125666168e-04 -3.709087433e+00 -3.709087433e+00 +3.1200e+00 -2.2941e+00 +1.7830e+00
5901 0 +2.060273411e-04 -3.709793973e+00 -3.709793973e+00 +3.1200e+00 -2.2948e+00 +1.7830e+00
6019 0 +1.746326115e-04 -3.709825367e+00 -3.709825367e+00 +3.1200e+00 -2.2948e+00 +1.7830e+00
6051 0 +1.504108865e-04 -3.709849589e+00 -3.709849589e+00 +3.1196e+00 -2.2949e+00 +1.7830e+00
6224 0 +1.006538522e-04 -3.709899346e+00 -3.709899346e+00 +3.1193e+00 -2.2952e+00 +1.7831e+00
6248 0 +8.201300199e-05 -3.709917987e+00 -3.709917987e+00 +3.1196e+00 -2.2949e+00 +1.7832e+00
6305 0 +5.707380959e-05 -3.709942926e+00 -3.709942926e+00 +3.1200e+00 -2.2952e+00 +1.7831e+00
6381 0 +3.185634511e-05 -3.709968144e+00 -3.709968144e+00 +3.1196e+00 -2.2952e+00 +1.7832e+00
6411 0 +1.973459455e-05 -3.709980265e+00 -3.709980265e+00 +3.1199e+00 -2.2953e+00 +1.7831e+00
6432 0 +1.332979527e-05 -3.709986670e+00 -3.709986670e+00 +3.1200e+00 -2.2951e+00 +1.7832e+00
6483 0 +8.802213832e-06 -3.709991198e+00 -3.709991198e+00 +3.1200e+00 -2.2951e+00 +1.7832e+00
6671 0 +1.989747488e-06 -3.709998010e+00 -3.709998010e+00 +3.1200e+00 -2.2953e+00 +1.7832e+00
6718 0 +1.618214344e-06 -3.709998382e+00 -3.709998382e+00 +3.1200e+00 -2.2952e+00 +1.7832e+00
6764 0 +5.998732897e-07 -3.709999400e+00 -3.709999400e+00 +3.1200e+00 -2.2952e+00 +1.7832e+00
6779 0 +3.625078748e-07 -3.709999637e+00 -3.709999637e+00 +3.1200e+00 -2.2952e+00 +1.7832e+00
6892 0 +2.914740196e-07 -3.709999709e+00 -3.709999709e+00 +3.1200e+00 -2.2952e+00 +1.7832e+00
6998 0 +2.723439527e-07 -3.709999728e+00 -3.709999728e+00 +3.1200e+00 -2.2952e+00 +1.7832e+00
7014 0 +2.090143925e-08 -3.709999979e+00 -3.709999979e+00 +3.1200e+00 -2.2952e+00 +1.7832e+00
7223 0 +1.720376153e-08 -3.709999983e+00 -3.709999983e+00 +3.1200e+00 -2.2952e+00 +1.7832e+00
7286 0 +1.678923311e-08 -3.709999983e+00 -3.709999983e+00 +3.1200e+00 -2.2952e+00 +1.7832e+00
7316 0 +1.295254348e-08 -3.709999987e+00 -3.709999987e+00 +3.1200e+00 -2.2952e+00 +1.7832e+00
7362 0 +3.675601601e-09 -3.709999996e+00 -3.709999996e+00 +3.1200e+00 -2.2952e+00 +1.7832e+00
7956 0 +9.552358904e-13 -3.710000000e+00 -3.710000000e+00 +3.1200e+00 -2.2952e+00 +1.7832e+00
8468 0 +0.000000000e+00 -3.710000000e+00 -3.710000000e+00 +3.1200e+00 -2.2952e+00 +1.7832e+00
12002 0 +0.000000000e+00 -3.710000000e+00 -3.710000000e+00 +3.1200e+00 -2.2952e+00 +1.7832e+00
% f evaluations | g evaluations | best noise-free fitness - Fopt (1.321800000000e+02) + sum g_i+ | measured fitness | best measured fitness or single-digit g-values | x1 | x2...
1 0 +8.978527075e+01 +2.219652708e+02 +2.219652708e+02 +2.9654e+00 -3.1657e+00 +2.7969e+00
14 0 +3.664326499e+01 +1.688232650e+02 +1.688232650e+02 +1.8326e+00 +1.1000e+00 +3.3319e+00
194 0 +2.682463263e+01 +1.590046326e+02 +1.590046326e+02 +1.8326e+00 +1.3972e+00 +3.3319e+00
519 0 +2.189668577e+01 +1.540766858e+02 +1.540766858e+02 +1.4510e+00 +2.0230e+00 +3.5230e+00
555 0 +6.814773827e+00 +1.389947738e+02 +1.389947738e+02 +2.7708e+00 +7.8369e-01 +3.1566e+00
724 0 +6.585034243e+00 +1.387650342e+02 +1.387650342e+02 +2.7708e+00 +1.0007e+00 +3.1566e+00
972 0 +2.617918629e+00 +1.347979186e+02 +1.347979186e+02 +2.7708e+00 +1.5129e+00 +3.1566e+00
1740 0 +2.071308921e+00 +1.342513089e+02 +1.342513089e+02 +3.7560e+00 +1.5220e+00 +3.1430e+00
2029 0 +1.598842798e+00 +1.337788428e+02 +1.337788428e+02 +3.7560e+00 +1.4572e+00 +3.1430e+00
3066 0 +1.583415489e+00 +1.337634155e+02 +1.337634155e+02 +3.7615e+00 +1.4572e+00 +3.1432e+00
3125 0 +1.191274535e+00 +1.333712745e+02 +1.333712745e+02 +3.7615e+00 +1.4843e+00 +3.1432e+00
3397 0 +1.266225430e-01 +1.323066225e+02 +1.323066225e+02 +3.7602e+00 +1.4914e+00 +3.4557e+00
4698 0 +1.153169013e-01 +1.322953169e+02 +1.322953169e+02 +3.7602e+00 +1.4904e+00 +3.4557e+00
4881 0 +1.124738005e-01 +1.322924738e+02 +1.322924738e+02 +3.7595e+00 +1.4931e+00 +3.4577e+00
4901 0 +7.711048180e-02 +1.322571105e+02 +1.322571105e+02 +3.7602e+00 +1.4846e+00 +3.4557e+00
5075 0 +5.685740567e-02 +1.322368574e+02 +1.322368574e+02 +3.7605e+00 +1.4774e+00 +3.4577e+00
5331 0 +3.931700909e-02 +1.322193170e+02 +1.322193170e+02 +3.7605e+00 +1.4831e+00 +3.4577e+00
5490 0 +3.778191448e-02 +1.322177819e+02 +1.322177819e+02 +3.7505e+00 +1.4819e+00 +3.4612e+00
5536 0 +3.201246058e-02 +1.322120125e+02 +1.322120125e+02 +3.7605e+00 +1.4831e+00 +3.4580e+00
5732 0 +1.808315867e-02 +1.321980832e+02 +1.321980832e+02 +3.7605e+00 +1.4823e+00 +3.4588e+00
5766 0 +1.658580241e-03 +1.321816586e+02 +1.321816586e+02 +3.7642e+00 +1.4829e+00 +3.4611e+00
5828 0 +7.162771018e-04 +1.321807163e+02 +1.321807163e+02 +3.7637e+00 +1.4829e+00 +3.4611e+00
5859 0 +5.548574308e-04 +1.321805549e+02 +1.321805549e+02 +3.7637e+00 +1.4824e+00 +3.4611e+00
6057 0 +5.407578133e-04 +1.321805408e+02 +1.321805408e+02 +3.7638e+00 +1.4822e+00 +3.4611e+00
6093 0 +1.003279140e-04 +1.321801003e+02 +1.321801003e+02 +3.7637e+00 +1.4824e+00 +3.4614e+00
6277 0 +6.329503813e-05 +1.321800633e+02 +1.321800633e+02 +3.7636e+00 +1.4824e+00 +3.4615e+00
6383 0 +6.196925625e-05 +1.321800620e+02 +1.321800620e+02 +3.7636e+00 +1.4824e+00 +3.4615e+00
6396 0 +5.407465403e-05 +1.321800541e+02 +1.321800541e+02 +3.7637e+00 +1.4824e+00 +3.4615e+00
6419 0 +1.661551056e-05 +1.321800166e+02 +1.321800166e+02 +3.7639e+00 +1.4824e+00 +3.4615e+00
6694 0 +3.075256615e-06 +1.321800031e+02 +1.321800031e+02 +3.7639e+00 +1.4824e+00 +3.4616e+00
6972 0 +1.146505525e-06 +1.321800011e+02 +1.321800011e+02 +3.7640e+00 +1.4824e+00 +3.4616e+00
7048 0 +4.247566210e-07 +1.321800004e+02 +1.321800004e+02 +3.7640e+00 +1.4824e+00 +3.4616e+00
7111 0 +2.334886915e-07 +1.321800002e+02 +1.321800002e+02 +3.7640e+00 +1.4824e+00 +3.4616e+00
7118 0 +1.650633976e-07 +1.321800002e+02 +1.321800002e+02 +3.7640e+00 +1.4824e+00 +3.4616e+00
7178 0 +1.158252587e-07 +1.321800001e+02 +1.321800001e+02 +3.7640e+00 +1.4824e+00 +3.4616e+00
7198 0 +3.559455308e-08 +1.321800000e+02 +1.321800000e+02 +3.7640e+00 +1.4824e+00 +3.4616e+00
7238 0 +3.288417361e-08 +1.321800000e+02 +1.321800000e+02 +3.7640e+00 +1.4824e+00 +3.4616e+00
7330 0 +7.781977729e-09 +1.321800000e+02 +1.321800000e+02 +3.7640e+00 +1.4824e+00 +3.4616e+00
8204 0 +6.536993169e-13 +1.321800000e+02 +1.321800000e+02 +3.7640e+00 +1.4824e+00 +3.4616e+00
8488 0 +0.000000000e+00 +1.321800000e+02 +1.321800000e+02 +3.7640e+00 +1.4824e+00 +3.4616e+00
12002 0 +0.000000000e+00 +1.321800000e+02 +1.321800000e+02 +3.7640e+00 +1.4824e+00 +3.4616e+00
% f evaluations | g evaluations | best noise-free fitness - Fopt (-5.847300000000e+02) + sum g_i+ | measured fitness | best measured fitness or single-digit g-values | x1 | x2...
1 0 +2.929837895e+02 -2.917462105e+02 -2.917462105e+02 +2.9654e+00 -3.1657e+00 +2.7969e+00
4 0 +3.629547582e+01 -5.484345242e+02 -5.484345242e+02 +1.5089e+00 -4.4359e+00 +2.2200e+00
159 0 +1.862843527e+01 -5.661015647e+02 -5.661015647e+02 +8.0687e-01 -1.2772e+00 +2.2708e+00
295 0 +1.776840810e+01 -5.669615919e+02 -5.669615919e+02 +1.5108e+00 -2.4805e+00 +2.0559e+00
358 0 +1.054086880e+01 -5.741891312e+02 -5.741891312e+02 +2.6156e+00 -3.6555e+00 +2.0593e+00
534 0 +5.920555915e+00 -5.788094441e+02 -5.788094441e+02 +1.7038e+00 -2.9781e+00 +1.9769e+00
620 0 +5.289415414e+00 -5.794405846e+02 -5.794405846e+02 +1.7038e+00 -3.5916e+00 +1.9769e+00
789 0 +5.088052833e+00 -5.796419472e+02 -5.796419472e+02 +1.7038e+00 -2.5046e+00 +1.9769e+00
1033 0 +3.191199560e+00 -5.815388004e+02 -5.815388004e+02 +2.6156e+00 -3.6555e+00 +2.0119e+00
1506 0 +2.944927514e+00 -5.817850725e+02 -5.817850725e+02 +2.6156e+00 -2.9880e+00 +2.0119e+00
2365 0 +2.260613540e+00 -5.824693865e+02 -5.824693865e+02 +2.6173e+00 -3.0542e+00 +2.0119e+00
2670 0 +1.026034650e+00 -5.837039654e+02 -5.837039654e+02 +2.6399e+00 -3.0352e+00 +1.9961e+00
3189 0 +5.433331384e-01 -5.841866669e+02 -5.841866669e+02 +2.6504e+00 -3.0215e+00 +2.3043e+00
3360 0 +1.012976528e-01 -5.846287023e+02 -5.846287023e+02 +2.6288e+00 -3.0215e+00 +2.3043e+00
3942 0 +7.491451406e-02 -5.846550855e+02 -5.846550855e+02 +2.6288e+00 -3.0245e+00 +2.3043e+00
4412 0 +6.913936969e-02 -5.846608606e+02 -5.846608606e+02 +2.6297e+00 -3.0245e+00 +2.3047e+00
4755 0 +4.620281222e-02 -5.846837972e+02 -5.846837972e+02 +2.6333e+00 -3.0245e+00 +2.3047e+00
5220 0 +3.184572659e-02 -5.846981543e+02 -5.846981543e+02 +2.6362e+00 -3.0246e+00 +2.3047e+00
5458 0 +1.047263545e-02 -5.847195274e+02 -5.847195274e+02 +2.6384e+00 -3.0283e+00 +2.3048e+00
5592 0 +1.024125106e-02 -5.847197587e+02 -5.847197587e+02 +2.6384e+00 -3.0285e+00 +2.3048e+00
5883 0 +1.857383863e-03 -5.847281426e+02 -5.847281426e+02 +2.6447e+00 -3.0302e+00 +2.3039e+00
5943 0 +1.812644805e-03 -5.847281874e+02 -5.847281874e+02 +2.6449e+00 -3.0302e+00 +2.3039e+00
6146 0 +1.770692841e-03 -5.847282293e+02 -5.847282293e+02 +2.6451e+00 -3.0302e+00 +2.3039e+00
6169 0 +1.711782200e-03 -5.847282882e+02 -5.847282882e+02 +2.6427e+00 -3.0297e+00 +2.3048e+00
6230 0 +2.378597918e-04 -5.847297621e+02 -5.847297621e+02 +2.6455e+00 -3.0302e+00 +2.3047e+00
6338 0 +2.344028248e-04 -5.847297656e+02 -5.847297656e+02 +2.6455e+00 -3.0302e+00 +2.3048e+00
6473 0 +8.974695766e-05 -5.847299103e+02 -5.847299103e+02 +2.6453e+00 -3.0299e+00 +2.3048e+00
6517 0 +3.611881448e-05 -5.847299639e+02 -5.847299639e+02 +2.6455e+00 -3.0298e+00 +2.3048e+00
6664 0 +1.292396666e-05 -5.847299871e+02 -5.847299871e+02 +2.6455e+00 -3.0295e+00 +2.3048e+00
6781 0 +6.737624972e-06 -5.847299933e+02 -5.847299933e+02 +2.6455e+00 -3.0296e+00 +2.3048e+00
6804 0 +6.395419177e-06 -5.847299936e+02 -5.847299936e+02 +2.6455e+00 -3.0296e+00 +2.3048e+00
6871 0 +5.823620086e-06 -5.847299942e+02 -5.847299942e+02 +2.6456e+00 -3.0296e+00 +2.3048e+00
6893 0 +2.948781798e-06 -5.847299971e+02 -5.847299971e+02 +2.6456e+00 -3.0296e+00 +2.3048e+00
6915 0 +2.819984047e-06 -5.847299972e+02 -5.847299972e+02 +2.6456e+00 -3.0296e+00 +2.3048e+00
6938 0 +1.077625143e-06 -5.847299989e+02 -5.847299989e+02 +2.6456e+00 -3.0296e+00 +2.3048e+00
6960 0 +9.522783557e-07 -5.847299990e+02 -5.847299990e+02 +2.6456e+00 -3.0296e+00 +2.3048e+00
6982 0 +6.859025916e-07 -5.847299993e+02 -5.847299993e+02 +2.6456e+00 -3.0296e+00 +2.3048e+00
7066 0 +6.020122783e-07 -5.847299994e+02 -5.847299994e+02 +2.6456e+00 -3.0296e+00 +2.3048e+00
7108 0 +2.208295200e-07 -5.847299998e+02 -5.847299998e+02 +2.6456e+00 -3.0296e+00 +2.3048e+00
7149 0 +1.735314754e-07 -5.847299998e+02 -5.847299998e+02 +2.6456e+00 -3.0296e+00 +2.3048e+00
7229 0 +1.684355766e-07 -5.847299998e+02 -5.847299998e+02 +2.6456e+00 -3.0296e+00 +2.3048e+00
7249 0 +9.876976037e-08 -5.847299999e+02 -5.847299999e+02 +2.6456e+00 -3.0296e+00 +2.3048e+00
7268 0 +9.319921901e-08 -5.847299999e+02 -5.847299999e+02 +2.6456e+00 -3.0296e+00 +2.3048e+00
7325 0 +8.954714303e-08 -5.847299999e+02 -5.847299999e+02 +2.6456e+00 -3.0296e+00 +2.3048e+00
7375 0 +8.408983376e-08 -5.847299999e+02 -5.847299999e+02 +2.6456e+00 -3.0296e+00 +2.3048e+00
7394 0 +7.712242223e-08 -5.847299999e+02 -5.847299999e+02 +2.6456e+00 -3.0296e+00 +2.3048e+00
7420 0 +9.538325685e-09 -5.847300000e+02 -5.847300000e+02 +2.6456e+00 -3.0296e+00 +2.3048e+00
8233 0 +5.684341886e-13 -5.847300000e+02 -5.847300000e+02 +2.6456e+00 -3.0296e+00 +2.3048e+00
8446 0 +0.000000000e+00 -5.847300000e+02 -5.847300000e+02 +2.6456e+00 -3.0296e+00 +2.3048e+00
12002 0 +0.000000000e+00 -5.847300000e+02 -5.847300000e+02 +2.6456e+00 -3.0296e+00 +2.3048e+00
% f evaluations | g evaluations | best noise-free fitness - Fopt (-3.654000000000e+01) + sum g_i+ | measured fitness | best measured fitness or single-digit g-values | x1 | x2...
1 0 +8.711411916e+03 +8.674871916e+03 +8.674871916e+03 +2.9654e+00 -3.1657e+00 +2.7969e+00
2 0 +2.461329344e+02 +2.095929344e+02 +2.095929344e+02 +9.6850e-01 -5.4167e-01 -4.0003e+00
3 0 +1.667036844e+02 +1.301636844e+02 +1.301636844e+02 -4.0751e-01 -1.6629e+00 -3.5713e+00
7 0 +8.646106399e+01 +4.992106399e+01 +4.992106399e+01 -4.7694e+00 +2.4775e-01 -1.0014e+00
9 0 +8.495017984e+01 +4.841017984e+01 +4.841017984e+01 -4.0939e+00 +1.1839e+00 -1.1754e+00
24 0 +8.236716292e+01 +4.582716292e+01 +4.582716292e+01 -7.6599e-01 -1.0512e+00 -2.0651e+00
30 0 +6.649020714e+01 +2.995020714e+01 +2.995020714e+01 -2.2528e+00 +6.1243e-01 -1.1707e+00
46 0 +4.666467443e+01 +1.012467443e+01 +1.012467443e+01 -2.8124e+00 +5.8102e-01 -9.6164e-01
231 0 +3.324040642e+01 -3.299593582e+00 -3.299593582e+00 +2.9910e-01 -4.1316e-01 -4.5623e-01
281 0 +3.257125251e+01 -3.968747493e+00 -3.968747493e+00 -4.8403e+00 -2.6911e+00 -2.7759e-01
335 0 +2.787607868e+01 -8.663921318e+00 -8.663921318e+00 -9.5492e-01 -2.5986e+00 +5.1380e-02
462 0 +1.205060638e+01 -2.448939362e+01 -2.448939362e+01 +6.7566e-02 -1.7346e+00 -6.9189e-01
548 0 +9.630414961e+00 -2.690958504e+01 -2.690958504e+01 +6.7566e-02 -2.2641e+00 -6.9189e-01
846 0 +8.009015511e+00 -2.853098449e+01 -2.853098449e+01 -7.5826e-01 -1.6554e+00 +5.1380e-02
1237 0 +7.614274368e+00 -2.892572563e+01 -2.892572563e+01 +1.9053e-01 -2.8017e+00 -6.1814e-01
1431 0 +6.237772419e+00 -3.030222758e+01 -3.030222758e+01 -1.7836e+00 -2.8061e+00 -2.8791e-01
1509 0 +4.963828853e+00 -3.157617115e+01 -3.157617115e+01 +1.9025e-01 -2.7415e+00 -5.2336e-03
1722 0 +4.555227370e+00 -3.198477263e+01 -3.198477263e+01 -8.2143e-01 -1.7015e+00 -2.6241e-01
1807 0 +3.861907792e+00 -3.267809221e+01 -3.267809221e+01 -7.5231e-01 -2.8061e+00 -2.8791e-01
2177 0 +2.344773650e+00 -3.419522635e+01 -3.419522635e+01 +1.1862e-01 -2.8243e+00 +1.3734e-02
2542 0 +1.407664201e+00 -3.513233580e+01 -3.513233580e+01 -8.2148e-01 -2.2428e+00 +1.8116e-02
2680 0 +1.310196860e+00 -3.522980314e+01 -3.522980314e+01 +1.7803e-01 -2.8280e+00 +1.4154e-02
2949 0 +1.197891437e+00 -3.534210856e+01 -3.534210856e+01 +1.1809e-01 -2.2311e+00 +1.9332e-02
3156 0 +1.134354704e+00 -3.540564530e+01 -3.540564530e+01 -8.0036e-01 -2.2428e+00 +1.8116e-02
3474 0 +1.012130482e+00 -3.552786952e+01 -3.552786952e+01 +1.9254e-01 -2.2327e+00 -2.8610e-01
3693 0 +8.617783232e-01 -3.567822168e+01 -3.567822168e+01 +1.9608e-01 -2.2670e+00 +1.7534e-02
3706 0 +1.071596683e-01 -3.643284033e+01 -3.643284033e+01 +1.8899e-01 -2.2254e+00 +2.5183e-02
4009 0 +7.976693769e-02 -3.646023306e+01 -3.646023306e+01 +1.8899e-01 -2.2284e+00 +2.5183e-02
4471 0 +7.063584002e-02 -3.646936416e+01 -3.646936416e+01 +1.9059e-01 -2.2284e+00 +2.5183e-02
4515 0 +4.075380854e-02 -3.649924619e+01 -3.649924619e+01 +1.9059e-01 -2.2284e+00 +2.3918e-02
4561 0 +3.841192733e-02 -3.650158807e+01 -3.650158807e+01 +1.9392e-01 -2.2402e+00 +2.3519e-02
4645 0 +1.886415961e-02 -3.652113584e+01 -3.652113584e+01 +1.9916e-01 -2.2386e+00 +2.4768e-02
4810 0 +1.777525592e-02 -3.652222474e+01 -3.652222474e+01 +2.0142e-01 -2.2386e+00 +2.4768e-02
4865 0 +8.997287724e-03 -3.653100271e+01 -3.653100271e+01 +1.9875e-01 -2.2344e+00 +2.2844e-02
5268 0 +4.008667095e-03 -3.653599133e+01 -3.653599133e+01 +2.0142e-01 -2.2312e+00 +2.4768e-02
5490 0 +3.395054510e-03 -3.653660495e+01 -3.653660495e+01 +1.9875e-01 -2.2344e+00 +2.3895e-02
5524 0 +2.712416579e-03 -3.653728758e+01 -3.653728758e+01 +1.9875e-01 -2.2344e+00 +2.4191e-02
5710 0 +9.025922773e-04 -3.653909741e+01 -3.653909741e+01 +2.0131e-01 -2.2340e+00 +2.4193e-02
5926 0 +8.823947610e-04 -3.653911761e+01 -3.653911761e+01 +2.0142e-01 -2.2325e+00 +2.4768e-02
5927 0 +8.646621539e-04 -3.653913534e+01 -3.653913534e+01 +2.0131e-01 -2.2333e+00 +2.4193e-02
5985 0 +5.595161060e-04 -3.653944048e+01 -3.653944048e+01 +2.0142e-01 -2.2327e+00 +2.4768e-02
6101 0 +1.640145023e-04 -3.653983599e+01 -3.653983599e+01 +2.0142e-01 -2.2331e+00 +2.4799e-02
6122 0 +7.441203498e-05 -3.653992559e+01 -3.653992559e+01 +2.0140e-01 -2.2337e+00 +2.4611e-02
6261 0 +4.662296547e-05 -3.653995338e+01 -3.653995338e+01 +2.0147e-01 -2.2337e+00 +2.4661e-02
6368 0 +4.326335051e-05 -3.653995674e+01 -3.653995674e+01 +2.0158e-01 -2.2337e+00 +2.4661e-02
6400 0 +4.220648344e-05 -3.653995779e+01 -3.653995779e+01 +2.0154e-01 -2.2336e+00 +2.4659e-02
6476 0 +1.714130450e-05 -3.653998286e+01 -3.653998286e+01 +2.0142e-01 -2.2335e+00 +2.4759e-02
6501 0 +1.427428200e-05 -3.653998573e+01 -3.653998573e+01 +2.0148e-01 -2.2335e+00 +2.4759e-02
6526 0 +7.918764481e-06 -3.653999208e+01 -3.653999208e+01 +2.0148e-01 -2.2336e+00 +2.4759e-02
6547 0 +5.164510270e-06 -3.653999484e+01 -3.653999484e+01 +2.0158e-01 -2.2337e+00 +2.4772e-02
6596 0 +4.145239188e-06 -3.653999585e+01 -3.653999585e+01 +2.0158e-01 -2.2337e+00 +2.4789e-02
6782 0 +3.169656040e-06 -3.653999683e+01 -3.653999683e+01 +2.0150e-01 -2.2336e+00 +2.4778e-02
6919 0 +3.947705309e-07 -3.653999961e+01 -3.653999961e+01 +2.0158e-01 -2.2336e+00 +2.4789e-02
6963 0 +3.425238120e-07 -3.653999966e+01 -3.653999966e+01 +2.0158e-01 -2.2336e+00 +2.4789e-02
7006 0 +6.099410399e-08 -3.653999994e+01 -3.653999994e+01 +2.0158e-01 -2.2336e+00 +2.4800e-02
7182 0 +3.018485017e-09 -3.654000000e+01 -3.654000000e+01 +2.0160e-01 -2.2336e+00 +2.4799e-02
8115 0 +9.663381206e-13 -3.654000000e+01 -3.654000000e+01 +2.0160e-01 -2.2336e+00 +2.4800e-02
8525 0 +0.000000000e+00 -3.654000000e+01 -3.654000000e+01 +2.0160e-01 -2.2336e+00 +2.4800e-02
12002 0 +0.000000000e+00 -3.654000000e+01 -3.654000000e+01 +2.0160e-01 -2.2336e+00 +2.4800e-02
% f evaluations | g evaluations | best noise-free fitness - Fopt (1.000000000000e+03) + sum g_i+ | measured fitness | best measured fitness or single-digit g-values | x1 | x2...
1 0 +7.647023809e+03 +8.647023809e+03 +8.647023809e+03 +2.9654e+00 -3.1657e+00 +2.7969e+00
2 0 +2.221860102e+02 +1.222186010e+03 +1.222186010e+03 +9.6850e-01 -5.4167e-01 -4.0003e+00
3 0 +1.690434288e+02 +1.169043429e+03 +1.169043429e+03 -4.0751e-01 -1.6629e+00 -3.5713e+00
7 0 +5.614829914e+01 +1.056148299e+03 +1.056148299e+03 -4.7694e+00 +2.4775e-01 -1.0014e+00
85 0 +5.299894778e+01 +1.052998948e+03 +1.052998948e+03 -2.3153e+00 -1.4720e-01 -1.2731e+00
97 0 +5.188853994e+01 +1.051888540e+03 +1.051888540e+03 -4.7694e+00 +2.4775e-01 -7.5987e-01
141 0 +4.762242064e+01 +1.047622421e+03 +1.047622421e+03 +1.3435e+00 +8.9799e-01 +3.0935e-01
163 0 +4.580441832e+01 +1.045804418e+03 +1.045804418e+03 -3.2118e+00 -1.3353e+00 -4.4856e-01
253 0 +3.671712397e+01 +1.036717124e+03 +1.036717124e+03 -3.5327e+00 -1.3353e+00 -4.4856e-01
459 0 +3.151782138e+01 +1.031517821e+03 +1.031517821e+03 -8.1204e-01 -1.3196e+00 -5.6960e-01
545 0 +2.873999158e+01 +1.028739992e+03 +1.028739992e+03 -8.1204e-01 -7.8253e-01 -5.6960e-01
561 0 +2.136787633e+01 +1.021367876e+03 +1.021367876e+03 +1.4571e+00 -3.2043e-01 -6.0663e-01
773 0 +1.843659073e+01 +1.018436591e+03 +1.018436591e+03 +6.1077e-01 +1.0542e+00 -1.3258e-01
816 0 +1.162187779e+01 +1.011621878e+03 +1.011621878e+03 -5.0527e-01 -8.5673e-01 +1.1646e-01
898 0 +1.037772420e+01 +1.010377724e+03 +1.010377724e+03 -5.0527e-01 -8.5673e-01 +2.3847e-01
1143 0 +9.984021145e+00 +1.009984021e+03 +1.009984021e+03 -5.0457e-01 -7.9298e-01 +2.3847e-01
1326 0 +6.053763673e+00 +1.006053764e+03 +1.006053764e+03 +1.5219e+00 -2.8299e-01 -5.3533e-01
1585 0 +5.087788760e+00 +1.005087789e+03 +1.005087789e+03 +1.5089e+00 -1.9004e+00 +1.5657e-01
2094 0 +3.961583955e+00 +1.003961584e+03 +1.003961584e+03 +1.5089e+00 -1.4908e+00 +1.5657e-01
2211 0 +3.218279274e+00 +1.003218279e+03 +1.003218279e+03 +5.8846e-01 -2.9675e-01 -1.3694e-01
2479 0 +2.068942512e+00 +1.002068943e+03 +1.002068943e+03 +5.8846e-01 -8.1833e-01 -1.3694e-01
2731 0 +1.893177504e+00 +1.001893178e+03 +1.001893178e+03 +5.5928e-01 -7.8777e-01 +1.6007e-01
3119 0 +1.776571537e+00 +1.001776572e+03 +1.001776572e+03 +1.5312e+00 -1.4179e+00 +1.5657e-01
3164 0 +1.470264749e+00 +1.001470265e+03 +1.001470265e+03 +1.5432e+00 -1.3901e+00 +1.7107e-01
3222 0 +1.424191216e+00 +1.001424191e+03 +1.001424191e+03 +1.5432e+00 -1.3933e+00 +1.7107e-01
3271 0 +7.845393238e-01 +1.000784539e+03 +1.000784539e+03 +1.5621e+00 -8.3933e-01 +1.5406e-01
3836 0 +6.494810839e-01 +1.000649481e+03 +1.000649481e+03 +1.5593e+00 -8.2840e-01 +1.5350e-01
3860 0 +2.424777098e-01 +1.000242478e+03 +1.000242478e+03 +1.5621e+00 -8.3933e-01 +1.6896e-01
4057 0 +2.031781362e-01 +1.000203178e+03 +1.000203178e+03 +1.5621e+00 -8.3737e-01 +1.6896e-01
4097 0 +1.309011189e-01 +1.000130901e+03 +1.000130901e+03 +1.5685e+00 -8.3422e-01 +1.7065e-01
4200 0 +2.481926293e-02 +1.000024819e+03 +1.000024819e+03 +1.5621e+00 -8.2095e-01 +1.6896e-01
4504 0 +1.836691405e-02 +1.000018367e+03 +1.000018367e+03 +1.5717e+00 -8.2512e-01 +1.6898e-01
4676 0 +1.419806164e-02 +1.000014198e+03 +1.000014198e+03 +1.5717e+00 -8.2449e-01 +1.6898e-01
4718 0 +1.091825270e-02 +1.000010918e+03 +1.000010918e+03 +1.5717e+00 -8.2449e-01 +1.6983e-01
4812 0 +5.778793658e-03 +1.000005779e+03 +1.000005779e+03 +1.5699e+00 -8.2095e-01 +1.6896e-01
4841 0 +5.184471572e-03 +1.000005184e+03 +1.000005184e+03 +1.5717e+00 -8.1803e-01 +1.6983e-01
4893 0 +3.751530947e-03 +1.000003752e+03 +1.000003752e+03 +1.5699e+00 -8.2095e-01 +1.6934e-01
5048 0 +2.253769136e-03 +1.000002254e+03 +1.000002254e+03 +1.5718e+00 -8.2095e-01 +1.6934e-01
5222 0 +1.206967061e-03 +1.000001207e+03 +1.000001207e+03 +1.5724e+00 -8.2135e-01 +1.6970e-01
5294 0 +9.888266133e-04 +1.000000989e+03 +1.000000989e+03 +1.5724e+00 -8.2075e-01 +1.6970e-01
5536 0 +9.411723594e-04 +1.000000941e+03 +1.000000941e+03 +1.5717e+00 -8.2087e-01 +1.6983e-01
5699 0 +1.635228110e-04 +1.000000164e+03 +1.000000164e+03 +1.5724e+00 -8.2075e-01 +1.7042e-01
5811 0 +9.165233814e-05 +1.000000092e+03 +1.000000092e+03 +1.5728e+00 -8.2082e-01 +1.7017e-01
5963 0 +2.464047282e-05 +1.000000025e+03 +1.000000025e+03 +1.5728e+00 -8.2082e-01 +1.7029e-01
6302 0 +2.137242484e-05 +1.000000021e+03 +1.000000021e+03 +1.5728e+00 -8.2082e-01 +1.7030e-01
6496 0 +4.573414344e-06 +1.000000005e+03 +1.000000005e+03 +1.5727e+00 -8.2079e-01 +1.7040e-01
6670 0 +2.227305004e-06 +1.000000002e+03 +1.000000002e+03 +1.5727e+00 -8.2080e-01 +1.7038e-01
6694 0 +1.713856363e-06 +1.000000002e+03 +1.000000002e+03 +1.5727e+00 -8.2080e-01 +1.7040e-01
6851 0 +1.389198246e-06 +1.000000001e+03 +1.000000001e+03 +1.5727e+00 -8.2082e-01 +1.7040e-01
6863 0 +9.984740927e-07 +1.000000001e+03 +1.000000001e+03 +1.5728e+00 -8.2078e-01 +1.7038e-01
6864 0 +6.010058087e-07 +1.000000001e+03 +1.000000001e+03 +1.5728e+00 -8.2083e-01 +1.7039e-01
6974 0 +3.689549430e-07 +1.000000000e+03 +1.000000000e+03 +1.5728e+00 -8.2078e-01 +1.7039e-01
7016 0 +1.938435616e-07 +1.000000000e+03 +1.000000000e+03 +1.5728e+00 -8.2079e-01 +1.7039e-01
7069 0 +1.771044253e-07 +1.000000000e+03 +1.000000000e+03 +1.5728e+00 -8.2080e-01 +1.7040e-01
7105 0 +4.423179689e-08 +1.000000000e+03 +1.000000000e+03 +1.5728e+00 -8.2080e-01 +1.7040e-01
7111 0 +2.298827440e-08 +1.000000000e+03 +1.000000000e+03 +1.5728e+00 -8.2080e-01 +1.7040e-01
7191 0 +1.363184765e-08 +1.000000000e+03 +1.000000000e+03 +1.5728e+00 -8.2080e-01 +1.7040e-01
7309 0 +9.613131624e-09 +1.000000000e+03 +1.000000000e+03 +1.5728e+00 -8.2080e-01 +1.7040e-01
8148 0 +9.094947018e-13 +1.000000000e+03 +1.000000000e+03 +1.5728e+00 -8.2080e-01 +1.7040e-01
8170 0 +0.000000000e+00 +1.000000000e+03 +1.000000000e+03 +1.5728e+00 -8.2080e-01 +1.7040e-01
12002 0 +0.000000000e+00 +1.000000000e+03 +1.000000000e+03 +1.5728e+00 -8.2080e-01 +1.7040e-01
% f evaluations | g evaluations | best noise-free fitness - Fopt (4.661000000000e+01) + sum g_i+ | measured fitness | best measured fitness or single-digit g-values | x1 | x2...
1 0 +1.974270589e+03 +2.020880589e+03 +2.020880589e+03 +2.9654e+00 -3.1657e+00 +2.7969e+00
2 0 +3.871288982e+02 +4.337388982e+02 +4.337388982e+02 +9.6850e-01 -5.4167e-01 -4.0003e+00
7 0 +1.914331103e+02 +2.380431103e+02 +2.380431103e+02 -4.7694e+00 +2.4775e-01 -1.0014e+00
9 0 +1.439841564e+02 +1.905941564e+02 +1.905941564e+02 -4.0939e+00 +1.1839e+00 -1.1754e+00
29 0 +1.073813631e+02 +1.539913631e+02 +1.539913631e+02 +1.6884e+00 +1.6592e+00 +9.1298e-01
34 0 +7.396367903e+01 +1.205736790e+02 +1.205736790e+02 -2.9828e+00 +3.9576e+00 -2.4630e-01
60 0 +3.471093970e+01 +8.132093970e+01 +8.132093970e+01 +1.7751e-01 +3.3771e+00 +1.7569e+00
124 0 +2.666820293e+01 +7.327820293e+01 +7.327820293e+01 -2.9828e+00 +3.9576e+00 +1.3601e+00
214 0 +1.128226712e+01 +5.789226712e+01 +5.789226712e+01 -1.2059e+00 +3.9576e+00 +1.3601e+00
302 0 +9.464198377e+00 +5.607419838e+01 +5.607419838e+01 -1.2059e+00 +3.9576e+00 +1.0350e+00
647 0 +8.831016678e+00 +5.544101668e+01 +5.544101668e+01 -1.1518e+00 +3.9576e+00 +1.0350e+00
732 0 +6.839230159e+00 +5.344923016e+01 +5.344923016e+01 -1.1518e+00 +3.9576e+00 +1.3851e+00
898 0 +5.285051028e+00 +5.189505103e+01 +5.189505103e+01 -9.7184e-02 +3.9576e+00 +1.3851e+00
1332 0 +2.188208235e+00 +4.879820823e+01 +4.879820823e+01 +7.5962e-01 +3.9131e+00 +1.6899e+00
1410 0 +1.829771235e+00 +4.843977124e+01 +4.843977124e+01 +8.4075e-01 +3.9131e+00 +1.6899e+00
1786 0 +1.799442650e+00 +4.840944265e+01 +4.840944265e+01 +8.4075e-01 +3.9223e+00 +1.6899e+00
2131 0 +1.258196529e+00 +4.786819653e+01 +4.786819653e+01 +8.1686e-01 +3.3414e+00 +1.7069e+00
2802 0 +1.206646313e+00 +4.781664631e+01 +4.781664631e+01 +8.0442e-01 +3.8843e+00 +1.7095e+00
3334 0 +1.171700830e+00 +4.778170083e+01 +4.778170083e+01 +8.0442e-01 +3.8843e+00 +1.7115e+00
3497 0 +1.078033861e+00 +4.768803386e+01 +4.768803386e+01 +7.7643e-01 +3.9047e+00 +1.7032e+00
3658 0 +1.036650046e+00 +4.764665005e+01 +4.764665005e+01 +7.7643e-01 +3.9068e+00 +1.7032e+00
3716 0 +4.144578940e-01 +4.702445789e+01 +4.702445789e+01 +8.2143e-01 +3.9290e+00 +1.7023e+00
3921 0 +3.848460449e-01 +4.699484604e+01 +4.699484604e+01 +8.2143e-01 +3.9253e+00 +1.7023e+00
4179 0 +1.135368825e-01 +4.672353688e+01 +4.672353688e+01 +8.1598e-01 +3.9194e+00 +1.7112e+00
4272 0 +1.116088890e-01 +4.672160889e+01 +4.672160889e+01 +8.1627e-01 +3.9194e+00 +1.7112e+00
4817 0 +5.465249218e-02 +4.666465249e+01 +4.666465249e+01 +8.2352e-01 +3.9182e+00 +1.7119e+00
4945 0 +5.578872907e-04 +4.661055789e+01 +4.661055789e+01 +8.3384e-01 +3.9208e+00 +1.7152e+00
5246 0 +3.950556273e-04 +4.661039506e+01 +4.661039506e+01 +8.3384e-01 +3.9208e+00 +1.7151e+00
5388 0 +2.729791185e-04 +4.661027298e+01 +4.661027298e+01 +8.3407e-01 +3.9208e+00 +1.7151e+00
5525 0 +3.505861381e-05 +4.661003506e+01 +4.661003506e+01 +8.3501e-01 +3.9208e+00 +1.7151e+00
5877 0 +2.856930860e-05 +4.661002857e+01 +4.661002857e+01 +8.3501e-01 +3.9208e+00 +1.7151e+00
6196 0 +2.810864227e-05 +4.661002811e+01 +4.661002811e+01 +8.3502e-01 +3.9208e+00 +1.7151e+00
6210 0 +2.481089308e-05 +4.661002481e+01 +4.661002481e+01 +8.3492e-01 +3.9208e+00 +1.7151e+00
6393 0 +2.311678548e-05 +4.661002312e+01 +4.661002312e+01 +8.3496e-01 +3.9208e+00 +1.7151e+00
6406 0 +2.012903799e-06 +4.661000201e+01 +4.661000201e+01 +8.3521e-01 +3.9208e+00 +1.7152e+00
6432 0 +1.058877949e-06 +4.661000106e+01 +4.661000106e+01 +8.3521e-01 +3.9208e+00 +1.7152e+00
6483 0 +7.024538462e-07 +4.661000070e+01 +4.661000070e+01 +8.3521e-01 +3.9208e+00 +1.7152e+00
6679 0 +2.494659412e-08 +4.661000002e+01 +4.661000002e+01 +8.3520e-01 +3.9208e+00 +1.7152e+00
6996 0 +2.085927520e-08 +4.661000002e+01 +4.661000002e+01 +8.3520e-01 +3.9208e+00 +1.7152e+00
7080 0 +1.603800825e-08 +4.661000002e+01 +4.661000002e+01 +8.3520e-01 +3.9208e+00 +1.7152e+00
7220 0 +7.743757635e-09 +4.661000001e+01 +4.661000001e+01 +8.3520e-01 +3.9208e+00 +1.7152e+00
7901 0 +9.947598301e-13 +4.661000000e+01 +4.661000000e+01 +8.3520e-01 +3.9208e+00 +1.7152e+00
8303 0 +0.000000000e+00 +4.661000000e+01 +4.661000000e+01 +8.3520e-01 +3.9208e+00 +1.7152e+00
12002 0 +0.000000000e+00 +4.661000000e+01 +4.661000000e+01 +8.3520e-01 +3.9208e+00 +1.7152e+00
% f evaluations | g evaluations | best noise-free fitness - Fopt (-2.643100000000e+02) + sum g_i+ | measured fitness | best measured fitness or single-digit g-values | x1 | x2...
1 0 +6.173576181e+01 -2.025742382e+02 -2.025742382e+02 +2.9654e+00 -3.1657e+00 +2.7969e+00
21 0 +6.144527523e+01 -2.028647248e+02 -2.028647248e+02 +2.4732e+00 +3.9692e-01 +8.6751e-01
44 0 +5.384627019e+01 -2.104637298e+02 -2.104637298e+02 +3.4089e-01 -1.5170e-01 +1.9244e+00
177 0 +5.218870611e+01 -2.121212939e+02 -2.121212939e+02 -1.6963e+00 -2.9108e+00 +1.7114e+00
252 0 +2.680768875e+01 -2.375023113e+02 -2.375023113e+02 +1.0190e+00 -1.3353e+00 +2.4417e+00
329 0 +2.178188233e+01 -2.425281177e+02 -2.425281177e+02 +1.7751e-01 -1.3988e+00 +1.7569e+00
617 0 +1.757740538e+01 -2.467325946e+02 -2.467325946e+02 +1.3552e+00 -2.2265e+00 +2.6707e+00
766 0 +1.725223151e+01 -2.470577685e+02 -2.470577685e+02 +3.7280e-01 -2.0191e+00 +2.3861e+00
849 0 +3.812672628e+00 -2.604973274e+02 -2.604973274e+02 +2.2903e+00 -2.0191e+00 +2.3861e+00
1446 0 +3.374279978e+00 -2.609357200e+02 -2.609357200e+02 +3.1408e+00 -2.0627e+00 +2.6913e+00
1569 0 +2.799124947e+00 -2.615108751e+02 -2.615108751e+02 +2.2602e+00 -9.2565e-01 +2.6758e+00
2169 0 +1.871000408e+00 -2.624389996e+02 -2.624389996e+02 +3.2496e+00 -1.4693e+00 +2.6663e+00
2555 0 +1.297600220e+00 -2.630123998e+02 -2.630123998e+02 +3.2413e+00 -1.4711e+00 +2.3781e+00
2655 0 +8.893511934e-01 -2.634206488e+02 -2.634206488e+02 +3.2516e+00 -1.4454e+00 +2.6758e+00
3260 0 +6.479567716e-01 -2.636620432e+02 -2.636620432e+02 +3.2516e+00 -1.4454e+00 +2.6796e+00
3482 0 +1.322141218e-01 -2.641777859e+02 -2.641777859e+02 +3.2516e+00 -1.4454e+00 +2.6921e+00
4094 0 +1.306724093e-01 -2.641793276e+02 -2.641793276e+02 +3.2516e+00 -1.4454e+00 +2.6922e+00
4141 0 +5.445968636e-02 -2.642555403e+02 -2.642555403e+02 +3.2516e+00 -1.4520e+00 +2.6922e+00
5053 0 +3.162878522e-02 -2.642783712e+02 -2.642783712e+02 +3.2457e+00 -1.4562e+00 +2.6927e+00
5481 0 +2.940061613e-02 -2.642805994e+02 -2.642805994e+02 +3.2487e+00 -1.4509e+00 +2.6948e+00
5525 0 +7.352544694e-03 -2.643026475e+02 -2.643026475e+02 +3.2499e+00 -1.4569e+00 +2.6941e+00
5743 0 +4.066057846e-03 -2.643059339e+02 -2.643059339e+02 +3.2487e+00 -1.4569e+00 +2.6948e+00
5788 0 +1.554057625e-03 -2.643084459e+02 -2.643084459e+02 +3.2487e+00 -1.4571e+00 +2.6960e+00
5971 0 +4.601582556e-04 -2.643095398e+02 -2.643095398e+02 +3.2506e+00 -1.4571e+00 +2.6960e+00
6112 0 +4.115623844e-04 -2.643095884e+02 -2.643095884e+02 +3.2499e+00 -1.4578e+00 +2.6958e+00
6140 0 +7.906121738e-05 -2.643099209e+02 -2.643099209e+02 +3.2512e+00 -1.4578e+00 +2.6958e+00
6278 0 +7.446190489e-05 -2.643099255e+02 -2.643099255e+02 +3.2512e+00 -1.4578e+00 +2.6958e+00
6411 0 +7.288188669e-05 -2.643099271e+02 -2.643099271e+02 +3.2512e+00 -1.4579e+00 +2.6959e+00
6437 0 +6.674990135e-05 -2.643099333e+02 -2.643099333e+02 +3.2512e+00 -1.4579e+00 +2.6960e+00
6467 0 +3.647190255e-05 -2.643099635e+02 -2.643099635e+02 +3.2511e+00 -1.4575e+00 +2.6959e+00
6541 0 +2.156060020e-05 -2.643099784e+02 -2.643099784e+02 +3.2511e+00 -1.4574e+00 +2.6960e+00
6636 0 +1.682343475e-05 -2.643099832e+02 -2.643099832e+02 +3.2512e+00 -1.4577e+00 +2.6960e+00
6640 0 +1.539201583e-05 -2.643099846e+02 -2.643099846e+02 +3.2511e+00 -1.4575e+00 +2.6959e+00
6656 0 +1.124119706e-05 -2.643099888e+02 -2.643099888e+02 +3.2512e+00 -1.4575e+00 +2.6960e+00
6730 0 +8.474140714e-06 -2.643099915e+02 -2.643099915e+02 +3.2512e+00 -1.4575e+00 +2.6960e+00
6747 0 +7.622875216e-06 -2.643099924e+02 -2.643099924e+02 +3.2511e+00 -1.4576e+00 +2.6960e+00
6753 0 +1.234592560e-06 -2.643099988e+02 -2.643099988e+02 +3.2512e+00 -1.4576e+00 +2.6960e+00
6933 0 +8.764388895e-07 -2.643099991e+02 -2.643099991e+02 +3.2512e+00 -1.4576e+00 +2.6960e+00
7040 0 +7.963892017e-07 -2.643099992e+02 -2.643099992e+02 +3.2512e+00 -1.4576e+00 +2.6960e+00
7061 0 +7.563972417e-07 -2.643099992e+02 -2.643099992e+02 +3.2512e+00 -1.4576e+00 +2.6960e+00
7082 0 +6.484251003e-07 -2.643099994e+02 -2.643099994e+02 +3.2512e+00 -1.4576e+00 +2.6960e+00
7144 0 +5.268233281e-07 -2.643099995e+02 -2.643099995e+02 +3.2512e+00 -1.4576e+00 +2.6960e+00
7263 0 +1.257277518e-07 -2.643099999e+02 -2.643099999e+02 +3.2512e+00 -1.4576e+00 +2.6960e+00
7334 0 +8.591854339e-08 -2.643099999e+02 -2.643099999e+02 +3.2512e+00 -1.4576e+00 +2.6960e+00
7353 0 +8.293113751e-08 -2.643099999e+02 -2.643099999e+02 +3.2512e+00 -1.4576e+00 +2.6960e+00
7393 0 +7.838315241e-08 -2.643099999e+02 -2.643099999e+02 +3.2512e+00 -1.4576e+00 +2.6960e+00
7466 0 +1.466582944e-08 -2.643100000e+02 -2.643100000e+02 +3.2512e+00 -1.4576e+00 +2.6960e+00
7493 0 +4.960440947e-09 -2.643100000e+02 -2.643100000e+02 +3.2512e+00 -1.4576e+00 +2.6960e+00
8191 0 +9.663381206e-13 -2.643100000e+02 -2.643100000e+02 +3.2512e+00 -1.4576e+00 +2.6960e+00
8459 0 +0.000000000e+00 -2.643100000e+02 -2.643100000e+02 +3.2512e+00 -1.4576e+00 +2.6960e+00
12002 0 +0.000000000e+00 -2.643100000e+02 -2.643100000e+02 +3.2512e+00 -1.4576e+00 +2.6960e+00
% f evaluations | g evaluations | best noise-free fitness - Fopt (7.273000000000e+01) + sum g_i+ | measured fitness | best measured fitness or single-digit g-values | x1 | x2...
1 0 +5.586508465e+02 +6.313808465e+02 +6.313808465e+02 +2.9654e+00 -3.1657e+00 +2.7969e+00
2 0 +3.670910090e+02 +4.398210090e+02 +4.398210090e+02 +9.6850e-01 -5.4167e-01 -4.0003e+00
3 0 +3.135455591e+02 +3.862755591e+02 +3.862755591e+02 -4.0751e-01 -1.6629e+00 -3.5713e+00
4 0 +4.072279556e+01 +1.134527956e+02 +1.134527956e+02 +1.5089e+00 -4.4359e+00 +2.2200e+00
159 0 +1.991979332e+01 +9.264979332e+01 +9.264979332e+01 +8.0687e-01 -1.2772e+00 +2.0632e+00
632 0 +1.319486395e+01 +8.592486395e+01 +8.592486395e+01 +6.3785e-01 -2.3967e+00 +1.7806e+00
724 0 +8.029271942e+00 +8.075927194e+01 +8.075927194e+01 +1.6192e+00 -2.8836e+00 +2.1134e+00
1293 0 +4.003290291e+00 +7.673329029e+01 +7.673329029e+01 +1.6192e+00 -2.8836e+00 +2.0609e+00
1429 0 +2.932632668e+00 +7.566263267e+01 +7.566263267e+01 +2.5797e+00 -1.7421e+00 +1.7599e+00
2230 0 +2.428269949e+00 +7.515826995e+01 +7.515826995e+01 +2.5797e+00 -1.7421e+00 +1.7660e+00
2886 0 +1.211197945e+00 +7.394119794e+01 +7.394119794e+01 +2.5628e+00 -2.8554e+00 +2.0837e+00
3242 0 +1.199898664e+00 +7.392989866e+01 +7.392989866e+01 +2.5628e+00 -2.8554e+00 +2.0843e+00
3445 0 +1.062458597e+00 +7.379245860e+01 +7.379245860e+01 +2.5492e+00 -2.2418e+00 +2.0781e+00
4065 0 +8.135698416e-01 +7.354356984e+01 +7.354356984e+01 +2.5492e+00 -2.2529e+00 +2.0781e+00
4178 0 +9.830111429e-02 +7.282830111e+01 +7.282830111e+01 +2.5839e+00 -2.2821e+00 +2.0849e+00
4407 0 +5.962143885e-02 +7.278962144e+01 +7.278962144e+01 +2.5804e+00 -2.2821e+00 +2.0849e+00
4708 0 +4.965176977e-02 +7.277965177e+01 +7.277965177e+01 +2.5804e+00 -2.2801e+00 +2.0849e+00
5017 0 +3.305804762e-02 +7.276305805e+01 +7.276305805e+01 +2.5802e+00 -2.2834e+00 +2.0889e+00
5130 0 +9.241525966e-03 +7.273924153e+01 +7.273924153e+01 +2.5802e+00 -2.2790e+00 +2.0889e+00
5562 0 +7.034900667e-03 +7.273703490e+01 +7.273703490e+01 +2.5804e+00 -2.2783e+00 +2.0875e+00
5595 0 +6.418634212e-03 +7.273641863e+01 +7.273641863e+01 +2.5817e+00 -2.2783e+00 +2.0875e+00
5661 0 +6.079074415e-03 +7.273607907e+01 +7.273607907e+01 +2.5817e+00 -2.2782e+00 +2.0875e+00
5849 0 +5.812287439e-03 +7.273581229e+01 +7.273581229e+01 +2.5817e+00 -2.2781e+00 +2.0875e+00
5970 0 +3.467598921e-03 +7.273346760e+01 +7.273346760e+01 +2.5817e+00 -2.2754e+00 +2.0875e+00
6021 0 +3.565255497e-04 +7.273035653e+01 +7.273035653e+01 +2.5811e+00 -2.2757e+00 +2.0888e+00
6057 0 +3.393973482e-04 +7.273033940e+01 +7.273033940e+01 +2.5817e+00 -2.2754e+00 +2.0887e+00
6281 0 +3.332427098e-04 +7.273033324e+01 +7.273033324e+01 +2.5817e+00 -2.2754e+00 +2.0887e+00
6465 0 +3.224417554e-04 +7.273032244e+01 +7.273032244e+01 +2.5817e+00 -2.2754e+00 +2.0887e+00
6528 0 +1.977647094e-04 +7.273019776e+01 +7.273019776e+01 +2.5820e+00 -2.2755e+00 +2.0887e+00
6550 0 +1.589096463e-04 +7.273015891e+01 +7.273015891e+01 +2.5820e+00 -2.2756e+00 +2.0888e+00
6623 0 +5.578319892e-05 +7.273005578e+01 +7.273005578e+01 +2.5820e+00 -2.2761e+00 +2.0888e+00
6747 0 +2.679067534e-05 +7.273002679e+01 +7.273002679e+01 +2.5824e+00 -2.2758e+00 +2.0888e+00
6770 0 +1.186737967e-05 +7.273001187e+01 +7.273001187e+01 +2.5824e+00 -2.2761e+00 +2.0888e+00
6827 0 +7.756170319e-06 +7.273000776e+01 +7.273000776e+01 +2.5822e+00 -2.2760e+00 +2.0888e+00
6850 0 +6.677021872e-06 +7.273000668e+01 +7.273000668e+01 +2.5822e+00 -2.2760e+00 +2.0888e+00
6869 0 +1.635105392e-06 +7.273000164e+01 +7.273000164e+01 +2.5824e+00 -2.2760e+00 +2.0888e+00
6891 0 +1.340191147e-06 +7.273000134e+01 +7.273000134e+01 +2.5824e+00 -2.2760e+00 +2.0888e+00
6957 0 +9.170281885e-07 +7.273000092e+01 +7.273000092e+01 +2.5824e+00 -2.2760e+00 +2.0888e+00
7084 0 +3.306337391e-07 +7.273000033e+01 +7.273000033e+01 +2.5824e+00 -2.2760e+00 +2.0888e+00
7145 0 +2.647954034e-07 +7.273000026e+01 +7.273000026e+01 +2.5824e+00 -2.2760e+00 +2.0888e+00
7193 0 +1.196392816e-07 +7.273000012e+01 +7.273000012e+01 +2.5824e+00 -2.2760e+00 +2.0888e+00
7233 0 +1.168821200e-07 +7.273000012e+01 +7.273000012e+01 +2.5824e+00 -2.2760e+00 +2.0888e+00
7291 0 +1.033911730e-07 +7.273000010e+01 +7.273000010e+01 +2.5824e+00 -2.2760e+00 +2.0888e+00
7310 0 +4.484037675e-08 +7.273000004e+01 +7.273000004e+01 +2.5824e+00 -2.2760e+00 +2.0888e+00
7384 0 +6.780140893e-09 +7.273000001e+01 +7.273000001e+01 +2.5824e+00 -2.2760e+00 +2.0888e+00
8187 0 +7.531752999e-13 +7.273000000e+01 +7.273000000e+01 +2.5824e+00 -2.2760e+00 +2.0888e+00
8519 0 +0.000000000e+00 +7.273000000e+01 +7.273000000e+01 +2.5824e+00 -2.2760e+00 +2.0888e+00
12002 0 +0.000000000e+00 +7.273000000e+01 +7.273000000e+01 +2.5824e+00 -2.2760e+00 +2.0888e+00
% f evaluations | g evaluations | best noise-free fitness - Fopt (1.368700000000e+02) + sum g_i+ | measured fitness | best measured fitness or single-digit g-values | x1 | x2...
1 0 +1.951224305e+02 +3.319924305e+02 +3.319924305e+02 +2.9654e+00 -3.1657e+00 +2.7969e+00
14 0 +6.403639941e+01 +2.009063994e+02 +2.009063994e+02 +1.8326e+00 +1.1000e+00 +3.3319e+00
20 0 +5.017966202e+01 +1.870496620e+02 +1.870496620e+02 +2.0834e-01 +4.6117e+00 +3.4453e+00
27 0 +1.105559076e+01 +1.479255908e+02 +1.479255908e+02 +1.5108e+00 +4.1496e+00 +3.5004e+00
894 0 +1.081957388e+01 +1.476895739e+02 +1.476895739e+02 +1.5511e+00 +4.1496e+00 +3.5004e+00
1218 0 +6.071937584e+00 +1.429419376e+02 +1.429419376e+02 +1.5511e+00 +4.1496e+00 +3.5504e+00
1441 0 +3.847288610e+00 +1.407172886e+02 +1.407172886e+02 +2.4666e+00 +4.1659e+00 +3.8498e+00
1742 0 +3.197395485e+00 +1.400673955e+02 +1.400673955e+02 +2.4666e+00 +4.1489e+00 +3.8498e+00
1979 0 +2.866890479e+00 +1.397368905e+02 +1.397368905e+02 +2.4874e+00 +3.6186e+00 +3.5324e+00
2136 0 +2.699864794e+00 +1.395698648e+02 +1.395698648e+02 +2.5569e+00 +3.5958e+00 +3.5452e+00
2423 0 +1.245150394e+00 +1.381151504e+02 +1.381151504e+02 +2.5436e+00 +3.6130e+00 +3.8520e+00
2638 0 +1.048216215e+00 +1.379182162e+02 +1.379182162e+02 +2.5234e+00 +3.6096e+00 +3.8509e+00
2888 0 +1.032124754e+00 +1.379021248e+02 +1.379021248e+02 +2.5234e+00 +3.6096e+00 +3.8517e+00
3068 0 +9.645948886e-01 +1.378345949e+02 +1.378345949e+02 +3.4398e+00 +3.6096e+00 +3.8517e+00
3356 0 +8.346658181e-01 +1.377046658e+02 +1.377046658e+02 +3.4460e+00 +3.6096e+00 +3.8517e+00
3689 0 +1.469017680e-01 +1.370169018e+02 +1.370169018e+02 +3.4896e+00 +3.6091e+00 +3.8540e+00
3938 0 +4.438214094e-02 +1.369143821e+02 +1.369143821e+02 +3.5072e+00 +3.6096e+00 +3.8517e+00
4831 0 +3.500263474e-02 +1.369050026e+02 +1.369050026e+02 +3.5119e+00 +3.6096e+00 +3.8517e+00
4837 0 +2.958390501e-02 +1.368995839e+02 +1.368995839e+02 +3.5104e+00 +3.6177e+00 +3.8554e+00
5033 0 +2.564066646e-02 +1.368956407e+02 +1.368956407e+02 +3.5104e+00 +3.6177e+00 +3.8548e+00
5292 0 +2.463135248e-02 +1.368946314e+02 +1.368946314e+02 +3.5104e+00 +3.6175e+00 +3.8548e+00
5397 0 +2.444788209e-02 +1.368944479e+02 +1.368944479e+02 +3.5104e+00 +3.6175e+00 +3.8549e+00
5662 0 +1.449537123e-02 +1.368844954e+02 +1.368844954e+02 +3.5073e+00 +3.6120e+00 +3.8542e+00
5682 0 +5.466250615e-04 +1.368705466e+02 +1.368705466e+02 +3.5148e+00 +3.6124e+00 +3.8552e+00
5839 0 +5.097014727e-04 +1.368705097e+02 +1.368705097e+02 +3.5148e+00 +3.6124e+00 +3.8552e+00
5900 0 +4.060095856e-04 +1.368704060e+02 +1.368704060e+02 +3.5148e+00 +3.6121e+00 +3.8552e+00
6085 0 +3.129874557e-04 +1.368703130e+02 +1.368703130e+02 +3.5155e+00 +3.6121e+00 +3.8549e+00
6183 0 +1.795067094e-04 +1.368701795e+02 +1.368701795e+02 +3.5161e+00 +3.6121e+00 +3.8550e+00
6280 0 +1.692585705e-04 +1.368701693e+02 +1.368701693e+02 +3.5155e+00 +3.6119e+00 +3.8550e+00
6353 0 +1.151950234e-04 +1.368701152e+02 +1.368701152e+02 +3.5155e+00 +3.6121e+00 +3.8551e+00
6373 0 +6.651534480e-05 +1.368700665e+02 +1.368700665e+02 +3.5160e+00 +3.6121e+00 +3.8550e+00
6548 0 +6.395066430e-05 +1.368700640e+02 +1.368700640e+02 +3.5156e+00 +3.6121e+00 +3.8551e+00
6557 0 +1.333579132e-05 +1.368700133e+02 +1.368700133e+02 +3.5159e+00 +3.6121e+00 +3.8552e+00
6577 0 +3.832689544e-06 +1.368700038e+02 +1.368700038e+02 +3.5160e+00 +3.6121e+00 +3.8552e+00
6720 0 +3.735563411e-06 +1.368700037e+02 +1.368700037e+02 +3.5160e+00 +3.6121e+00 +3.8552e+00
6812 0 +3.569608367e-06 +1.368700036e+02 +1.368700036e+02 +3.5160e+00 +3.6121e+00 +3.8552e+00
6815 0 +1.626747235e-07 +1.368700002e+02 +1.368700002e+02 +3.5160e+00 +3.6120e+00 +3.8552e+00
7033 0 +1.613987877e-07 +1.368700002e+02 +1.368700002e+02 +3.5160e+00 +3.6120e+00 +3.8552e+00
7054 0 +1.436115440e-07 +1.368700001e+02 +1.368700001e+02 +3.5160e+00 +3.6120e+00 +3.8552e+00
7134 0 +5.963056537e-08 +1.368700001e+02 +1.368700001e+02 +3.5160e+00 +3.6120e+00 +3.8552e+00
7309 0 +3.404119298e-08 +1.368700000e+02 +1.368700000e+02 +3.5160e+00 +3.6120e+00 +3.8552e+00
7404 0 +3.054017839e-08 +1.368700000e+02 +1.368700000e+02 +3.5160e+00 +3.6120e+00 +3.8552e+00
7410 0 +2.264226850e-08 +1.368700000e+02 +1.368700000e+02 +3.5160e+00 +3.6120e+00 +3.8552e+00
7425 0 +6.884903314e-09 +1.368700000e+02 +1.368700000e+02 +3.5160e+00 +3.6120e+00 +3.8552e+00
8224 0 +8.526512829e-13 +1.368700000e+02 +1.368700000e+02 +3.5160e+00 +3.6120e+00 +3.8552e+00
8594 0 +0.000000000e+00 +1.368700000e+02 +1.368700000e+02 +3.5160e+00 +3.6120e+00 +3.8552e+00
12002 0 +0.000000000e+00 +1.368700000e+02 +1.368700000e+02 +3.5160e+00 +3.6120e+00 +3.8552e+00
% f evaluations | g evaluations | best noise-free fitness - Fopt (2.196000000000e+01) + sum g_i+ | measured fitness | best measured fitness or single-digit g-values | x1 | x2...
1 0 +1.483813054e+03 +1.505773054e+03 +1.505773054e+03 +2.9654e+00 -3.1657e+00 +2.7969e+00
2 0 +3.257688540e+02 +3.477288540e+02 +3.477288540e+02 +9.6850e-01 -5.4167e-01 -4.0003e+00
3 0 +2.992174778e+02 +3.211774778e+02 +3.211774778e+02 -4.0751e-01 -1.6629e+00 -3.5713e+00
7 0 +1.671427730e+02 +1.891027730e+02 +1.891027730e+02 -4.7694e+00 +2.4775e-01 -1.0014e+00
9 0 +1.425229266e+02 +1.644829266e+02 +1.644829266e+02 -4.0939e+00 +1.1839e+00 -1.1754e+00
19 0 +1.750292682e+01 +3.946292682e+01 +3.946292682e+01 +2.2727e+00 -1.7346e+00 +7.0444e-01
109 0 +1.326996478e+01 +3.522996478e+01 +3.522996478e+01 +2.2727e+00 -6.2598e-01 +7.0444e-01
421 0 +9.485986212e+00 +3.144598621e+01 +3.144598621e+01 +1.3548e+00 -1.2140e+00 +1.0228e+00
966 0 +6.562892174e+00 +2.852289217e+01 +2.852289217e+01 +3.2362e+00 -1.6845e+00 +1.6773e+00
1340 0 +2.439172146e+00 +2.439917215e+01 +2.439917215e+01 +2.3269e+00 -6.2912e-01 +1.3776e+00
1442 0 +2.122539233e+00 +2.408253923e+01 +2.408253923e+01 +3.2362e+00 -1.2405e+00 +1.6773e+00
2233 0 +8.321938798e-01 +2.279219388e+01 +2.279219388e+01 +3.2956e+00 -6.3201e-01 +1.6736e+00
2301 0 +7.601195826e-01 +2.272011958e+01 +2.272011958e+01 +3.2956e+00 -6.3201e-01 +1.6747e+00
3002 0 +1.399517365e-01 +2.209995174e+01 +2.209995174e+01 +3.2956e+00 -6.3201e-01 +1.6888e+00
3570 0 +1.287310685e-01 +2.208873107e+01 +2.208873107e+01 +3.2956e+00 -6.3645e-01 +1.6888e+00
4357 0 +5.521276535e-02 +2.201521277e+01 +2.201521277e+01 +3.2836e+00 -6.3645e-01 +1.6888e+00
5235 0 +2.461059191e-03 +2.196246106e+01 +2.196246106e+01 +3.2936e+00 -6.3481e-01 +1.6919e+00
5561 0 +5.106785240e-04 +2.196051068e+01 +2.196051068e+01 +3.2920e+00 -6.3597e-01 +1.6927e+00
5660 0 +1.303481670e-04 +2.196013035e+01 +2.196013035e+01 +3.2928e+00 -6.3597e-01 +1.6927e+00
5868 0 +9.005796458e-05 +2.196009006e+01 +2.196009006e+01 +3.2936e+00 -6.3613e-01 +1.6926e+00
5928 0 +3.119544399e-05 +2.196003120e+01 +2.196003120e+01 +3.2936e+00 -6.3613e-01 +1.6927e+00
6132 0 +2.957930243e-05 +2.196002958e+01 +2.196002958e+01 +3.2936e+00 -6.3612e-01 +1.6927e+00
6412 0 +3.698268372e-06 +2.196000370e+01 +2.196000370e+01 +3.2935e+00 -6.3597e-01 +1.6928e+00
6514 0 +3.297121221e-06 +2.196000330e+01 +2.196000330e+01 +3.2935e+00 -6.3599e-01 +1.6928e+00
6787 0 +2.735528998e-06 +2.196000274e+01 +2.196000274e+01 +3.2935e+00 -6.3602e-01 +1.6928e+00
6872 0 +2.200523568e-06 +2.196000220e+01 +2.196000220e+01 +3.2936e+00 -6.3595e-01 +1.6928e+00
6912 0 +9.959321190e-07 +2.196000100e+01 +2.196000100e+01 +3.2936e+00 -6.3597e-01 +1.6928e+00
6998 0 +9.607633302e-07 +2.196000096e+01 +2.196000096e+01 +3.2936e+00 -6.3596e-01 +1.6928e+00
6999 0 +7.116295961e-07 +2.196000071e+01 +2.196000071e+01 +3.2936e+00 -6.3597e-01 +1.6928e+00
7083 0 +4.550445709e-08 +2.196000005e+01 +2.196000005e+01 +3.2936e+00 -6.3601e-01 +1.6928e+00
7225 0 +3.908340673e-08 +2.196000004e+01 +2.196000004e+01 +3.2936e+00 -6.3601e-01 +1.6928e+00
7245 0 +2.794897824e-08 +2.196000003e+01 +2.196000003e+01 +3.2936e+00 -6.3601e-01 +1.6928e+00
7321 0 +2.654035924e-08 +2.196000003e+01 +2.196000003e+01 +3.2936e+00 -6.3600e-01 +1.6928e+00
7379 0 +7.763880205e-09 +2.196000001e+01 +2.196000001e+01 +3.2936e+00 -6.3600e-01 +1.6928e+00
8176 0 +7.318590178e-13 +2.196000000e+01 +2.196000000e+01 +3.2936e+00 -6.3600e-01 +1.6928e+00
8569 0 +0.000000000e+00 +2.196000000e+01 +2.196000000e+01 +3.2936e+00 -6.3600e-01 +1.6928e+00
12002 0 +0.000000000e+00 +2.196000000e+01 +2.196000000e+01 +3.2936e+00 -6.3600e-01 +1.6928e+00
% f evaluations | g evaluations | best noise-free fitness - Fopt (-2.139000000000e+01) + sum g_i+ | measured fitness | best measured fitness or single-digit g-values | x1 | x2...
1 0 +2.482260418e+03 +2.460870418e+03 +2.460870418e+03 +2.9654e+00 -3.1657e+00 +2.7969e+00
2 0 +3.048059402e+02 +2.834159402e+02 +2.834159402e+02 +9.6850e-01 -5.4167e-01 -4.0003e+00
7 0 +1.686134812e+02 +1.472234812e+02 +1.472234812e+02 -4.7694e+00 +2.4775e-01 -1.0014e+00
9 0 +1.143195850e+02 +9.292958495e+01 +9.292958495e+01 -4.0939e+00 +1.1839e+00 -1.1754e+00
19 0 +8.642363947e+01 +6.503363947e+01 +6.503363947e+01 +2.2727e+00 -1.7346e+00 +7.0444e-01
21 0 +4.295952932e+01 +2.156952932e+01 +2.156952932e+01 +2.4732e+00 +3.9692e-01 +8.6751e-01
29 0 +4.105019181e+01 +1.966019181e+01 +1.966019181e+01 +1.6884e+00 +1.6592e+00 +9.1298e-01
109 0 +3.892481893e+01 +1.753481893e+01 +1.753481893e+01 +2.2727e+00 +5.7034e-01 +7.0444e-01
141 0 +3.518393831e+01 +1.379393831e+01 +1.379393831e+01 +1.3435e+00 +1.8071e+00 +5.8695e-01
231 0 +2.641380973e+01 +5.023809727e+00 +5.023809727e+00 +1.3435e+00 +1.8071e+00 +3.8389e-01
580 0 +2.507380681e+01 +3.683806811e+00 +3.683806811e+00 +1.2521e+00 +1.2956e+00 +5.2909e-01
632 0 +1.270815255e+01 -8.681847449e+00 -8.681847449e+00 +9.8784e-01 +3.3108e+00 +1.1279e+00
1139 0 +6.351606878e+00 -1.503839312e+01 -1.503839312e+01 +3.1894e+00 +2.7536e+00 +4.2072e-01
1219 0 +4.881316657e+00 -1.650868334e+01 -1.650868334e+01 +3.1894e+00 +2.8144e+00 +4.2072e-01
1670 0 +2.151533334e+00 -1.923846667e+01 -1.923846667e+01 +3.1894e+00 +3.3108e+00 +1.1279e+00
1818 0 +1.052848361e+00 -2.033715164e+01 -2.033715164e+01 +3.1894e+00 +3.3347e+00 +1.1279e+00
2887 0 +1.024628245e+00 -2.036537175e+01 -2.036537175e+01 +3.1944e+00 +3.3347e+00 +1.1279e+00
3114 0 +7.617664858e-01 -2.062823351e+01 -2.062823351e+01 +3.1822e+00 +2.8302e+00 +1.1213e+00
3230 0 +6.317077626e-01 -2.075829224e+01 -2.075829224e+01 +3.1822e+00 +2.8302e+00 +1.1281e+00
3355 0 +1.057898995e-01 -2.128421010e+01 -2.128421010e+01 +3.2003e+00 +2.7902e+00 +1.1279e+00
3887 0 +5.007175288e-02 -2.133992825e+01 -2.133992825e+01 +3.2007e+00 +2.7941e+00 +1.1279e+00
3977 0 +2.125560096e-02 -2.136874440e+01 -2.136874440e+01 +3.1962e+00 +2.8014e+00 +1.1280e+00
4026 0 +1.787023208e-02 -2.137212977e+01 -2.137212977e+01 +3.1981e+00 +2.8014e+00 +1.1280e+00
4262 0 +8.995120418e-03 -2.138100488e+01 -2.138100488e+01 +3.1981e+00 +2.8014e+00 +1.1295e+00
4450 0 +5.635144516e-03 -2.138436486e+01 -2.138436486e+01 +3.2007e+00 +2.8003e+00 +1.1298e+00
4989 0 +4.174270799e-03 -2.138582573e+01 -2.138582573e+01 +3.2017e+00 +2.8003e+00 +1.1298e+00
5177 0 +2.080994119e-03 -2.138791901e+01 -2.138791901e+01 +3.2017e+00 +2.8016e+00 +1.1298e+00
5357 0 +1.972570827e-03 -2.138802743e+01 -2.138802743e+01 +3.2017e+00 +2.8016e+00 +1.1299e+00
5529 0 +9.954170978e-04 -2.138900458e+01 -2.138900458e+01 +3.2039e+00 +2.8016e+00 +1.1299e+00
5661 0 +8.311200863e-04 -2.138916888e+01 -2.138916888e+01 +3.2039e+00 +2.8018e+00 +1.1299e+00
5709 0 +3.594933394e-04 -2.138964051e+01 -2.138964051e+01 +3.2034e+00 +2.8031e+00 +1.1303e+00
5850 0 +1.271443803e-04 -2.138987286e+01 -2.138987286e+01 +3.2039e+00 +2.8024e+00 +1.1301e+00
6136 0 +1.199735424e-04 -2.138988003e+01 -2.138988003e+01 +3.2036e+00 +2.8021e+00 +1.1304e+00
6157 0 +9.179789292e-05 -2.138990820e+01 -2.138990820e+01 +3.2038e+00 +2.8028e+00 +1.1304e+00
6292 0 +7.588038651e-05 -2.138992412e+01 -2.138992412e+01 +3.2035e+00 +2.8022e+00 +1.1304e+00
6294 0 +7.045214325e-06 -2.138999295e+01 -2.138999295e+01 +3.2038e+00 +2.8024e+00 +1.1304e+00
6577 0 +6.270623317e-06 -2.138999373e+01 -2.138999373e+01 +3.2038e+00 +2.8024e+00 +1.1304e+00
6695 0 +5.152946773e-06 -2.138999485e+01 -2.138999485e+01 +3.2039e+00 +2.8023e+00 +1.1304e+00
6820 0 +1.574666587e-06 -2.138999843e+01 -2.138999843e+01 +3.2040e+00 +2.8024e+00 +1.1304e+00
6888 0 +7.767156198e-07 -2.138999922e+01 -2.138999922e+01 +3.2040e+00 +2.8024e+00 +1.1304e+00
6954 0 +7.204070265e-07 -2.138999928e+01 -2.138999928e+01 +3.2040e+00 +2.8024e+00 +1.1304e+00
6966 0 +2.122540721e-07 -2.138999979e+01 -2.138999979e+01 +3.2040e+00 +2.8024e+00 +1.1304e+00
7009 0 +1.683020869e-07 -2.138999983e+01 -2.138999983e+01 +3.2040e+00 +2.8024e+00 +1.1304e+00
7030 0 +1.565262551e-07 -2.138999984e+01 -2.138999984e+01 +3.2040e+00 +2.8024e+00 +1.1304e+00
7054 0 +9.274224411e-08 -2.138999991e+01 -2.138999991e+01 +3.2040e+00 +2.8024e+00 +1.1304e+00
7114 0 +6.855211510e-08 -2.138999993e+01 -2.138999993e+01 +3.2040e+00 +2.8024e+00 +1.1304e+00
7154 0 +3.277287064e-08 -2.138999997e+01 -2.138999997e+01 +3.2040e+00 +2.8024e+00 +1.1304e+00
7174 0 +1.310363018e-08 -2.138999999e+01 -2.138999999e+01 +3.2040e+00 +2.8024e+00 +1.1304e+00
7349 0 +7.625200027e-09 -2.138999999e+01 -2.138999999e+01 +3.2040e+00 +2.8024e+00 +1.1304e+00
8090 0 +6.679101716e-13 -2.139000000e+01 -2.139000000e+01 +3.2040e+00 +2.8024e+00 +1.1304e+00
8514 0 +0.000000000e+00 -2.139000000e+01 -2.139000000e+01 +3.2040e+00 +2.8024e+00 +1.1304e+00
12002 0 +0.000000000e+00 -2.139000000e+01 -2.139000000e+01 +3.2040e+00 +2.8024e+00 +1.1304e+00
% f evaluations | g evaluations | best noise-free fitness - Fopt (5.176600000000e+02) + sum g_i+ | measured fitness | best measured fitness or single-digit g-values | x1 | x2...
1 0 +5.483308860e+03 +6.000968860e+03 +6.000968860e+03 +2.9654e+00 -3.1657e+00 +2.7969e+00
2 0 +3.010090326e+02 +8.186690326e+02 +8.186690326e+02 +9.6850e-01 -5.4167e-01 -4.0003e+00
7 0 +1.675522685e+02 +6.852122685e+02 +6.852122685e+02 -4.7694e+00 +2.4775e-01 -1.0014e+00
9 0 +1.420671796e+02 +6.597271796e+02 +6.597271796e+02 -4.0939e+00 +1.1839e+00 -1.1754e+00
12 0 +1.261660779e+02 +6.438260779e+02 +6.438260779e+02 +4.4220e+00 +6.3288e-01 -1.1458e+00
30 0 +1.160902596e+02 +6.337502596e+02 +6.337502596e+02 -2.2528e+00 +6.1243e-01 -1.1707e+00
34 0 +1.019178403e+02 +6.195778403e+02 +6.195778403e+02 -2.9828e+00 +3.9576e+00 -2.4630e-01
38 0 +9.906229174e+01 +6.167222917e+02 +6.167222917e+02 +3.8047e+00 +1.2435e+00 -2.0437e+00
51 0 +5.140834414e+01 +5.690683441e+02 +5.690683441e+02 +1.3435e+00 +1.8071e+00 +3.0935e-01
76 0 +3.850056246e+01 +5.561605625e+02 +5.561605625e+02 +8.9871e-01 +4.7889e+00 -1.3258e-01
166 0 +3.792384734e+01 +5.555838473e+02 +5.555838473e+02 +8.9871e-01 +4.3796e+00 -1.3258e-01
326 0 +1.110491914e+01 +5.287649191e+02 +5.287649191e+02 +2.1115e+00 +3.0950e+00 +2.8886e-01
586 0 +1.078040030e+01 +5.284404003e+02 +5.284404003e+02 +2.1115e+00 +3.2455e+00 +2.8886e-01
1166 0 +1.063276257e+01 +5.282927626e+02 +5.282927626e+02 +2.1069e+00 +3.2455e+00 +2.8886e-01
1237 0 +9.998468430e+00 +5.276584684e+02 +5.276584684e+02 +1.9630e+00 +2.5565e+00 -1.1927e-01
1347 0 +5.151487332e+00 +5.228114873e+02 +5.228114873e+02 +2.7904e+00 +3.1918e+00 +5.8859e-01
1502 0 +1.531837616e+00 +5.191918376e+02 +5.191918376e+02 +2.9200e+00 +3.1918e+00 +5.8859e-01
2034 0 +1.494436045e+00 +5.191544360e+02 +5.191544360e+02 +2.8597e+00 +3.1754e+00 +5.8414e-01
2377 0 +1.092869335e+00 +5.187528693e+02 +5.187528693e+02 +2.8954e+00 +3.1754e+00 +5.8414e-01
3441 0 +7.642742100e-01 +5.184242742e+02 +5.184242742e+02 +3.8264e+00 +3.1619e+00 +5.8786e-01
3656 0 +6.298169499e-01 +5.182898169e+02 +5.182898169e+02 +3.8368e+00 +3.1619e+00 +5.8786e-01
3708 0 +5.864388983e-01 +5.182464389e+02 +5.182464389e+02 +3.8368e+00 +3.1660e+00 +5.8786e-01
4207 0 +3.305466703e-01 +5.179905467e+02 +5.179905467e+02 +3.8499e+00 +3.1722e+00 +5.9066e-01
4577 0 +1.797096203e-01 +5.178397096e+02 +5.178397096e+02 +3.8791e+00 +3.1891e+00 +5.8899e-01
4617 0 +1.598346179e-01 +5.178198346e+02 +5.178198346e+02 +3.8774e+00 +3.1696e+00 +5.8234e-01
4697 0 +7.501927442e-03 +5.176675019e+02 +5.176675019e+02 +3.8857e+00 +3.1739e+00 +5.8947e-01
4779 0 +1.815177455e-03 +5.176618152e+02 +5.176618152e+02 +3.8857e+00 +3.1739e+00 +5.9104e-01
5486 0 +1.286095573e-03 +5.176612861e+02 +5.176612861e+02 +3.8857e+00 +3.1735e+00 +5.9104e-01
5621 0 +1.112101828e-03 +5.176611121e+02 +5.176611121e+02 +3.8858e+00 +3.1733e+00 +5.9107e-01
5711 0 +7.196240042e-04 +5.176607196e+02 +5.176607196e+02 +3.8875e+00 +3.1731e+00 +5.9069e-01
5774 0 +1.852966042e-04 +5.176601853e+02 +5.176601853e+02 +3.8875e+00 +3.1731e+00 +5.9097e-01
5805 0 +1.505300854e-04 +5.176601505e+02 +5.176601505e+02 +3.8875e+00 +3.1731e+00 +5.9104e-01
5927 0 +1.100790188e-04 +5.176601101e+02 +5.176601101e+02 +3.8875e+00 +3.1731e+00 +5.9112e-01
6102 0 +7.057662310e-05 +5.176600706e+02 +5.176600706e+02 +3.8875e+00 +3.1728e+00 +5.9112e-01
6112 0 +5.801777695e-05 +5.176600580e+02 +5.176600580e+02 +3.8876e+00 +3.1728e+00 +5.9110e-01
6140 0 +4.808162453e-05 +5.176600481e+02 +5.176600481e+02 +3.8876e+00 +3.1728e+00 +5.9113e-01
6168 0 +1.356747350e-05 +5.176600136e+02 +5.176600136e+02 +3.8879e+00 +3.1728e+00 +5.9113e-01
6226 0 +1.347011801e-05 +5.176600135e+02 +5.176600135e+02 +3.8877e+00 +3.1728e+00 +5.9119e-01
6278 0 +1.192812715e-05 +5.176600119e+02 +5.176600119e+02 +3.8879e+00 +3.1728e+00 +5.9114e-01
6326 0 +4.038533689e-06 +5.176600040e+02 +5.176600040e+02 +3.8880e+00 +3.1729e+00 +5.9117e-01
6352 0 +3.847527410e-06 +5.176600038e+02 +5.176600038e+02 +3.8880e+00 +3.1729e+00 +5.9117e-01
6514 0 +6.551373417e-07 +5.176600007e+02 +5.176600007e+02 +3.8880e+00 +3.1728e+00 +5.9119e-01
6684 0 +5.342029681e-07 +5.176600005e+02 +5.176600005e+02 +3.8880e+00 +3.1728e+00 +5.9119e-01
6731 0 +5.046734941e-07 +5.176600005e+02 +5.176600005e+02 +3.8880e+00 +3.1728e+00 +5.9120e-01
6823 0 +3.243910669e-07 +5.176600003e+02 +5.176600003e+02 +3.8880e+00 +3.1728e+00 +5.9120e-01
6830 0 +2.851952559e-07 +5.176600003e+02 +5.176600003e+02 +3.8880e+00 +3.1728e+00 +5.9120e-01
6852 0 +2.726211505e-07 +5.176600003e+02 +5.176600003e+02 +3.8880e+00 +3.1728e+00 +5.9120e-01
6872 0 +2.340046876e-07 +5.176600002e+02 +5.176600002e+02 +3.8880e+00 +3.1728e+00 +5.9119e-01
6894 0 +1.153573521e-07 +5.176600001e+02 +5.176600001e+02 +3.8880e+00 +3.1728e+00 +5.9119e-01
6962 0 +4.764069672e-08 +5.176600000e+02 +5.176600000e+02 +3.8880e+00 +3.1728e+00 +5.9120e-01
6984 0 +4.375624485e-08 +5.176600000e+02 +5.176600000e+02 +3.8880e+00 +3.1728e+00 +5.9120e-01
7026 0 +1.889020496e-08 +5.176600000e+02 +5.176600000e+02 +3.8880e+00 +3.1728e+00 +5.9120e-01
7068 0 +1.642433745e-08 +5.176600000e+02 +5.176600000e+02 +3.8880e+00 +3.1728e+00 +5.9120e-01
7167 0 +1.578746378e-08 +5.176600000e+02 +5.176600000e+02 +3.8880e+00 +3.1728e+00 +5.9120e-01
7183 0 +3.261675374e-09 +5.176600000e+02 +5.176600000e+02 +3.8880e+00 +3.1728e+00 +5.9120e-01
8049 0 +1.136868377e-13 +5.176600000e+02 +5.176600000e+02 +3.8880e+00 +3.1728e+00 +5.9120e-01
8204 0 +0.000000000e+00 +5.176600000e+02 +5.176600000e+02 +3.8880e+00 +3.1728e+00 +5.9120e-01
12002 0 +0.000000000e+00 +5.176600000e+02 +5.176600000e+02 +3.8880e+00 +3.1728e+00 +5.9120e-01
