% f evaluations | g evaluations | best noise-free fitness - Fopt (1.491500000000e+02) + sum g_i+ | measured fitness | best measured fitness or single-digit g-values | x1 | x2...
1 0 +3.226642092e+04 +3.241557092e+04 +3.241557092e+04 +2.9654e+00 -3.1657e+00
2 0 +1.563175869e+04 +1.578090869e+04 +1.578090869e+04 +2.7969e+00 +9.6850e-01
3 0 +8.372749240e+02 +9.864249240e+02 +9.864249240e+02 -5.4167e-01 -4.0003e+00
4 0 +5.076368096e+01 +1.999136810e+02 +1.999136810e+02 -4.0751e-01 -1.6629e+00
21 0 +1.670881738e+00 +1.508208817e+02 +1.508208817e+02 +1.1000e+00 +3.3319e+00
143 0 +1.434039648e+00 +1.505840396e+02 +1.505840396e+02 -7.4844e-01 -1.3743e+00
187 0 +9.541993193e-01 +1.501041993e+02 +1.501041993e+02 +4.1789e-01 +7.1374e-01
242 0 +6.263714746e-01 +1.497763715e+02 +1.497763715e+02 -4.0751e-01 -1.0222e+00
459 0 +5.927715135e-01 +1.497427715e+02 +1.497427715e+02 -5.1538e-01 -1.0177e+00
528 0 +3.227710070e-01 +1.494727710e+02 +1.494727710e+02 -4.9593e-01 -1.0222e+00
748 0 +1.717091330e-01 +1.493217091e+02 +1.493217091e+02 -4.6791e-01 -1.0222e+00
918 0 +1.603243329e-01 +1.493103243e+02 +1.493103243e+02 +8.1331e-02 -4.1456e-02
1016 0 +1.085864720e-01 +1.492585865e+02 +1.492585865e+02 +1.9362e-01 +1.6713e-01
1073 0 +6.274543959e-02 +1.492127454e+02 +1.492127454e+02 +1.0035e-01 -1.5862e-02
1122 0 +1.903145370e-02 +1.491690315e+02 +1.491690315e+02 +8.1331e-02 -7.7120e-02
2279 0 +5.585054650e-03 +1.491555851e+02 +1.491555851e+02 -1.7253e-02 -2.8703e-01
2921 0 +1.712132540e-03 +1.491517121e+02 +1.491517121e+02 -1.3982e-02 -2.8703e-01
4916 0 +1.636045231e-03 +1.491516360e+02 +1.491516360e+02 -3.3257e-02 -3.2303e-01
5035 0 +1.153361241e-03 +1.491511534e+02 +1.491511534e+02 -8.9077e-02 -4.3765e-01
5055 0 +8.515676102e-04 +1.491508516e+02 +1.491508516e+02 -8.1944e-02 -4.2241e-01
5113 0 +7.761371765e-04 +1.491507761e+02 +1.491507761e+02 -3.6919e-02 -3.3180e-01
5205 0 +1.516776318e-04 +1.491501517e+02 +1.491501517e+02 -6.5845e-02 -3.9136e-01
5327 0 +6.894523517e-05 +1.491500689e+02 +1.491500689e+02 -6.2432e-02 -3.8562e-01
5445 0 +4.381386347e-05 +1.491500438e+02 +1.491500438e+02 -4.9398e-02 -3.5948e-01
5451 0 +3.864331771e-05 +1.491500386e+02 +1.491500386e+02 -4.9672e-02 -3.6000e-01
5520 0 +2.012801454e-05 +1.491500201e+02 +1.491500201e+02 -5.0761e-02 -3.6184e-01
5545 0 +1.577291306e-05 +1.491500158e+02 +1.491500158e+02 -5.8937e-02 -3.7839e-01
5605 0 +1.201408691e-05 +1.491500120e+02 +1.491500120e+02 -5.8263e-02 -3.7676e-01
5690 0 +1.061430876e-05 +1.491500106e+02 +1.491500106e+02 -5.8241e-02 -3.7676e-01
5702 0 +9.409353993e-06 +1.491500094e+02 +1.491500094e+02 -5.8267e-02 -3.7692e-01
5706 0 +9.301071259e-06 +1.491500093e+02 +1.491500093e+02 -5.7575e-02 -3.7535e-01
5717 0 +2.443935500e-06 +1.491500024e+02 +1.491500024e+02 -5.6490e-02 -3.7347e-01
5843 0 +5.376388970e-07 +1.491500005e+02 +1.491500005e+02 -5.5916e-02 -3.7225e-01
5874 0 +5.104313914e-07 +1.491500005e+02 +1.491500005e+02 -5.5477e-02 -3.7129e-01
5888 0 +3.704260791e-07 +1.491500004e+02 +1.491500004e+02 -5.5028e-02 -3.7051e-01
5961 0 +1.312728557e-07 +1.491500001e+02 +1.491500001e+02 -5.4910e-02 -3.7024e-01
5973 0 +1.191746151e-07 +1.491500001e+02 +1.491500001e+02 -5.5545e-02 -3.7149e-01
5992 0 +2.365567298e-08 +1.491500000e+02 +1.491500000e+02 -5.5166e-02 -3.7075e-01
6093 0 +2.226741458e-08 +1.491500000e+02 +1.491500000e+02 -5.5349e-02 -3.7110e-01
6095 0 +4.241996976e-09 +1.491500000e+02 +1.491500000e+02 -5.5236e-02 -3.7088e-01
6451 0 +5.684341886e-13 +1.491500000e+02 +1.491500000e+02 -5.5200e-02 -3.7080e-01
6646 0 +0.000000000e+00 +1.491500000e+02 +1.491500000e+02 -5.5200e-02 -3.7080e-01
8001 0 +0.000000000e+00 +1.491500000e+02 +1.491500000e+02 -5.5200e-02 -3.7080e-01
% f evaluations | g evaluations | best noise-free fitness - Fopt (-1.000000000000e+03) + sum g_i+ | measured fitness | best measured fitness or single-digit g-values | x1 | x2...
1 0 +2.477172274e+05 +2.467172274e+05 +2.467172274e+05 +2.9654e+00 -3.1657e+00
2 0 +1.880892633e+05 +1.870892633e+05 +1.870892633e+05 +2.7969e+00 +9.6850e-01
3 0 +2.283645573e+04 +2.183645573e+04 +2.183645573e+04 -5.4167e-01 -4.0003e+00
4 0 +1.871432554e+04 +1.771432554e+04 +1.771432554e+04 -4.0751e-01 -1.6629e+00
5 0 +1.581832792e+02 -8.418167208e+02 -8.418167208e+02 -3.5713e+00 +1.5089e+00
10 0 +6.412880302e+01 -9.358711970e+02 -9.358711970e+02 -4.7694e+00 +2.4775e-01
20 0 +5.899187753e-01 -9.994100812e+02 -9.994100812e+02 -2.5897e+00 +1.8326e+00
80 0 +1.102302789e-01 -9.998897697e+02 -9.998897697e+02 -2.5553e+00 +1.8326e+00
794 0 +5.201534859e-02 -9.999479847e+02 -9.999479847e+02 -2.6238e+00 +1.6798e+00
841 0 +4.422624853e-02 -9.999557738e+02 -9.999557738e+02 -2.6393e+00 +1.6357e+00
1322 0 +2.731986682e-03 -9.999972680e+02 -9.999972680e+02 -2.8755e+00 +1.1271e+00
3140 0 +6.509542518e-04 -9.999993490e+02 -9.999993490e+02 -2.8734e+00 +1.1271e+00
4608 0 +4.480300109e-04 -9.999995520e+02 -9.999995520e+02 -2.8549e+00 +1.1613e+00
4775 0 +1.434311008e-04 -9.999998566e+02 -9.999998566e+02 -2.8372e+00 +1.1993e+00
4871 0 +1.756203835e-05 -9.999999824e+02 -9.999999824e+02 -2.8478e+00 +1.1770e+00
5121 0 +4.331617447e-06 -9.999999957e+02 -9.999999957e+02 -2.8462e+00 +1.1806e+00
5325 0 +3.867800842e-06 -9.999999961e+02 -9.999999961e+02 -2.8489e+00 +1.1755e+00
5366 0 +1.544943188e-06 -9.999999985e+02 -9.999999985e+02 -2.8492e+00 +1.1745e+00
5456 0 +1.235750346e-06 -9.999999988e+02 -9.999999988e+02 -2.8488e+00 +1.1755e+00
5517 0 +2.677006705e-08 -1.000000000e+03 -1.000000000e+03 -2.8483e+00 +1.1764e+00
5718 0 +2.058288828e-08 -1.000000000e+03 -1.000000000e+03 -2.8481e+00 +1.1769e+00
5736 0 +8.361666914e-09 -1.000000000e+03 -1.000000000e+03 -2.8483e+00 +1.1765e+00
6288 0 +4.547473509e-13 -1.000000000e+03 -1.000000000e+03 -2.8482e+00 +1.1766e+00
6389 0 +0.000000000e+00 -1.000000000e+03 -1.000000000e+03 -2.8482e+00 +1.1766e+00
8001 0 +0.000000000e+00 -1.000000000e+03 -1.000000000e+03 -2.8482e+00 +1.1766e+00
% f evaluations | g evaluations | best noise-free fitness - Fopt (9.862000000000e+01) + sum g_i+ | measured fitness | best measured fitness or single-digit g-values | x1 | x2...
1 0 +5.654765506e+04 +5.664627506e+04 +5.664627506e+04 +2.9654e+00 -3.1657e+00
2 0 +3.264058616e+04 +3.273920616e+04 +3.273920616e+04 +2.7969e+00 +9.6850e-01
3 0 +1.189596939e+03 +1.288216939e+03 +1.288216939e+03 -5.4167e-01 -4.0003e+00
4 0 +2.158508765e+02 +3.144708765e+02 +3.144708765e+02 -4.0751e-01 -1.6629e+00
5 0 +3.653813330e+01 +1.351581333e+02 +1.351581333e+02 -3.5713e+00 +1.5089e+00
32 0 +1.456524119e+01 +1.131852412e+02 +1.131852412e+02 +8.6751e-01 +4.6526e+00
53 0 +8.133221573e+00 +1.067532216e+02 +1.067532216e+02 -3.6067e+00 +1.0442e+00
94 0 +2.494834155e+00 +1.011148342e+02 +1.011148342e+02 -2.0373e+00 -2.1928e+00
140 0 +7.527626670e-01 +9.937276267e+01 +9.937276267e+01 -2.1950e-01 +3.0265e-01
169 0 +1.566516522e-01 +9.877665165e+01 +9.877665165e+01 -6.0663e-01 -7.4548e-01
534 0 +1.340264141e-01 +9.875402641e+01 +9.875402641e+01 -1.1706e+00 -1.7428e+00
611 0 +5.906718464e-03 +9.862590672e+01 +9.862590672e+01 -8.7552e-01 -1.2866e+00
920 0 +4.107855656e-03 +9.862410786e+01 +9.862410786e+01 -7.4987e-01 -1.0308e+00
3304 0 +3.324080718e-03 +9.862332408e+01 +9.862332408e+01 -7.4893e-01 -1.0308e+00
3660 0 +3.165289778e-03 +9.862316529e+01 +9.862316529e+01 -7.9457e-01 -1.1320e+00
4383 0 +2.095387480e-03 +9.862209539e+01 +9.862209539e+01 -7.6218e-01 -1.0583e+00
4417 0 +5.927023280e-05 +9.862005927e+01 +9.862005927e+01 -7.9756e-01 -1.1326e+00
4838 0 +5.089149400e-05 +9.862005089e+01 +9.862005089e+01 -7.9919e-01 -1.1361e+00
5001 0 +1.205331071e-05 +9.862001205e+01 +9.862001205e+01 -8.0182e-01 -1.1411e+00
5138 0 +1.058738175e-05 +9.862001059e+01 +9.862001059e+01 -8.0450e-01 -1.1467e+00
5357 0 +8.898071542e-07 +9.862000089e+01 +9.862000089e+01 -8.0462e-01 -1.1467e+00
5391 0 +5.881956895e-07 +9.862000059e+01 +9.862000059e+01 -8.0501e-01 -1.1473e+00
5402 0 +2.029072732e-08 +9.862000002e+01 +9.862000002e+01 -8.0534e-01 -1.1481e+00
5476 0 +1.986911968e-08 +9.862000002e+01 +9.862000002e+01 -8.0534e-01 -1.1481e+00
5642 0 +1.351133960e-08 +9.862000001e+01 +9.862000001e+01 -8.0518e-01 -1.1477e+00
5742 0 +8.811710472e-09 +9.862000001e+01 +9.862000001e+01 -8.0511e-01 -1.1476e+00
6259 0 +2.557953849e-13 +9.862000000e+01 +9.862000000e+01 -8.0520e-01 -1.1478e+00
6597 0 +0.000000000e+00 +9.862000000e+01 +9.862000000e+01 -8.0520e-01 -1.1478e+00
8001 0 +0.000000000e+00 +9.862000000e+01 +9.862000000e+01 -8.0520e-01 -1.1478e+00
% f evaluations | g evaluations | best noise-free fitness - Fopt (-4.715000000000e+01) + sum g_i+ | measured fitness | best measured fitness or single-digit g-values | x1 | x2...
1 0 +3.929618308e+04 +3.924903308e+04 +3.924903308e+04 +2.9654e+00 -3.1657e+00
2 0 +2.036404508e+04 +2.031689508e+04 +2.031689508e+04 +2.7969e+00 +9.6850e-01
3 0 +7.962196642e+02 +7.490696642e+02 +7.490696642e+02 -5.4167e-01 -4.0003e+00
4 0 +5.098650957e+01 +3.836509571e+00 +3.836509571e+00 -4.0751e-01 -1.6629e+00
36 0 +1.222871554e+01 -3.492128446e+01 -3.492128446e+01 -1.0512e+00 -2.0651e+00
52 0 +1.900348655e+00 -4.524965135e+01 -4.524965135e+01 +6.3276e-01 +1.9552e+00
270 0 +1.572256385e+00 -4.557774361e+01 -4.557774361e+01 -1.3450e+00 -1.8745e+00
297 0 +8.617824281e-01 -4.628821757e+01 -4.628821757e+01 -1.2532e+00 -1.8053e+00
358 0 +1.994643475e-01 -4.695053565e+01 -4.695053565e+01 -7.6968e-01 -1.4945e+00
688 0 +9.552320541e-02 -4.705447679e+01 -4.705447679e+01 -1.0366e-01 -2.7463e-01
1369 0 +5.965555098e-02 -4.709034445e+01 -4.709034445e+01 -5.3698e-01 -1.1842e+00
1800 0 +5.792353615e-02 -4.709207646e+01 -4.709207646e+01 -1.0366e-01 -3.0362e-01
2179 0 +5.087101903e-02 -4.709912898e+01 -4.709912898e+01 -5.3698e-01 -1.1621e+00
2710 0 +4.921987736e-02 -4.710078012e+01 -4.710078012e+01 -5.4886e-01 -1.1859e+00
3051 0 +4.771972672e-02 -4.710228027e+01 -4.710228027e+01 -5.4886e-01 -1.1890e+00
3538 0 +4.416851587e-02 -4.710583148e+01 -4.710583148e+01 -5.3698e-01 -1.1672e+00
4402 0 +3.318899900e-02 -4.711681100e+01 -4.711681100e+01 -2.1732e-01 -5.4735e-01
4419 0 +1.502734648e-02 -4.713497265e+01 -4.713497265e+01 -2.0996e-01 -5.4735e-01
4723 0 +1.474195325e-02 -4.713525805e+01 -4.713525805e+01 -2.0996e-01 -5.4654e-01
5020 0 +1.014145242e-02 -4.713985855e+01 -4.713985855e+01 -2.7553e-01 -6.7940e-01
5063 0 +4.598843845e-03 -4.714540116e+01 -4.714540116e+01 -2.7382e-01 -6.8792e-01
5127 0 +4.566632119e-03 -4.714543337e+01 -4.714543337e+01 -2.8450e-01 -7.0174e-01
5134 0 +4.189848100e-03 -4.714581015e+01 -4.714581015e+01 -3.1070e-01 -7.5465e-01
5151 0 +3.768722498e-03 -4.714623128e+01 -4.714623128e+01 -2.8405e-01 -7.0174e-01
5182 0 +1.046544014e-03 -4.714895346e+01 -4.714895346e+01 -3.1070e-01 -7.5826e-01
5320 0 +9.693746676e-04 -4.714903063e+01 -4.714903063e+01 -3.3865e-01 -8.1402e-01
5326 0 +9.510486520e-04 -4.714904895e+01 -4.714904895e+01 -2.9976e-01 -7.3836e-01
5436 0 +6.060623284e-04 -4.714939394e+01 -4.714939394e+01 -3.1433e-01 -7.6635e-01
5451 0 +8.923792521e-06 -4.714999108e+01 -4.714999108e+01 -3.2879e-01 -7.9715e-01
5697 0 +3.094285169e-06 -4.714999691e+01 -4.714999691e+01 -3.3130e-01 -8.0224e-01
5760 0 +2.272411209e-06 -4.714999773e+01 -4.714999773e+01 -3.3130e-01 -8.0227e-01
5800 0 +2.033058486e-06 -4.714999797e+01 -4.714999797e+01 -3.2918e-01 -7.9815e-01
5847 0 +3.849208667e-07 -4.714999962e+01 -4.714999962e+01 -3.3001e-01 -7.9981e-01
5954 0 +2.448116518e-07 -4.714999976e+01 -4.714999976e+01 -3.3017e-01 -8.0012e-01
6139 0 +7.661063961e-08 -4.714999992e+01 -4.714999992e+01 -3.3032e-01 -8.0045e-01
6161 0 +2.131083221e-08 -4.714999998e+01 -4.714999998e+01 -3.3070e-01 -8.0119e-01
6176 0 +1.394248272e-09 -4.715000000e+01 -4.715000000e+01 -3.3062e-01 -8.0103e-01
6546 0 +1.065814104e-13 -4.715000000e+01 -4.715000000e+01 -3.3060e-01 -8.0100e-01
6699 0 +0.000000000e+00 -4.715000000e+01 -4.715000000e+01 -3.3060e-01 -8.0100e-01
8001 0 +0.000000000e+00 -4.715000000e+01 -4.715000000e+01 -3.3060e-01 -8.0100e-01
% f evaluations | g evaluations | best noise-free fitness - Fopt (3.752000000000e+01) + sum g_i+ | measured fitness | best measured fitness or single-digit g-values | x1 | x2...
1 0 +5.635028449e+02 +6.010228449e+02 +6.010228449e+02 +2.9654e+00 -3.1657e+00
2 0 +4.972450203e+02 +5.347650203e+02 +5.347650203e+02 +2.7969e+00 +9.6850e-01
9 0 +4.427249573e+02 +4.802449573e+02 +4.802449573e+02 +1.1165e+00 -4.9293e+00
14 0 +6.205185304e+01 +9.957185304e+01 +9.957185304e+01 -1.1754e+00 +4.8323e+00
28 0 +3.873028383e+01 +7.625028383e+01 +7.625028383e+01 +2.2727e+00 -1.7346e+00
33 0 +3.260511208e+01 +7.012511208e+01 +7.012511208e+01 +1.0703e+00 -2.2400e+00
44 0 +1.719141373e+01 +5.471141373e+01 +5.471141373e+01 +9.1298e-01 -2.2528e+00
47 0 +4.070732249e+00 +4.159073225e+01 +4.159073225e+01 +2.2173e+00 -2.6402e+00
107 0 +2.204637459e+00 +3.972463746e+01 +3.972463746e+01 +2.2173e+00 -2.5862e+00
142 0 +1.271590247e+00 +3.879159025e+01 +3.879159025e+01 +2.1268e+00 -2.6704e+00
329 0 +1.639838246e-01 +3.768398382e+01 +3.768398382e+01 +2.0954e+00 -2.5935e+00
683 0 +6.827809193e-03 +3.752682781e+01 +3.752682781e+01 +2.4994e+00 -1.9585e+00
1795 0 +2.508915333e-03 +3.752250892e+01 +3.752250892e+01 +2.4978e+00 -1.9585e+00
2245 0 +1.777842360e-03 +3.752177784e+01 +3.752177784e+01 +2.4722e+00 -2.0082e+00
2832 0 +9.552021668e-04 +3.752095520e+01 +3.752095520e+01 +2.4722e+00 -2.0019e+00
3876 0 +5.112083120e-04 +3.752051121e+01 +3.752051121e+01 +2.4722e+00 -2.0030e+00
4290 0 +4.956352373e-04 +3.752049564e+01 +3.752049564e+01 +2.4737e+00 -2.0030e+00
4669 0 +1.909731046e-04 +3.752019097e+01 +3.752019097e+01 +2.4873e+00 -1.9760e+00
4959 0 +9.629319234e-05 +3.752009629e+01 +3.752009629e+01 +2.4869e+00 -1.9763e+00
5013 0 +4.109840102e-05 +3.752004110e+01 +3.752004110e+01 +2.4843e+00 -1.9808e+00
5098 0 +9.562715299e-06 +3.752000956e+01 +3.752000956e+01 +2.4908e+00 -1.9673e+00
5198 0 +5.394003644e-06 +3.752000539e+01 +3.752000539e+01 +2.4886e+00 -1.9718e+00
5281 0 +4.053960573e-06 +3.752000405e+01 +3.752000405e+01 +2.4886e+00 -1.9719e+00
5331 0 +1.493264428e-06 +3.752000149e+01 +3.752000149e+01 +2.4888e+00 -1.9716e+00
5424 0 +5.949763278e-07 +3.752000059e+01 +3.752000059e+01 +2.4902e+00 -1.9687e+00
5546 0 +2.664352081e-07 +3.752000027e+01 +3.752000027e+01 +2.4902e+00 -1.9688e+00
5595 0 +2.095253393e-08 +3.752000002e+01 +3.752000002e+01 +2.4900e+00 -1.9692e+00
5735 0 +6.559631061e-09 +3.752000001e+01 +3.752000001e+01 +2.4900e+00 -1.9692e+00
6415 0 +9.521272659e-13 +3.752000000e+01 +3.752000000e+01 +2.4900e+00 -1.9692e+00
6609 0 +0.000000000e+00 +3.752000000e+01 +3.752000000e+01 +2.4900e+00 -1.9692e+00
8001 0 +0.000000000e+00 +3.752000000e+01 +3.752000000e+01 +2.4900e+00 -1.9692e+00
% f evaluations | g evaluations | best noise-free fitness - Fopt (-4.257500000000e+02) + sum g_i+ | measured fitness | best measured fitness or single-digit g-values | x1 | x2...
1 0 +1.091269596e+05 +1.087012096e+05 +1.087012096e+05 +2.9654e+00 -3.1657e+00
2 0 +7.369020991e+04 +7.326445991e+04 +7.326445991e+04 +2.7969e+00 +9.6850e-01
3 0 +8.207514232e+03 +7.781764232e+03 +7.781764232e+03 -5.4167e-01 -4.0003e+00
4 0 +5.211242108e+03 +4.785492108e+03 +4.785492108e+03 -4.0751e-01 -1.6629e+00
5 0 +3.753618661e+02 -5.038813392e+01 -5.038813392e+01 -3.5713e+00 +1.5089e+00
14 0 +2.662807671e+02 -1.594692329e+02 -1.594692329e+02 -1.1754e+00 +4.8323e+00
20 0 +2.968068880e+00 -4.227819311e+02 -4.227819311e+02 -2.5897e+00 +1.8326e+00
146 0 +1.310915885e+00 -4.244390841e+02 -4.244390841e+02 -1.0485e+00 +3.6195e+00
251 0 +8.808843724e-01 -4.248691156e+02 -4.248691156e+02 -1.1754e+00 +3.2932e+00
391 0 +7.918755254e-01 -4.249581245e+02 -4.249581245e+02 -2.2135e+00 +1.8964e+00
404 0 +5.189193282e-02 -4.256981081e+02 -4.256981081e+02 -1.1010e+00 +3.3729e+00
719 0 +3.745041475e-02 -4.257125496e+02 -4.257125496e+02 -1.1316e+00 +3.3020e+00
1442 0 +6.910276302e-03 -4.257430897e+02 -4.257430897e+02 -1.3796e+00 +2.7665e+00
1514 0 +6.320841738e-03 -4.257436792e+02 -4.257436792e+02 -1.2921e+00 +2.9385e+00
1567 0 +2.746302933e-03 -4.257472537e+02 -4.257472537e+02 -1.3458e+00 +2.8426e+00
3121 0 +7.579063303e-04 -4.257492421e+02 -4.257492421e+02 -1.3458e+00 +2.8396e+00
4613 0 +1.285533743e-04 -4.257498714e+02 -4.257498714e+02 -1.3286e+00 +2.8729e+00
5018 0 +2.244410234e-05 -4.257499776e+02 -4.257499776e+02 -1.3292e+00 +2.8704e+00
5070 0 +2.109387447e-05 -4.257499789e+02 -4.257499789e+02 -1.3293e+00 +2.8704e+00
5114 0 +6.882900891e-06 -4.257499931e+02 -4.257499931e+02 -1.3270e+00 +2.8749e+00
5237 0 +2.143448796e-06 -4.257499979e+02 -4.257499979e+02 -1.3242e+00 +2.8804e+00
5295 0 +1.041722726e-06 -4.257499990e+02 -4.257499990e+02 -1.3242e+00 +2.8804e+00
5333 0 +6.819328746e-07 -4.257499993e+02 -4.257499993e+02 -1.3256e+00 +2.8778e+00
5466 0 +2.273180257e-07 -4.257499998e+02 -4.257499998e+02 -1.3245e+00 +2.8800e+00
5470 0 +1.351627930e-07 -4.257499999e+02 -4.257499999e+02 -1.3251e+00 +2.8787e+00
5480 0 +1.167480264e-07 -4.257499999e+02 -4.257499999e+02 -1.3251e+00 +2.8787e+00
5544 0 +2.244587449e-08 -4.257500000e+02 -4.257500000e+02 -1.3249e+00 +2.8792e+00
5644 0 +1.341726374e-08 -4.257500000e+02 -4.257500000e+02 -1.3249e+00 +2.8792e+00
5791 0 +8.310507837e-11 -4.257500000e+02 -4.257500000e+02 -1.3248e+00 +2.8794e+00
6074 0 +0.000000000e+00 -4.257500000e+02 -4.257500000e+02 -1.3248e+00 +2.8794e+00
8001 0 +0.000000000e+00 -4.257500000e+02 -4.257500000e+02 -1.3248e+00 +2.8794e+00
% f evaluations | g evaluations | best noise-free fitness - Fopt (-2.209000000000e+02) + sum g_i+ | measured fitness | best measured fitness or single-digit g-values | x1 | x2...
1 0 +3.246889968e+04 +3.224799968e+04 +3.224799968e+04 +2.9654e+00 -3.1657e+00
2 0 +1.577530442e+04 +1.555440442e+04 +1.555440442e+04 +2.7969e+00 +9.6850e-01
3 0 +8.826201919e+02 +6.617201919e+02 +6.617201919e+02 -5.4167e-01 -4.0003e+00
4 0 +6.224233915e+01 -1.586576608e+02 -1.586576608e+02 -4.0751e-01 -1.6629e+00
21 0 +1.336459296e+00 -2.195635407e+02 -2.195635407e+02 +1.1000e+00 +3.3319e+00
143 0 +3.178960984e-01 -2.205821039e+02 -2.205821039e+02 -6.1570e-01 -1.0980e+00
316 0 +6.344671449e-02 -2.208365533e+02 -2.208365533e+02 +1.9847e-01 +2.7624e-01
624 0 +2.651452669e-02 -2.208734855e+02 -2.208734855e+02 +2.9437e-02 -1.0637e-01
1218 0 +1.348010827e-02 -2.208865199e+02 -2.208865199e+02 -1.5971e-01 -4.9825e-01
2457 0 +7.055862897e-03 -2.208929441e+02 -2.208929441e+02 +2.9437e-02 -1.1848e-01
2595 0 +6.681246964e-03 -2.208933188e+02 -2.208933188e+02 +2.9437e-02 -1.2087e-01
3318 0 +3.868976691e-03 -2.208961310e+02 -2.208961310e+02 -9.3258e-02 -3.7550e-01
4339 0 +1.323617893e-03 -2.208986764e+02 -2.208986764e+02 -8.8543e-02 -3.6193e-01
4704 0 +9.110686602e-05 -2.208999089e+02 -2.208999089e+02 -6.1719e-02 -3.0942e-01
4899 0 +6.114913145e-05 -2.208999389e+02 -2.208999389e+02 -5.2204e-02 -2.8963e-01
4900 0 +1.459288688e-05 -2.208999854e+02 -2.208999854e+02 -5.4431e-02 -2.9517e-01
5032 0 +1.269018966e-05 -2.208999873e+02 -2.208999873e+02 -5.4431e-02 -2.9458e-01
5136 0 +7.364040812e-06 -2.208999926e+02 -2.208999926e+02 -5.3545e-02 -2.9285e-01
5160 0 +6.162673913e-06 -2.208999938e+02 -2.208999938e+02 -5.3338e-02 -2.9245e-01
5168 0 +1.267128766e-06 -2.208999987e+02 -2.208999987e+02 -5.3244e-02 -2.9253e-01
5311 0 +7.228873926e-07 -2.208999993e+02 -2.208999993e+02 -5.1861e-02 -2.8980e-01
5317 0 +4.667477356e-07 -2.208999995e+02 -2.208999995e+02 -5.1772e-02 -2.8949e-01
5369 0 +1.737084290e-07 -2.208999998e+02 -2.208999998e+02 -5.2486e-02 -2.9094e-01
5526 0 +1.300725785e-07 -2.208999999e+02 -2.208999999e+02 -5.2215e-02 -2.9039e-01
5663 0 +5.484565690e-08 -2.208999999e+02 -2.208999999e+02 -5.2422e-02 -2.9085e-01
5675 0 +3.304108986e-09 -2.209000000e+02 -2.209000000e+02 -5.2255e-02 -2.9051e-01
6231 0 +2.557953849e-13 -2.209000000e+02 -2.209000000e+02 -5.2200e-02 -2.9040e-01
6324 0 +0.000000000e+00 -2.209000000e+02 -2.209000000e+02 -5.2200e-02 -2.9040e-01
8001 0 +0.000000000e+00 -2.209000000e+02 -2.209000000e+02 -5.2200e-02 -2.9040e-01
% f evaluations | g evaluations | best noise-free fitness - Fopt (-3.594800000000e+02) + sum g_i+ | measured fitness | best measured fitness or single-digit g-values | x1 | x2...
1 0 +2.195509647e+05 +2.191914847e+05 +2.191914847e+05 +2.9654e+00 -3.1657e+00
2 0 +1.635085400e+05 +1.631490600e+05 +1.631490600e+05 +2.7969e+00 +9.6850e-01
3 0 +1.396734914e+04 +1.360786914e+04 +1.360786914e+04 -5.4167e-01 -4.0003e+00
4 0 +1.081882136e+04 +1.045934136e+04 +1.045934136e+04 -4.0751e-01 -1.6629e+00
5 0 +2.378776296e+03 +2.019296296e+03 +2.019296296e+03 -3.5713e+00 +1.5089e+00
10 0 +8.874501610e+02 +5.279701610e+02 +5.279701610e+02 -4.7694e+00 +2.4775e-01
14 0 +7.939784292e+01 -2.800821571e+02 -2.800821571e+02 -1.1754e+00 +4.8323e+00
19 0 +4.635538374e+00 -3.548444616e+02 -3.548444616e+02 -4.8403e+00 -2.6911e+00
82 0 +3.413573947e-01 -3.591386426e+02 -3.591386426e+02 -3.2664e+00 -3.1188e+00
141 0 +1.857235078e-01 -3.592942765e+02 -3.592942765e+02 -3.2874e+00 -3.1188e+00
762 0 +6.373528609e-02 -3.594162647e+02 -3.594162647e+02 -2.8230e+00 -2.3366e+00
1531 0 +4.933645933e-02 -3.594306635e+02 -3.594306635e+02 -2.8355e+00 -2.3183e+00
2159 0 +3.240534588e-02 -3.594475947e+02 -3.594475947e+02 -2.9989e+00 -2.6463e+00
2383 0 +1.690562485e-02 -3.594630944e+02 -3.594630944e+02 -2.9989e+00 -2.6528e+00
3424 0 +1.014758117e-02 -3.594698524e+02 -3.594698524e+02 -2.8288e+00 -2.3183e+00
4494 0 +7.547948041e-03 -3.594724521e+02 -3.594724521e+02 -2.8288e+00 -2.3298e+00
4526 0 +1.761626707e-03 -3.594782384e+02 -3.594782384e+02 -2.8650e+00 -2.3997e+00
4816 0 +1.680804086e-03 -3.594783192e+02 -3.594783192e+02 -2.8650e+00 -2.4000e+00
4844 0 +1.440644562e-03 -3.594785594e+02 -3.594785594e+02 -2.8643e+00 -2.4000e+00
4845 0 +6.509354419e-04 -3.594793491e+02 -3.594793491e+02 -2.8809e+00 -2.4330e+00
5046 0 +6.406213332e-04 -3.594793594e+02 -3.594793594e+02 -2.8809e+00 -2.4330e+00
5154 0 +3.906563464e-04 -3.594796093e+02 -3.594796093e+02 -2.9214e+00 -2.5150e+00
5192 0 +2.247267942e-04 -3.594797753e+02 -3.594797753e+02 -2.9144e+00 -2.5009e+00
5275 0 +2.056172877e-04 -3.594797944e+02 -3.594797944e+02 -2.9144e+00 -2.5009e+00
5294 0 +3.302300388e-05 -3.594799670e+02 -3.594799670e+02 -2.9016e+00 -2.4768e+00
5478 0 +3.292210010e-06 -3.594799967e+02 -3.594799967e+02 -2.9018e+00 -2.4768e+00
5648 0 +3.541811679e-07 -3.594799996e+02 -3.594799996e+02 -2.9018e+00 -2.4766e+00
5900 0 +1.474973601e-07 -3.594799999e+02 -3.594799999e+02 -2.9024e+00 -2.4777e+00
5916 0 +1.077576712e-07 -3.594799999e+02 -3.594799999e+02 -2.9022e+00 -2.4775e+00
5919 0 +9.090967978e-10 -3.594800000e+02 -3.594800000e+02 -2.9022e+00 -2.4774e+00
6395 0 +8.526512829e-13 -3.594800000e+02 -3.594800000e+02 -2.9022e+00 -2.4774e+00
6494 0 +0.000000000e+00 -3.594800000e+02 -3.594800000e+02 -2.9022e+00 -2.4774e+00
8001 0 +0.000000000e+00 -3.594800000e+02 -3.594800000e+02 -2.9022e+00 -2.4774e+00
% f evaluations | g evaluations | best noise-free fitness - Fopt (2.748000000000e+01) + sum g_i+ | measured fitness | best measured fitness or single-digit g-values | x1 | x2...
1 0 +3.581629232e+03 +3.609109232e+03 +3.609109232e+03 +2.9654e+00 -3.1657e+00
2 0 +2.039048580e+02 +2.313848580e+02 +2.313848580e+02 +2.7969e+00 +9.6850e-01
15 0 +1.700244377e+02 +1.975044377e+02 +1.975044377e+02 -3.3237e-01 +3.5994e+00
43 0 +4.018218228e+01 +6.766218228e+01 +6.766218228e+01 +1.6884e+00 +1.6592e+00
52 0 +4.372442061e+00 +3.185244206e+01 +3.185244206e+01 +6.3276e-01 +1.9552e+00
122 0 +1.399731796e+00 +2.887973180e+01 +2.887973180e+01 +1.6101e+00 +9.6850e-01
270 0 +1.332409734e+00 +2.881240973e+01 +2.881240973e+01 +1.6740e+00 +9.6570e-01
337 0 +1.150739431e+00 +2.863073943e+01 +2.863073943e+01 +2.3533e+00 +1.6592e+00
482 0 +2.591605335e-01 +2.773916053e+01 +2.773916053e+01 +2.1183e+00 +1.2701e+00
693 0 +1.217353388e-01 +2.760173534e+01 +2.760173534e+01 +2.4347e+00 +1.7095e+00
697 0 +4.016621395e-02 +2.752016621e+01 +2.752016621e+01 +2.5018e+00 +1.8089e+00
1060 0 +3.954903689e-02 +2.751954904e+01 +2.751954904e+01 +2.4347e+00 +1.6755e+00
1732 0 +2.780935315e-02 +2.750780935e+01 +2.750780935e+01 +2.4716e+00 +1.7353e+00
2335 0 +1.639898079e-02 +2.749639898e+01 +2.749639898e+01 +2.5077e+00 +1.7989e+00
2372 0 +1.446765371e-02 +2.749446765e+01 +2.749446765e+01 +2.5077e+00 +1.8023e+00
2433 0 +2.186102465e-03 +2.748218610e+01 +2.748218610e+01 +2.5973e+00 +1.9657e+00
3857 0 +2.052923822e-03 +2.748205292e+01 +2.748205292e+01 +2.5972e+00 +1.9657e+00
4372 0 +1.317141334e-03 +2.748131714e+01 +2.748131714e+01 +2.5912e+00 +1.9577e+00
4389 0 +1.287318826e-03 +2.748128732e+01 +2.748128732e+01 +2.5916e+00 +1.9586e+00
4445 0 +7.894233189e-04 +2.748078942e+01 +2.748078942e+01 +2.6434e+00 +2.0586e+00
4489 0 +3.906114870e-04 +2.748039061e+01 +2.748039061e+01 +2.6280e+00 +2.0317e+00
4504 0 +2.915545337e-04 +2.748029155e+01 +2.748029155e+01 +2.6117e+00 +1.9967e+00
4574 0 +2.264235945e-05 +2.748002264e+01 +2.748002264e+01 +2.6294e+00 +2.0322e+00
4743 0 +1.079236104e-05 +2.748001079e+01 +2.748001079e+01 +2.6307e+00 +2.0352e+00
4901 0 +1.429644861e-06 +2.748000143e+01 +2.748000143e+01 +2.6278e+00 +2.0293e+00
5125 0 +3.564182371e-07 +2.748000036e+01 +2.748000036e+01 +2.6275e+00 +2.0287e+00
5182 0 +2.446310639e-07 +2.748000024e+01 +2.748000024e+01 +2.6278e+00 +2.0295e+00
5225 0 +2.206443384e-08 +2.748000002e+01 +2.748000002e+01 +2.6273e+00 +2.0284e+00
5459 0 +1.960646046e-08 +2.748000002e+01 +2.748000002e+01 +2.6273e+00 +2.0284e+00
5500 0 +1.470173672e-08 +2.748000001e+01 +2.748000001e+01 +2.6275e+00 +2.0288e+00
5540 0 +8.075495828e-10 +2.748000000e+01 +2.748000000e+01 +2.6274e+00 +2.0286e+00
6058 0 +4.583000646e-13 +2.748000000e+01 +2.748000000e+01 +2.6274e+00 +2.0286e+00
6385 0 +0.000000000e+00 +2.748000000e+01 +2.748000000e+01 +2.6274e+00 +2.0286e+00
8001 0 +0.000000000e+00 +2.748000000e+01 +2.748000000e+01 +2.6274e+00 +2.0286e+00
% f evaluations | g evaluations | best noise-free fitness - Fopt (3.609000000000e+01) + sum g_i+ | measured fitness | best measured fitness or single-digit g-values | x1 | x2...
1 0 +2.386513131e+04 +2.390122131e+04 +2.390122131e+04 +2.9654e+00 -3.1657e+00
2 0 +1.038544050e+04 +1.042153050e+04 +1.042153050e+04 +2.7969e+00 +9.6850e-01
3 0 +2.117591747e+03 +2.153681747e+03 +2.153681747e+03 -5.4167e-01 -4.0003e+00
4 0 +5.105046865e+02 +5.465946865e+02 +5.465946865e+02 -4.0751e-01 -1.6629e+00
21 0 +1.097306470e+01 +4.706306470e+01 +4.706306470e+01 +1.1000e+00 +3.3319e+00
40 0 +9.975777464e+00 +4.606577746e+01 +4.606577746e+01 +1.5108e+00 +4.1496e+00
52 0 +3.357292649e+00 +3.944729265e+01 +3.944729265e+01 +6.3276e-01 +1.9552e+00
64 0 +2.926859896e+00 +3.901685990e+01 +3.901685990e+01 -4.0751e-01 +4.5250e-01
124 0 +9.141301924e-01 +3.700413019e+01 +3.700413019e+01 -4.0751e-01 +5.8834e-01
397 0 +3.360870441e-01 +3.642608704e+01 +3.642608704e+01 +3.0819e-01 +1.2253e+00
420 0 +2.244417347e-01 +3.631444173e+01 +3.631444173e+01 +7.4044e-02 +8.6723e-01
689 0 +1.857475183e-01 +3.627574752e+01 +3.627574752e+01 +1.2103e-01 +9.2918e-01
897 0 +1.467450843e-01 +3.623674508e+01 +3.623674508e+01 +3.7090e-01 +1.3059e+00
948 0 +6.226719353e-02 +3.615226719e+01 +3.615226719e+01 +6.3276e-01 +1.7956e+00
1417 0 +1.210835239e-02 +3.610210835e+01 +3.610210835e+01 +5.5448e-01 +1.5973e+00
1893 0 +6.136760741e-03 +3.609613676e+01 +3.609613676e+01 +6.1485e-01 +1.7374e+00
1903 0 +8.822603048e-05 +3.609008823e+01 +3.609008823e+01 +5.5448e-01 +1.6077e+00
4790 0 +3.424764880e-05 +3.609003425e+01 +3.609003425e+01 +5.4478e-01 +1.5893e+00
4908 0 +2.993639148e-05 +3.609002994e+01 +3.609002994e+01 +5.5188e-01 +1.6028e+00
4962 0 +1.234086098e-05 +3.609001234e+01 +3.609001234e+01 +5.4789e-01 +1.5946e+00
5024 0 +1.217158343e-05 +3.609001217e+01 +3.609001217e+01 +5.4944e-01 +1.5979e+00
5040 0 +2.669929138e-06 +3.609000267e+01 +3.609000267e+01 +5.4789e-01 +1.5951e+00
5155 0 +1.516755695e-06 +3.609000152e+01 +3.609000152e+01 +5.4615e-01 +1.5916e+00
5237 0 +8.351946903e-07 +3.609000084e+01 +3.609000084e+01 +5.4585e-01 +1.5909e+00
5283 0 +6.528423597e-07 +3.609000065e+01 +3.609000065e+01 +5.4585e-01 +1.5909e+00
5307 0 +1.659901514e-07 +3.609000017e+01 +3.609000017e+01 +5.4621e-01 +1.5916e+00
5401 0 +1.002362637e-08 +3.609000001e+01 +3.609000001e+01 +5.4650e-01 +1.5922e+00
5610 0 +2.314493486e-09 +3.609000000e+01 +3.609000000e+01 +5.4661e-01 +1.5924e+00
6126 0 +7.247535905e-13 +3.609000000e+01 +3.609000000e+01 +5.4660e-01 +1.5924e+00
6344 0 +0.000000000e+00 +3.609000000e+01 +3.609000000e+01 +5.4660e-01 +1.5924e+00
8001 0 +0.000000000e+00 +3.609000000e+01 +3.609000000e+01 +5.4660e-01 +1.5924e+00
% f evaluations | g evaluations | best noise-free fitness - Fopt (-5.791000000000e+01) + sum g_i+ | measured fitness | best measured fitness or single-digit g-values | x1 | x2...
1 0 +5.522394120e+03 +5.464484120e+03 +5.464484120e+03 +2.9654e+00 -3.1657e+00
2 0 +7.782467680e+02 +7.203367680e+02 +7.203367680e+02 +2.7969e+00 +9.6850e-01
15 0 +1.184821926e+02 +6.057219262e+01 +6.057219262e+01 -3.3237e-01 +3.5994e+00
38 0 +3.849407570e+01 -1.941592430e+01 -1.941592430e+01 +2.1134e+00 +2.9018e+00
43 0 +3.567909778e+00 -5.434209022e+01 -5.434209022e+01 +1.6884e+00 +1.6592e+00
112 0 +3.066581413e+00 -5.484341859e+01 -5.484341859e+01 +6.3276e-01 +2.3060e+00
282 0 +8.570755297e-01 -5.705292447e+01 -5.705292447e+01 +2.6586e+00 +3.2957e+00
380 0 +2.620895650e-01 -5.764791044e+01 -5.764791044e+01 +1.8635e+00 +1.9750e+00
525 0 +1.812098282e-01 -5.772879017e+01 -5.772879017e+01 +2.7899e+00 +3.7282e+00
943 0 +1.315498348e-01 -5.777845017e+01 -5.777845017e+01 +2.6586e+00 +3.3612e+00
1777 0 +6.286502917e-02 -5.784713497e+01 -5.784713497e+01 +2.4469e+00 +2.8613e+00
2213 0 +2.848140077e-02 -5.788151860e+01 -5.788151860e+01 +2.4234e+00 +2.8194e+00
2548 0 +1.083028429e-02 -5.789916972e+01 -5.789916972e+01 +2.4326e+00 +2.8636e+00
4046 0 +2.408369019e-03 -5.790759163e+01 -5.790759163e+01 +2.4213e+00 +2.8329e+00
4049 0 +6.762373419e-04 -5.790932376e+01 -5.790932376e+01 +2.3560e+00 +2.6970e+00
4314 0 +4.571844668e-04 -5.790954282e+01 -5.790954282e+01 +2.3560e+00 +2.6978e+00
4900 0 +2.760084541e-04 -5.790972399e+01 -5.790972399e+01 +2.3594e+00 +2.7050e+00
5192 0 +1.470359512e-05 -5.790998530e+01 -5.790998530e+01 +2.3740e+00 +2.7349e+00
5386 0 +7.194428036e-06 -5.790999281e+01 -5.790999281e+01 +2.3744e+00 +2.7353e+00
5397 0 +1.832849023e-06 -5.790999817e+01 -5.790999817e+01 +2.3744e+00 +2.7352e+00
5458 0 +8.669265483e-07 -5.790999913e+01 -5.790999913e+01 +2.3760e+00 +2.7382e+00
5719 0 +7.327598155e-07 -5.790999927e+01 -5.790999927e+01 +2.3759e+00 +2.7381e+00
5754 0 +3.881837429e-07 -5.790999961e+01 -5.790999961e+01 +2.3753e+00 +2.7369e+00
5808 0 +3.478715982e-07 -5.790999965e+01 -5.790999965e+01 +2.3753e+00 +2.7370e+00
5824 0 +7.064670626e-08 -5.790999993e+01 -5.790999993e+01 +2.3752e+00 +2.7368e+00
5876 0 +5.700533023e-08 -5.790999994e+01 -5.790999994e+01 +2.3752e+00 +2.7368e+00
5884 0 +1.884625078e-08 -5.790999998e+01 -5.790999998e+01 +2.3753e+00 +2.7369e+00
5952 0 +1.255632043e-08 -5.790999999e+01 -5.790999999e+01 +2.3755e+00 +2.7374e+00
6024 0 +5.732317732e-09 -5.790999999e+01 -5.790999999e+01 +2.3755e+00 +2.7374e+00
6453 0 +9.947598301e-13 -5.791000000e+01 -5.791000000e+01 +2.3754e+00 +2.7372e+00
6811 0 +0.000000000e+00 -5.791000000e+01 -5.791000000e+01 +2.3754e+00 +2.7372e+00
8001 0 +0.000000000e+00 -5.791000000e+01 -5.791000000e+01 +2.3754e+00 +2.7372e+00
% f evaluations | g evaluations | best noise-free fitness - Fopt (-3.349100000000e+02) + sum g_i+ | measured fitness | best measured fitness or single-digit g-values | x1 | x2...
1 0 +1.143767235e+05 +1.140418135e+05 +1.140418135e+05 +2.9654e+00 -3.1657e+00
2 0 +7.734374658e+04 +7.700883658e+04 +7.700883658e+04 +2.7969e+00 +9.6850e-01
3 0 +5.382646582e+03 +5.047736582e+03 +5.047736582e+03 -5.4167e-01 -4.0003e+00
4 0 +3.127367034e+03 +2.792457034e+03 +2.792457034e+03 -4.0751e-01 -1.6629e+00
5 0 +3.900384036e+02 +5.512840360e+01 +5.512840360e+01 -3.5713e+00 +1.5089e+00
6 0 +2.298578956e+01 -3.119242104e+02 -3.119242104e+02 -4.4359e+00 +2.2200e+00
22 0 +5.864972553e+00 -3.290450274e+02 -3.290450274e+02 -3.2664e+00 -1.0894e+00
119 0 +3.406819929e+00 -3.315031801e+02 -3.315031801e+02 -2.1976e+00 -8.3490e-01
230 0 +1.352571816e+00 -3.335574282e+02 -3.335574282e+02 -5.9141e-01 +3.0847e+00
241 0 +1.004981135e+00 -3.339050189e+02 -3.339050189e+02 -2.5166e+00 -1.2753e+00
263 0 +3.540766406e-01 -3.345559234e+02 -3.345559234e+02 -1.4000e+00 +3.4500e-01
549 0 +9.661143175e-02 -3.348133886e+02 -3.348133886e+02 -1.4000e+00 +4.1036e-01
1059 0 +1.056642882e-02 -3.348994336e+02 -3.348994336e+02 -1.5848e+00 -4.5601e-02
1275 0 +7.292408293e-03 -3.349027076e+02 -3.349027076e+02 -1.6511e+00 -1.9150e-01
3652 0 +2.687612214e-03 -3.349073124e+02 -3.349073124e+02 -1.6592e+00 -2.0480e-01
4042 0 +8.092558464e-04 -3.349091907e+02 -3.349091907e+02 -1.6605e+00 -2.0480e-01
4718 0 +7.634847714e-04 -3.349092365e+02 -3.349092365e+02 -1.6615e+00 -2.0683e-01
5042 0 +3.647703638e-04 -3.349096352e+02 -3.349096352e+02 -1.6971e+00 -2.7507e-01
5111 0 +3.396125268e-04 -3.349096604e+02 -3.349096604e+02 -1.6932e+00 -2.6717e-01
5159 0 +1.150261508e-04 -3.349098850e+02 -3.349098850e+02 -1.6873e+00 -2.5595e-01
5198 0 +9.709801134e-05 -3.349099029e+02 -3.349099029e+02 -1.6752e+00 -2.3332e-01
5266 0 +8.131832408e-05 -3.349099187e+02 -3.349099187e+02 -1.6834e+00 -2.5003e-01
5312 0 +1.845069846e-05 -3.349099815e+02 -3.349099815e+02 -1.6864e+00 -2.5533e-01
5365 0 +2.845891231e-06 -3.349099972e+02 -3.349099972e+02 -1.6835e+00 -2.4961e-01
5561 0 +1.607165302e-06 -3.349099984e+02 -3.349099984e+02 -1.6813e+00 -2.4495e-01
5592 0 +1.515270242e-06 -3.349099985e+02 -3.349099985e+02 -1.6833e+00 -2.4917e-01
5616 0 +1.434779278e-06 -3.349099986e+02 -3.349099986e+02 -1.6826e+00 -2.4779e-01
5622 0 +1.441143809e-07 -3.349099999e+02 -3.349099999e+02 -1.6827e+00 -2.4781e-01
5665 0 +1.227206781e-07 -3.349099999e+02 -3.349099999e+02 -1.6827e+00 -2.4780e-01
5674 0 +5.674280601e-08 -3.349099999e+02 -3.349099999e+02 -1.6822e+00 -2.4689e-01
5700 0 +1.858364840e-08 -3.349100000e+02 -3.349100000e+02 -1.6823e+00 -2.4706e-01
5727 0 +1.489365786e-08 -3.349100000e+02 -3.349100000e+02 -1.6823e+00 -2.4706e-01
5772 0 +1.355766699e-08 -3.349100000e+02 -3.349100000e+02 -1.6823e+00 -2.4707e-01
5833 0 +9.904738363e-09 -3.349100000e+02 -3.349100000e+02 -1.6825e+00 -2.4740e-01
6360 0 +6.252776075e-13 -3.349100000e+02 -3.349100000e+02 -1.6824e+00 -2.4720e-01
6464 0 +0.000000000e+00 -3.349100000e+02 -3.349100000e+02 -1.6824e+00 -2.4720e-01
8001 0 +0.000000000e+00 -3.349100000e+02 -3.349100000e+02 -1.6824e+00 -2.4720e-01
% f evaluations | g evaluations | best noise-free fitness - Fopt (-4.670000000000e+01) + sum g_i+ | measured fitness | best measured fitness or single-digit g-values | x1 | x2...
1 0 +2.715765723e+04 +2.711095723e+04 +2.711095723e+04 +2.9654e+00 -3.1657e+00
2 0 +1.242588507e+04 +1.237918507e+04 +1.237918507e+04 +2.7969e+00 +9.6850e-01
3 0 +1.657316469e+03 +1.610616469e+03 +1.610616469e+03 -5.4167e-01 -4.0003e+00
4 0 +3.198005907e+02 +2.731005907e+02 +2.731005907e+02 -4.0751e-01 -1.6629e+00
21 0 +2.192040478e+00 -4.450795952e+01 -4.450795952e+01 +1.1000e+00 +3.3319e+00
81 0 +1.774172119e+00 -4.492582788e+01 -4.492582788e+01 +1.1000e+00 +3.0976e+00
171 0 +3.293852928e-01 -4.637061471e+01 -4.637061471e+01 +6.8743e-01 +1.9552e+00
626 0 +1.760181436e-01 -4.652398186e+01 -4.652398186e+01 -9.1019e-02 +4.0015e-01
917 0 +8.475860702e-02 -4.661524139e+01 -4.661524139e+01 +6.1162e-01 +1.7053e+00
1209 0 +7.452786526e-02 -4.662547213e+01 -4.662547213e+01 +6.4421e-02 +6.0848e-01
1240 0 +2.657921715e-02 -4.667342078e+01 -4.667342078e+01 +1.6269e-01 +7.5284e-01
2853 0 +7.500042563e-03 -4.669249996e+01 -4.669249996e+01 +2.4554e-01 +8.9738e-01
3877 0 +3.432095432e-03 -4.669656790e+01 -4.669656790e+01 +2.6678e-01 +9.4190e-01
4217 0 +2.159602235e-03 -4.669784040e+01 -4.669784040e+01 +3.6952e-01 +1.1440e+00
4448 0 +3.544449013e-04 -4.669964556e+01 -4.669964556e+01 +3.3374e-01 +1.0730e+00
4668 0 +2.907796497e-04 -4.669970922e+01 -4.669970922e+01 +3.1048e-01 +1.0260e+00
4853 0 +1.086144012e-04 -4.669989139e+01 -4.669989139e+01 +3.2313e-01 +1.0490e+00
4937 0 +1.012127809e-04 -4.669989879e+01 -4.669989879e+01 +3.3364e-01 +1.0709e+00
5014 0 +1.965147714e-05 -4.669998035e+01 -4.669998035e+01 +3.2463e-01 +1.0535e+00
5116 0 +1.648595441e-05 -4.669998351e+01 -4.669998351e+01 +3.2414e-01 +1.0525e+00
5316 0 +3.998948927e-06 -4.669999600e+01 -4.669999600e+01 +3.2424e-01 +1.0525e+00
5482 0 +3.839159376e-06 -4.669999616e+01 -4.669999616e+01 +3.2572e-01 +1.0551e+00
5565 0 +1.580495756e-06 -4.669999842e+01 -4.669999842e+01 +3.2498e-01 +1.0538e+00
5566 0 +2.221068911e-07 -4.669999978e+01 -4.669999978e+01 +3.2425e-01 +1.0523e+00
5673 0 +1.189387717e-07 -4.669999988e+01 -4.669999988e+01 +3.2434e-01 +1.0525e+00
5691 0 +1.506519709e-08 -4.669999998e+01 -4.669999998e+01 +3.2409e-01 +1.0520e+00
5923 0 +1.282452189e-08 -4.669999999e+01 -4.669999999e+01 +3.2411e-01 +1.0520e+00
5985 0 +8.310365729e-10 -4.670000000e+01 -4.670000000e+01 +3.2401e-01 +1.0518e+00
6535 0 +2.771116669e-13 -4.670000000e+01 -4.670000000e+01 +3.2400e-01 +1.0518e+00
6740 0 +0.000000000e+00 -4.670000000e+01 -4.670000000e+01 +3.2400e-01 +1.0518e+00
8001 0 +0.000000000e+00 -4.670000000e+01 -4.670000000e+01 +3.2400e-01 +1.0518e+00
% f evaluations | g evaluations | best noise-free fitness - Fopt (-9.308000000000e+01) + sum g_i+ | measured fitness | best measured fitness or single-digit g-values | x1 | x2...
1 0 +7.561262283e+04 +7.551954283e+04 +7.551954283e+04 +2.9654e+00 -3.1657e+00
2 0 +4.681523614e+04 +4.672215614e+04 +4.672215614e+04 +2.7969e+00 +9.6850e-01
3 0 +1.673539457e+03 +1.580459457e+03 +1.580459457e+03 -5.4167e-01 -4.0003e+00
4 0 +4.969510673e+02 +4.038710673e+02 +4.038710673e+02 -4.0751e-01 -1.6629e+00
6 0 +1.511577829e+01 -7.796422171e+01 -7.796422171e+01 -4.4359e+00 +2.2200e+00
71 0 +3.740755880e+00 -8.933924412e+01 -8.933924412e+01 -1.0014e+00 -1.4555e+00
156 0 +3.471753907e+00 -8.960824609e+01 -8.960824609e+01 -3.0978e+00 -2.0593e+00
226 0 +1.589130642e+00 -9.149086936e+01 -9.149086936e+01 -2.4393e+00 -2.8090e+00
375 0 +9.707126547e-01 -9.210928735e+01 -9.210928735e+01 -8.9841e-01 -1.0894e+00
458 0 +5.409849830e-01 -9.253901502e+01 -9.253901502e+01 -1.8185e+00 -2.5804e+00
510 0 +1.755511824e-01 -9.290444882e+01 -9.290444882e+01 -9.8767e-01 -1.2625e+00
573 0 +3.309216768e-02 -9.304690783e+01 -9.304690783e+01 -1.4250e+00 -2.1352e+00
2091 0 +4.250530659e-03 -9.307574947e+01 -9.307574947e+01 -1.3089e+00 -1.9335e+00
3935 0 +8.221529387e-04 -9.307917785e+01 -9.307917785e+01 -1.2600e+00 -1.8371e+00
4774 0 +5.216187018e-04 -9.307947838e+01 -9.307947838e+01 -1.2600e+00 -1.8410e+00
4916 0 +3.038542474e-04 -9.307969615e+01 -9.307969615e+01 -1.2610e+00 -1.8410e+00
4944 0 +2.535137294e-05 -9.307997465e+01 -9.307997465e+01 -1.2441e+00 -1.8074e+00
5404 0 +1.077769063e-05 -9.307998922e+01 -9.307998922e+01 -1.2415e+00 -1.8028e+00
5451 0 +7.975646938e-06 -9.307999202e+01 -9.307999202e+01 -1.2453e+00 -1.8100e+00
5475 0 +4.699393187e-06 -9.307999530e+01 -9.307999530e+01 -1.2447e+00 -1.8089e+00
5547 0 +2.409986266e-06 -9.307999759e+01 -9.307999759e+01 -1.2448e+00 -1.8092e+00
5594 0 +1.445207289e-06 -9.307999855e+01 -9.307999855e+01 -1.2446e+00 -1.8088e+00
5626 0 +8.045224007e-07 -9.307999920e+01 -9.307999920e+01 -1.2445e+00 -1.8087e+00
5657 0 +4.168586543e-07 -9.307999958e+01 -9.307999958e+01 -1.2434e+00 -1.8063e+00
5702 0 +1.332657007e-07 -9.307999987e+01 -9.307999987e+01 -1.2441e+00 -1.8077e+00
5756 0 +1.312753284e-07 -9.307999987e+01 -9.307999987e+01 -1.2441e+00 -1.8077e+00
5765 0 +1.177538707e-07 -9.307999988e+01 -9.307999988e+01 -1.2440e+00 -1.8077e+00
5822 0 +1.047651210e-07 -9.307999990e+01 -9.307999990e+01 -1.2441e+00 -1.8078e+00
5837 0 +8.323402767e-08 -9.307999992e+01 -9.307999992e+01 -1.2440e+00 -1.8076e+00
5874 0 +5.081196264e-08 -9.307999995e+01 -9.307999995e+01 -1.2440e+00 -1.8076e+00
5879 0 +3.064397447e-08 -9.307999997e+01 -9.307999997e+01 -1.2439e+00 -1.8074e+00
5951 0 +2.053157289e-08 -9.307999998e+01 -9.307999998e+01 -1.2439e+00 -1.8074e+00
5961 0 +1.546135309e-08 -9.307999998e+01 -9.307999998e+01 -1.2439e+00 -1.8073e+00
5969 0 +1.110107917e-08 -9.307999999e+01 -9.307999999e+01 -1.2438e+00 -1.8071e+00
5997 0 +1.059883914e-08 -9.307999999e+01 -9.307999999e+01 -1.2439e+00 -1.8074e+00
6002 0 +1.548372097e-09 -9.308000000e+01 -9.308000000e+01 -1.2438e+00 -1.8073e+00
6392 0 +8.100187188e-13 -9.308000000e+01 -9.308000000e+01 -1.2438e+00 -1.8072e+00
6539 0 +0.000000000e+00 -9.308000000e+01 -9.308000000e+01 -1.2438e+00 -1.8072e+00
8001 0 +0.000000000e+00 -9.308000000e+01 -9.308000000e+01 -1.2438e+00 -1.8072e+00
% f evaluations | g evaluations | best noise-free fitness - Fopt (4.168000000000e+01) + sum g_i+ | measured fitness | best measured fitness or single-digit g-values | x1 | x2...
1 0 +3.694173369e+03 +3.735853369e+03 +3.735853369e+03 +2.9654e+00 -3.1657e+00
2 0 +1.438696807e+02 +1.855496807e+02 +1.855496807e+02 +2.7969e+00 +9.6850e-01
4 0 +2.058355979e+01 +6.226355979e+01 +6.226355979e+01 -4.0751e-01 -1.6629e+00
33 0 +3.540176714e-01 +4.203401767e+01 +4.203401767e+01 +1.0703e+00 -2.2400e+00
57 0 +2.035193483e-01 +4.188351935e+01 +4.188351935e+01 +1.2435e+00 -2.0437e+00
461 0 +1.056764773e-01 +4.178567648e+01 +4.178567648e+01 +1.6393e+00 -1.4104e+00
606 0 +8.509877333e-02 +4.176509877e+01 +4.176509877e+01 +1.7198e+00 -1.3076e+00
661 0 +2.142852847e-02 +4.170142853e+01 +4.170142853e+01 +1.7198e+00 -1.2924e+00
2422 0 +8.194462142e-04 +4.168081945e+01 +4.168081945e+01 +1.6562e+00 -1.4124e+00
4907 0 +3.674699299e-04 +4.168036747e+01 +4.168036747e+01 +1.6592e+00 -1.4055e+00
5297 0 +1.715435433e-04 +4.168017154e+01 +4.168017154e+01 +1.6540e+00 -1.4151e+00
5378 0 +1.135034086e-04 +4.168011350e+01 +4.168011350e+01 +1.6665e+00 -1.3880e+00
5439 0 +5.457803547e-05 +4.168005458e+01 +4.168005458e+01 +1.6605e+00 -1.4017e+00
5467 0 +4.419586191e-05 +4.168004420e+01 +4.168004420e+01 +1.6592e+00 -1.4030e+00
5543 0 +2.708913205e-05 +4.168002709e+01 +4.168002709e+01 +1.6615e+00 -1.3985e+00
5547 0 +5.847296592e-06 +4.168000585e+01 +4.168000585e+01 +1.6594e+00 -1.4030e+00
5593 0 +8.681152579e-07 +4.168000087e+01 +4.168000087e+01 +1.6617e+00 -1.3985e+00
5760 0 +7.266951698e-07 +4.168000073e+01 +4.168000073e+01 +1.6616e+00 -1.3987e+00
5787 0 +1.765837254e-08 +4.168000002e+01 +4.168000002e+01 +1.6608e+00 -1.4005e+00
6069 0 +3.306901419e-09 +4.168000000e+01 +4.168000000e+01 +1.6608e+00 -1.4003e+00
6455 0 +3.055333764e-13 +4.168000000e+01 +4.168000000e+01 +1.6608e+00 -1.4004e+00
6802 0 +0.000000000e+00 +4.168000000e+01 +4.168000000e+01 +1.6608e+00 -1.4004e+00
8001 0 +0.000000000e+00 +4.168000000e+01 +4.168000000e+01 +1.6608e+00 -1.4004e+00
