% f evaluations | g evaluations | best noise-free fitness - Fopt (-1.694000000000e+01) + sum g_i+ | measured fitness | best measured fitness or single-digit g-values | x1 | x2...
1 0 +4.263755625e+01 +2.569755625e+01 +2.569755625e+01 +2.4224e+00 +4.4613e+00
15 0 +2.096899238e+01 +4.028992377e+00 +4.028992377e+00 +3.9637e+00 -2.1278e+00
21 0 +4.698522219e+00 -1.224147778e+01 -1.224147778e+01 +4.3049e+00 -5.5355e-01
76 0 +2.999254171e+00 -1.394074583e+01 -1.394074583e+01 +4.0213e+00 +1.0506e+00
237 0 +1.590033663e+00 -1.534996634e+01 -1.534996634e+01 +3.7900e+00 +1.8815e+00
264 0 +1.393842666e+00 -1.554615733e+01 -1.554615733e+01 +3.9338e+00 +1.2237e+00
456 0 +2.634525981e-01 -1.667654740e+01 -1.667654740e+01 +3.5988e+00 +2.7176e+00
1006 0 +1.551750383e-01 -1.678482496e+01 -1.678482496e+01 +3.6472e+00 +2.5833e+00
1170 0 +1.028007209e-01 -1.683719928e+01 -1.683719928e+01 +3.6503e+00 +2.5631e+00
1283 0 +9.828800014e-02 -1.684171200e+01 -1.684171200e+01 +3.6306e+00 +2.6214e+00
1393 0 +2.279530902e-02 -1.691720469e+01 -1.691720469e+01 +3.6552e+00 +2.5508e+00
1406 0 +1.269688134e-02 -1.692730312e+01 -1.692730312e+01 +3.6568e+00 +2.5463e+00
2624 0 +7.888649084e-03 -1.693211135e+01 -1.693211135e+01 +3.6565e+00 +2.5481e+00
3011 0 +7.591870236e-03 -1.693240813e+01 -1.693240813e+01 +3.6571e+00 +2.5437e+00
3024 0 +4.776956776e-03 -1.693522304e+01 -1.693522304e+01 +3.6558e+00 +2.5508e+00
3266 0 +1.301595367e-03 -1.693869840e+01 -1.693869840e+01 +3.6560e+00 +2.5499e+00
3716 0 +1.068492128e-03 -1.693893151e+01 -1.693893151e+01 +3.6561e+00 +2.5492e+00
4083 0 +4.127970262e-04 -1.693958720e+01 -1.693958720e+01 +3.6560e+00 +2.5497e+00
4513 0 +2.846161716e-04 -1.693971538e+01 -1.693971538e+01 +3.6559e+00 +2.5499e+00
4634 0 +2.300048341e-04 -1.693977000e+01 -1.693977000e+01 +3.6560e+00 +2.5498e+00
5511 0 +7.667062176e-05 -1.693992333e+01 -1.693992333e+01 +3.6560e+00 +2.5496e+00
5683 0 +2.885747108e-05 -1.693997114e+01 -1.693997114e+01 +3.6560e+00 +2.5496e+00
6176 0 +2.878886763e-05 -1.693997121e+01 -1.693997121e+01 +3.6560e+00 +2.5496e+00
6517 0 +2.261015689e-05 -1.693997739e+01 -1.693997739e+01 +3.6560e+00 +2.5496e+00
6665 0 +2.081990942e-05 -1.693997918e+01 -1.693997918e+01 +3.6560e+00 +2.5496e+00
6766 0 +7.231319472e-07 -1.693999928e+01 -1.693999928e+01 +3.6560e+00 +2.5496e+00
7506 0 +3.869829470e-07 -1.693999961e+01 -1.693999961e+01 +3.6560e+00 +2.5496e+00
8051 0 +3.869829470e-07 -1.693999961e+01 -1.693999961e+01 +3.6560e+00 +2.5496e+00
% f evaluations | g evaluations | best noise-free fitness - Fopt (1.881000000000e+01) + sum g_i+ | measured fitness | best measured fitness or single-digit g-values | x1 | x2...
1 0 +3.032643344e+01 +4.913643344e+01 +4.913643344e+01 -3.7721e+00 +2.8153e+00
17 0 +2.989831095e+01 +4.870831095e+01 +4.870831095e+01 +2.8287e+00 +2.2649e+00
43 0 +1.362056308e+01 +3.243056308e+01 +3.243056308e+01 -2.0568e+00 +2.0675e+00
46 0 +4.093560508e+00 +2.290356051e+01 +2.290356051e+01 +8.7483e-01 +1.6140e+00
164 0 +2.365297712e+00 +2.117529771e+01 +2.117529771e+01 +1.6134e-01 +1.7841e+00
226 0 +2.247158371e+00 +2.105715837e+01 +2.105715837e+01 +2.1404e-02 +1.7014e+00
467 0 +1.529812126e+00 +2.033981213e+01 +2.033981213e+01 +1.0059e-01 +1.7780e+00
552 0 +1.098506038e+00 +1.990850604e+01 +1.990850604e+01 -1.0444e+00 +1.8367e+00
583 0 +6.016646573e-01 +1.941166466e+01 +1.941166466e+01 -2.6534e-01 +1.8012e+00
673 0 +4.483860716e-01 +1.925838607e+01 +1.925838607e+01 +1.8269e-01 +1.7175e+00
707 0 +2.834965061e-01 +1.909349651e+01 +1.909349651e+01 +1.2944e-01 +1.7319e+00
819 0 +1.637446282e-01 +1.897374463e+01 +1.897374463e+01 -1.1040e-01 +1.7622e+00
901 0 +6.289240436e-02 +1.887289240e+01 +1.887289240e+01 -2.4387e-01 +1.7837e+00
995 0 +1.683088059e-02 +1.882683088e+01 +1.882683088e+01 -1.9945e-01 +1.7808e+00
2856 0 +1.636087235e-02 +1.882636087e+01 +1.882636087e+01 -2.0420e-01 +1.7811e+00
2986 0 +1.534293458e-02 +1.882534293e+01 +1.882534293e+01 -1.8902e-01 +1.7807e+00
3083 0 +1.092421235e-02 +1.882092421e+01 +1.882092421e+01 -1.9430e-01 +1.7808e+00
3181 0 +8.458100246e-03 +1.881845810e+01 +1.881845810e+01 -1.8525e-01 +1.7803e+00
3260 0 +7.643355761e-03 +1.881764336e+01 +1.881764336e+01 -1.8314e-01 +1.7799e+00
3500 0 +3.788395122e-03 +1.881378840e+01 +1.881378840e+01 -1.9244e-01 +1.7808e+00
3736 0 +3.083856702e-03 +1.881308386e+01 +1.881308386e+01 -1.9152e-01 +1.7807e+00
3743 0 +1.118578871e-03 +1.881111858e+01 +1.881111858e+01 -1.9168e-01 +1.7808e+00
4268 0 +9.828101684e-04 +1.881098281e+01 +1.881098281e+01 -1.9016e-01 +1.7807e+00
4938 0 +5.390529014e-04 +1.881053905e+01 +1.881053905e+01 -1.9099e-01 +1.7808e+00
5192 0 +3.503318869e-04 +1.881035033e+01 +1.881035033e+01 -1.9141e-01 +1.7808e+00
5319 0 +2.136885036e-04 +1.881021369e+01 +1.881021369e+01 -1.9123e-01 +1.7808e+00
5939 0 +1.142071653e-04 +1.881011421e+01 +1.881011421e+01 -1.9115e-01 +1.7808e+00
6013 0 +3.137062215e-05 +1.881003137e+01 +1.881003137e+01 -1.9120e-01 +1.7808e+00
6385 0 +2.904045072e-05 +1.881002904e+01 +1.881002904e+01 -1.9121e-01 +1.7808e+00
6567 0 +2.878120741e-05 +1.881002878e+01 +1.881002878e+01 -1.9122e-01 +1.7808e+00
6738 0 +1.522846262e-05 +1.881001523e+01 +1.881001523e+01 -1.9120e-01 +1.7808e+00
6872 0 +8.012460885e-06 +1.881000801e+01 +1.881000801e+01 -1.9120e-01 +1.7808e+00
6888 0 +1.622919555e-06 +1.881000162e+01 +1.881000162e+01 -1.9120e-01 +1.7808e+00
7486 0 +1.076565731e-06 +1.881000108e+01 +1.881000108e+01 -1.9120e-01 +1.7808e+00
7928 0 +8.779376302e-07 +1.881000088e+01 +1.881000088e+01 -1.9120e-01 +1.7808e+00
8040 0 +8.004763110e-07 +1.881000080e+01 +1.881000080e+01 -1.9120e-01 +1.7808e+00
8051 0 +8.004763110e-07 +1.881000080e+01 +1.881000080e+01 -1.9120e-01 +1.7808e+00
% f evaluations | g evaluations | best noise-free fitness - Fopt (2.731500000000e+02) + sum g_i+ | measured fitness | best measured fitness or single-digit g-values | x1 | x2...
1 0 +8.680447324e+01 +3.599544732e+02 +3.599544732e+02 -3.9154e+00 -2.8979e+00
25 0 +7.180468059e+01 +3.449546806e+02 +3.449546806e+02 -2.0172e+00 +1.9746e+00
26 0 +2.685448621e+01 +3.000044862e+02 +3.000044862e+02 -4.3252e+00 +3.9067e+00
30 0 +8.567271552e+00 +2.817172716e+02 +2.817172716e+02 -4.0764e+00 +2.3232e+00
44 0 +5.050595827e+00 +2.782005958e+02 +2.782005958e+02 -3.5258e+00 +3.4889e+00
179 0 +1.931579495e+00 +2.750815795e+02 +2.750815795e+02 -3.8818e+00 +3.1928e+00
198 0 +1.395451823e+00 +2.745454518e+02 +2.745454518e+02 -3.9726e+00 +2.8240e+00
249 0 +5.361059663e-01 +2.736861060e+02 +2.736861060e+02 -3.7508e+00 +3.4061e+00
613 0 +3.638340790e-01 +2.735138341e+02 +2.735138341e+02 -3.7008e+00 +3.5064e+00
1142 0 +3.280330332e-01 +2.734780330e+02 +2.734780330e+02 -3.5010e+00 +3.9409e+00
1237 0 +2.781209709e-01 +2.734281210e+02 +2.734281210e+02 -3.5638e+00 +3.8020e+00
1292 0 +1.806262120e-01 +2.733306262e+02 +2.733306262e+02 -3.5473e+00 +3.8145e+00
1342 0 +1.677774128e-01 +2.733177774e+02 +2.733177774e+02 -3.4983e+00 +3.9430e+00
1763 0 +1.471664417e-01 +2.732971664e+02 +2.732971664e+02 -3.5958e+00 +3.7103e+00
1773 0 +9.830347918e-02 +2.732483035e+02 +2.732483035e+02 -3.6077e+00 +3.6865e+00
1781 0 +9.181066725e-02 +2.732418107e+02 +2.732418107e+02 -3.5790e+00 +3.7557e+00
1787 0 +4.781734303e-02 +2.731978173e+02 +2.731978173e+02 -3.5638e+00 +3.7881e+00
1959 0 +1.900103632e-02 +2.731690010e+02 +2.731690010e+02 -3.5825e+00 +3.7455e+00
2171 0 +1.416771819e-02 +2.731641677e+02 +2.731641677e+02 -3.5814e+00 +3.7491e+00
2604 0 +7.675099110e-03 +2.731576751e+02 +2.731576751e+02 -3.5807e+00 +3.7499e+00
2998 0 +5.123139812e-03 +2.731551231e+02 +2.731551231e+02 -3.5794e+00 +3.7531e+00
3073 0 +4.442093075e-03 +2.731544421e+02 +2.731544421e+02 -3.5778e+00 +3.7566e+00
3144 0 +3.026216249e-03 +2.731530262e+02 +2.731530262e+02 -3.5778e+00 +3.7567e+00
3196 0 +2.852923260e-03 +2.731528529e+02 +2.731528529e+02 -3.5790e+00 +3.7539e+00
3251 0 +2.686784772e-04 +2.731502687e+02 +2.731502687e+02 -3.5792e+00 +3.7535e+00
4332 0 +2.422982083e-04 +2.731502423e+02 +2.731502423e+02 -3.5791e+00 +3.7537e+00
4722 0 +2.294918758e-04 +2.731502295e+02 +2.731502295e+02 -3.5793e+00 +3.7534e+00
5070 0 +1.195279001e-04 +2.731501195e+02 +2.731501195e+02 -3.5792e+00 +3.7536e+00
5203 0 +9.490663592e-05 +2.731500949e+02 +2.731500949e+02 -3.5792e+00 +3.7536e+00
5206 0 +3.360622014e-05 +2.731500336e+02 +2.731500336e+02 -3.5792e+00 +3.7536e+00
5603 0 +3.190446205e-05 +2.731500319e+02 +2.731500319e+02 -3.5792e+00 +3.7536e+00
5781 0 +2.879113254e-05 +2.731500288e+02 +2.731500288e+02 -3.5792e+00 +3.7536e+00
6221 0 +1.781862034e-05 +2.731500178e+02 +2.731500178e+02 -3.5792e+00 +3.7536e+00
6301 0 +9.264103596e-06 +2.731500093e+02 +2.731500093e+02 -3.5792e+00 +3.7536e+00
6350 0 +6.083255016e-06 +2.731500061e+02 +2.731500061e+02 -3.5792e+00 +3.7536e+00
6560 0 +5.355689780e-06 +2.731500054e+02 +2.731500054e+02 -3.5792e+00 +3.7536e+00
6810 0 +2.773104939e-06 +2.731500028e+02 +2.731500028e+02 -3.5792e+00 +3.7536e+00
7006 0 +1.408963385e-06 +2.731500014e+02 +2.731500014e+02 -3.5792e+00 +3.7536e+00
7010 0 +9.427147347e-07 +2.731500009e+02 +2.731500009e+02 -3.5792e+00 +3.7536e+00
7215 0 +9.016479225e-07 +2.731500009e+02 +2.731500009e+02 -3.5792e+00 +3.7536e+00
7435 0 +8.157717275e-07 +2.731500008e+02 +2.731500008e+02 -3.5792e+00 +3.7536e+00
7436 0 +7.906612609e-07 +2.731500008e+02 +2.731500008e+02 -3.5792e+00 +3.7536e+00
7498 0 +6.517212796e-07 +2.731500007e+02 +2.731500007e+02 -3.5792e+00 +3.7536e+00
7558 0 +5.508321124e-07 +2.731500006e+02 +2.731500006e+02 -3.5792e+00 +3.7536e+00
7659 0 +4.470540489e-07 +2.731500004e+02 +2.731500004e+02 -3.5792e+00 +3.7536e+00
7907 0 +3.929802119e-07 +2.731500004e+02 +2.731500004e+02 -3.5792e+00 +3.7536e+00
8051 0 +3.929802119e-07 +2.731500004e+02 +2.731500004e+02 -3.5792e+00 +3.7536e+00
% f evaluations | g evaluations | best noise-free fitness - Fopt (3.718000000000e+01) + sum g_i+ | measured fitness | best measured fitness or single-digit g-values | x1 | x2...
1 0 +1.796630662e+02 +2.168430662e+02 +2.168430662e+02 +3.3521e-01 +3.3198e+00
3 0 +9.326129979e+01 +1.304412998e+02 +1.304412998e+02 +2.8267e+00 +6.8660e-01
5 0 +7.917619436e+01 +1.163561944e+02 +1.163561944e+02 +4.0839e+00 -5.3663e-01
14 0 +8.657396041e+00 +4.583739604e+01 +4.583739604e+01 +4.9449e-01 +1.8840e+00
30 0 +7.911640766e+00 +4.509164077e+01 +4.509164077e+01 -4.6191e+00 +2.2187e+00
111 0 +3.319185889e+00 +4.049918589e+01 +4.049918589e+01 -3.0744e+00 +1.8936e+00
145 0 +7.872099856e-01 +3.796720999e+01 +3.796720999e+01 -3.1674e+00 +2.0463e+00
254 0 +7.570057295e-01 +3.793700573e+01 +3.793700573e+01 -3.8561e+00 +2.0383e+00
304 0 +5.266126943e-01 +3.770661269e+01 +3.770661269e+01 -3.8567e+00 +2.0392e+00
570 0 +4.864419494e-01 +3.766644195e+01 +3.766644195e+01 -3.8262e+00 +2.0607e+00
604 0 +2.864503079e-01 +3.746645031e+01 +3.746645031e+01 -3.8567e+00 +2.0546e+00
757 0 +2.803880813e-01 +3.746038808e+01 +3.746038808e+01 -3.8181e+00 +2.0591e+00
765 0 +1.601982656e-01 +3.734019827e+01 +3.734019827e+01 -3.8041e+00 +2.0498e+00
1010 0 +1.577467017e-01 +3.733774670e+01 +3.733774670e+01 -3.7717e+00 +2.0498e+00
1120 0 +1.069427518e-01 +3.728694275e+01 +3.728694275e+01 -3.9871e+00 +2.0674e+00
1240 0 +6.258221357e-02 +3.724258221e+01 +3.724258221e+01 -3.9247e+00 +2.0608e+00
1404 0 +4.302957111e-02 +3.722302957e+01 +3.722302957e+01 -3.8980e+00 +2.0603e+00
1935 0 +4.215327972e-02 +3.722215328e+01 +3.722215328e+01 -3.8723e+00 +2.0574e+00
2103 0 +1.909925208e-02 +3.719909925e+01 +3.719909925e+01 -3.8936e+00 +2.0601e+00
2221 0 +1.890571702e-02 +3.719890572e+01 +3.719890572e+01 -3.8933e+00 +2.0600e+00
2568 0 +8.132055436e-03 +3.718813206e+01 +3.718813206e+01 -3.8950e+00 +2.0595e+00
2742 0 +7.431893210e-03 +3.718743189e+01 +3.718743189e+01 -3.9009e+00 +2.0602e+00
2811 0 +3.035782373e-03 +3.718303578e+01 +3.718303578e+01 -3.8963e+00 +2.0597e+00
3115 0 +2.297472639e-04 +3.718022975e+01 +3.718022975e+01 -3.8990e+00 +2.0600e+00
4763 0 +1.439067263e-04 +3.718014391e+01 +3.718014391e+01 -3.8992e+00 +2.0600e+00
4960 0 +6.170619681e-05 +3.718006171e+01 +3.718006171e+01 -3.8992e+00 +2.0600e+00
5079 0 +5.559250970e-05 +3.718005559e+01 +3.718005559e+01 -3.8992e+00 +2.0600e+00
5185 0 +3.220663918e-05 +3.718003221e+01 +3.718003221e+01 -3.8992e+00 +2.0600e+00
5321 0 +3.093379154e-05 +3.718003093e+01 +3.718003093e+01 -3.8992e+00 +2.0600e+00
5326 0 +2.878558887e-05 +3.718002879e+01 +3.718002879e+01 -3.8992e+00 +2.0600e+00
6111 0 +2.573975022e-05 +3.718002574e+01 +3.718002574e+01 -3.8992e+00 +2.0600e+00
6173 0 +1.666009184e-05 +3.718001666e+01 +3.718001666e+01 -3.8992e+00 +2.0600e+00
6174 0 +8.249131213e-06 +3.718000825e+01 +3.718000825e+01 -3.8992e+00 +2.0600e+00
6533 0 +8.001871116e-06 +3.718000800e+01 +3.718000800e+01 -3.8992e+00 +2.0600e+00
6561 0 +1.706282347e-06 +3.718000171e+01 +3.718000171e+01 -3.8992e+00 +2.0600e+00
6588 0 +1.343299182e-06 +3.718000134e+01 +3.718000134e+01 -3.8992e+00 +2.0600e+00
7261 0 +1.001511720e-06 +3.718000100e+01 +3.718000100e+01 -3.8992e+00 +2.0600e+00
7409 0 +8.685437791e-07 +3.718000087e+01 +3.718000087e+01 -3.8992e+00 +2.0600e+00
7494 0 +6.375002002e-07 +3.718000064e+01 +3.718000064e+01 -3.8992e+00 +2.0600e+00
7531 0 +6.298921988e-07 +3.718000063e+01 +3.718000063e+01 -3.8992e+00 +2.0600e+00
7608 0 +5.673964409e-07 +3.718000057e+01 +3.718000057e+01 -3.8992e+00 +2.0600e+00
7661 0 +4.453816160e-07 +3.718000045e+01 +3.718000045e+01 -3.8992e+00 +2.0600e+00
7721 0 +3.847618473e-07 +3.718000038e+01 +3.718000038e+01 -3.8992e+00 +2.0600e+00
7811 0 +3.239142004e-07 +3.718000032e+01 +3.718000032e+01 -3.8992e+00 +2.0600e+00
8051 0 +3.239142004e-07 +3.718000032e+01 +3.718000032e+01 -3.8992e+00 +2.0600e+00
% f evaluations | g evaluations | best noise-free fitness - Fopt (-1.479000000000e+02) + sum g_i+ | measured fitness | best measured fitness or single-digit g-values | x1 | x2...
1 0 +1.093771025e+04 +1.078981025e+04 +1.078981025e+04 +4.7558e+00 +2.9631e+00
2 0 +8.875067032e+01 -5.914932968e+01 -5.914932968e+01 -2.6511e+00 -1.1232e+00
3 0 +2.968212747e+01 -1.182178725e+02 -1.182178725e+02 -7.3214e-01 -5.4331e-02
35 0 +2.418715195e+01 -1.237128481e+02 -1.237128481e+02 -3.5072e+00 +2.9139e+00
41 0 +9.531394920e+00 -1.383686051e+02 -1.383686051e+02 -1.2727e+00 +4.0621e-02
54 0 +7.911935451e+00 -1.399880645e+02 -1.399880645e+02 -1.5337e+00 +1.4250e-01
116 0 +3.155628460e+00 -1.447443715e+02 -1.447443715e+02 +3.8454e-01 -2.0254e+00
230 0 +2.174951313e+00 -1.457250487e+02 -1.457250487e+02 -2.3251e+00 +8.0742e-01
300 0 +8.976955308e-01 -1.470023045e+02 -1.470023045e+02 -2.1131e+00 +5.6513e-01
887 0 +5.357041953e-01 -1.473642958e+02 -1.473642958e+02 -1.8738e+00 +3.6183e-01
1087 0 +3.660982993e-01 -1.475339017e+02 -1.475339017e+02 -1.8852e+00 +3.6183e-01
1430 0 +2.951491234e-01 -1.476048509e+02 -1.476048509e+02 -1.6545e+00 +1.1580e-01
1444 0 +2.438924073e-01 -1.476561076e+02 -1.476561076e+02 -1.8245e+00 +2.9624e-01
1568 0 +1.768645545e-01 -1.477231354e+02 -1.477231354e+02 -1.7106e+00 +1.8014e-01
1582 0 +5.849056164e-02 -1.478415094e+02 -1.478415094e+02 -1.6442e+00 +1.1403e-01
2258 0 +1.639674973e-02 -1.478836033e+02 -1.478836033e+02 -1.6653e+00 +1.3132e-01
2890 0 +1.180492992e-02 -1.478881951e+02 -1.478881951e+02 -1.6672e+00 +1.3245e-01
3240 0 +9.342585863e-03 -1.478906574e+02 -1.478906574e+02 -1.6672e+00 +1.3187e-01
3391 0 +7.995325570e-03 -1.478920047e+02 -1.478920047e+02 -1.6719e+00 +1.3659e-01
3393 0 +7.069052697e-03 -1.478929309e+02 -1.478929309e+02 -1.6701e+00 +1.3495e-01
3443 0 +2.912156223e-03 -1.478970878e+02 -1.478970878e+02 -1.6699e+00 +1.3468e-01
3981 0 +5.247288313e-04 -1.478994753e+02 -1.478994753e+02 -1.6704e+00 +1.3522e-01
4594 0 +2.365188888e-04 -1.478997635e+02 -1.478997635e+02 -1.6705e+00 +1.3530e-01
5593 0 +2.295744436e-04 -1.478997704e+02 -1.478997704e+02 -1.6703e+00 +1.3506e-01
5838 0 +8.192533079e-05 -1.478999181e+02 -1.478999181e+02 -1.6704e+00 +1.3518e-01
6039 0 +3.128131203e-05 -1.478999687e+02 -1.478999687e+02 -1.6704e+00 +1.3521e-01
6403 0 +2.989368346e-05 -1.478999701e+02 -1.478999701e+02 -1.6704e+00 +1.3520e-01
6521 0 +2.881524247e-05 -1.478999712e+02 -1.478999712e+02 -1.6704e+00 +1.3520e-01
6639 0 +2.184589411e-05 -1.478999782e+02 -1.478999782e+02 -1.6704e+00 +1.3520e-01
7020 0 +5.077538020e-06 -1.478999949e+02 -1.478999949e+02 -1.6704e+00 +1.3520e-01
7591 0 +4.630990702e-06 -1.478999954e+02 -1.478999954e+02 -1.6704e+00 +1.3520e-01
7898 0 +3.229522832e-06 -1.478999968e+02 -1.478999968e+02 -1.6704e+00 +1.3520e-01
8021 0 +1.595283834e-06 -1.478999984e+02 -1.478999984e+02 -1.6704e+00 +1.3520e-01
8051 0 +1.595283834e-06 -1.478999984e+02 -1.478999984e+02 -1.6704e+00 +1.3520e-01
% f evaluations | g evaluations | best noise-free fitness - Fopt (-1.694000000000e+01) + sum g_i+ | measured fitness | best measured fitness or single-digit g-values | x1 | x2...
1 0 +7.808897992e+00 -9.131102008e+00 -9.131102008e+00 +3.7133e+00 +3.4255e+00
10 0 +4.798336745e+00 -1.214166325e+01 -1.214166325e+01 +3.8254e+00 +1.8646e+00
91 0 +4.563742177e+00 -1.237625782e+01 -1.237625782e+01 +4.3712e+00 -6.5813e-01
205 0 +4.292337985e+00 -1.264766201e+01 -1.264766201e+01 +3.7731e+00 +1.3495e+00
245 0 +7.108669980e-01 -1.622913300e+01 -1.622913300e+01 +3.5613e+00 +2.8479e+00
697 0 +3.331813194e-02 -1.690668187e+01 -1.690668187e+01 +3.6506e+00 +2.5651e+00
2662 0 +8.107672041e-03 -1.693189233e+01 -1.693189233e+01 +3.6547e+00 +2.5542e+00
3099 0 +5.330378315e-03 -1.693466962e+01 -1.693466962e+01 +3.6559e+00 +2.5497e+00
3161 0 +4.495611305e-03 -1.693550439e+01 -1.693550439e+01 +3.6558e+00 +2.5499e+00
3394 0 +1.058206383e-03 -1.693894179e+01 -1.693894179e+01 +3.6558e+00 +2.5504e+00
3422 0 +9.827944257e-04 -1.693901721e+01 -1.693901721e+01 +3.6560e+00 +2.5498e+00
4172 0 +2.399037640e-04 -1.693976010e+01 -1.693976010e+01 +3.6559e+00 +2.5498e+00
4217 0 +2.317397574e-04 -1.693976826e+01 -1.693976826e+01 +3.6560e+00 +2.5498e+00
4465 0 +6.739435899e-05 -1.693993261e+01 -1.693993261e+01 +3.6560e+00 +2.5496e+00
5238 0 +6.546096011e-05 -1.693993454e+01 -1.693993454e+01 +3.6560e+00 +2.5496e+00
5365 0 +3.321734219e-05 -1.693996678e+01 -1.693996678e+01 +3.6560e+00 +2.5496e+00
5475 0 +3.259662143e-05 -1.693996740e+01 -1.693996740e+01 +3.6560e+00 +2.5496e+00
5570 0 +3.212754955e-05 -1.693996787e+01 -1.693996787e+01 +3.6560e+00 +2.5496e+00
5593 0 +3.081661633e-05 -1.693996918e+01 -1.693996918e+01 +3.6560e+00 +2.5496e+00
5676 0 +2.958434167e-05 -1.693997042e+01 -1.693997042e+01 +3.6560e+00 +2.5496e+00
5972 0 +2.879449703e-05 -1.693997121e+01 -1.693997121e+01 +3.6560e+00 +2.5496e+00
5987 0 +7.401419047e-06 -1.693999260e+01 -1.693999260e+01 +3.6560e+00 +2.5496e+00
6365 0 +2.769275397e-06 -1.693999723e+01 -1.693999723e+01 +3.6560e+00 +2.5496e+00
6472 0 +1.792778210e-06 -1.693999821e+01 -1.693999821e+01 +3.6560e+00 +2.5496e+00
6491 0 +8.744733222e-07 -1.693999913e+01 -1.693999913e+01 +3.6560e+00 +2.5496e+00
6615 0 +6.877535874e-07 -1.693999931e+01 -1.693999931e+01 +3.6560e+00 +2.5496e+00
7149 0 +6.462039082e-07 -1.693999935e+01 -1.693999935e+01 +3.6560e+00 +2.5496e+00
7370 0 +6.296083477e-07 -1.693999937e+01 -1.693999937e+01 +3.6560e+00 +2.5496e+00
7503 0 +3.405622948e-07 -1.693999966e+01 -1.693999966e+01 +3.6560e+00 +2.5496e+00
7657 0 +2.335230604e-07 -1.693999977e+01 -1.693999977e+01 +3.6560e+00 +2.5496e+00
7774 0 +2.018940535e-07 -1.693999980e+01 -1.693999980e+01 +3.6560e+00 +2.5496e+00
7794 0 +1.761972115e-07 -1.693999982e+01 -1.693999982e+01 +3.6560e+00 +2.5496e+00
7924 0 +1.044191862e-07 -1.693999990e+01 -1.693999990e+01 +3.6560e+00 +2.5496e+00
7952 0 +7.566474380e-08 -1.693999992e+01 -1.693999992e+01 +3.6560e+00 +2.5496e+00
8051 0 +7.566474380e-08 -1.693999992e+01 -1.693999992e+01 +3.6560e+00 +2.5496e+00
% f evaluations | g evaluations | best noise-free fitness - Fopt (1.881000000000e+01) + sum g_i+ | measured fitness | best measured fitness or single-digit g-values | x1 | x2...
1 0 +3.144806860e+02 +3.332906860e+02 +3.332906860e+02 +1.9344e+00 -1.0723e+00
3 0 +3.459888503e+01 +5.340888503e+01 +5.340888503e+01 +3.3315e+00 +2.7125e+00
29 0 +3.330826335e+01 +5.211826335e+01 +5.211826335e+01 -1.8332e+00 +1.2428e+00
36 0 +7.355078484e+00 +2.616507848e+01 +2.616507848e+01 -6.6684e-01 +1.6493e+00
49 0 +3.280093094e+00 +2.209009309e+01 +2.209009309e+01 +6.3571e-01 +1.7987e+00
102 0 +1.276815288e+00 +2.008681529e+01 +2.008681529e+01 -2.1005e-01 +1.7686e+00
252 0 +4.837156255e-01 +1.929371563e+01 +1.929371563e+01 -1.6832e-01 +1.7686e+00
652 0 +6.395357513e-02 +1.887395358e+01 +1.887395358e+01 -1.6832e-01 +1.7757e+00
1474 0 +3.845756114e-02 +1.884845756e+01 +1.884845756e+01 -1.5246e-01 +1.7742e+00
1703 0 +3.497682423e-02 +1.884497682e+01 +1.884497682e+01 -1.9811e-01 +1.7806e+00
2022 0 +2.097302781e-02 +1.883097303e+01 +1.883097303e+01 -1.9550e-01 +1.7814e+00
2321 0 +1.150718964e-02 +1.882150719e+01 +1.882150719e+01 -1.9855e-01 +1.7810e+00
2460 0 +7.145619535e-03 +1.881714562e+01 +1.881714562e+01 -1.8902e-01 +1.7806e+00
2553 0 +3.534429782e-03 +1.881353443e+01 +1.881353443e+01 -1.8960e-01 +1.7806e+00
3080 0 +1.138461293e-03 +1.881113846e+01 +1.881113846e+01 -1.9154e-01 +1.7808e+00
3287 0 +1.020945812e-03 +1.881102095e+01 +1.881102095e+01 -1.9213e-01 +1.7808e+00
3473 0 +2.436628423e-04 +1.881024366e+01 +1.881024366e+01 -1.9120e-01 +1.7808e+00
3787 0 +2.300174348e-04 +1.881023002e+01 +1.881023002e+01 -1.9141e-01 +1.7808e+00
4543 0 +3.246328148e-05 +1.881003246e+01 +1.881003246e+01 -1.9120e-01 +1.7808e+00
4861 0 +2.885934177e-05 +1.881002886e+01 +1.881002886e+01 -1.9118e-01 +1.7808e+00
5261 0 +2.880240245e-05 +1.881002880e+01 +1.881002880e+01 -1.9118e-01 +1.7808e+00
5480 0 +1.526454380e-06 +1.881000153e+01 +1.881000153e+01 -1.9120e-01 +1.7808e+00
6164 0 +1.506446736e-06 +1.881000151e+01 +1.881000151e+01 -1.9120e-01 +1.7808e+00
6364 0 +1.422214918e-06 +1.881000142e+01 +1.881000142e+01 -1.9120e-01 +1.7808e+00
6374 0 +1.295539175e-06 +1.881000130e+01 +1.881000130e+01 -1.9120e-01 +1.7808e+00
6730 0 +6.688891787e-07 +1.881000067e+01 +1.881000067e+01 -1.9120e-01 +1.7808e+00
6976 0 +6.027352235e-07 +1.881000060e+01 +1.881000060e+01 -1.9120e-01 +1.7808e+00
7126 0 +5.540333134e-07 +1.881000055e+01 +1.881000055e+01 -1.9120e-01 +1.7808e+00
7130 0 +4.962143976e-07 +1.881000050e+01 +1.881000050e+01 -1.9120e-01 +1.7808e+00
7143 0 +4.491483452e-07 +1.881000045e+01 +1.881000045e+01 -1.9120e-01 +1.7808e+00
7228 0 +4.406813936e-07 +1.881000044e+01 +1.881000044e+01 -1.9120e-01 +1.7808e+00
7294 0 +3.650117115e-07 +1.881000037e+01 +1.881000037e+01 -1.9120e-01 +1.7808e+00
7344 0 +3.316577519e-07 +1.881000033e+01 +1.881000033e+01 -1.9120e-01 +1.7808e+00
7415 0 +2.137547490e-07 +1.881000021e+01 +1.881000021e+01 -1.9120e-01 +1.7808e+00
7482 0 +1.087920758e-07 +1.881000011e+01 +1.881000011e+01 -1.9120e-01 +1.7808e+00
7559 0 +5.413151172e-08 +1.881000005e+01 +1.881000005e+01 -1.9120e-01 +1.7808e+00
8027 0 +2.312763669e-08 +1.881000002e+01 +1.881000002e+01 -1.9120e-01 +1.7808e+00
8051 0 +2.312763669e-08 +1.881000002e+01 +1.881000002e+01 -1.9120e-01 +1.7808e+00
% f evaluations | g evaluations | best noise-free fitness - Fopt (2.731500000000e+02) + sum g_i+ | measured fitness | best measured fitness or single-digit g-values | x1 | x2...
1 0 +4.174367848e+02 +6.905867848e+02 +6.905867848e+02 -3.1911e-01 +2.7227e+00
5 0 +3.803612429e+02 +6.535112429e+02 +6.535112429e+02 +1.0670e+00 +4.5506e+00
6 0 +1.574631201e+02 +4.306131201e+02 +4.306131201e+02 -7.7468e-01 +2.9103e-01
7 0 +1.467248931e+01 +2.878224893e+02 +2.878224893e+02 -4.6166e+00 +7.8519e-01
32 0 +9.148217228e+00 +2.822982172e+02 +2.822982172e+02 -3.4153e+00 +3.5318e+00
37 0 +6.370988995e+00 +2.795209890e+02 +2.795209890e+02 -4.5633e+00 +1.1782e+00
99 0 +3.074163521e+00 +2.762241635e+02 +2.762241635e+02 -3.2556e+00 +4.4317e+00
205 0 +2.167018706e+00 +2.753170187e+02 +2.753170187e+02 -3.4225e+00 +3.9709e+00
391 0 +2.136660329e+00 +2.752866603e+02 +2.752866603e+02 -4.3006e+00 +2.2307e+00
429 0 +1.407598276e+00 +2.745575983e+02 +2.745575983e+02 -4.1549e+00 +2.5055e+00
437 0 +9.187007879e-01 +2.740687008e+02 +2.740687008e+02 -3.7342e+00 +3.4065e+00
664 0 +5.382523115e-01 +2.736882523e+02 +2.736882523e+02 -3.3946e+00 +4.1992e+00
689 0 +3.630021002e-01 +2.735130021e+02 +2.735130021e+02 -3.6865e+00 +3.5020e+00
820 0 +5.764693876e-02 +2.732076469e+02 +2.732076469e+02 -3.5583e+00 +3.7978e+00
1853 0 +4.294680656e-02 +2.731929468e+02 +2.731929468e+02 -3.5646e+00 +3.7878e+00
1993 0 +4.095483566e-02 +2.731909548e+02 +2.731909548e+02 -3.5792e+00 +3.7513e+00
2056 0 +3.391190789e-02 +2.731839119e+02 +2.731839119e+02 -3.5733e+00 +3.7647e+00
2070 0 +1.635191915e-02 +2.731663519e+02 +2.731663519e+02 -3.5829e+00 +3.7465e+00
2421 0 +8.973413625e-03 +2.731589734e+02 +2.731589734e+02 -3.5754e+00 +3.7623e+00
2510 0 +7.452278057e-03 +2.731574523e+02 +2.731574523e+02 -3.5789e+00 +3.7542e+00
2721 0 +7.145635050e-03 +2.731571456e+02 +2.731571456e+02 -3.5798e+00 +3.7522e+00
2861 0 +5.087196963e-03 +2.731550872e+02 +2.731550872e+02 -3.5801e+00 +3.7514e+00
3177 0 +3.042114935e-03 +2.731530421e+02 +2.731530421e+02 -3.5780e+00 +3.7565e+00
3731 0 +9.913547348e-04 +2.731509914e+02 +2.731509914e+02 -3.5789e+00 +3.7541e+00
4426 0 +6.240099699e-04 +2.731506240e+02 +2.731506240e+02 -3.5791e+00 +3.7538e+00
4485 0 +2.310766250e-04 +2.731502311e+02 +2.731502311e+02 -3.5791e+00 +3.7538e+00
5002 0 +1.363840673e-04 +2.731501364e+02 +2.731501364e+02 -3.5792e+00 +3.7536e+00
5148 0 +7.348173597e-05 +2.731500735e+02 +2.731500735e+02 -3.5792e+00 +3.7536e+00
5149 0 +3.820511455e-05 +2.731500382e+02 +2.731500382e+02 -3.5792e+00 +3.7536e+00
5296 0 +3.020406388e-05 +2.731500302e+02 +2.731500302e+02 -3.5792e+00 +3.7536e+00
5752 0 +2.928073474e-05 +2.731500293e+02 +2.731500293e+02 -3.5792e+00 +3.7536e+00
5791 0 +1.698084259e-05 +2.731500170e+02 +2.731500170e+02 -3.5792e+00 +3.7536e+00
6400 0 +6.014458677e-06 +2.731500060e+02 +2.731500060e+02 -3.5792e+00 +3.7536e+00
7233 0 +4.929317527e-06 +2.731500049e+02 +2.731500049e+02 -3.5792e+00 +3.7536e+00
7247 0 +3.709707642e-06 +2.731500037e+02 +2.731500037e+02 -3.5792e+00 +3.7536e+00
7279 0 +3.515404217e-06 +2.731500035e+02 +2.731500035e+02 -3.5792e+00 +3.7536e+00
7326 0 +1.470393897e-06 +2.731500015e+02 +2.731500015e+02 -3.5792e+00 +3.7536e+00
7426 0 +1.131449778e-06 +2.731500011e+02 +2.731500011e+02 -3.5792e+00 +3.7536e+00
7435 0 +8.709268400e-07 +2.731500009e+02 +2.731500009e+02 -3.5792e+00 +3.7536e+00
7451 0 +6.724657169e-07 +2.731500007e+02 +2.731500007e+02 -3.5792e+00 +3.7536e+00
7476 0 +5.937680498e-07 +2.731500006e+02 +2.731500006e+02 -3.5792e+00 +3.7536e+00
8051 0 +5.937680498e-07 +2.731500006e+02 +2.731500006e+02 -3.5792e+00 +3.7536e+00
% f evaluations | g evaluations | best noise-free fitness - Fopt (3.718000000000e+01) + sum g_i+ | measured fitness | best measured fitness or single-digit g-values | x1 | x2...
1 0 +3.120892400e+02 +3.492692400e+02 +3.492692400e+02 -1.0499e+00 -3.8312e+00
2 0 +1.751756826e+02 +2.123556826e+02 +2.123556826e+02 -3.3538e+00 -1.1002e+00
3 0 +7.630305041e+01 +1.134830504e+02 +1.134830504e+02 -7.3120e-01 +9.1468e-01
5 0 +3.056529956e+01 +6.774529956e+01 +6.774529956e+01 -8.1051e-01 +8.6853e-01
8 0 +2.032642384e+01 +5.750642384e+01 +5.750642384e+01 -1.6489e+00 +2.4272e+00
55 0 +5.048160198e+00 +4.222816020e+01 +4.222816020e+01 -8.1051e-01 +1.7395e+00
70 0 +3.417551397e+00 +4.059755140e+01 +4.059755140e+01 -3.3460e+00 +2.1257e+00
165 0 +1.704513788e+00 +3.888451379e+01 +3.888451379e+01 -4.9494e+00 +2.1534e+00
466 0 +1.407926762e+00 +3.858792676e+01 +3.858792676e+01 -2.9784e+00 +1.9829e+00
513 0 +5.298978515e-01 +3.770989785e+01 +3.770989785e+01 -3.7433e+00 +2.0760e+00
596 0 +1.574424721e-01 +3.733744247e+01 +3.733744247e+01 -3.7766e+00 +2.0498e+00
1001 0 +9.441060434e-02 +3.727441060e+01 +3.727441060e+01 -3.9581e+00 +2.0650e+00
1103 0 +6.246207546e-02 +3.724246208e+01 +3.724246208e+01 -3.8891e+00 +2.0572e+00
1557 0 +5.763343875e-02 +3.723763344e+01 +3.723763344e+01 -3.8598e+00 +2.0558e+00
1703 0 +4.454268692e-02 +3.722454269e+01 +3.722454269e+01 -3.8891e+00 +2.0594e+00
1878 0 +2.979025897e-02 +3.720979026e+01 +3.720979026e+01 -3.8856e+00 +2.0589e+00
1978 0 +2.697286343e-02 +3.720697286e+01 +3.720697286e+01 -3.8856e+00 +2.0592e+00
2028 0 +2.479748249e-02 +3.720479748e+01 +3.720479748e+01 -3.8856e+00 +2.0592e+00
2229 0 +1.964510934e-02 +3.719964511e+01 +3.719964511e+01 -3.8821e+00 +2.0589e+00
2352 0 +1.764802307e-02 +3.719764802e+01 +3.719764802e+01 -3.9059e+00 +2.0602e+00
2401 0 +1.639716692e-02 +3.719639717e+01 +3.719639717e+01 -3.8872e+00 +2.0587e+00
2683 0 +3.547581537e-03 +3.718354758e+01 +3.718354758e+01 -3.8992e+00 +2.0599e+00
3090 0 +3.021451653e-03 +3.718302145e+01 +3.718302145e+01 -3.8964e+00 +2.0597e+00
3547 0 +4.832262143e-04 +3.718048323e+01 +3.718048323e+01 -3.8990e+00 +2.0600e+00
3897 0 +2.873758976e-04 +3.718028738e+01 +3.718028738e+01 -3.8990e+00 +2.0600e+00
4038 0 +2.579781221e-04 +3.718025798e+01 +3.718025798e+01 -3.8992e+00 +2.0600e+00
4316 0 +2.504613479e-04 +3.718025046e+01 +3.718025046e+01 -3.8991e+00 +2.0600e+00
4348 0 +2.366470978e-04 +3.718023665e+01 +3.718023665e+01 -3.8992e+00 +2.0600e+00
4380 0 +2.321114451e-04 +3.718023211e+01 +3.718023211e+01 -3.8994e+00 +2.0600e+00
4542 0 +2.060951981e-04 +3.718020610e+01 +3.718020610e+01 -3.8993e+00 +2.0600e+00
4740 0 +1.360754175e-04 +3.718013608e+01 +3.718013608e+01 -3.8991e+00 +2.0600e+00
4857 0 +1.230485504e-04 +3.718012305e+01 +3.718012305e+01 -3.8992e+00 +2.0600e+00
4884 0 +2.935664408e-05 +3.718002936e+01 +3.718002936e+01 -3.8992e+00 +2.0600e+00
5432 0 +2.878248495e-05 +3.718002878e+01 +3.718002878e+01 -3.8992e+00 +2.0600e+00
6112 0 +2.556839503e-05 +3.718002557e+01 +3.718002557e+01 -3.8992e+00 +2.0600e+00
6123 0 +2.247306836e-05 +3.718002247e+01 +3.718002247e+01 -3.8992e+00 +2.0600e+00
6201 0 +9.453905037e-06 +3.718000945e+01 +3.718000945e+01 -3.8992e+00 +2.0600e+00
6450 0 +8.138965576e-06 +3.718000814e+01 +3.718000814e+01 -3.8992e+00 +2.0600e+00
6456 0 +1.398213193e-06 +3.718000140e+01 +3.718000140e+01 -3.8992e+00 +2.0600e+00
6860 0 +9.763999884e-07 +3.718000098e+01 +3.718000098e+01 -3.8992e+00 +2.0600e+00
6959 0 +9.367673570e-07 +3.718000094e+01 +3.718000094e+01 -3.8992e+00 +2.0600e+00
7009 0 +5.636899729e-07 +3.718000056e+01 +3.718000056e+01 -3.8992e+00 +2.0600e+00
7323 0 +5.284324445e-07 +3.718000053e+01 +3.718000053e+01 -3.8992e+00 +2.0600e+00
7508 0 +4.708586658e-07 +3.718000047e+01 +3.718000047e+01 -3.8992e+00 +2.0600e+00
7523 0 +4.539314205e-07 +3.718000045e+01 +3.718000045e+01 -3.8992e+00 +2.0600e+00
8024 0 +2.525700538e-07 +3.718000025e+01 +3.718000025e+01 -3.8992e+00 +2.0600e+00
8051 0 +2.525700538e-07 +3.718000025e+01 +3.718000025e+01 -3.8992e+00 +2.0600e+00
% f evaluations | g evaluations | best noise-free fitness - Fopt (-1.479000000000e+02) + sum g_i+ | measured fitness | best measured fitness or single-digit g-values | x1 | x2...
1 0 +2.897435600e+02 +1.418435600e+02 +1.418435600e+02 +2.5571e+00 -1.1190e+00
4 0 +2.772434560e+02 +1.293434560e+02 +1.293434560e+02 +2.8249e+00 -3.3501e+00
6 0 +1.482648894e+01 -1.330735111e+02 -1.330735111e+02 -4.7877e+00 +2.6940e+00
63 0 +3.231506587e+00 -1.446684934e+02 -1.446684934e+02 -3.2605e+00 +1.7978e+00
85 0 +6.679129323e-01 -1.472320871e+02 -1.472320871e+02 -1.5192e+00 +4.4821e-02
1070 0 +3.616276885e-01 -1.475383723e+02 -1.475383723e+02 -1.6353e+00 +9.9375e-02
1104 0 +2.988613982e-01 -1.476011386e+02 -1.476011386e+02 -1.5954e+00 +6.8133e-02
1272 0 +7.074289127e-02 -1.478292571e+02 -1.478292571e+02 -1.6784e+00 +1.4566e-01
1802 0 +5.821769528e-02 -1.478417823e+02 -1.478417823e+02 -1.6520e+00 +1.1675e-01
1870 0 +1.734273900e-03 -1.478982657e+02 -1.478982657e+02 -1.6703e+00 +1.3509e-01
3650 0 +1.403372732e-03 -1.478985966e+02 -1.478985966e+02 -1.6706e+00 +1.3536e-01
4145 0 +1.001923397e-03 -1.478989981e+02 -1.478989981e+02 -1.6708e+00 +1.3560e-01
4319 0 +9.886835392e-04 -1.478990113e+02 -1.478990113e+02 -1.6707e+00 +1.3551e-01
4581 0 +3.508076999e-04 -1.478996492e+02 -1.478996492e+02 -1.6704e+00 +1.3525e-01
4610 0 +3.409080362e-04 -1.478996591e+02 -1.478996591e+02 -1.6704e+00 +1.3524e-01
4647 0 +2.535981221e-04 -1.478997464e+02 -1.478997464e+02 -1.6703e+00 +1.3510e-01
4908 0 +2.316614748e-04 -1.478997683e+02 -1.478997683e+02 -1.6706e+00 +1.3536e-01
5246 0 +1.828853873e-04 -1.478998171e+02 -1.478998171e+02 -1.6704e+00 +1.3517e-01
5300 0 +9.410359405e-05 -1.478999059e+02 -1.478999059e+02 -1.6704e+00 +1.3522e-01
5333 0 +5.184931294e-05 -1.478999482e+02 -1.478999482e+02 -1.6704e+00 +1.3521e-01
5347 0 +4.555067608e-05 -1.478999544e+02 -1.478999544e+02 -1.6704e+00 +1.3517e-01
5354 0 +2.946686641e-05 -1.478999705e+02 -1.478999705e+02 -1.6704e+00 +1.3518e-01
5718 0 +1.120818700e-05 -1.478999888e+02 -1.478999888e+02 -1.6704e+00 +1.3520e-01
6601 0 +9.553631600e-06 -1.478999904e+02 -1.478999904e+02 -1.6704e+00 +1.3520e-01
6652 0 +6.288860249e-06 -1.478999937e+02 -1.478999937e+02 -1.6704e+00 +1.3520e-01
6742 0 +2.065364185e-06 -1.478999979e+02 -1.478999979e+02 -1.6704e+00 +1.3520e-01
7191 0 +1.111073061e-06 -1.478999989e+02 -1.478999989e+02 -1.6704e+00 +1.3520e-01
7268 0 +1.049334145e-06 -1.478999990e+02 -1.478999990e+02 -1.6704e+00 +1.3520e-01
7385 0 +2.445277687e-07 -1.478999998e+02 -1.478999998e+02 -1.6704e+00 +1.3520e-01
8051 0 +2.445277687e-07 -1.478999998e+02 -1.478999998e+02 -1.6704e+00 +1.3520e-01
% f evaluations | g evaluations | best noise-free fitness - Fopt (-1.694000000000e+01) + sum g_i+ | measured fitness | best measured fitness or single-digit g-values | x1 | x2...
1 0 +2.619319904e+02 +2.449919904e+02 +2.449919904e+02 +7.8699e-01 -1.4439e+00
2 0 +2.075474681e+02 +1.906074681e+02 +1.906074681e+02 +2.1309e+00 -1.1003e+00
6 0 +4.231711878e+01 +2.537711878e+01 +2.537711878e+01 +4.1775e+00 +3.0428e+00
10 0 +1.706791134e+01 +1.279113370e-01 +1.279113370e-01 +3.6536e+00 -8.8574e-02
32 0 +6.485274745e+00 -1.045472525e+01 -1.045472525e+01 +3.2799e+00 +4.8567e+00
68 0 +4.400544388e+00 -1.253945561e+01 -1.253945561e+01 +3.0339e+00 +5.0000e+00
94 0 +3.387947317e+00 -1.355205268e+01 -1.355205268e+01 +4.0467e+00 +4.5916e-01
206 0 +1.974873593e+00 -1.496512641e+01 -1.496512641e+01 +3.2397e+00 +3.8875e+00
235 0 +1.518836939e+00 -1.542116306e+01 -1.542116306e+01 +3.5797e+00 +2.7238e+00
263 0 +5.342965811e-01 -1.640570342e+01 -1.640570342e+01 +3.5977e+00 +2.6559e+00
854 0 +5.123392061e-01 -1.642766079e+01 -1.642766079e+01 +3.5528e+00 +2.8266e+00
866 0 +7.214055942e-02 -1.686785944e+01 -1.686785944e+01 +3.6596e+00 +2.5232e+00
1566 0 +5.899929909e-02 -1.688100070e+01 -1.688100070e+01 +3.6596e+00 +2.5236e+00
1968 0 +4.418289717e-02 -1.689581710e+01 -1.689581710e+01 +3.6608e+00 +2.5224e+00
2064 0 +3.541684133e-02 -1.690458316e+01 -1.690458316e+01 +3.6482e+00 +2.5783e+00
2167 0 +1.638727687e-02 -1.692361272e+01 -1.692361272e+01 +3.6516e+00 +2.5652e+00
2356 0 +3.117810254e-03 -1.693688219e+01 -1.693688219e+01 +3.6564e+00 +2.5471e+00
3511 0 +1.690918149e-03 -1.693830908e+01 -1.693830908e+01 +3.6557e+00 +2.5508e+00
3597 0 +1.291038923e-03 -1.693870896e+01 -1.693870896e+01 +3.6561e+00 +2.5494e+00
3885 0 +1.150418639e-03 -1.693884958e+01 -1.693884958e+01 +3.6559e+00 +2.5499e+00
3957 0 +1.061629140e-03 -1.693893837e+01 -1.693893837e+01 +3.6560e+00 +2.5496e+00
4010 0 +9.878998672e-04 -1.693901210e+01 -1.693901210e+01 +3.6558e+00 +2.5504e+00
4047 0 +3.475761151e-04 -1.693965242e+01 -1.693965242e+01 +3.6559e+00 +2.5498e+00
4366 0 +2.650960258e-04 -1.693973490e+01 -1.693973490e+01 +3.6560e+00 +2.5497e+00
4638 0 +2.545529913e-04 -1.693974545e+01 -1.693974545e+01 +3.6560e+00 +2.5494e+00
4891 0 +2.296768629e-04 -1.693977032e+01 -1.693977032e+01 +3.6560e+00 +2.5495e+00
5197 0 +1.149264017e-04 -1.693988507e+01 -1.693988507e+01 +3.6560e+00 +2.5496e+00
5321 0 +3.764759359e-05 -1.693996235e+01 -1.693996235e+01 +3.6560e+00 +2.5496e+00
5368 0 +3.228791426e-05 -1.693996771e+01 -1.693996771e+01 +3.6560e+00 +2.5496e+00
5442 0 +2.951664290e-05 -1.693997048e+01 -1.693997048e+01 +3.6560e+00 +2.5496e+00
5597 0 +2.510590194e-05 -1.693997489e+01 -1.693997489e+01 +3.6560e+00 +2.5496e+00
5688 0 +7.914883504e-07 -1.693999921e+01 -1.693999921e+01 +3.6560e+00 +2.5496e+00
6659 0 +7.611913304e-07 -1.693999924e+01 -1.693999924e+01 +3.6560e+00 +2.5496e+00
7485 0 +6.768908953e-07 -1.693999932e+01 -1.693999932e+01 +3.6560e+00 +2.5496e+00
7614 0 +6.557551124e-07 -1.693999934e+01 -1.693999934e+01 +3.6560e+00 +2.5496e+00
7641 0 +6.186202732e-07 -1.693999938e+01 -1.693999938e+01 +3.6560e+00 +2.5496e+00
7712 0 +6.116172848e-07 -1.693999939e+01 -1.693999939e+01 +3.6560e+00 +2.5496e+00
7744 0 +4.884292686e-07 -1.693999951e+01 -1.693999951e+01 +3.6560e+00 +2.5496e+00
7929 0 +3.521800380e-07 -1.693999965e+01 -1.693999965e+01 +3.6560e+00 +2.5496e+00
7972 0 +2.032806563e-07 -1.693999980e+01 -1.693999980e+01 +3.6560e+00 +2.5496e+00
8051 0 +2.032806563e-07 -1.693999980e+01 -1.693999980e+01 +3.6560e+00 +2.5496e+00
% f evaluations | g evaluations | best noise-free fitness - Fopt (1.881000000000e+01) + sum g_i+ | measured fitness | best measured fitness or single-digit g-values | x1 | x2...
1 0 +2.224061252e+03 +2.242871252e+03 +2.242871252e+03 +4.0034e+00 -1.9427e+00
2 0 +6.457565801e+02 +6.645665801e+02 +6.645665801e+02 -2.0024e+00 -4.8477e+00
3 0 +6.805864381e+01 +8.686864381e+01 +8.686864381e+01 -1.0076e+00 +3.2592e+00
6 0 +2.970990496e+01 +4.851990496e+01 +4.851990496e+01 -3.7727e+00 +1.0575e+00
31 0 +1.360943106e+01 +3.241943106e+01 +3.241943106e+01 +2.7336e+00 +2.4837e+00
35 0 +5.294696000e+00 +2.410469600e+01 +2.410469600e+01 -3.3981e+00 +2.0532e+00
67 0 +4.696051076e+00 +2.350605108e+01 +2.350605108e+01 -2.3359e+00 +1.9564e+00
152 0 +4.627836705e+00 +2.343783671e+01 +2.343783671e+01 -3.4356e+00 +1.9322e+00
179 0 +3.417709235e+00 +2.222770923e+01 +2.222770923e+01 -2.9782e+00 +1.8602e+00
229 0 +2.066953252e+00 +2.087695325e+01 +2.087695325e+01 -1.5158e+00 +1.8602e+00
246 0 +1.878984050e+00 +2.068898405e+01 +2.068898405e+01 +1.3116e+00 +1.8285e+00
421 0 +1.794782540e+00 +2.060478254e+01 +2.060478254e+01 -3.4161e-01 +1.8178e+00
473 0 +1.059969638e+00 +1.986996964e+01 +1.986996964e+01 -5.0280e-01 +1.8255e+00
521 0 +7.726140956e-01 +1.958261410e+01 +1.958261410e+01 -5.3581e-01 +1.8178e+00
658 0 +2.907821089e-02 +1.883907821e+01 +1.883907821e+01 -1.7716e-01 +1.7784e+00
2147 0 +2.539541690e-02 +1.883539542e+01 +1.883539542e+01 -1.7392e-01 +1.7785e+00
2328 0 +1.715827589e-02 +1.882715828e+01 +1.882715828e+01 -1.7239e-01 +1.7780e+00
2363 0 +1.149242557e-02 +1.882149243e+01 +1.882149243e+01 -1.9117e-01 +1.7810e+00
2649 0 +7.287026568e-03 +1.881728703e+01 +1.881728703e+01 -1.9010e-01 +1.7808e+00
2883 0 +3.025251430e-03 +1.881302525e+01 +1.881302525e+01 -1.9415e-01 +1.7809e+00
3494 0 +3.900945707e-04 +1.881039009e+01 +1.881039009e+01 -1.9128e-01 +1.7808e+00
4299 0 +2.339133808e-04 +1.881023391e+01 +1.881023391e+01 -1.9099e-01 +1.7808e+00
4728 0 +8.861914547e-05 +1.881008862e+01 +1.881008862e+01 -1.9125e-01 +1.7808e+00
5119 0 +5.557789900e-05 +1.881005558e+01 +1.881005558e+01 -1.9124e-01 +1.7808e+00
5201 0 +4.736318830e-05 +1.881004736e+01 +1.881004736e+01 -1.9123e-01 +1.7808e+00
5251 0 +3.849050271e-05 +1.881003849e+01 +1.881003849e+01 -1.9120e-01 +1.7808e+00
5283 0 +3.499527501e-05 +1.881003500e+01 +1.881003500e+01 -1.9119e-01 +1.7808e+00
5401 0 +2.979229552e-05 +1.881002979e+01 +1.881002979e+01 -1.9119e-01 +1.7808e+00
5437 0 +2.887146295e-05 +1.881002887e+01 +1.881002887e+01 -1.9122e-01 +1.7808e+00
5754 0 +1.682861695e-05 +1.881001683e+01 +1.881001683e+01 -1.9120e-01 +1.7808e+00
6335 0 +2.547522200e-06 +1.881000255e+01 +1.881000255e+01 -1.9120e-01 +1.7808e+00
6612 0 +9.414964310e-07 +1.881000094e+01 +1.881000094e+01 -1.9120e-01 +1.7808e+00
6808 0 +7.649717055e-07 +1.881000076e+01 +1.881000076e+01 -1.9120e-01 +1.7808e+00
7008 0 +6.539125827e-07 +1.881000065e+01 +1.881000065e+01 -1.9120e-01 +1.7808e+00
7148 0 +5.320348144e-07 +1.881000053e+01 +1.881000053e+01 -1.9120e-01 +1.7808e+00
7653 0 +4.588708933e-07 +1.881000046e+01 +1.881000046e+01 -1.9120e-01 +1.7808e+00
7741 0 +2.422215175e-07 +1.881000024e+01 +1.881000024e+01 -1.9120e-01 +1.7808e+00
8028 0 +1.908257410e-07 +1.881000019e+01 +1.881000019e+01 -1.9120e-01 +1.7808e+00
8051 0 +1.908257410e-07 +1.881000019e+01 +1.881000019e+01 -1.9120e-01 +1.7808e+00
% f evaluations | g evaluations | best noise-free fitness - Fopt (2.731500000000e+02) + sum g_i+ | measured fitness | best measured fitness or single-digit g-values | x1 | x2...
1 0 +2.696195201e+01 +3.001119520e+02 +3.001119520e+02 -3.3178e+00 +4.8329e+00
24 0 +1.428181556e+01 +2.874318156e+02 +2.874318156e+02 -4.8743e+00 -9.2257e-02
37 0 +5.979637061e+00 +2.791296371e+02 +2.791296371e+02 -3.7927e+00 +3.1723e+00
157 0 +4.693450917e+00 +2.778434509e+02 +2.778434509e+02 -4.2158e+00 +2.3617e+00
174 0 +3.235107401e+00 +2.763851074e+02 +2.763851074e+02 -4.8743e+00 +9.5087e-01
175 0 +1.723571017e+00 +2.748735710e+02 +2.748735710e+02 -3.3584e+00 +4.2501e+00
398 0 +7.536111494e-01 +2.739036111e+02 +2.739036111e+02 -3.5799e+00 +3.7779e+00
601 0 +6.406909541e-01 +2.737906910e+02 +2.737906910e+02 -3.8069e+00 +3.2594e+00
709 0 +4.187723747e-01 +2.735687724e+02 +2.735687724e+02 -3.5229e+00 +3.8751e+00
1075 0 +2.413239738e-01 +2.733913240e+02 +2.733913240e+02 -3.5386e+00 +3.8459e+00
1320 0 +2.314399692e-01 +2.733814400e+02 +2.733814400e+02 -3.4986e+00 +3.9306e+00
1371 0 +1.651584009e-01 +2.733151584e+02 +2.733151584e+02 -3.6008e+00 +3.7138e+00
1521 0 +7.548558189e-03 +2.731575486e+02 +2.731575486e+02 -3.5821e+00 +3.7475e+00
2838 0 +6.911013373e-03 +2.731569110e+02 +2.731569110e+02 -3.5784e+00 +3.7554e+00
2870 0 +5.856221658e-03 +2.731558562e+02 +2.731558562e+02 -3.5807e+00 +3.7504e+00
2957 0 +4.449177913e-03 +2.731544492e+02 +2.731544492e+02 -3.5779e+00 +3.7564e+00
3079 0 +4.188761354e-03 +2.731541888e+02 +2.731541888e+02 -3.5802e+00 +3.7512e+00
3176 0 +1.412525224e-03 +2.731514125e+02 +2.731514125e+02 -3.5793e+00 +3.7534e+00
3344 0 +1.161592589e-03 +2.731511616e+02 +2.731511616e+02 -3.5795e+00 +3.7530e+00
3450 0 +1.040067636e-03 +2.731510401e+02 +2.731510401e+02 -3.5789e+00 +3.7543e+00
3894 0 +9.831616890e-04 +2.731509832e+02 +2.731509832e+02 -3.5795e+00 +3.7529e+00
4342 0 +3.307479077e-04 +2.731503307e+02 +2.731503307e+02 -3.5791e+00 +3.7538e+00
4619 0 +3.134233251e-04 +2.731503134e+02 +2.731503134e+02 -3.5793e+00 +3.7534e+00
4903 0 +2.295822763e-04 +2.731502296e+02 +2.731502296e+02 -3.5791e+00 +3.7537e+00
5361 0 +8.600166950e-05 +2.731500860e+02 +2.731500860e+02 -3.5792e+00 +3.7536e+00
5489 0 +5.069043124e-05 +2.731500507e+02 +2.731500507e+02 -3.5792e+00 +3.7536e+00
5582 0 +3.916218913e-05 +2.731500392e+02 +2.731500392e+02 -3.5792e+00 +3.7536e+00
5805 0 +3.010740795e-05 +2.731500301e+02 +2.731500301e+02 -3.5792e+00 +3.7536e+00
5806 0 +2.917606906e-05 +2.731500292e+02 +2.731500292e+02 -3.5792e+00 +3.7536e+00
6138 0 +2.518419677e-05 +2.731500252e+02 +2.731500252e+02 -3.5792e+00 +3.7536e+00
6149 0 +1.957150494e-05 +2.731500196e+02 +2.731500196e+02 -3.5792e+00 +3.7536e+00
6563 0 +1.521787038e-05 +2.731500152e+02 +2.731500152e+02 -3.5792e+00 +3.7536e+00
6856 0 +6.322850481e-06 +2.731500063e+02 +2.731500063e+02 -3.5792e+00 +3.7536e+00
6908 0 +1.677526313e-06 +2.731500017e+02 +2.731500017e+02 -3.5792e+00 +3.7536e+00
7519 0 +1.582440518e-06 +2.731500016e+02 +2.731500016e+02 -3.5792e+00 +3.7536e+00
7538 0 +6.881631407e-07 +2.731500007e+02 +2.731500007e+02 -3.5792e+00 +3.7536e+00
8010 0 +6.329620987e-07 +2.731500006e+02 +2.731500006e+02 -3.5792e+00 +3.7536e+00
8012 0 +5.336054301e-07 +2.731500005e+02 +2.731500005e+02 -3.5792e+00 +3.7536e+00
8051 0 +5.336054301e-07 +2.731500005e+02 +2.731500005e+02 -3.5792e+00 +3.7536e+00
% f evaluations | g evaluations | best noise-free fitness - Fopt (3.718000000000e+01) + sum g_i+ | measured fitness | best measured fitness or single-digit g-values | x1 | x2...
1 0 +2.330394397e+02 +2.702194397e+02 +2.702194397e+02 +2.4296e+00 -2.7055e+00
2 0 +1.618603555e+02 +1.990403555e+02 +1.990403555e+02 +2.1776e+00 +1.8496e-01
5 0 +1.051418221e+02 +1.423218221e+02 +1.423218221e+02 +3.5928e+00 -1.0697e+00
14 0 +7.157010772e+01 +1.087501077e+02 +1.087501077e+02 -4.2677e+00 +9.1704e-01
18 0 +5.055644914e+01 +8.773644914e+01 +8.773644914e+01 +3.6635e+00 +1.9604e+00
24 0 +4.940453918e+01 +8.658453918e+01 +8.658453918e+01 -8.3654e-01 +2.2135e+00
33 0 +3.687481582e+00 +4.086748158e+01 +4.086748158e+01 -4.0548e+00 +1.9733e+00
188 0 +2.468357820e+00 +3.964835782e+01 +3.964835782e+01 -1.9719e+00 +2.0241e+00
247 0 +1.885685703e+00 +3.906568570e+01 +3.906568570e+01 -5.0000e+00 +2.2122e+00
354 0 +1.393699569e+00 +3.857369957e+01 +3.857369957e+01 -2.5558e+00 +1.9926e+00
440 0 +3.614531195e-02 +3.721614531e+01 +3.721614531e+01 -3.8761e+00 +2.0594e+00
1628 0 +3.294447906e-02 +3.721294448e+01 +3.721294448e+01 -3.8934e+00 +2.0598e+00
1728 0 +2.484181738e-02 +3.720484182e+01 +3.720484182e+01 -3.8850e+00 +2.0590e+00
1786 0 +8.461443468e-03 +3.718846144e+01 +3.718846144e+01 -3.8912e+00 +2.0594e+00
2119 0 +7.625820719e-03 +3.718762582e+01 +3.718762582e+01 -3.9046e+00 +2.0607e+00
2204 0 +3.150420176e-03 +3.718315042e+01 +3.718315042e+01 -3.8981e+00 +2.0598e+00
2915 0 +3.021100796e-03 +3.718302110e+01 +3.718302110e+01 -3.8988e+00 +2.0600e+00
2961 0 +1.040875916e-03 +3.718104088e+01 +3.718104088e+01 -3.9000e+00 +2.0601e+00
3264 0 +5.019731302e-04 +3.718050197e+01 +3.718050197e+01 -3.8991e+00 +2.0600e+00
3570 0 +3.541450481e-04 +3.718035415e+01 +3.718035415e+01 -3.8993e+00 +2.0600e+00
3589 0 +3.137059573e-04 +3.718031371e+01 +3.718031371e+01 -3.8995e+00 +2.0600e+00
3600 0 +2.856629877e-04 +3.718028566e+01 +3.718028566e+01 -3.8991e+00 +2.0600e+00
3704 0 +2.492263282e-04 +3.718024923e+01 +3.718024923e+01 -3.8992e+00 +2.0600e+00
3823 0 +2.413196464e-04 +3.718024132e+01 +3.718024132e+01 -3.8990e+00 +2.0600e+00
3825 0 +2.380184523e-04 +3.718023802e+01 +3.718023802e+01 -3.8992e+00 +2.0600e+00
3828 0 +2.313422372e-04 +3.718023134e+01 +3.718023134e+01 -3.8994e+00 +2.0600e+00
4058 0 +3.498597221e-05 +3.718003499e+01 +3.718003499e+01 -3.8992e+00 +2.0600e+00
4277 0 +2.683938395e-05 +3.718002684e+01 +3.718002684e+01 -3.8992e+00 +2.0600e+00
4659 0 +2.423529439e-05 +3.718002424e+01 +3.718002424e+01 -3.8992e+00 +2.0600e+00
5118 0 +5.891320008e-06 +3.718000589e+01 +3.718000589e+01 -3.8992e+00 +2.0600e+00
5487 0 +2.329888275e-06 +3.718000233e+01 +3.718000233e+01 -3.8992e+00 +2.0600e+00
5643 0 +8.897993382e-07 +3.718000089e+01 +3.718000089e+01 -3.8992e+00 +2.0600e+00
6372 0 +7.712826431e-07 +3.718000077e+01 +3.718000077e+01 -3.8992e+00 +2.0600e+00
6383 0 +7.369305521e-07 +3.718000074e+01 +3.718000074e+01 -3.8992e+00 +2.0600e+00
6672 0 +5.342537222e-07 +3.718000053e+01 +3.718000053e+01 -3.8992e+00 +2.0600e+00
7091 0 +4.784267986e-07 +3.718000048e+01 +3.718000048e+01 -3.8992e+00 +2.0600e+00
7165 0 +3.392553722e-07 +3.718000034e+01 +3.718000034e+01 -3.8992e+00 +2.0600e+00
7254 0 +2.995078034e-07 +3.718000030e+01 +3.718000030e+01 -3.8992e+00 +2.0600e+00
7352 0 +2.249006599e-07 +3.718000022e+01 +3.718000022e+01 -3.8992e+00 +2.0600e+00
7462 0 +9.381082577e-08 +3.718000009e+01 +3.718000009e+01 -3.8992e+00 +2.0600e+00
7613 0 +6.472534864e-08 +3.718000006e+01 +3.718000006e+01 -3.8992e+00 +2.0600e+00
7896 0 +4.442022572e-08 +3.718000004e+01 +3.718000004e+01 -3.8992e+00 +2.0600e+00
8051 0 +4.442022572e-08 +3.718000004e+01 +3.718000004e+01 -3.8992e+00 +2.0600e+00
% f evaluations | g evaluations | best noise-free fitness - Fopt (-1.479000000000e+02) + sum g_i+ | measured fitness | best measured fitness or single-digit g-values | x1 | x2...
1 0 +3.383701854e+03 +3.235801854e+03 +3.235801854e+03 +4.6758e+00 -1.5987e+00
2 0 +2.229666835e+02 +7.506668348e+01 +7.506668348e+01 -2.8039e+00 +4.3362e+00
3 0 +8.170565963e+01 -6.619434037e+01 -6.619434037e+01 -3.6084e+00 +4.4747e+00
5 0 +5.092294767e+01 -9.697705233e+01 -9.697705233e+01 -4.4786e+00 +2.2968e+00
16 0 +4.115090323e+01 -1.067490968e+02 -1.067490968e+02 +5.2237e-02 -1.9689e+00
17 0 +3.271989231e+00 -1.446280108e+02 -1.446280108e+02 -2.1576e-01 -1.1462e+00
223 0 +3.215626422e+00 -1.446843736e+02 -1.446843736e+02 -2.1900e+00 +5.8184e-01
230 0 +1.698890005e+00 -1.462011100e+02 -1.462011100e+02 -1.9615e+00 +4.2544e-01
337 0 +1.409348915e+00 -1.464906511e+02 -1.464906511e+02 -1.6098e+00 +2.9830e-02
445 0 +6.201033265e-01 -1.472798967e+02 -1.472798967e+02 -1.3672e+00 -7.5586e-02
718 0 +4.876060190e-01 -1.474123940e+02 -1.474123940e+02 -1.5462e+00 +4.5085e-02
750 0 +1.961737869e-01 -1.477038262e+02 -1.477038262e+02 -1.6671e+00 +1.2514e-01
1234 0 +1.885551503e-01 -1.477114448e+02 -1.477114448e+02 -1.5479e+00 +3.8745e-02
1261 0 +1.579619119e-01 -1.477420381e+02 -1.477420381e+02 -1.6669e+00 +1.2451e-01
1406 0 +6.992996380e-02 -1.478300700e+02 -1.478300700e+02 -1.6804e+00 +1.4611e-01
1682 0 +4.080302012e-02 -1.478591970e+02 -1.478591970e+02 -1.6521e+00 +1.2092e-01
1880 0 +3.247822200e-02 -1.478675218e+02 -1.478675218e+02 -1.6778e+00 +1.4136e-01
2330 0 +8.127718197e-03 -1.478918723e+02 -1.478918723e+02 -1.6652e+00 +1.3058e-01
2762 0 +4.965697568e-03 -1.478950343e+02 -1.478950343e+02 -1.6711e+00 +1.3609e-01
2808 0 +3.025672817e-03 -1.478969743e+02 -1.478969743e+02 -1.6683e+00 +1.3323e-01
3426 0 +1.032597567e-03 -1.478989674e+02 -1.478989674e+02 -1.6699e+00 +1.3468e-01
3724 0 +2.304081696e-04 -1.478997696e+02 -1.478997696e+02 -1.6702e+00 +1.3505e-01
5247 0 +5.409026707e-05 -1.478999459e+02 -1.478999459e+02 -1.6704e+00 +1.3523e-01
5280 0 +2.099625513e-05 -1.478999790e+02 -1.478999790e+02 -1.6704e+00 +1.3520e-01
6771 0 +1.723640611e-05 -1.478999828e+02 -1.478999828e+02 -1.6704e+00 +1.3520e-01
6932 0 +5.401772171e-06 -1.478999946e+02 -1.478999946e+02 -1.6704e+00 +1.3520e-01
7000 0 +5.337324552e-06 -1.478999947e+02 -1.478999947e+02 -1.6704e+00 +1.3520e-01
7313 0 +1.059119654e-06 -1.478999989e+02 -1.478999989e+02 -1.6704e+00 +1.3520e-01
7797 0 +1.046999074e-06 -1.478999990e+02 -1.478999990e+02 -1.6704e+00 +1.3520e-01
7813 0 +9.820798255e-07 -1.478999990e+02 -1.478999990e+02 -1.6704e+00 +1.3520e-01
7975 0 +9.203131981e-07 -1.478999991e+02 -1.478999991e+02 -1.6704e+00 +1.3520e-01
8051 0 +9.203131981e-07 -1.478999991e+02 -1.478999991e+02 -1.6704e+00 +1.3520e-01
