% f evaluations | g evaluations | best noise-free fitness - Fopt (-1.025500000000e+02) + sum g_i+ | measured fitness | best measured fitness or single-digit g-values | x1 | x2...
1 0 +3.500601534e+01 -6.754398466e+01 -6.754398466e+01 -1.2157e+00 +9.8612e-01 -1.3115e+00 +2.4845e-01 +1.8367e+00 -4.9182e+00 +4.6051e+00 -1.1789e+00 -4.0380e+00 +2.0359e+00
3 0 +2.145497083e+01 -8.109502917e+01 -8.109502917e+01 -4.9901e-01 +1.2679e-01 +8.4918e-01 +3.9150e+00 +1.9411e+00 +6.6872e-01 -1.1799e+00 -6.3428e-01 +2.7826e+00 +1.9164e+00
10 0 +2.017994080e+01 -8.237005920e+01 -8.237005920e+01 +2.4607e+00 +9.5447e-01 +3.6778e+00 -1.1722e+00 -1.1968e+00 +1.9870e+00 -7.2117e-01 -3.6167e-01 -3.3513e+00 +1.2593e+00
21 0 +1.896575226e+01 -8.358424774e+01 -8.358424774e+01 +1.2360e+00 +2.0690e+00 -3.7087e+00 +1.0119e+00 -3.2646e+00 -3.8163e+00 -3.5975e-01 -1.0806e+00 -4.9170e+00 +1.5075e+00
34 0 +1.442554934e+01 -8.812445066e+01 -8.812445066e+01 -2.5230e+00 -2.2630e+00 +1.7751e+00 +2.3414e+00 +7.1510e-01 +3.8063e+00 -9.9026e-01 -2.3375e-01 +6.2173e-01 +1.3211e+00
41 0 +1.404802967e+01 -8.850197033e+01 -8.850197033e+01 +2.7826e-01 +1.0320e+00 -6.4920e-01 -1.0525e+00 -3.5467e+00 -4.3191e+00 -1.6173e+00 +1.5255e+00 -7.2501e-01 +4.5241e+00
71 0 +1.090562674e+01 -9.164437326e+01 -9.164437326e+01 +2.8466e+00 -6.4705e-03 -1.2514e+00 +2.4371e-01 +1.2342e+00 -2.1891e+00 +1.1996e+00 -1.1733e-01 -1.0738e+00 -1.7435e+00
114 0 +9.518357893e+00 -9.303164211e+01 -9.303164211e+01 +5.9730e-01 +2.3811e+00 -2.5347e+00 +1.1767e-01 -3.1103e+00 -5.0000e+00 -1.0078e+00 -2.4410e+00 +7.4765e-01 -4.8536e-01
118 0 +8.501428476e+00 -9.404857152e+01 -9.404857152e+01 -3.2325e+00 -2.5377e-01 +5.3084e-02 +9.9865e-01 +1.6238e+00 -4.9564e-01 +2.5410e-01 -5.4332e-01 -9.7849e-01 +1.0108e+00
150 0 +6.341380879e+00 -9.620861912e+01 -9.620861912e+01 -7.1628e-01 +1.2744e-01 -2.8283e+00 +4.2525e-01 +9.2086e-01 -1.4556e+00 +2.3692e+00 +7.0659e-01 -4.0874e-01 -4.8060e-02
156 0 +6.250971469e+00 -9.629902853e+01 -9.629902853e+01 -1.9295e+00 -4.6466e-01 -1.7574e+00 +2.5314e+00 +1.3355e+00 -3.5416e-02 +4.2062e-01 +3.4576e-01 -1.3092e+00 +1.0241e+00
225 0 +6.160427686e+00 -9.638957231e+01 -9.638957231e+01 -1.3907e+00 -7.4445e-01 -1.4686e+00 +1.8140e+00 +1.7560e-01 -1.2127e+00 +2.1695e+00 -2.3679e-01 -5.5041e-01 +2.0811e-01
249 0 +5.882883088e+00 -9.666711691e+01 -9.666711691e+01 -1.6091e+00 -3.5867e-01 -1.8976e+00 -9.2472e-01 +1.6868e+00 -2.7088e-01 +3.0313e+00 +1.0436e+00 -1.2302e+00 +1.0108e+00
318 0 +4.937144111e+00 -9.761285589e+01 -9.761285589e+01 -4.5294e-01 -8.9659e-01 -8.4866e-01 +2.0007e+00 +4.0000e-01 -3.0949e-01 +1.3535e-01 +6.4525e-01 +2.0509e-01 +5.0223e-01
455 0 +4.760029613e+00 -9.778997039e+01 -9.778997039e+01 -5.3987e-01 -6.3445e-01 -1.5601e+00 -2.5828e+00 +2.2418e-02 -1.2627e-01 +2.3019e+00 -3.8082e-01 -6.7574e-01 +2.2892e+00
910 0 +4.537874737e+00 -9.801212526e+01 -9.801212526e+01 -4.3973e-01 -6.2203e-01 -1.1727e+00 +1.7412e-01 +1.9536e-01 -1.7418e-01 -2.4831e-01 +9.2686e-02 -5.6131e-01 +9.0208e-01
1647 0 +4.344810680e+00 -9.820518932e+01 -9.820518932e+01 -2.0479e-01 -1.1585e+00 -1.1661e+00 -1.1653e+00 -3.5999e-01 -6.8435e-02 +2.0705e+00 -3.1403e-01 -2.1881e-01 +2.8312e+00
2149 0 +4.207465951e+00 -9.834253405e+01 -9.834253405e+01 +8.6832e-01 -1.7175e+00 -2.3499e+00 -9.2286e-01 -5.1556e-01 -1.1627e-01 +2.4202e+00 -2.4437e-01 +4.0200e-02 +2.3945e+00
2346 0 +3.969444375e+00 -9.858055562e+01 -9.858055562e+01 -2.3176e-01 -1.9209e+00 -9.6969e-01 -1.6424e+00 -4.6461e-01 +3.4872e-02 +1.7107e+00 -1.3189e-01 -1.5824e-01 +3.7522e+00
3422 0 +2.970788123e+00 -9.957921188e+01 -9.957921188e+01 +2.9256e-01 -2.2062e+00 -2.4411e+00 -1.4274e+00 -9.2841e-01 +6.7913e-02 +2.5973e-01 +4.2037e-01 +6.1775e-01 +1.8822e+00
25696 0 +2.889412787e+00 -9.966058721e+01 -9.966058721e+01 +4.6386e-01 -2.5894e+00 -1.4172e+00 -5.7820e-01 -8.3262e-01 -5.5019e-02 +9.4555e-01 +1.4360e-01 +4.5651e-01 +1.9489e+00
38475 0 +2.867653414e+00 -9.968234659e+01 -9.968234659e+01 +3.8830e-01 -2.2194e+00 -1.7235e+00 -7.7714e-01 -8.4749e-01 -2.5745e-02 +7.6021e-01 +2.2385e-01 +7.0858e-01 +2.0933e+00
40051 0 +2.867653414e+00 -9.968234659e+01 -9.968234659e+01 +3.8830e-01 -2.2194e+00 -1.7235e+00 -7.7714e-01 -8.4749e-01 -2.5745e-02 +7.6021e-01 +2.2385e-01 +7.0858e-01 +2.0933e+00
% f evaluations | g evaluations | best noise-free fitness - Fopt (7.169000000000e+01) + sum g_i+ | measured fitness | best measured fitness or single-digit g-values | x1 | x2...
1 0 +3.164049209e+01 +1.033304921e+02 +1.033304921e+02 +3.3067e+00 -5.4408e-01 +3.7095e+00 +3.9901e+00 +3.9611e-01 -2.7734e+00 -1.2493e+00 -2.5421e-01 +4.5721e+00 +2.5349e+00
4 0 +2.634930712e+01 +9.803930712e+01 +9.803930712e+01 -1.0376e+00 +1.1445e+00 -1.8265e+00 +2.7621e+00 -4.6635e+00 +8.0012e-01 -8.2231e-01 +1.0637e+00 +1.0904e+00 -1.9230e+00
26 0 +1.667212985e+01 +8.836212985e+01 +8.836212985e+01 -1.2596e+00 +2.1882e+00 -7.7711e-01 +2.2296e+00 -2.0481e+00 +8.5510e-02 -3.7998e+00 +1.8494e+00 +9.7514e-01 +3.7828e+00
45 0 +1.059503932e+01 +8.228503932e+01 +8.228503932e+01 +2.3606e+00 -1.0200e+00 +1.4401e+00 +1.4548e+00 +2.2330e+00 -3.3547e+00 +1.1797e+00 -2.1873e+00 +2.6898e-01 +1.3752e+00
119 0 +8.473506538e+00 +8.016350654e+01 +8.016350654e+01 +1.0254e+00 -1.4970e+00 -2.6567e-01 +9.9186e-01 +1.5083e+00 +1.0636e-01 +2.2477e-02 -9.2650e-01 +1.2665e+00 +2.0838e+00
176 0 +6.491137601e+00 +7.818113760e+01 +7.818113760e+01 +3.3826e+00 +1.8784e+00 +3.4488e-01 +1.4322e+00 +1.0484e+00 -3.8219e+00 +5.9358e-01 -3.2972e-01 -1.9116e-01 +7.2618e-01
292 0 +5.551468266e+00 +7.724146827e+01 +7.724146827e+01 +5.1210e-01 -1.0739e+00 -5.1464e-01 +1.4268e+00 +2.1648e+00 -1.1293e+00 +2.8013e-01 +9.5247e-01 +1.0669e-01 +2.5179e-01
487 0 +5.419514734e+00 +7.710951473e+01 +7.710951473e+01 +6.4204e-01 +7.7853e-01 -5.6236e-02 +1.6729e+00 +4.8069e-01 -2.0692e+00 +5.4426e-01 +1.0873e+00 +3.8708e-01 +1.0266e-01
666 0 +3.394865000e+00 +7.508486500e+01 +7.508486500e+01 -4.5539e-01 -1.8682e-01 -2.8922e-01 +1.7174e+00 +6.1863e-01 -1.8371e+00 +2.9490e-01 -2.1350e+00 +1.2481e+00 -1.2901e+00
862 0 +2.971899375e+00 +7.466189938e+01 +7.466189938e+01 +3.6234e-01 -7.2642e-01 -5.1109e-01 +1.5285e+00 +2.7185e-01 +1.3790e-01 +3.0944e-01 +8.6008e-01 +4.8451e-01 -8.6316e-01
4284 0 +2.591863887e+00 +7.428186389e+01 +7.428186389e+01 +1.5096e-01 -1.3863e-01 -5.1660e-01 +4.7617e-01 +1.6298e-01 -9.1500e-01 +2.9824e-01 +1.1857e-01 +8.5857e-01 -8.9119e-01
5499 0 +2.472598330e+00 +7.416259833e+01 +7.416259833e+01 +2.0039e-01 -4.9124e-02 -8.2807e-01 +1.4613e+00 +3.2358e-01 +1.0910e-01 +5.0703e-01 +1.4502e-01 +8.5994e-01 -7.4821e-01
6293 0 +2.133183841e+00 +7.382318384e+01 +7.382318384e+01 +5.5884e-01 -4.1447e-01 -7.9794e-01 +7.5333e-01 +3.8514e-01 +3.2761e-01 +6.6272e-01 +2.5722e-01 +2.8660e-01 -1.0707e+00
17558 0 +1.672591143e+00 +7.336259114e+01 +7.336259114e+01 +5.3364e-01 -3.3292e-01 -5.6612e-01 +1.0040e+00 +3.8056e-01 +3.2840e-01 +6.4530e-01 +2.4743e-01 +8.1236e-01 -6.3310e-01
20643 0 +1.383682646e+00 +7.307368265e+01 +7.307368265e+01 +2.9894e-01 -3.5135e-01 -8.1319e-01 +9.0098e-01 +2.5114e-01 +3.4199e-01 +6.3989e-01 +2.2345e-01 +5.0156e-01 -8.7261e-01
23597 0 +1.326041928e+00 +7.301604193e+01 +7.301604193e+01 +3.6473e-01 -3.1775e-01 -4.2481e-01 +8.8126e-01 +3.0012e-01 +2.7829e-01 +6.7717e-01 +2.3624e-01 +6.9123e-01 -5.7527e-01
40051 0 +1.326041928e+00 +7.301604193e+01 +7.301604193e+01 +3.6473e-01 -3.1775e-01 -4.2481e-01 +8.8126e-01 +3.0012e-01 +2.7829e-01 +6.7717e-01 +2.3624e-01 +6.9123e-01 -5.7527e-01
% f evaluations | g evaluations | best noise-free fitness - Fopt (2.140100000000e+02) + sum g_i+ | measured fitness | best measured fitness or single-digit g-values | x1 | x2...
1 0 +8.231704279e+01 +2.963270428e+02 +2.963270428e+02 +4.1360e+00 +4.5829e+00 +6.0757e-02 -1.5107e+00 -4.0124e-01 -4.0349e+00 -6.8540e-02 +3.5831e+00 -8.9557e-01 +3.2212e+00
2 0 +7.017534902e+01 +2.841853490e+02 +2.841853490e+02 -4.9609e+00 +2.1281e+00 +3.9823e+00 -3.0890e+00 +4.9793e-02 -3.7653e+00 -1.5689e+00 -4.4239e+00 +1.5527e+00 -2.5931e-01
3 0 +3.440514454e+01 +2.484151445e+02 +2.484151445e+02 +4.5279e+00 +4.7014e-02 +6.1921e-01 +2.0700e+00 -2.2766e+00 +3.0242e+00 +3.3688e+00 -4.3874e+00 +1.1841e+00 +6.0236e-01
5 0 +2.800171188e+01 +2.420117119e+02 +2.420117119e+02 -3.2359e+00 -2.3405e+00 -4.7976e-01 +2.3673e+00 -1.1709e+00 +7.1908e-01 -2.0192e-01 -3.0332e+00 +4.0183e+00 +7.8422e-01
15 0 +1.727613888e+01 +2.312861389e+02 +2.312861389e+02 -1.7207e+00 +3.1668e+00 -1.1698e+00 +1.9453e-01 +1.1192e+00 -3.2483e-01 +4.6160e+00 -1.6786e+00 +1.6564e+00 -3.0709e+00
38 0 +1.535401203e+01 +2.293640120e+02 +2.293640120e+02 +1.2253e+00 -3.3831e+00 -1.2639e+00 -2.5343e-01 -1.7857e+00 -2.5403e+00 +4.1309e-01 +1.3150e+00 +4.5441e-01 +6.4376e-01
56 0 +9.831514554e+00 +2.238415146e+02 +2.238415146e+02 -6.5999e-01 +1.5963e+00 -2.8368e+00 +1.1609e+00 +3.1768e-01 -9.6631e-01 +4.4161e+00 -1.8924e-01 +1.7358e+00 +6.3510e-01
103 0 +7.266006847e+00 +2.212760068e+02 +2.212760068e+02 -1.9329e+00 +2.3915e+00 -1.8705e+00 +1.0427e-01 -4.8821e-01 -4.2585e+00 +1.6730e+00 -4.1552e+00 -1.5621e+00 +1.7323e+00
165 0 +6.457090001e+00 +2.204670900e+02 +2.204670900e+02 -1.9171e-01 -4.4498e-01 -1.5445e+00 -5.7658e-03 -7.1916e-01 -2.7984e+00 +3.7375e+00 -1.5190e+00 +9.8434e-01 +8.1278e-01
244 0 +4.819142764e+00 +2.188291428e+02 +2.188291428e+02 -6.2705e-01 +2.3287e+00 -1.0371e+00 -1.9582e-01 -5.8012e-01 -2.3634e+00 +2.4425e+00 -2.5238e+00 -2.0288e-01 +2.2617e+00
315 0 +4.711113294e+00 +2.187211133e+02 +2.187211133e+02 -6.9665e-02 -1.0129e+00 -1.0298e+00 +2.1880e-01 -4.5101e-01 -3.8220e+00 +2.9069e+00 -3.1877e+00 -4.9637e-01 +3.2347e-01
592 0 +3.937740293e+00 +2.179477403e+02 +2.179477403e+02 -2.3126e-01 +5.4569e-01 -2.0581e+00 -9.4861e-02 -4.7806e-01 -1.8389e+00 +4.6835e+00 -3.5292e+00 -1.6486e-01 +1.6727e+00
2037 0 +3.794093591e+00 +2.178040936e+02 +2.178040936e+02 -2.5298e-01 -5.0488e-01 -1.5464e+00 -2.7688e-02 -3.7604e-01 -1.5764e+00 -2.6506e-01 -1.9931e+00 -5.4504e-01 +1.1285e+00
3262 0 +2.496302091e+00 +2.165063021e+02 +2.165063021e+02 -1.9097e-01 -4.8827e-01 -1.1895e+00 -1.2148e-01 -3.8693e-01 -1.1835e+00 +6.1799e-01 -1.4633e+00 -1.5160e-01 +1.1800e+00
4202 0 +2.201467196e+00 +2.162114672e+02 +2.162114672e+02 -2.8841e-01 -2.9140e-01 -1.1807e+00 -2.4414e-01 -4.2419e-01 -5.8561e-01 +1.0496e+00 -1.9657e+00 -6.3772e-01 +2.1397e+00
21127 0 +2.064312277e+00 +2.160743123e+02 +2.160743123e+02 -2.7148e-01 -1.2335e-01 -7.7562e-01 -1.7109e-01 -5.5584e-01 -9.6150e-01 +7.6837e-01 -1.2774e+00 -5.6090e-01 +1.9146e+00
40051 0 +2.064312277e+00 +2.160743123e+02 +2.160743123e+02 -2.7148e-01 -1.2335e-01 -7.7562e-01 -1.7109e-01 -5.5584e-01 -9.6150e-01 +7.6837e-01 -1.2774e+00 -5.6090e-01 +1.9146e+00
% f evaluations | g evaluations | best noise-free fitness - Fopt (-5.848000000000e+01) + sum g_i+ | measured fitness | best measured fitness or single-digit g-values | x1 | x2...
1 0 +9.537291589e+01 +3.689291589e+01 +3.689291589e+01 +3.9943e+00 +2.8976e+00 -3.9451e+00 +3.2762e+00 -3.0284e+00 -1.2832e+00 -4.5090e+00 +2.5609e+00 +3.3125e-01 +3.6857e+00
2 0 +3.642708866e+01 -2.205291134e+01 -2.205291134e+01 -1.3969e+00 +2.1776e-01 +2.5350e+00 -6.4498e-01 +3.6478e+00 +1.4454e+00 +1.6326e+00 -2.6895e+00 +3.9936e+00 -2.9104e+00
6 0 +1.745234543e+01 -4.102765457e+01 -4.102765457e+01 -4.8650e+00 +2.5988e-01 +1.5619e+00 +1.0147e+00 +2.1094e+00 -1.6939e+00 -1.2815e+00 -1.8275e+00 +1.8206e+00 +1.8597e+00
41 0 +1.378137858e+01 -4.469862142e+01 -4.469862142e+01 +7.1340e-01 +4.5212e-01 +1.5525e+00 -1.3715e+00 +1.1978e+00 +3.2066e+00 -4.0068e+00 +1.2464e+00 +4.7588e-01 +1.8579e+00
73 0 +1.295450054e+01 -4.552549946e+01 -4.552549946e+01 -3.3736e+00 +5.6912e-01 +1.8102e+00 +3.7522e-02 +1.2341e+00 -4.8258e+00 -2.1349e-01 -3.1418e+00 +1.5871e+00 -1.0245e+00
112 0 +1.227698900e+01 -4.620301100e+01 -4.620301100e+01 +7.6915e-02 -1.0030e+00 +3.0861e+00 +2.3016e+00 -4.3300e-01 -2.7778e+00 -5.3004e-01 +1.2282e-01 -1.2946e+00 -6.3255e-01
133 0 +1.077633392e+01 -4.770366608e+01 -4.770366608e+01 -5.1977e-01 +1.5075e+00 +2.3246e+00 -8.7972e-03 -1.9961e+00 -7.2033e-01 -1.5789e-01 -1.9864e+00 +1.5091e+00 +1.1384e+00
156 0 +6.499590363e+00 -5.198040964e+01 -5.198040964e+01 -4.6149e-01 +1.4899e-01 +1.3663e+00 +1.5293e+00 -1.2232e-01 +6.9416e-01 -9.8499e-01 -1.6605e+00 -2.3940e-01 +1.5095e+00
338 0 +6.162791064e+00 -5.231720894e+01 -5.231720894e+01 -6.2445e-01 -1.9307e-01 +1.6649e+00 +1.7839e+00 -2.2141e+00 +7.1135e-01 -7.2865e-01 -7.4918e-01 +2.5031e-01 +6.6378e-01
341 0 +4.504617077e+00 -5.397538292e+01 -5.397538292e+01 -1.1189e+00 -6.6058e-01 +1.7662e+00 +1.7099e+00 -1.0830e+00 -1.2708e-01 -2.0583e+00 -2.1331e+00 +1.2566e-01 +2.6806e-01
1013 0 +3.741232839e+00 -5.473876716e+01 -5.473876716e+01 -5.0382e-01 +3.9367e-01 +1.2515e+00 +1.6034e+00 -1.0410e+00 +2.3952e-01 -5.1150e-01 -4.1476e-01 +3.0444e-01 +5.1810e-01
1424 0 +2.654508137e+00 -5.582549186e+01 -5.582549186e+01 -2.8300e-01 +6.9571e-02 +7.0683e-03 +5.2019e-01 -2.6909e-01 +8.7555e-01 -4.0527e-02 -4.6739e-01 -5.6404e-02 -2.0897e-01
6522 0 +2.334348912e+00 -5.614565109e+01 -5.614565109e+01 -2.2626e-01 +3.1472e-01 +4.8125e-01 +6.8272e-01 +4.5587e-02 +1.0857e+00 -1.7291e-01 -4.7280e-02 -3.2701e-01 +3.9413e-02
9893 0 +1.895885405e+00 -5.658411459e+01 -5.658411459e+01 -3.1333e-01 +7.1848e-02 +2.6631e-01 -4.5331e-01 +1.9259e-02 +8.8109e-01 -1.6038e-01 -5.5164e-01 -1.2329e-01 -1.0706e-01
21181 0 +1.704176560e+00 -5.677582344e+01 -5.677582344e+01 -5.2830e-01 +1.3418e-01 +5.5011e-01 +6.0466e-02 +1.2661e-01 +6.4714e-01 -1.6721e-01 -3.6471e-01 -2.1560e-01 -4.4169e-02
23856 0 +1.444884686e+00 -5.703511531e+01 -5.703511531e+01 -4.2840e-01 +6.0578e-02 +4.7377e-01 -7.6655e-03 +1.8244e-01 +4.2023e-01 -2.1301e-01 -3.5496e-01 -1.3845e-01 -6.6988e-02
27773 0 +1.259194701e+00 -5.722080530e+01 -5.722080530e+01 -4.1270e-01 +6.9516e-02 +4.5536e-01 -3.3294e-02 +1.7124e-01 +5.2361e-01 -2.2569e-01 -3.0094e-01 -1.6843e-01 -6.5045e-02
28545 0 +1.190278880e+00 -5.728972112e+01 -5.728972112e+01 -4.1657e-01 +8.1511e-02 +4.2862e-01 -2.1104e-02 +1.3675e-01 +2.8966e-01 -1.6573e-01 -3.1997e-01 -1.7025e-01 -3.1130e-02
29176 0 +8.049120104e-01 -5.767508799e+01 -5.767508799e+01 -4.0532e-01 +7.2160e-02 +3.7144e-01 -1.7155e-02 +1.7414e-01 +3.9177e-01 -1.8908e-01 -3.1323e-01 -1.6116e-01 -5.9061e-02
30068 0 +6.026417687e-01 -5.787735823e+01 -5.787735823e+01 -3.6974e-01 +8.1453e-02 +3.5464e-01 -2.2822e-02 +1.7631e-01 +4.6046e-01 -1.7738e-01 -3.2291e-01 -1.8906e-01 -5.1032e-02
30285 0 +4.153977287e-01 -5.806460227e+01 -5.806460227e+01 -3.4429e-01 +8.7389e-02 +3.5240e-01 -2.3972e-02 +1.7401e-01 +4.4267e-01 -2.0504e-01 -3.0347e-01 -1.7599e-01 -5.9081e-02
31854 0 +3.245641362e-01 -5.815543586e+01 -5.815543586e+01 -3.2143e-01 +7.0304e-02 +3.3686e-01 -2.5875e-02 +1.9176e-01 +4.8646e-01 -2.1622e-01 -2.9696e-01 -1.7527e-01 -5.1850e-02
34768 0 +3.219641980e-01 -5.815803580e+01 -5.815803580e+01 -3.1687e-01 +6.8345e-02 +3.4374e-01 -2.3038e-02 +1.9527e-01 +4.7528e-01 -2.2112e-01 -3.1119e-01 -1.7356e-01 -5.0525e-02
35892 0 +2.817372425e-01 -5.819826276e+01 -5.819826276e+01 -3.3061e-01 +7.0977e-02 +3.3260e-01 -2.5079e-02 +1.8407e-01 +4.9733e-01 -2.1770e-01 -2.9498e-01 -1.7038e-01 -5.4936e-02
36990 0 +2.359439146e-01 -5.824405609e+01 -5.824405609e+01 -3.3476e-01 +6.9532e-02 +3.4461e-01 -2.4227e-02 +1.9092e-01 +4.9475e-01 -2.1412e-01 -3.0426e-01 -1.6476e-01 -5.1247e-02
37315 0 +1.930469524e-01 -5.828695305e+01 -5.828695305e+01 -3.3176e-01 +6.9516e-02 +3.4445e-01 -2.4298e-02 +1.9446e-01 +4.9894e-01 -2.0807e-01 -2.8797e-01 -1.6711e-01 -5.4583e-02
37977 0 +1.776440973e-01 -5.830235590e+01 -5.830235590e+01 -3.3161e-01 +7.0186e-02 +3.4589e-01 -2.3465e-02 +1.9562e-01 +4.9511e-01 -2.1084e-01 -2.8652e-01 -1.6123e-01 -5.2115e-02
38383 0 +1.613093802e-01 -5.831869062e+01 -5.831869062e+01 -3.2814e-01 +7.0291e-02 +3.4749e-01 -2.3482e-02 +1.9725e-01 +4.8930e-01 -2.1182e-01 -2.8925e-01 -1.6403e-01 -5.4022e-02
39156 0 +1.525611321e-01 -5.832743887e+01 -5.832743887e+01 -3.2952e-01 +6.9278e-02 +3.4856e-01 -2.3334e-02 +1.9798e-01 +4.9317e-01 -2.0882e-01 -2.8992e-01 -1.6517e-01 -5.4134e-02
39373 0 +1.512659350e-01 -5.832873406e+01 -5.832873406e+01 -3.2950e-01 +7.0205e-02 +3.4904e-01 -2.3546e-02 +1.9830e-01 +4.9272e-01 -2.0871e-01 -2.8860e-01 -1.6354e-01 -5.3808e-02
39775 0 +1.476509960e-01 -5.833234900e+01 -5.833234900e+01 -3.3114e-01 +6.9506e-02 +3.4817e-01 -2.3554e-02 +1.9711e-01 +4.9519e-01 -2.0772e-01 -2.9079e-01 -1.6434e-01 -5.4155e-02
40051 0 +1.454549073e-01 -5.833454509e+01 -5.833454509e+01 -3.3131e-01 +6.9481e-02 +3.4882e-01 -2.3534e-02 +1.9715e-01 +4.9532e-01 -2.0766e-01 -2.9049e-01 -1.6415e-01 -5.4241e-02
% f evaluations | g evaluations | best noise-free fitness - Fopt (-6.130800000000e+02) + sum g_i+ | measured fitness | best measured fitness or single-digit g-values | x1 | x2...
1 0 +2.526020037e+01 -5.878197996e+02 -5.878197996e+02 -4.6495e+00 -1.2609e+00 +1.2219e+00 +2.6532e+00 -4.1710e-01 -8.0059e-01 -2.0238e+00 +1.3104e+00 -5.4157e-02 -1.5773e+00
8 0 +2.204629201e+01 -5.910337080e+02 -5.910337080e+02 +3.1497e+00 -8.8715e-01 +5.0513e-01 -5.5406e-01 -8.4677e-01 +9.8733e-01 -1.0414e+00 -3.2211e+00 +4.3510e+00 -3.0504e+00
16 0 +1.851254424e+01 -5.945674558e+02 -5.945674558e+02 +4.4460e-01 -2.5017e+00 +4.7730e+00 -1.7029e+00 +2.2287e+00 -4.7111e-02 +5.8004e-01 +1.6067e+00 +1.2926e+00 +1.3330e+00
23 0 +1.416353229e+01 -5.989164677e+02 -5.989164677e+02 +1.1588e+00 +2.0564e-01 -1.1695e-01 -3.0432e+00 -2.5860e+00 -2.9343e+00 -9.6076e-01 -3.0304e+00 +4.0239e-01 -2.7893e+00
107 0 +1.283172172e+01 -6.002482783e+02 -6.002482783e+02 +7.2983e-01 +1.6424e+00 +3.1335e-01 +1.2305e+00 +1.0894e+00 -2.5267e+00 -1.0588e+00 -2.5234e+00 -1.6406e-01 -2.1231e+00
108 0 +1.151130156e+01 -6.015686984e+02 -6.015686984e+02 +6.6872e-01 +9.3216e-01 -1.7615e+00 -2.4352e+00 -1.5764e+00 -1.7623e+00 -2.3684e-01 +1.1790e+00 +1.2214e+00 -2.3206e+00
127 0 +1.038297547e+01 -6.026970245e+02 -6.026970245e+02 +4.0038e-01 +1.8786e+00 -5.0992e-01 -1.4040e+00 -1.9643e+00 +5.5563e-02 -6.6574e-01 +1.5242e-01 +1.4723e+00 -1.9900e+00
157 0 +8.533314952e+00 -6.045466850e+02 -6.045466850e+02 +6.1185e-01 +6.7593e-01 +2.7347e-01 -2.1811e-01 -3.1126e-01 -1.6459e-01 +3.0583e-02 +2.0437e+00 -2.6403e-01 -6.4353e-01
167 0 +7.833832205e+00 -6.052461678e+02 -6.052461678e+02 +1.7909e+00 +1.0134e+00 -9.9471e-01 +7.5633e-01 -9.6238e-01 -2.3394e+00 -3.1186e-01 +6.7850e-03 +3.7617e-02 -1.1425e+00
217 0 +7.406981946e+00 -6.056730181e+02 -6.056730181e+02 -9.0259e-01 +1.1905e+00 -1.0917e+00 +1.1369e+00 -3.7564e-01 -1.1828e+00 -3.4166e-01 +6.4875e-01 +8.3431e-02 -1.4399e+00
219 0 +6.989471175e+00 -6.060905288e+02 -6.060905288e+02 -5.6507e-01 +5.0996e-01 -2.1903e+00 -9.7841e-01 -2.1331e+00 +4.8382e-01 -1.2161e+00 +5.8271e-01 +7.2150e-01 -6.0543e-01
225 0 +6.391797841e+00 -6.066882022e+02 -6.066882022e+02 +2.6147e+00 +1.2090e+00 -8.9251e-01 -6.9773e-01 -7.2298e-01 +4.4497e-01 -4.3022e-01 -1.1874e+00 +1.2770e+00 -7.0936e-01
263 0 +5.754535974e+00 -6.073254640e+02 -6.073254640e+02 +1.0932e+00 +6.9183e-01 -8.8918e-01 -3.1010e-01 -4.0876e-01 -1.8166e+00 -1.4105e+00 -5.8460e-01 +9.7795e-01 +5.6493e-01
295 0 +5.392848757e+00 -6.076871512e+02 -6.076871512e+02 +7.3551e-01 +1.6693e+00 -8.0266e-01 -1.5835e+00 -1.3820e+00 +1.0838e-01 -2.1187e+00 -1.2684e-01 +5.7773e-01 -4.9252e-01
330 0 +4.593076206e+00 -6.084869238e+02 -6.084869238e+02 +4.1861e-01 +1.3746e+00 -1.3405e+00 +1.1123e+00 +9.2302e-01 -1.5765e+00 -1.2861e+00 -2.4539e-01 +5.0147e-01 +1.4215e-01
361 0 +4.291899516e+00 -6.087881005e+02 -6.087881005e+02 +7.7130e-01 +8.3543e-01 -1.1002e+00 -1.6606e-01 -1.3509e+00 -8.8995e-01 -2.1026e+00 -4.7881e-01 +1.3066e+00 +7.7753e-02
1063 0 +3.818347261e+00 -6.092616527e+02 -6.092616527e+02 +1.1339e+00 +1.3418e-01 -6.5971e-01 +3.3134e-01 -1.1310e+00 -1.0203e+00 -1.1667e+00 -4.1041e-01 +2.8150e-01 -5.2942e-01
1660 0 +3.401392703e+00 -6.096786073e+02 -6.096786073e+02 +9.6164e-01 +1.1033e+00 -8.9912e-01 +2.8823e-02 -9.0578e-01 -1.2729e-01 -7.3576e-01 -4.1903e-01 +1.2548e+00 -1.1712e-03
1809 0 +2.703249053e+00 -6.103767509e+02 -6.103767509e+02 +1.2171e+00 +4.5798e-01 -5.4236e-01 -3.3073e-01 -5.6807e-01 -1.1611e+00 -1.2083e+00 -4.6867e-01 -1.1123e-01 -1.2512e-01
3340 0 +2.314560866e+00 -6.107654391e+02 -6.107654391e+02 +6.8946e-01 +3.8245e-01 -5.4338e-01 -1.3652e-02 -4.2081e-01 -1.1510e+00 -6.8556e-01 -3.4565e-01 -9.0973e-02 -1.5532e-01
10068 0 +1.959248078e+00 -6.111207519e+02 -6.111207519e+02 +1.6271e-01 +4.8382e-01 -2.1070e-01 -1.9349e-02 -3.5163e-01 -1.2407e+00 -5.9855e-01 -3.8880e-01 +3.2046e-01 -2.5029e-01
10836 0 +1.597382382e+00 -6.114826176e+02 -6.114826176e+02 +4.3674e-01 +5.5512e-01 -3.9860e-01 -7.7844e-02 -1.8496e-01 -1.4817e+00 -6.7735e-01 -2.3327e-01 +1.6700e-01 -5.2087e-02
10854 0 +1.106019583e+00 -6.119739804e+02 -6.119739804e+02 +8.8950e-01 +5.1802e-01 -2.4842e-01 -3.6091e-02 -3.1346e-01 -1.5180e+00 -6.3446e-01 -2.7488e-01 +1.0137e-01 -1.5314e-01
28332 0 +9.869061696e-01 -6.120930938e+02 -6.120930938e+02 +8.2100e-01 +4.9459e-01 -3.7556e-01 -1.8649e-01 -2.8388e-01 -1.5463e+00 -7.0853e-01 -2.9624e-01 +1.0947e-01 -1.2703e-01
40051 0 +9.869061696e-01 -6.120930938e+02 -6.120930938e+02 +8.2100e-01 +4.9459e-01 -3.7556e-01 -1.8649e-01 -2.8388e-01 -1.5463e+00 -7.0853e-01 -2.9624e-01 +1.0947e-01 -1.2703e-01
% f evaluations | g evaluations | best noise-free fitness - Fopt (-1.025500000000e+02) + sum g_i+ | measured fitness | best measured fitness or single-digit g-values | x1 | x2...
1 0 +8.530979593e+01 -1.724020407e+01 -1.724020407e+01 -2.0540e-01 +4.1713e+00 +3.9919e-01 +3.1190e-01 +1.6035e+00 +4.7902e-01 +7.9100e-02 +4.8653e+00 +4.9150e+00 +1.6171e+00
2 0 +3.364633945e+01 -6.890366055e+01 -6.890366055e+01 +4.8723e+00 -1.7778e+00 -4.7122e+00 +5.7252e-02 +1.7683e+00 +6.4771e-01 -2.2584e+00 +1.8119e+00 +2.4632e+00 -2.3626e+00
8 0 +1.887892290e+01 -8.367107710e+01 -8.367107710e+01 -2.7522e+00 -1.7929e+00 -6.1879e-01 -1.4320e-01 -1.0479e+00 +1.0081e+00 +3.5510e+00 +2.9646e+00 -2.8100e+00 +5.0022e-01
15 0 +1.736286974e+01 -8.518713026e+01 -8.518713026e+01 -1.2940e+00 -1.0990e+00 -9.4510e-01 -1.5857e+00 -1.2049e+00 -4.0645e+00 -3.9177e+00 -2.3630e+00 -2.2459e+00 +2.6949e+00
35 0 +1.299426868e+01 -8.955573132e+01 -8.955573132e+01 -1.3220e+00 +1.3493e-01 -2.5957e+00 -1.2535e+00 +1.1034e+00 -2.8375e+00 +1.2298e+00 +6.0788e-01 -1.0829e+00 +3.2364e+00
58 0 +1.118500534e+01 -9.136499466e+01 -9.136499466e+01 -2.9919e-01 -1.8456e+00 -2.9887e+00 -9.0657e-01 -6.2425e-01 +4.9644e-01 +2.5283e+00 -1.3307e+00 -2.1221e+00 +2.9005e+00
74 0 +1.043409380e+01 -9.211590620e+01 -9.211590620e+01 -8.8082e-01 -1.0516e+00 -1.1426e-01 -5.6309e-01 -3.1499e-01 -1.0885e+00 +2.9119e+00 +1.3397e+00 +3.9317e-01 -4.1403e-01
85 0 +7.026362271e+00 -9.552363773e+01 -9.552363773e+01 -1.6314e+00 -5.3347e-01 -1.4089e+00 -7.3688e-01 -2.4486e+00 -9.0149e-01 +3.7645e+00 -7.4687e-01 -1.3123e+00 +1.7335e+00
241 0 +6.183345175e+00 -9.636665483e+01 -9.636665483e+01 -3.8408e-01 +2.4405e-01 +3.4321e-01 +6.5344e-02 -3.2285e+00 -5.0000e+00 +1.9211e+00 -1.7126e+00 -3.3909e-01 +1.1760e+00
509 0 +5.903130253e+00 -9.664686975e+01 -9.664686975e+01 -1.3357e+00 +5.8430e-01 -1.9227e-01 +1.1375e-01 -3.2211e+00 -4.7236e+00 +1.1368e+00 -8.5750e-01 -1.6668e-01 +2.0156e+00
819 0 +5.617521280e+00 -9.693247872e+01 -9.693247872e+01 -1.6137e+00 +7.3809e-03 -1.0417e-01 +2.0886e-01 -2.7346e+00 -5.0000e+00 +3.1377e+00 -3.2234e+00 -6.8573e-01 +1.3314e+00
909 0 +3.504012182e+00 -9.904598782e+01 -9.904598782e+01 -1.2144e+00 +6.2109e-02 -2.7449e-01 +1.4633e-01 -2.6340e+00 -3.5663e+00 +1.6730e+00 -1.2668e+00 -6.1648e-01 +1.6797e+00
1790 0 +3.317843702e+00 -9.923215630e+01 -9.923215630e+01 -8.1048e-01 -7.1369e-02 -5.1843e-01 +4.7203e-02 -5.0000e+00 -4.8724e+00 +2.9114e+00 -1.4392e+00 -1.0820e+00 +2.5274e+00
10055 0 +2.207445014e+00 -1.003425550e+02 -1.003425550e+02 -1.2548e+00 -4.1483e-01 -4.5255e-01 -7.2560e-02 -1.4093e+00 -1.6842e+00 +2.6781e+00 -1.1326e+00 -5.9736e-01 -2.4545e-01
29805 0 +2.061879843e+00 -1.004881202e+02 -1.004881202e+02 -1.1445e+00 -2.5897e-01 -4.5499e-01 -4.9725e-02 -1.6540e+00 -1.4685e+00 +2.3616e+00 -1.1233e+00 -6.1417e-01 +5.5636e-01
40051 0 +2.061879843e+00 -1.004881202e+02 -1.004881202e+02 -1.1445e+00 -2.5897e-01 -4.5499e-01 -4.9725e-02 -1.6540e+00 -1.4685e+00 +2.3616e+00 -1.1233e+00 -6.1417e-01 +5.5636e-01
% f evaluations | g evaluations | best noise-free fitness - Fopt (7.169000000000e+01) + sum g_i+ | measured fitness | best measured fitness or single-digit g-values | x1 | x2...
1 0 +8.887932251e+01 +1.605693225e+02 +1.605693225e+02 +1.6699e+00 -4.9980e+00 +2.1071e+00 +1.3642e+00 -3.9705e+00 +3.3860e+00 +4.5192e+00 +1.6062e-01 +1.7427e+00 -4.4301e+00
2 0 +6.770396699e+01 +1.393939670e+02 +1.393939670e+02 +4.5027e+00 +3.6766e+00 +5.6514e-01 +2.4292e+00 -2.8251e+00 +1.6060e+00 +7.7778e-02 +3.9673e+00 -1.0579e+00 +4.2761e+00
5 0 +3.004321299e+01 +1.017332130e+02 +1.017332130e+02 +4.0351e+00 +3.9401e+00 -1.4634e-02 -2.2700e-01 -3.0282e+00 +7.3503e-01 -3.9228e+00 -9.7685e-01 +2.5491e-01 +7.3296e-01
9 0 +2.378132737e+01 +9.547132737e+01 +9.547132737e+01 -1.2985e+00 +1.4455e+00 +6.7106e-01 -7.0718e-01 +2.1000e+00 -6.8465e-01 -3.3126e-01 -4.7695e+00 +4.1002e+00 +3.3497e+00
15 0 +2.243907411e+01 +9.412907411e+01 +9.412907411e+01 +8.9255e-01 +5.4249e-01 +4.8196e+00 +3.5773e+00 +1.7524e+00 -9.3693e-01 -8.5777e-02 +2.6042e+00 +6.9576e-01 +1.8104e+00
19 0 +8.195311104e+00 +7.988531110e+01 +7.988531110e+01 -3.0752e+00 -2.5306e-01 +1.2623e+00 +1.8678e+00 +1.7146e+00 +2.6547e+00 -4.7866e-01 +1.1412e+00 -2.1879e+00 -4.6231e-01
162 0 +7.328133829e+00 +7.901813383e+01 +7.901813383e+01 -1.4691e+00 -4.5335e-01 +1.9450e+00 +1.5961e+00 +2.4800e+00 +2.0767e+00 -2.2293e+00 +1.7051e-01 -7.6551e-02 -4.0573e-01
180 0 +7.206788241e+00 +7.889678824e+01 +7.889678824e+01 -2.9183e+00 +2.6724e+00 +1.1978e+00 +6.5037e-01 -5.0223e-01 +2.5286e+00 +9.5455e-01 -2.8898e-01 -6.8182e-01 -2.7955e-01
278 0 +6.451900372e+00 +7.814190037e+01 +7.814190037e+01 -2.8525e+00 -1.2799e-01 +1.2083e+00 +1.0979e+00 +1.5735e+00 +2.8271e+00 -9.7010e-01 +2.7020e-01 -8.3422e-01 -1.4039e-02
428 0 +4.426172830e+00 +7.611617283e+01 +7.611617283e+01 -2.0939e+00 +1.4999e+00 +1.7917e-01 +5.5867e-01 +9.5918e-01 +3.8933e+00 +1.2084e+00 +3.5160e-01 -7.0992e-01 +2.3514e-02
621 0 +4.363607629e+00 +7.605360763e+01 +7.605360763e+01 -2.9331e+00 +5.4327e-01 +2.7721e-01 +1.3816e-01 +1.0790e+00 +2.1677e+00 -1.1530e+00 +4.8007e-01 -2.0253e+00 +4.8560e-01
1327 0 +4.136768569e+00 +7.582676857e+01 +7.582676857e+01 -1.6732e+00 +1.1832e+00 -6.4508e-01 +2.1438e-01 +9.7734e-01 +9.5063e-01 +4.7058e-01 +2.0937e-01 -1.1820e+00 +6.9625e-01
2785 0 +3.358544344e+00 +7.504854434e+01 +7.504854434e+01 -1.9573e+00 +7.5014e-01 -2.0549e-01 +3.9173e-02 +9.7353e-01 +4.2898e-01 +4.3310e-01 +2.9978e-02 -1.3275e+00 +6.0522e-01
4060 0 +1.231668815e+00 +7.292166882e+01 +7.292166882e+01 -1.3908e+00 +2.1974e+00 +5.0859e-02 -2.0253e-01 +1.1146e+00 +2.5824e-01 +1.3495e-01 +8.5825e-02 -1.7583e+00 +1.4749e+00
40051 0 +1.231668815e+00 +7.292166882e+01 +7.292166882e+01 -1.3908e+00 +2.1974e+00 +5.0859e-02 -2.0253e-01 +1.1146e+00 +2.5824e-01 +1.3495e-01 +8.5825e-02 -1.7583e+00 +1.4749e+00
% f evaluations | g evaluations | best noise-free fitness - Fopt (2.140100000000e+02) + sum g_i+ | measured fitness | best measured fitness or single-digit g-values | x1 | x2...
1 0 +3.973835048e+01 +2.537483505e+02 +2.537483505e+02 -1.8973e+00 -2.7345e+00 -3.9425e+00 +1.1185e+00 +1.0430e+00 +1.1360e+00 +9.9183e-01 +3.6586e+00 +8.9604e-01 +3.2474e+00
2 0 +2.183478547e+01 +2.358447855e+02 +2.358447855e+02 +1.6496e+00 +3.5608e+00 +2.8221e+00 -1.0800e+00 -2.9182e-01 +4.4752e-01 +1.6266e+00 +4.2993e+00 +2.8885e+00 +8.3544e-02
18 0 +1.770941994e+01 +2.317194199e+02 +2.317194199e+02 -1.1695e+00 +9.6372e-01 +3.2755e+00 -3.6346e+00 +2.7205e+00 +1.6846e+00 +1.0186e+00 -5.2136e-01 +2.5903e-01 -3.0034e+00
46 0 +1.520442151e+01 +2.292144215e+02 +2.292144215e+02 +9.1720e-01 -2.4598e-02 -1.9083e+00 -2.3588e+00 -4.1579e-01 -1.2541e+00 +6.8240e-01 +1.3876e+00 -8.4498e-02 +2.9922e+00
65 0 +1.330177052e+01 +2.273117705e+02 +2.273117705e+02 -1.1679e+00 +2.8672e-01 +2.6094e+00 -1.3825e+00 +2.2027e+00 +1.3410e+00 -2.1998e+00 +2.6052e+00 +1.6244e+00 -1.7861e+00
68 0 +1.189180929e+01 +2.259018093e+02 +2.259018093e+02 +1.4454e+00 +1.0307e+00 -2.0084e+00 +1.5478e+00 +3.0921e-01 +1.6364e+00 +2.2074e-01 +1.7678e-01 +1.2512e+00 -2.2065e+00
106 0 +1.073891430e+01 +2.247489143e+02 +2.247489143e+02 +6.7406e-01 +2.0933e+00 -1.1950e+00 +5.5370e-01 +1.9350e+00 -1.7738e-01 -1.8705e-01 -7.9148e-01 +1.7597e+00 -5.3879e-01
118 0 +8.453932347e+00 +2.224639323e+02 +2.224639323e+02 +1.9441e-03 +9.0432e-01 -1.7163e+00 -6.5225e-01 +2.0880e+00 -5.6219e-01 -3.7206e-01 -1.2933e+00 -7.0644e-01 -1.1783e+00
162 0 +8.037785526e+00 +2.220477855e+02 +2.220477855e+02 +7.3342e-01 -1.6405e+00 -7.2512e-01 -5.7837e-02 +1.9168e+00 -6.6748e-01 -8.3153e-01 -1.0123e+00 +8.6466e-01 -1.7446e+00
172 0 +6.531986302e+00 +2.205419863e+02 +2.205419863e+02 -3.1531e-01 +2.0121e+00 -9.7711e-01 +4.4874e-01 +1.8825e+00 -1.8023e+00 +3.1199e-01 +5.0663e-01 -1.7043e+00 -2.9838e+00
230 0 +5.301802991e+00 +2.193118030e+02 +2.193118030e+02 +1.2843e+00 +1.2498e+00 -5.9188e-01 -1.1014e+00 +2.5305e+00 -1.7451e+00 +2.0955e+00 -2.7872e-01 -1.0848e+00 -1.9432e+00
1146 0 +4.733208103e+00 +2.187432081e+02 +2.187432081e+02 -6.6063e-01 -4.2761e-02 -5.1044e-01 -1.5998e+00 +1.9962e+00 -1.7212e+00 +1.3832e+00 -5.4621e-01 -1.0703e+00 -1.3660e+00
2403 0 +4.244042892e+00 +2.182540429e+02 +2.182540429e+02 +4.8613e-01 -1.0211e-01 -8.0163e-01 -1.5931e+00 +8.5821e-01 -1.1334e+00 +1.9907e+00 -6.5672e-01 -1.2467e+00 -5.8740e-01
2594 0 +3.995314448e+00 +2.180053144e+02 +2.180053144e+02 +3.0588e-01 -5.7029e-01 -9.6316e-02 -1.2009e+00 +3.9656e+00 -1.6768e+00 +1.5896e+00 -3.3967e-01 -1.1713e-01 -9.5352e-01
12327 0 +3.887194004e+00 +2.178971940e+02 +2.178971940e+02 +2.3729e-01 -7.8913e-01 -1.0208e-01 -1.7536e+00 +2.2419e+00 -1.2772e+00 +1.8726e+00 -1.2591e+00 -3.4810e-01 -7.1565e-01
13070 0 +3.522201036e+00 +2.175322010e+02 +2.175322010e+02 -4.5581e-03 -2.4816e-01 -1.2076e-01 -1.6652e+00 +1.3203e+00 -8.4399e-01 +2.1629e+00 -7.8387e-01 -6.6143e-01 -1.3478e+00
13184 0 +2.729487301e+00 +2.167394873e+02 +2.167394873e+02 +2.8661e-01 -3.4908e-01 +5.3141e-02 -1.3518e+00 +7.8140e-01 -1.3623e+00 +1.3666e+00 -1.2218e+00 -5.1965e-01 -1.1906e+00
13643 0 +2.689370454e+00 +2.166993705e+02 +2.166993705e+02 +1.6058e-02 -3.0170e-01 -9.7691e-02 -2.0959e+00 +1.6396e+00 -2.0079e+00 +2.2181e+00 -7.1611e-01 -1.2535e+00 -4.1483e-01
22556 0 +2.598491864e+00 +2.166084919e+02 +2.166084919e+02 +1.6634e-01 -3.0142e-01 +2.9722e-02 -1.2026e+00 +1.6370e+00 -1.1186e+00 +1.8008e+00 -1.0554e+00 -1.4250e+00 -8.2582e-01
24284 0 +2.478743420e+00 +2.164887434e+02 +2.164887434e+02 +3.9867e-02 -4.0960e-01 -1.0495e-02 -1.5245e+00 +1.6216e+00 -1.0490e+00 +1.9199e+00 -1.1263e+00 -1.7496e+00 -7.9237e-01
31266 0 +2.428844960e+00 +2.164388450e+02 +2.164388450e+02 +1.1904e-01 -3.6245e-01 -7.4555e-03 -1.4217e+00 +1.4598e+00 -1.0034e+00 +1.8350e+00 -9.5041e-01 -1.2911e+00 -7.2846e-01
40051 0 +2.426733986e+00 +2.164367340e+02 +2.164367340e+02 +9.5835e-02 -3.7812e-01 -1.0262e-02 -1.3882e+00 +1.4900e+00 -8.3982e-01 +1.8726e+00 -1.1878e+00 -1.4793e+00 -8.0652e-01
% f evaluations | g evaluations | best noise-free fitness - Fopt (-5.848000000000e+01) + sum g_i+ | measured fitness | best measured fitness or single-digit g-values | x1 | x2...
1 0 +1.147901689e+02 +5.631016890e+01 +5.631016890e+01 +4.9609e+00 +3.6261e+00 +4.8719e+00 +2.2099e+00 -4.9858e+00 +1.3207e+00 +2.2196e+00 +4.2846e+00 -1.2186e+00 +4.3801e+00
2 0 +7.939123979e+01 +2.091123979e+01 +2.091123979e+01 +4.0275e+00 -4.9078e+00 +7.6232e-01 +4.7755e+00 -4.9038e+00 +3.6690e+00 -2.7605e-01 -3.2275e+00 -3.9908e+00 -7.1081e-02
3 0 +4.260629018e+01 -1.587370982e+01 -1.587370982e+01 +2.8355e+00 +2.1157e-01 -2.9868e+00 +2.0011e+00 +2.4236e+00 -1.1809e+00 -2.1393e+00 +4.9459e+00 +2.4413e+00 -3.1468e+00
4 0 +2.453190911e+01 -3.394809089e+01 -3.394809089e+01 +2.7633e+00 +6.3472e-01 -2.8545e+00 -7.1209e-01 -2.8689e+00 +4.7020e+00 -2.9130e+00 +2.4099e-01 +3.9102e+00 -2.0209e+00
16 0 +2.021655883e+01 -3.826344117e+01 -3.826344117e+01 -8.1162e-01 -3.8335e+00 +2.4166e+00 +1.6233e-01 +2.3062e+00 -1.6346e+00 +2.1438e+00 -1.2108e+00 +1.0003e+00 +1.1147e+00
17 0 +1.810219473e+01 -4.037780527e+01 -4.037780527e+01 +3.6001e+00 +1.6275e+00 -1.4408e+00 -4.1497e+00 -2.3237e-01 +1.5943e+00 +6.3574e-01 -1.7445e-01 -2.9773e+00 -2.6358e-01
24 0 +1.534142801e+01 -4.313857199e+01 -4.313857199e+01 -3.7090e+00 +2.3939e+00 +7.5574e-01 +1.5897e+00 -3.8908e+00 -2.2605e+00 +2.0860e-01 -1.7090e+00 -1.0283e+00 +8.0169e-02
57 0 +5.991983887e+00 -5.248801611e+01 -5.248801611e+01 -1.0362e+00 -2.0271e-03 -3.3961e-02 +3.1215e+00 -1.0524e+00 -5.1664e-01 -8.9825e-01 +1.0664e+00 +9.0156e-01 -9.3280e-01
435 0 +5.024063038e+00 -5.345593696e+01 -5.345593696e+01 -4.1442e-01 -3.3580e-01 +2.5186e-01 +6.2922e-02 -3.6461e-01 +2.2183e+00 -5.3845e-01 +1.4881e+00 -3.0316e-01 -7.5154e-01
746 0 +3.920819298e+00 -5.455918070e+01 -5.455918070e+01 -4.3705e-01 +1.5216e-01 +1.0012e-01 +2.9263e-01 -7.0926e-01 +3.0441e+00 -1.2168e+00 +1.1157e+00 -2.4353e-01 -5.0235e-01
4409 0 +3.629240208e+00 -5.485075979e+01 -5.485075979e+01 -6.6158e-01 -1.3774e-01 +3.2269e-02 -1.0364e+00 +6.8988e-01 +9.2428e-01 -1.7665e+00 +6.7256e-01 -4.2213e-01 -5.1468e-01
6409 0 +3.358889971e+00 -5.512111003e+01 -5.512111003e+01 -7.7240e-01 -4.4796e-02 +7.5499e-02 -1.4411e-01 -5.4671e-02 +4.6232e-01 -4.4842e-01 +1.0049e+00 -4.9022e-01 -2.8657e-01
7459 0 +3.250519461e+00 -5.522948054e+01 -5.522948054e+01 -6.6232e-01 -5.2472e-02 +1.1575e-01 +1.2513e-01 -4.1496e-01 +1.3119e+00 -7.3048e-01 +8.3079e-01 -7.8706e-01 -3.3789e-01
10582 0 +2.376395479e+00 -5.610360452e+01 -5.610360452e+01 -7.3710e-01 -8.0245e-02 +1.2135e-01 -5.4689e-02 -2.6715e-01 +1.4152e+00 -1.0177e+00 +1.1501e+00 -1.1341e+00 -1.9120e-01
11276 0 +2.051322796e+00 -5.642867720e+01 -5.642867720e+01 -5.5468e-01 +1.5316e-02 +1.3482e-01 -2.4271e-01 -3.4437e-01 +1.6123e+00 +2.4065e-01 +7.3043e-01 -9.3356e-01 -3.5619e-01
26808 0 +1.720738310e+00 -5.675926169e+01 -5.675926169e+01 -7.1617e-01 -7.4390e-03 +1.1754e-01 -1.1770e-01 -2.9705e-01 +1.4544e+00 -3.4606e-01 +1.2092e+00 -1.2198e+00 -4.7086e-01
40051 0 +1.720738310e+00 -5.675926169e+01 -5.675926169e+01 -7.1617e-01 -7.4390e-03 +1.1754e-01 -1.1770e-01 -2.9705e-01 +1.4544e+00 -3.4606e-01 +1.2092e+00 -1.2198e+00 -4.7086e-01
% f evaluations | g evaluations | best noise-free fitness - Fopt (-6.130800000000e+02) + sum g_i+ | measured fitness | best measured fitness or single-digit g-values | x1 | x2...
1 0 +5.561629122e+01 -5.574637088e+02 -5.574637088e+02 +3.5835e-01 +3.5678e+00 -3.2919e+00 +4.8213e+00 +2.4552e+00 +1.0527e+00 -4.5178e+00 -2.3415e+00 +4.3487e+00 +2.7804e+00
2 0 +3.553179321e+01 -5.775482068e+02 -5.775482068e+02 +4.3660e+00 -1.2483e+00 +3.7046e+00 -1.0109e+00 +6.4338e-01 +2.0496e+00 -2.0252e+00 +3.4577e+00 +1.4226e+00 -1.0797e+00
4 0 +2.569040932e+01 -5.873895907e+02 -5.873895907e+02 -8.8116e-01 -1.0986e+00 +2.9005e+00 +8.5308e-01 +4.7059e-01 -1.7011e+00 +2.2344e+00 -6.9070e-01 -1.4254e-01 -3.3017e+00
13 0 +2.240282224e+01 -5.906771778e+02 -5.906771778e+02 +2.9903e+00 -2.5022e+00 +3.6782e+00 +1.7822e+00 +2.8165e+00 +2.4760e+00 -3.8701e-01 -1.2958e+00 +2.2601e+00 +6.2574e-01
20 0 +1.844400408e+01 -5.946359959e+02 -5.946359959e+02 +2.7068e+00 -2.6734e+00 +1.7915e+00 +5.6561e-02 +4.1019e-01 +2.7475e+00 -3.9694e+00 +6.6580e-01 +2.8661e+00 -8.7272e-01
29 0 +1.363658654e+01 -5.994434135e+02 -5.994434135e+02 +2.0431e+00 +5.8515e-01 -1.1117e+00 -1.8729e+00 +1.4458e+00 +1.2365e+00 -2.0210e+00 -7.8889e-01 +2.6042e+00 +1.8075e+00
55 0 +1.220003711e+01 -6.008799629e+02 -6.008799629e+02 +1.6368e+00 -5.0000e+00 +3.9640e-01 +5.8136e-01 +1.5479e-01 +2.0411e+00 +7.9821e-01 +3.0267e+00 -2.4101e+00 -4.7436e-01
79 0 +1.126603599e+01 -6.018139640e+02 -6.018139640e+02 +6.7313e-01 +4.1155e-02 -9.1691e-01 -1.5925e+00 -6.2163e-01 +1.0920e+00 -2.4640e+00 +1.9717e-01 +2.9686e+00 -2.9244e+00
81 0 +7.715492247e+00 -6.053645078e+02 -6.053645078e+02 +1.8636e+00 +5.6871e-01 +1.6943e+00 -5.2170e-01 -1.5071e+00 +1.9288e+00 -5.3878e-02 -1.1088e+00 -7.3220e-01 +6.0426e-01
207 0 +5.984776468e+00 -6.070952235e+02 -6.070952235e+02 +1.4652e+00 -3.6103e-02 +4.9772e-02 -6.0625e-01 +7.3809e-01 +2.9107e-01 +1.3080e+00 -7.5628e-02 -1.7162e-01 -1.1299e+00
306 0 +5.800028355e+00 -6.072799716e+02 -6.072799716e+02 +8.6884e-01 +1.1163e-04 -9.4855e-02 -6.4208e-01 -2.0909e-02 +3.8919e+00 +1.9508e+00 -7.5708e-01 -4.3534e-02 -8.2667e-01
351 0 +5.744367902e+00 -6.073356321e+02 -6.073356321e+02 +1.6541e+00 +6.4099e-01 +1.6741e+00 -2.6629e-01 -2.1488e+00 +1.8684e-01 +7.2544e-01 -1.2146e+00 -5.5092e-01 -7.4980e-01
363 0 +5.099007948e+00 -6.079809921e+02 -6.079809921e+02 +1.6691e-01 +7.4938e-01 -1.1396e+00 -6.0734e-01 -7.4482e-02 -5.3786e-01 +1.4027e+00 -1.4703e+00 -3.0857e-01 -1.0346e+00
469 0 +4.630884901e+00 -6.084491151e+02 -6.084491151e+02 -3.5054e-01 +2.2409e-01 -9.6460e-01 -2.8640e-01 -7.8554e-01 +2.3821e+00 +8.8352e-01 -8.4488e-01 +3.9891e-01 -7.8519e-01
714 0 +4.401633994e+00 -6.086783660e+02 -6.086783660e+02 -6.3850e-01 +1.4687e+00 -7.6894e-01 -4.5632e-01 +1.1936e+00 +7.6695e-01 +1.1298e-01 +1.1827e-01 +1.9087e-01 -6.8082e-01
992 0 +2.244173830e+00 -6.108358262e+02 -6.108358262e+02 -2.6732e-01 +1.1694e+00 -8.8337e-02 -6.0313e-01 -1.9973e-01 +3.0720e-01 +1.6343e+00 -3.2914e-01 +6.1026e-01 -7.6824e-01
14735 0 +1.830431899e+00 -6.112495681e+02 -6.112495681e+02 -1.2575e-01 +9.1419e-01 -3.3522e-01 -7.7278e-01 -8.8433e-01 +1.0316e-01 +1.3250e+00 +6.7123e-02 +1.8526e-01 -9.3257e-02
15748 0 +1.706078965e+00 -6.113739210e+02 -6.113739210e+02 -3.2068e-02 +8.3258e-01 -2.9435e-01 -5.4514e-01 -7.2427e-01 +3.7824e-01 +1.6134e+00 -2.0034e-01 +2.2091e-01 -8.1120e-01
25108 0 +1.504783601e+00 -6.115752164e+02 -6.115752164e+02 -6.5884e-02 +8.7813e-01 -3.0473e-01 -8.1619e-01 -8.8825e-01 +1.8260e-01 +1.3673e+00 -1.4628e-01 +2.3729e-01 -4.7803e-01
40051 0 +1.504783601e+00 -6.115752164e+02 -6.115752164e+02 -6.5884e-02 +8.7813e-01 -3.0473e-01 -8.1619e-01 -8.8825e-01 +1.8260e-01 +1.3673e+00 -1.4628e-01 +2.3729e-01 -4.7803e-01
% f evaluations | g evaluations | best noise-free fitness - Fopt (-1.025500000000e+02) + sum g_i+ | measured fitness | best measured fitness or single-digit g-values | x1 | x2...
1 0 +7.103247405e+01 -3.151752595e+01 -3.151752595e+01 -4.9100e+00 +1.5329e+00 -2.6634e+00 +5.0339e-01 +2.5275e+00 +1.0723e+00 -4.0283e+00 +2.4815e+00 -1.1728e+00 -8.2695e-01
2 0 +6.551788960e+01 -3.703211040e+01 -3.703211040e+01 -8.8119e-01 -1.6805e+00 +3.8158e+00 -4.4801e+00 -1.5369e+00 -1.5067e+00 +1.8905e+00 +4.3146e+00 +2.1053e+00 +4.8866e-01
9 0 +3.807776090e+01 -6.447223910e+01 -6.447223910e+01 +1.6782e+00 +4.0151e-01 +1.2164e+00 -4.2526e+00 +1.4781e+00 -3.3170e+00 +2.1661e+00 -1.9336e+00 -3.2951e+00 +4.4154e+00
10 0 +2.812813375e+01 -7.442186625e+01 -7.442186625e+01 -8.1897e-01 -2.9201e+00 +8.3449e-02 -4.3716e+00 -3.3210e+00 -1.4640e+00 +2.0592e+00 +1.3992e+00 -7.4258e-01 +3.0434e+00
12 0 +1.825307772e+01 -8.429692228e+01 -8.429692228e+01 -6.6742e-01 -2.1962e+00 -7.0543e-01 -3.5962e+00 +1.4345e+00 +1.9663e+00 -2.6707e-01 +1.4149e-02 +1.9114e+00 -2.9864e+00
58 0 +1.729715575e+01 -8.525284425e+01 -8.525284425e+01 +2.4156e+00 -2.9393e+00 -8.3442e-01 +4.3314e-01 -1.5650e+00 +2.2583e+00 -1.1626e+00 -7.9591e-01 +7.5508e-01 -2.0438e+00
81 0 +8.249916790e+00 -9.430008321e+01 -9.430008321e+01 -6.3963e-01 +2.4331e-01 -1.1589e+00 +1.9266e-01 -3.7137e-01 -5.7069e-01 +1.9450e+00 -4.4253e-01 -3.6891e+00 +2.3102e+00
141 0 +7.919875767e+00 -9.463012423e+01 -9.463012423e+01 +1.7747e-01 +2.3587e+00 +4.9902e-01 +1.5830e+00 -2.1285e-01 +1.8590e+00 -8.8277e-01 -7.4311e-01 -2.9290e-01 +4.6161e-01
232 0 +7.732202433e+00 -9.481779757e+01 -9.481779757e+01 -5.0272e-01 +1.8851e+00 +7.7809e-01 +1.3741e+00 -9.9059e-01 -3.0194e+00 +1.8571e+00 -1.4615e+00 -3.4101e-01 +4.9676e-01
311 0 +5.505333476e+00 -9.704466652e+01 -9.704466652e+01 -8.4240e-01 +1.3521e+00 -1.4834e+00 +8.3732e-01 -7.4436e-01 -4.9601e+00 +1.7474e+00 -1.3320e+00 -6.5280e-01 -1.7505e+00
461 0 +5.348560137e+00 -9.720143986e+01 -9.720143986e+01 -8.5663e-02 +1.5240e+00 -1.8531e+00 +4.6643e-01 -5.2650e-01 -5.0000e+00 +1.4870e+00 -1.1296e+00 -2.1352e+00 -1.0721e+00
968 0 +4.618638252e+00 -9.793136175e+01 -9.793136175e+01 -2.4966e-01 +4.4402e-01 -1.5984e+00 +1.0673e+00 -6.1302e-01 -5.0000e+00 +9.4546e-01 -1.6624e+00 -1.5061e+00 -2.9255e-01
1170 0 +4.326149860e+00 -9.822385014e+01 -9.822385014e+01 -3.0363e-01 +5.7626e-01 -1.6896e+00 +4.5165e-01 -7.1816e-01 -3.4236e+00 +8.1209e-01 -1.3122e+00 -2.2251e+00 -7.4194e-01
2018 0 +4.082154069e+00 -9.846784593e+01 -9.846784593e+01 +1.4920e-02 -2.7323e-01 -6.9590e-01 +1.9519e-01 -4.7996e-01 -2.6638e+00 +8.9624e-01 -1.2984e+00 -2.1916e+00 -3.4447e-01
3534 0 +3.956415296e+00 -9.859358470e+01 -9.859358470e+01 -3.1625e-02 +4.1682e-01 -4.2206e-01 +1.5585e-01 -9.8114e-01 -1.5374e+00 +8.6656e-01 -1.0204e+00 -2.4662e+00 -7.8929e-02
4532 0 +3.461818134e+00 -9.908818187e+01 -9.908818187e+01 -2.3440e-01 +6.5442e-01 -4.0005e-02 +2.4698e-01 -5.5296e-01 -2.9253e+00 +9.5366e-01 -1.5083e+00 -2.1968e+00 -1.7576e-01
5439 0 +3.369980311e+00 -9.918001969e+01 -9.918001969e+01 -4.0131e-02 +1.0962e-01 -1.7838e-01 -9.4595e-02 -6.6328e-01 -2.0113e+00 +1.6245e+00 -1.8674e+00 -7.1162e-01 -5.8309e-02
7320 0 +3.150363786e+00 -9.939963621e+01 -9.939963621e+01 -2.0425e-01 -5.0110e-03 -9.1018e-01 +1.4749e-01 -8.5238e-01 -2.5305e-01 +2.1884e-01 -1.1715e+00 -1.1273e+00 -4.4397e-02
8101 0 +3.062638709e+00 -9.948736129e+01 -9.948736129e+01 -2.5286e-01 +1.8706e-01 -3.6662e-01 +6.5054e-02 -5.6263e-01 -2.2354e+00 +1.2997e+00 -1.1674e+00 -2.2199e+00 -1.1165e-01
8805 0 +2.646510563e+00 -9.990348944e+01 -9.990348944e+01 -1.2443e-01 -6.2359e-03 -1.5742e-01 +6.9542e-02 -6.0204e-01 -1.1797e+00 +1.0096e+00 -7.2799e-01 -3.1902e-01 -2.9125e-02
8953 0 +2.513793208e+00 -1.000362068e+02 -1.000362068e+02 -1.8612e-01 +5.5772e-02 -3.9952e-01 +1.4464e-01 -9.4631e-01 -1.6642e+00 +1.8103e-01 -1.3011e+00 -7.8299e-01 -6.8696e-02
9829 0 +2.286543547e+00 -1.002634565e+02 -1.002634565e+02 -1.4601e-01 +7.2046e-02 -4.9868e-01 +2.3963e-01 -5.2450e-01 -1.6247e+00 -6.2327e-01 -3.2215e-01 -1.7152e+00 -5.7019e-02
15395 0 +2.202518122e+00 -1.003474819e+02 -1.003474819e+02 -1.3401e-01 +7.1006e-02 -5.3426e-01 +2.3015e-01 -1.2443e+00 -1.4713e+00 -4.0948e-02 -1.3317e+00 -1.7082e+00 -2.3304e-02
19684 0 +1.829506419e+00 -1.007204936e+02 -1.007204936e+02 -1.9856e-01 +6.1336e-02 -3.5661e-01 +2.9338e-01 -1.1502e+00 -1.7244e+00 -2.6510e-01 -5.7948e-01 -2.0085e+00 -6.1600e-02
20279 0 +1.291162796e+00 -1.012588372e+02 -1.012588372e+02 -1.9759e-01 +3.8978e-02 -6.5329e-01 +2.4171e-01 -1.3739e+00 -1.9515e+00 -2.7788e-01 -1.0514e+00 -1.5322e+00 -4.5740e-02
40051 0 +1.291162796e+00 -1.012588372e+02 -1.012588372e+02 -1.9759e-01 +3.8978e-02 -6.5329e-01 +2.4171e-01 -1.3739e+00 -1.9515e+00 -2.7788e-01 -1.0514e+00 -1.5322e+00 -4.5740e-02
% f evaluations | g evaluations | best noise-free fitness - Fopt (7.169000000000e+01) + sum g_i+ | measured fitness | best measured fitness or single-digit g-values | x1 | x2...
1 0 +3.782509420e+01 +1.095150942e+02 +1.095150942e+02 -1.4910e+00 +2.1215e+00 +3.8011e+00 -3.1186e+00 -2.3532e+00 +1.9254e+00 -2.7915e+00 +1.9355e+00 +7.4475e-01 +4.9317e+00
2 0 +2.200122137e+01 +9.369122137e+01 +9.369122137e+01 -5.3714e-01 +2.6782e+00 -3.3003e+00 +1.5088e+00 -2.4249e-01 +1.4508e+00 +3.6487e-01 +3.9518e+00 +1.4704e+00 +3.0483e+00
5 0 +2.036520287e+01 +9.205520287e+01 +9.205520287e+01 +4.1090e+00 +1.6217e+00 +1.5516e+00 -3.5301e+00 -2.1962e+00 -2.1475e+00 -2.0639e+00 -1.2625e+00 +1.8715e+00 -1.8981e+00
25 0 +1.701285703e+01 +8.870285703e+01 +8.870285703e+01 -3.1055e-01 +6.5517e-01 +3.3225e+00 -4.0624e-02 -4.9690e-01 -2.4525e+00 +3.4913e+00 -2.9630e+00 -3.0518e-01 -2.5032e-01
31 0 +1.582674407e+01 +8.751674407e+01 +8.751674407e+01 -2.2790e-01 -1.3595e-02 +4.0396e+00 -2.4097e+00 -2.2693e+00 -1.1406e-01 +1.9695e-01 +4.9911e-01 -2.7989e+00 +2.6125e+00
59 0 +9.661604198e+00 +8.135160420e+01 +8.135160420e+01 -5.3034e-03 +1.8817e+00 -3.4294e+00 -2.8987e+00 +1.8411e+00 +3.0804e+00 +6.5105e-01 +2.2520e+00 -7.1722e-01 +2.8794e-01
129 0 +8.703383619e+00 +8.039338362e+01 +8.039338362e+01 +8.4351e-01 +6.7075e-02 -1.2170e+00 -1.1409e+00 -4.1038e-01 +5.0000e+00 +3.5880e-01 +5.6937e-01 -8.3895e-01 +3.3193e-01
145 0 +8.459789086e+00 +8.014978909e+01 +8.014978909e+01 +5.6142e-01 +9.1707e-01 +9.6703e-01 -2.9226e+00 -6.8261e-01 +1.0492e+00 -2.2284e-01 +2.4411e-01 -1.6049e+00 -1.2121e+00
159 0 +8.229459602e+00 +7.991945960e+01 +7.991945960e+01 +8.2327e-01 +1.2334e+00 -2.3618e+00 -2.1223e+00 +1.3362e+00 +2.1666e+00 -9.4262e-01 +5.5198e-01 -1.2084e+00 +8.2589e-02
202 0 +7.529109711e+00 +7.921910971e+01 +7.921910971e+01 +2.4685e+00 +8.7527e-01 +3.3358e+00 -3.9819e-01 -7.3235e-01 +1.1668e+00 -5.8827e-02 +6.1759e-01 -1.4515e+00 +2.2378e-01
244 0 +6.755188936e+00 +7.844518894e+01 +7.844518894e+01 +8.2081e-01 +1.0038e+00 +1.8030e+00 -1.6372e+00 -1.5495e-01 +4.1134e-01 -2.1673e-01 +2.2650e-01 -1.3565e+00 -1.6511e-02
248 0 +6.209505131e+00 +7.789950513e+01 +7.789950513e+01 +3.2622e-01 +4.1337e-01 -1.0161e+00 -1.9197e+00 +3.6566e-01 +2.5998e+00 -1.9126e+00 +8.3660e-01 +1.3937e-01 -2.2846e+00
277 0 +4.298260104e+00 +7.598826010e+01 +7.598826010e+01 +1.0422e+00 +9.3601e-01 -9.6892e-01 +3.5844e-01 +1.6956e+00 -1.0683e+00 -2.4439e+00 +2.7790e-02 +2.4178e-01 -8.7849e-01
1277 0 +4.119005281e+00 +7.580900528e+01 +7.580900528e+01 +2.2785e-01 +1.0121e+00 +2.2505e-02 -7.6939e-01 +1.1361e+00 -8.2221e-01 -1.8177e+00 +4.2531e-02 -2.4845e-01 -1.0643e+00
1747 0 +3.999192812e+00 +7.568919281e+01 +7.568919281e+01 +6.5191e-01 +5.9370e-01 -3.0852e-02 -1.4801e+00 +4.3214e-01 -1.9949e+00 -1.5170e+00 -3.2204e-01 -5.0852e-01 -6.6676e-01
4312 0 +2.488819601e+00 +7.417881960e+01 +7.417881960e+01 +1.2941e-01 -1.1048e+00 +8.0556e-02 -1.8621e+00 +2.5846e-01 -1.4085e+00 -1.0442e+00 +3.6222e-01 -3.5750e-01 -9.9361e-02
7467 0 +2.127970971e+00 +7.381797097e+01 +7.381797097e+01 +6.5278e-01 +1.0254e+00 +1.4933e-02 -1.3172e+00 +4.7396e-01 -2.3889e+00 -1.0411e+00 +2.2306e-01 -5.3249e-01 +1.1084e-01
22244 0 +1.992392642e+00 +7.368239264e+01 +7.368239264e+01 +3.5100e-01 +1.8962e-02 -3.0787e-02 -1.6856e+00 +3.5126e-01 -7.2247e-01 -8.1906e-01 +3.1466e-01 -5.0101e-01 -5.1015e-02
31821 0 +1.713453616e+00 +7.340345362e+01 +7.340345362e+01 +4.5079e-01 +1.8688e-01 +1.2046e-02 -1.5665e+00 +4.7624e-01 -1.1157e+00 -8.5394e-01 +2.5219e-01 -5.1275e-01 +2.6574e-02
40051 0 +1.713453616e+00 +7.340345362e+01 +7.340345362e+01 +4.5079e-01 +1.8688e-01 +1.2046e-02 -1.5665e+00 +4.7624e-01 -1.1157e+00 -8.5394e-01 +2.5219e-01 -5.1275e-01 +2.6574e-02
% f evaluations | g evaluations | best noise-free fitness - Fopt (2.140100000000e+02) + sum g_i+ | measured fitness | best measured fitness or single-digit g-values | x1 | x2...
1 0 +2.817531684e+01 +2.421853168e+02 +2.421853168e+02 -3.6614e-01 -2.3158e+00 +6.5350e-01 +3.4883e+00 +1.0019e+00 +4.8055e+00 +2.7074e+00 +6.4207e-01 +1.4363e+00 +2.8531e+00
5 0 +2.122022555e+01 +2.352302256e+02 +2.352302256e+02 +1.4058e+00 +1.6475e+00 +2.4184e+00 +4.8724e-01 -3.2364e+00 +1.7909e-01 -3.8579e+00 +3.3140e+00 -2.0622e+00 -3.7088e+00
57 0 +1.854554735e+01 +2.325555473e+02 +2.325555473e+02 +1.5241e+00 +1.5788e+00 +2.9176e+00 -5.1982e-01 -5.4680e-02 +3.9518e+00 -2.1695e+00 -2.0943e-01 -5.0000e+00 +2.9922e-01
67 0 +1.639233362e+01 +2.304023336e+02 +2.304023336e+02 -4.6109e-01 -1.1497e+00 +4.0741e+00 +4.7230e-02 -3.6023e+00 +2.2013e+00 -2.5820e+00 +4.3699e-01 -1.8467e+00 +2.0775e+00
70 0 +1.208399111e+01 +2.260939911e+02 +2.260939911e+02 +2.9655e+00 +1.5513e-01 +3.0028e+00 -1.5043e-01 +1.4091e+00 +1.9978e+00 -1.1375e-01 -5.9296e-01 +2.9414e-01 -4.0981e+00
112 0 +1.179191386e+01 +2.258019139e+02 +2.258019139e+02 -4.3027e-01 +1.0728e+00 +2.6091e+00 +1.2750e+00 +8.4061e-01 -1.9640e+00 +1.1813e+00 -6.2931e-01 -6.8151e-01 +1.6655e+00
154 0 +1.138789021e+01 +2.253978902e+02 +2.253978902e+02 +9.7509e-01 +1.9550e+00 +3.7795e+00 +3.8312e-01 -8.0681e-01 +1.1207e+00 +3.7824e-01 +1.7638e+00 -1.0115e+00 -6.7560e-01
162 0 +1.036378957e+01 +2.243737896e+02 +2.243737896e+02 +1.7032e+00 +1.2219e+00 +2.1541e+00 -2.4506e+00 -4.4456e-03 -1.3707e+00 +5.8458e-02 -4.2737e-02 +3.0423e-01 -1.5326e+00
171 0 +9.060729892e+00 +2.230707299e+02 +2.230707299e+02 +1.2974e-01 +2.0909e-01 +2.5105e+00 +1.3170e+00 +1.4282e+00 +1.5618e+00 +1.1098e-02 -1.5164e-01 -9.6076e-02 +3.6118e-01
219 0 +8.104820115e+00 +2.221148201e+02 +2.221148201e+02 +1.4632e-01 -2.3763e-01 +1.3643e+00 +1.7303e+00 -5.9930e-01 +2.6257e+00 -3.2303e-01 +7.4962e-01 -3.9971e-01 -7.1734e-01
224 0 +7.911070430e+00 +2.219210704e+02 +2.219210704e+02 -1.7668e+00 +3.3239e-01 +1.4881e+00 +9.2427e-01 +4.2946e-01 +2.2790e+00 +3.6182e-01 -1.3470e+00 -3.4323e-02 -9.8907e-02
354 0 +4.896477854e+00 +2.189064779e+02 +2.189064779e+02 -1.0769e+00 +8.7618e-01 +1.7208e+00 +2.6084e-01 -2.9423e-02 +1.3355e+00 +2.3387e-01 -5.6928e-01 +2.0801e-01 -2.1002e+00
456 0 +4.248182459e+00 +2.182581825e+02 +2.182581825e+02 +1.7979e+00 -8.5839e-01 +1.1166e+00 +1.1117e+00 +1.3207e-01 +1.7916e+00 +3.1451e-01 -1.1913e-01 -1.0432e+00 -5.7440e-01
800 0 +3.486873236e+00 +2.174968732e+02 +2.174968732e+02 -6.1350e-01 -1.3868e-01 +6.9954e-01 +8.5069e-01 -1.9095e-01 +1.0568e+00 +2.5355e-01 -8.5020e-01 -5.9192e-01 -2.1655e+00
2151 0 +3.403090848e+00 +2.174130908e+02 +2.174130908e+02 +8.9032e-01 -9.5104e-01 +2.0604e+00 +9.7994e-01 -8.6258e-02 +2.8084e+00 +1.6980e-01 +4.3092e-02 -6.6688e-01 -1.0649e+00
6828 0 +2.277562742e+00 +2.162875627e+02 +2.162875627e+02 +2.0714e-01 +3.2043e-01 -3.5912e-02 +9.3548e-01 -5.5233e-02 +1.3826e+00 +9.4639e-02 -9.4030e-01 -6.2645e-01 -2.7906e-01
29380 0 +1.838355824e+00 +2.158483558e+02 +2.158483558e+02 +2.0758e-01 -1.6707e-01 +1.1851e-01 +1.1716e+00 +7.0192e-02 +1.9712e+00 +1.2605e-01 -5.7442e-01 -5.1347e-01 -4.6590e-01
32908 0 +1.656259648e+00 +2.156662596e+02 +2.156662596e+02 +2.2205e-01 -2.1951e-02 +1.0453e-01 +1.0133e+00 +5.5752e-02 +1.5935e+00 +1.2772e-01 -6.7414e-01 -5.3379e-01 -3.9026e-01
40051 0 +1.656259648e+00 +2.156662596e+02 +2.156662596e+02 +2.2205e-01 -2.1951e-02 +1.0453e-01 +1.0133e+00 +5.5752e-02 +1.5935e+00 +1.2772e-01 -6.7414e-01 -5.3379e-01 -3.9026e-01
% f evaluations | g evaluations | best noise-free fitness - Fopt (-5.848000000000e+01) + sum g_i+ | measured fitness | best measured fitness or single-digit g-values | x1 | x2...
1 0 +4.610428488e+01 -1.237571512e+01 -1.237571512e+01 +2.9049e+00 -3.1691e+00 +1.1380e+00 +4.1533e+00 +2.2734e+00 +1.1742e+00 +2.5454e+00 +2.6798e-01 -3.9344e+00 +1.5368e+00
3 0 +4.359825584e+01 -1.488174416e+01 -1.488174416e+01 -4.2640e+00 -4.9608e+00 -2.6354e-01 +4.8648e-01 -3.0256e+00 -4.1329e+00 -2.7615e+00 +6.3099e-01 +2.3072e+00 -4.3433e-01
5 0 +2.928407282e+01 -2.919592718e+01 -2.919592718e+01 -2.4687e+00 +1.7997e+00 -1.1924e+00 +1.8699e+00 -2.2295e+00 +1.1194e+00 +3.0722e+00 -3.4517e+00 -8.8918e-01 -4.1723e+00
6 0 +2.364863929e+01 -3.483136071e+01 -3.483136071e+01 -2.1791e-01 +2.8009e+00 -3.9329e+00 +1.0459e+00 -3.4731e+00 -1.0410e+00 -7.5887e-01 -1.9682e+00 +6.4202e-01 -2.1677e+00
8 0 +1.673149604e+01 -4.174850396e+01 -4.174850396e+01 -1.5435e+00 +1.7853e+00 -9.7962e-01 -1.2620e+00 +1.5685e+00 -2.8765e+00 +1.0703e+00 -1.4036e-01 -1.1175e+00 +4.2636e+00
70 0 +1.506306932e+01 -4.341693068e+01 -4.341693068e+01 -4.4383e+00 +1.3808e-01 +9.7677e-01 -1.2533e+00 -8.8019e-01 +1.4658e-01 +3.6218e+00 +9.6753e-01 +1.2592e-02 +2.4056e+00
87 0 +1.313369839e+01 -4.534630161e+01 -4.534630161e+01 -1.1279e+00 +2.0521e+00 -2.8953e+00 -5.4717e-01 +1.0982e-01 -2.0897e+00 +7.9728e-01 +8.6432e-01 +4.6440e-01 +3.5972e+00
116 0 +1.150621388e+01 -4.697378612e+01 -4.697378612e+01 -8.7080e-01 +3.2064e+00 +8.9564e-02 +4.4172e-01 -3.1212e+00 -1.4589e+00 +1.6981e+00 -9.5222e-01 +2.2931e-01 +2.1078e+00
145 0 +9.393564645e+00 -4.908643535e+01 -4.908643535e+01 -2.1087e+00 +1.7316e+00 +5.9690e-01 -2.5763e-01 -2.3810e+00 -2.1579e+00 +9.6211e-01 +4.0000e-01 +8.9996e-01 +2.0708e+00
194 0 +9.021451596e+00 -4.945854840e+01 -4.945854840e+01 -2.4706e+00 +2.1664e+00 -1.3853e+00 -9.2681e-01 -2.1941e+00 +2.3473e-01 +1.2652e+00 -7.1124e-01 +6.3950e-01 +2.2058e+00
254 0 +6.614730106e+00 -5.186526989e+01 -5.186526989e+01 -1.2217e+00 +1.3106e+00 -1.5490e+00 -1.3707e-01 -1.2735e+00 -1.7191e+00 +2.2736e+00 -5.9061e-01 +2.6681e-01 +1.7810e+00
397 0 +3.200086679e+00 -5.527991332e+01 -5.527991332e+01 -3.3829e-01 +1.8267e+00 -1.1565e+00 +9.0758e-01 -6.4647e-01 -1.1039e+00 +1.8362e+00 +1.1878e+00 +3.8903e-01 +1.6159e+00
5282 0 +2.670841055e+00 -5.580915895e+01 -5.580915895e+01 -1.0438e+00 +1.1633e+00 -2.3025e-01 -9.5503e-01 -1.2609e-01 -1.0266e+00 +1.5156e+00 +4.6056e-02 +3.9736e-01 +1.7537e+00
18069 0 +2.595670172e+00 -5.588432983e+01 -5.588432983e+01 -5.4255e-01 +1.0668e+00 -3.8697e-01 -6.4744e-01 -4.3326e-03 -1.0822e+00 +1.3504e+00 +4.1815e-01 +2.7007e-01 +1.5803e+00
19912 0 +1.939489078e+00 -5.654051092e+01 -5.654051092e+01 -1.2573e+00 -3.1590e-01 +1.1609e-01 -1.8933e-01 +1.0439e-02 -9.3643e-01 +1.5723e+00 +4.9425e-01 +3.5646e-01 +1.5869e+00
40051 0 +1.939489078e+00 -5.654051092e+01 -5.654051092e+01 -1.2573e+00 -3.1590e-01 +1.1609e-01 -1.8933e-01 +1.0439e-02 -9.3643e-01 +1.5723e+00 +4.9425e-01 +3.5646e-01 +1.5869e+00
% f evaluations | g evaluations | best noise-free fitness - Fopt (-6.130800000000e+02) + sum g_i+ | measured fitness | best measured fitness or single-digit g-values | x1 | x2...
1 0 +1.201512656e+02 -4.929287344e+02 -4.929287344e+02 -4.7972e+00 -4.9860e+00 -4.2029e+00 -2.4941e+00 -4.7736e+00 -1.2279e+00 -1.9442e+00 +2.8079e-01 -3.7122e+00 -4.2850e+00
2 0 +5.256362435e+01 -5.605163756e+02 -5.605163756e+02 -3.6856e-01 +2.0908e+00 +7.9849e-01 -2.3339e+00 +3.9218e+00 -3.1558e+00 -3.4314e+00 -4.0715e+00 -2.4069e+00 -1.9328e-02
3 0 +3.712369990e+01 -5.759563001e+02 -5.759563001e+02 -2.6078e+00 +1.0877e+00 +2.6939e+00 +6.6113e-01 +4.4828e+00 -9.0212e-01 +3.4633e+00 +3.8454e-03 -2.3294e+00 -3.2040e+00
23 0 +3.123279841e+01 -5.818472016e+02 -5.818472016e+02 +3.1274e+00 -4.7989e+00 +2.0751e+00 +2.5636e+00 -1.3984e+00 -2.6078e+00 -7.0113e-01 +1.2657e+00 -1.8292e-01 +1.4823e+00
32 0 +1.484642858e+01 -5.982335714e+02 -5.982335714e+02 +1.3180e+00 -7.7811e-01 -1.1587e+00 +5.8777e-01 +2.3030e+00 -1.7085e+00 +1.1906e+00 -5.6452e-01 -2.9121e+00 +1.4011e+00
77 0 +1.171088116e+01 -6.013691188e+02 -6.013691188e+02 +5.2819e-01 +2.0694e+00 -1.0632e+00 -9.3779e-02 +2.1683e+00 -4.3789e-01 -1.9820e+00 +5.0938e-01 -2.0765e+00 -2.9890e+00
110 0 +8.926866199e+00 -6.041531338e+02 -6.041531338e+02 +5.5940e-01 +4.5590e-01 -6.0186e-01 +2.1098e+00 +1.1275e-01 +1.5028e+00 +7.8299e-01 +8.3675e-02 -2.3224e+00 +1.1521e+00
134 0 +7.730016399e+00 -6.053499836e+02 -6.053499836e+02 -2.2662e+00 -6.0323e-01 +1.2003e+00 +3.8961e-01 +5.8272e-01 +4.6857e+00 +2.2981e+00 -3.7410e-02 -7.1803e-01 +6.7096e-01
159 0 +7.432727619e+00 -6.056472724e+02 -6.056472724e+02 +1.1568e+00 +1.9121e-01 -1.4921e-01 -6.7363e-01 +1.5353e+00 +3.8800e+00 +8.9920e-01 -1.4761e-01 -2.2873e+00 -1.0926e+00
220 0 +6.022900716e+00 -6.070570993e+02 -6.070570993e+02 -1.5296e+00 -3.8201e-01 +2.6040e+00 -1.5537e+00 -1.4981e-01 -2.6693e-01 +2.2281e+00 +5.3570e-01 +7.7296e-01 -1.0074e+00
330 0 +5.568945437e+00 -6.075110546e+02 -6.075110546e+02 -1.7631e+00 +2.0517e-01 +5.8465e-01 -1.8360e+00 -3.0218e-01 +1.3089e+00 +6.1156e-01 +2.8742e-01 -1.6234e+00 -1.1140e+00
430 0 +3.846746602e+00 -6.092332534e+02 -6.092332534e+02 -1.5236e+00 +2.0511e-02 +5.1081e-01 -5.3932e-01 +3.6912e-01 +1.3439e+00 -2.6008e-01 +4.2281e-01 -1.6072e+00 -8.3969e-01
511 0 +3.477339895e+00 -6.096026601e+02 -6.096026601e+02 -1.4084e+00 +3.1483e-01 +1.4179e+00 -4.6293e-01 +4.0475e-01 -5.7567e-02 +1.2961e+00 +4.9118e-01 -1.1657e+00 +7.2227e-01
643 0 +2.320598607e+00 -6.107594014e+02 -6.107594014e+02 -1.3740e+00 +3.8640e-01 +1.3383e+00 +1.8186e-01 +4.5643e-01 +1.6536e+00 -6.4037e-02 +2.2776e-01 -1.6184e+00 +9.4123e-01
7340 0 +2.100832070e+00 -6.109791679e+02 -6.109791679e+02 -1.8525e+00 -4.3320e-02 +6.5953e-01 +2.3832e-01 +6.9724e-01 -7.2433e-01 +1.2365e+00 +2.3779e-01 -4.3768e-01 +8.1321e-01
19463 0 +1.814402439e+00 -6.112655976e+02 -6.112655976e+02 -1.5583e+00 -1.9850e-01 +1.7539e+00 +1.5957e-01 +5.0642e-01 +3.6023e-01 +8.5905e-01 +2.0086e-01 -5.6343e-01 +5.9294e-01
24620 0 +1.660825226e+00 -6.114191748e+02 -6.114191748e+02 -9.7120e-01 -1.6994e-02 +1.5846e+00 +2.7231e-01 +5.4063e-01 -2.5629e-01 +1.2095e+00 +2.4310e-01 -7.1617e-01 +7.5761e-01
25327 0 +9.668699966e-01 -6.121131300e+02 -6.121131300e+02 -1.5672e+00 -7.3543e-02 +1.3222e+00 +1.5176e-01 +5.2179e-01 -1.8427e-01 +1.1765e+00 +1.7899e-01 -7.3404e-01 +5.1002e-01
40051 0 +9.668699966e-01 -6.121131300e+02 -6.121131300e+02 -1.5672e+00 -7.3543e-02 +1.3222e+00 +1.5176e-01 +5.2179e-01 -1.8427e-01 +1.1765e+00 +1.7899e-01 -7.3404e-01 +5.1002e-01
