% f evaluations | g evaluations | best noise-free fitness - Fopt (1.000000000000e+03) + sum g_i+ | measured fitness | best measured fitness or single-digit g-values | x1 | x2...
1 0 +4.012543409e+02 +1.401254341e+03 +1.401254341e+03 +2.9654e+00 -3.1657e+00 +2.7969e+00
4 0 +3.819569163e+02 +1.381956916e+03 +1.381956916e+03 +1.5089e+00 -4.4359e+00 +2.2200e+00
7 0 +1.732608797e+02 +1.173260880e+03 +1.173260880e+03 -4.7694e+00 +2.4775e-01 -1.0014e+00
18 0 +9.695503713e+01 +1.096955037e+03 +1.096955037e+03 -5.0246e-01 -1.0485e+00 +4.2666e+00
55 0 +6.222463768e+01 +1.062224638e+03 +1.062224638e+03 -1.0118e+00 +3.1643e+00 +2.9835e+00
67 0 +5.597578908e+01 +1.055975789e+03 +1.055975789e+03 -9.5492e-01 +3.8777e+00 +3.5093e+00
86 0 +3.176025800e+01 +1.031760258e+03 +1.031760258e+03 -1.0531e+00 +3.4421e+00 +4.3002e+00
176 0 +2.566844676e+01 +1.025668447e+03 +1.025668447e+03 -1.1637e+00 +3.4421e+00 +4.3002e+00
386 0 +2.084510362e+01 +1.020845104e+03 +1.020845104e+03 -4.4920e+00 +2.7966e+00 +2.2173e+00
864 0 +1.884584414e+01 +1.018845844e+03 +1.018845844e+03 -1.1637e+00 +3.1852e+00 +4.3002e+00
897 0 +1.368711169e+01 +1.013687112e+03 +1.013687112e+03 -4.5439e+00 +2.7966e+00 +2.2173e+00
982 0 +1.296804532e+01 +1.012968045e+03 +1.012968045e+03 -3.6380e+00 +3.4814e+00 +3.2608e+00
987 0 +1.269612888e+01 +1.012696129e+03 +1.012696129e+03 -3.0377e+00 +1.6562e+00 +4.0742e+00
1011 0 +8.180515526e+00 +1.008180516e+03 +1.008180516e+03 -2.7864e+00 +3.5099e+00 +3.5489e+00
1253 0 +1.983318128e+00 +1.001983318e+03 +1.001983318e+03 -2.7864e+00 +3.5099e+00 +3.6049e+00
3148 0 +9.737077278e-01 +1.000973708e+03 +1.000973708e+03 -3.0647e+00 +2.9705e+00 +3.6555e+00
3485 0 +6.478227662e-01 +1.000647823e+03 +1.000647823e+03 -3.0647e+00 +2.9860e+00 +3.6555e+00
4285 0 +3.052280698e-01 +1.000305228e+03 +1.000305228e+03 -3.0319e+00 +2.9860e+00 +3.6555e+00
5980 0 +2.635013470e-01 +1.000263501e+03 +1.000263501e+03 -3.0339e+00 +2.9860e+00 +3.6555e+00
7867 0 +2.506834475e-01 +1.000250683e+03 +1.000250683e+03 -3.0496e+00 +2.9860e+00 +3.6555e+00
7989 0 +2.354815725e-01 +1.000235482e+03 +1.000235482e+03 -3.0488e+00 +2.9860e+00 +3.6555e+00
8064 0 +1.901519236e-01 +1.000190152e+03 +1.000190152e+03 -3.0490e+00 +2.9872e+00 +3.6542e+00
8928 0 +1.843917436e-01 +1.000184392e+03 +1.000184392e+03 -3.0490e+00 +2.9874e+00 +3.6541e+00
8998 0 +1.747707871e-01 +1.000174771e+03 +1.000174771e+03 -3.0491e+00 +3.0154e+00 +3.6497e+00
9038 0 +1.638819803e-01 +1.000163882e+03 +1.000163882e+03 -3.0491e+00 +3.0124e+00 +3.6348e+00
9068 0 +1.214098164e-01 +1.000121410e+03 +1.000121410e+03 -3.0694e+00 +3.0124e+00 +3.6348e+00
9118 0 +8.616005354e-02 +1.000086160e+03 +1.000086160e+03 -3.0694e+00 +3.0124e+00 +3.6294e+00
9191 0 +5.042303740e-02 +1.000050423e+03 +1.000050423e+03 -3.0694e+00 +3.0050e+00 +3.6294e+00
9388 0 +4.138370548e-02 +1.000041384e+03 +1.000041384e+03 -3.0661e+00 +3.0053e+00 +3.6296e+00
9444 0 +3.579737578e-02 +1.000035797e+03 +1.000035797e+03 -3.0661e+00 +3.0053e+00 +3.6308e+00
9461 0 +2.757198664e-02 +1.000027572e+03 +1.000027572e+03 -3.0631e+00 +3.0078e+00 +3.6347e+00
9469 0 +1.061762344e-02 +1.000010618e+03 +1.000010618e+03 -3.0627e+00 +3.0025e+00 +3.6352e+00
9472 0 +9.559622572e-03 +1.000009560e+03 +1.000009560e+03 -3.0551e+00 +2.9976e+00 +3.6409e+00
9488 0 +5.374763947e-03 +1.000005375e+03 +1.000005375e+03 -3.0551e+00 +2.9991e+00 +3.6417e+00
9509 0 +2.363570562e-03 +1.000002364e+03 +1.000002364e+03 -3.0581e+00 +3.0025e+00 +3.6393e+00
9594 0 +2.230015332e-03 +1.000002230e+03 +1.000002230e+03 -3.0590e+00 +3.0011e+00 +3.6380e+00
9600 0 +1.696246152e-03 +1.000001696e+03 +1.000001696e+03 -3.0553e+00 +3.0013e+00 +3.6393e+00
9605 0 +1.540788619e-03 +1.000001541e+03 +1.000001541e+03 -3.0571e+00 +3.0025e+00 +3.6398e+00
9607 0 +1.489169401e-03 +1.000001489e+03 +1.000001489e+03 -3.0572e+00 +3.0004e+00 +3.6398e+00
9608 0 +5.686555284e-04 +1.000000569e+03 +1.000000569e+03 -3.0565e+00 +3.0025e+00 +3.6393e+00
9616 0 +2.767628592e-04 +1.000000277e+03 +1.000000277e+03 -3.0565e+00 +3.0022e+00 +3.6393e+00
9664 0 +2.264854239e-04 +1.000000226e+03 +1.000000226e+03 -3.0565e+00 +3.0022e+00 +3.6393e+00
9671 0 +2.198621991e-04 +1.000000220e+03 +1.000000220e+03 -3.0568e+00 +3.0011e+00 +3.6395e+00
9694 0 +1.488779950e-04 +1.000000149e+03 +1.000000149e+03 -3.0568e+00 +3.0011e+00 +3.6393e+00
9704 0 +4.631597051e-05 +1.000000046e+03 +1.000000046e+03 -3.0565e+00 +3.0015e+00 +3.6393e+00
9759 0 +2.585561822e-05 +1.000000026e+03 +1.000000026e+03 -3.0570e+00 +3.0017e+00 +3.6391e+00
9785 0 +1.007038395e-05 +1.000000010e+03 +1.000000010e+03 -3.0568e+00 +3.0016e+00 +3.6393e+00
9798 0 +8.683459328e-06 +1.000000009e+03 +1.000000009e+03 -3.0568e+00 +3.0017e+00 +3.6392e+00
9799 0 +3.489467190e-06 +1.000000003e+03 +1.000000003e+03 -3.0568e+00 +3.0016e+00 +3.6392e+00
9812 0 +2.077590921e-06 +1.000000002e+03 +1.000000002e+03 -3.0568e+00 +3.0016e+00 +3.6392e+00
9819 0 +1.596830202e-06 +1.000000002e+03 +1.000000002e+03 -3.0568e+00 +3.0016e+00 +3.6392e+00
9876 0 +1.532983561e-06 +1.000000002e+03 +1.000000002e+03 -3.0568e+00 +3.0016e+00 +3.6392e+00
9917 0 +1.392606350e-06 +1.000000001e+03 +1.000000001e+03 -3.0568e+00 +3.0016e+00 +3.6392e+00
9919 0 +5.756993460e-07 +1.000000001e+03 +1.000000001e+03 -3.0568e+00 +3.0016e+00 +3.6392e+00
9961 0 +5.689739737e-07 +1.000000001e+03 +1.000000001e+03 -3.0568e+00 +3.0016e+00 +3.6392e+00
9973 0 +2.730282631e-07 +1.000000000e+03 +1.000000000e+03 -3.0568e+00 +3.0016e+00 +3.6392e+00
9980 0 +1.333436330e-07 +1.000000000e+03 +1.000000000e+03 -3.0568e+00 +3.0016e+00 +3.6392e+00
9997 0 +1.167992423e-07 +1.000000000e+03 +1.000000000e+03 -3.0568e+00 +3.0016e+00 +3.6392e+00
9998 0 +6.424806998e-08 +1.000000000e+03 +1.000000000e+03 -3.0568e+00 +3.0016e+00 +3.6392e+00
10026 0 +3.422258033e-08 +1.000000000e+03 +1.000000000e+03 -3.0568e+00 +3.0016e+00 +3.6392e+00
10047 0 +2.543129085e-08 +1.000000000e+03 +1.000000000e+03 -3.0568e+00 +3.0016e+00 +3.6392e+00
10053 0 +1.590251486e-08 +1.000000000e+03 +1.000000000e+03 -3.0568e+00 +3.0016e+00 +3.6392e+00
10072 0 +7.228095456e-09 +1.000000000e+03 +1.000000000e+03 -3.0568e+00 +3.0016e+00 +3.6392e+00
10404 0 +2.273736754e-13 +1.000000000e+03 +1.000000000e+03 -3.0568e+00 +3.0016e+00 +3.6392e+00
10524 0 +0.000000000e+00 +1.000000000e+03 +1.000000000e+03 -3.0568e+00 +3.0016e+00 +3.6392e+00
12002 0 +0.000000000e+00 +1.000000000e+03 +1.000000000e+03 -3.0568e+00 +3.0016e+00 +3.6392e+00
% f evaluations | g evaluations | best noise-free fitness - Fopt (7.003000000000e+01) + sum g_i+ | measured fitness | best measured fitness or single-digit g-values | x1 | x2...
1 0 +2.291928854e+02 +2.992228854e+02 +2.992228854e+02 +2.9654e+00 -3.1657e+00 +2.7969e+00
2 0 +4.788383773e+01 +1.179138377e+02 +1.179138377e+02 +9.6850e-01 -5.4167e-01 -4.0003e+00
3 0 +2.598300292e+01 +9.601300292e+01 +9.601300292e+01 -4.0751e-01 -1.6629e+00 -3.5713e+00
113 0 +1.554631793e+01 +8.557631793e+01 +8.557631793e+01 -2.0373e+00 -3.3473e+00 -4.0259e+00
528 0 +1.311855582e+01 +8.314855582e+01 +8.314855582e+01 -1.4135e+00 -2.2266e+00 -3.8077e+00
638 0 +1.058811462e+01 +8.061811462e+01 +8.061811462e+01 -2.0373e+00 -3.3473e+00 -4.1160e+00
1111 0 +9.367986036e+00 +7.939798604e+01 +7.939798604e+01 -1.4135e+00 -2.2612e+00 -3.8077e+00
1134 0 +8.237694860e+00 +7.826769486e+01 +7.826769486e+01 -9.0471e-02 -1.5593e+00 -2.4917e+00
1605 0 +7.327794270e+00 +7.735779427e+01 +7.735779427e+01 +5.2467e-01 -1.2045e+00 -3.3587e+00
1896 0 +6.939579638e+00 +7.696957964e+01 +7.696957964e+01 -9.0471e-02 -1.5593e+00 -2.5849e+00
2018 0 +6.042179376e+00 +7.607217938e+01 +7.607217938e+01 -1.4135e+00 -2.2612e+00 -3.7550e+00
2151 0 +5.370852045e+00 +7.540085204e+01 +7.540085204e+01 -9.9220e-02 -1.3894e+00 -3.5041e+00
2396 0 +4.714784420e+00 +7.474478442e+01 +7.474478442e+01 -1.1516e+00 -2.5587e+00 -3.3171e+00
2926 0 +4.677158799e+00 +7.470715880e+01 +7.470715880e+01 -7.0777e-01 -1.9808e+00 -3.4433e+00
3105 0 +3.038902558e+00 +7.306890256e+01 +7.306890256e+01 -6.9187e-01 -1.9808e+00 -3.4433e+00
3821 0 +2.988155664e+00 +7.301815566e+01 +7.301815566e+01 -9.9220e-02 -1.3528e+00 -3.5092e+00
4031 0 +2.198873291e+00 +7.222887329e+01 +7.222887329e+01 -6.6372e-01 -2.0177e+00 -3.4943e+00
5063 0 +1.843621078e+00 +7.187362108e+01 +7.187362108e+01 -6.6372e-01 -2.0009e+00 -3.4954e+00
5742 0 +1.596226554e+00 +7.162622655e+01 +7.162622655e+01 -6.5400e-01 -1.9808e+00 -3.4986e+00
6415 0 +1.302083369e+00 +7.133208337e+01 +7.133208337e+01 -6.0933e-01 -2.6107e+00 -3.6366e+00
6757 0 +1.269759333e+00 +7.129975933e+01 +7.129975933e+01 -6.1382e-01 -2.6107e+00 -3.6366e+00
7752 0 +1.012309774e+00 +7.104230977e+01 +7.104230977e+01 -8.3736e-01 -2.4995e+00 -4.0122e+00
7864 0 +7.056718164e-01 +7.073567182e+01 +7.073567182e+01 -8.7509e-01 -2.4995e+00 -4.0122e+00
7896 0 +5.551225207e-01 +7.058512252e+01 +7.058512252e+01 -8.7509e-01 -2.5224e+00 -4.0122e+00
8323 0 +4.334858533e-01 +7.046348585e+01 +7.046348585e+01 -8.7509e-01 -2.5224e+00 -4.0069e+00
8336 0 +4.094578149e-01 +7.043945781e+01 +7.043945781e+01 -8.7137e-01 -2.5224e+00 -4.0069e+00
8545 0 +2.532162832e-01 +7.028321628e+01 +7.028321628e+01 -8.3408e-01 -2.4903e+00 -3.9758e+00
8965 0 +1.454392903e-01 +7.017543929e+01 +7.017543929e+01 -8.3408e-01 -2.4784e+00 -3.9758e+00
8975 0 +1.356232734e-01 +7.016562327e+01 +7.016562327e+01 -8.3486e-01 -2.4784e+00 -3.9758e+00
8985 0 +1.175337106e-01 +7.014753371e+01 +7.014753371e+01 -8.4511e-01 -2.4784e+00 -3.9758e+00
9065 0 +4.949424487e-02 +7.007949424e+01 +7.007949424e+01 -8.4511e-01 -2.4966e+00 -3.9758e+00
9075 0 +3.509709498e-02 +7.006509709e+01 +7.006509709e+01 -8.4764e-01 -2.4966e+00 -3.9758e+00
9196 0 +3.460136864e-02 +7.006460137e+01 +7.006460137e+01 -8.5197e-01 -2.4966e+00 -3.9758e+00
9259 0 +6.557064256e-03 +7.003655706e+01 +7.003655706e+01 -8.5197e-01 -2.4966e+00 -3.9803e+00
9409 0 +5.876066549e-03 +7.003587607e+01 +7.003587607e+01 -8.5197e-01 -2.4966e+00 -3.9808e+00
9465 0 +2.572052030e-03 +7.003257205e+01 +7.003257205e+01 -8.5124e-01 -2.4966e+00 -3.9807e+00
9524 0 +4.966587915e-04 +7.003049666e+01 +7.003049666e+01 -8.4963e-01 -2.4954e+00 -3.9817e+00
9540 0 +4.712824247e-04 +7.003047128e+01 +7.003047128e+01 -8.4963e-01 -2.4954e+00 -3.9818e+00
9612 0 +3.070041514e-04 +7.003030700e+01 +7.003030700e+01 -8.5006e-01 -2.4961e+00 -3.9820e+00
9665 0 +2.797970787e-04 +7.003027980e+01 +7.003027980e+01 -8.5112e-01 -2.4966e+00 -3.9826e+00
9705 0 +2.468498946e-04 +7.003024685e+01 +7.003024685e+01 -8.5006e-01 -2.4961e+00 -3.9822e+00
9726 0 +2.228575066e-04 +7.003022286e+01 +7.003022286e+01 -8.5006e-01 -2.4961e+00 -3.9823e+00
9775 0 +2.151975042e-04 +7.003021520e+01 +7.003021520e+01 -8.5006e-01 -2.4961e+00 -3.9825e+00
9779 0 +1.302363338e-04 +7.003013024e+01 +7.003013024e+01 -8.5082e-01 -2.4966e+00 -3.9826e+00
9786 0 +1.018652586e-04 +7.003010187e+01 +7.003010187e+01 -8.5082e-01 -2.4965e+00 -3.9826e+00
9828 0 +9.603502582e-05 +7.003009604e+01 +7.003009604e+01 -8.5082e-01 -2.4964e+00 -3.9826e+00
9849 0 +5.081956169e-05 +7.003005082e+01 +7.003005082e+01 -8.5068e-01 -2.4963e+00 -3.9826e+00
9905 0 +4.780041212e-05 +7.003004780e+01 +7.003004780e+01 -8.5051e-01 -2.4963e+00 -3.9826e+00
9915 0 +2.441933731e-06 +7.003000244e+01 +7.003000244e+01 -8.5040e-01 -2.4959e+00 -3.9824e+00
9964 0 +2.281377604e-06 +7.003000228e+01 +7.003000228e+01 -8.5040e-01 -2.4959e+00 -3.9824e+00
9990 0 +2.081066626e-06 +7.003000208e+01 +7.003000208e+01 -8.5036e-01 -2.4959e+00 -3.9824e+00
9992 0 +5.841003059e-07 +7.003000058e+01 +7.003000058e+01 -8.5040e-01 -2.4960e+00 -3.9824e+00
9999 0 +5.078383936e-07 +7.003000051e+01 +7.003000051e+01 -8.5040e-01 -2.4960e+00 -3.9824e+00
10006 0 +4.280566941e-07 +7.003000043e+01 +7.003000043e+01 -8.5038e-01 -2.4960e+00 -3.9824e+00
10013 0 +3.815131606e-07 +7.003000038e+01 +7.003000038e+01 -8.5038e-01 -2.4960e+00 -3.9824e+00
10027 0 +3.503291737e-07 +7.003000035e+01 +7.003000035e+01 -8.5038e-01 -2.4960e+00 -3.9824e+00
10032 0 +2.470120961e-07 +7.003000025e+01 +7.003000025e+01 -8.5038e-01 -2.4960e+00 -3.9824e+00
10052 0 +1.661405520e-07 +7.003000017e+01 +7.003000017e+01 -8.5040e-01 -2.4960e+00 -3.9824e+00
10069 0 +1.103133229e-08 +7.003000001e+01 +7.003000001e+01 -8.5040e-01 -2.4960e+00 -3.9824e+00
10081 0 +7.554518788e-09 +7.003000001e+01 +7.003000001e+01 -8.5040e-01 -2.4960e+00 -3.9824e+00
10452 0 +3.552713679e-13 +7.003000000e+01 +7.003000000e+01 -8.5040e-01 -2.4960e+00 -3.9824e+00
10788 0 +0.000000000e+00 +7.003000000e+01 +7.003000000e+01 -8.5040e-01 -2.4960e+00 -3.9824e+00
12002 0 +0.000000000e+00 +7.003000000e+01 +7.003000000e+01 -8.5040e-01 -2.4960e+00 -3.9824e+00
% f evaluations | g evaluations | best noise-free fitness - Fopt (-4.822000000000e+01) + sum g_i+ | measured fitness | best measured fitness or single-digit g-values | x1 | x2...
1 0 +1.866327821e+03 +1.818107821e+03 +1.818107821e+03 +2.9654e+00 -3.1657e+00 +2.7969e+00
2 0 +6.546890458e+01 +1.724890458e+01 +1.724890458e+01 +9.6850e-01 -5.4167e-01 -4.0003e+00
3 0 +2.461566062e+01 -2.360433938e+01 -2.360433938e+01 -4.0751e-01 -1.6629e+00 -3.5713e+00
88 0 +2.420744241e+01 -2.401255759e+01 -2.401255759e+01 -1.4135e+00 -2.4584e+00 -2.0471e+00
120 0 +1.953585842e+01 -2.868414158e+01 -2.868414158e+01 -2.9293e+00 +6.1243e-01 -1.1707e+00
133 0 +8.101998159e+00 -4.011800184e+01 -4.011800184e+01 -6.5816e-01 -1.9522e+00 -3.3534e+00
823 0 +5.738307891e+00 -4.248169211e+01 -4.248169211e+01 -6.5816e-01 -1.8577e+00 -3.3534e+00
1271 0 +4.504562510e+00 -4.371543749e+01 -4.371543749e+01 -2.1110e+00 -1.6366e-01 -2.5641e+00
1873 0 +4.065364332e+00 -4.415463567e+01 -4.415463567e+01 -2.8166e+00 -9.8430e-01 -1.8071e+00
3095 0 +3.386138363e+00 -4.483386164e+01 -4.483386164e+01 -1.5235e+00 -5.9078e-01 -2.5589e+00
3211 0 +2.226976644e+00 -4.599302336e+01 -4.599302336e+01 -1.5235e+00 -6.1281e-01 -2.5589e+00
3859 0 +2.056125292e+00 -4.616387471e+01 -4.616387471e+01 -1.5235e+00 -6.5287e-01 -2.5589e+00
3910 0 +1.747909622e+00 -4.647209038e+01 -4.647209038e+01 -1.5235e+00 -6.2670e-01 -2.5589e+00
4153 0 +1.734891959e+00 -4.648510804e+01 -4.648510804e+01 -1.5235e+00 -6.2670e-01 -2.5594e+00
4292 0 +1.672775717e+00 -4.654722428e+01 -4.654722428e+01 -1.5235e+00 -6.3087e-01 -2.5594e+00
4383 0 +1.418846466e+00 -4.680115353e+01 -4.680115353e+01 -1.5235e+00 -6.3087e-01 -2.5727e+00
5658 0 +1.400357815e+00 -4.681964218e+01 -4.681964218e+01 -1.1983e+00 -1.4450e+00 -2.7693e+00
5669 0 +6.750088940e-01 -4.754499111e+01 -4.754499111e+01 -1.8572e+00 -1.0275e+00 -2.2345e+00
5918 0 +3.389479979e-01 -4.788105200e+01 -4.788105200e+01 -1.8463e+00 -1.0275e+00 -2.2345e+00
7420 0 +2.610277612e-01 -4.795897224e+01 -4.795897224e+01 -1.8369e+00 -1.0275e+00 -2.2345e+00
7510 0 +4.152288349e-02 -4.817847712e+01 -4.817847712e+01 -1.8369e+00 -1.0094e+00 -2.2345e+00
8495 0 +1.806582191e-02 -4.820193418e+01 -4.820193418e+01 -1.8396e+00 -1.0031e+00 -2.2371e+00
8762 0 +1.459778658e-02 -4.820540221e+01 -4.820540221e+01 -1.8396e+00 -1.0031e+00 -2.2387e+00
8978 0 +3.597158009e-03 -4.821640284e+01 -4.821640284e+01 -1.8427e+00 -1.0050e+00 -2.2345e+00
9088 0 +9.836944140e-04 -4.821901631e+01 -4.821901631e+01 -1.8427e+00 -1.0061e+00 -2.2345e+00
9118 0 +7.871220785e-04 -4.821921288e+01 -4.821921288e+01 -1.8427e+00 -1.0061e+00 -2.2349e+00
9159 0 +3.962169945e-04 -4.821960378e+01 -4.821960378e+01 -1.8422e+00 -1.0066e+00 -2.2359e+00
9312 0 +3.702238882e-04 -4.821962978e+01 -4.821962978e+01 -1.8422e+00 -1.0066e+00 -2.2359e+00
9330 0 +2.786713556e-04 -4.821972133e+01 -4.821972133e+01 -1.8422e+00 -1.0068e+00 -2.2359e+00
9400 0 +1.612782363e-04 -4.821983872e+01 -4.821983872e+01 -1.8422e+00 -1.0068e+00 -2.2357e+00
9452 0 +7.415626770e-05 -4.821992584e+01 -4.821992584e+01 -1.8423e+00 -1.0073e+00 -2.2350e+00
9460 0 +5.652883722e-05 -4.821994347e+01 -4.821994347e+01 -1.8423e+00 -1.0073e+00 -2.2350e+00
9516 0 +3.257681563e-05 -4.821996742e+01 -4.821996742e+01 -1.8423e+00 -1.0073e+00 -2.2351e+00
9531 0 +2.783276064e-05 -4.821997217e+01 -4.821997217e+01 -1.8426e+00 -1.0071e+00 -2.2350e+00
9555 0 +2.490770272e-05 -4.821997509e+01 -4.821997509e+01 -1.8426e+00 -1.0071e+00 -2.2350e+00
9556 0 +1.289345611e-05 -4.821998711e+01 -4.821998711e+01 -1.8425e+00 -1.0073e+00 -2.2351e+00
9604 0 +3.644099174e-06 -4.821999636e+01 -4.821999636e+01 -1.8424e+00 -1.0073e+00 -2.2352e+00
9636 0 +3.614379303e-06 -4.821999639e+01 -4.821999639e+01 -1.8424e+00 -1.0073e+00 -2.2352e+00
9644 0 +2.342550474e-06 -4.821999766e+01 -4.821999766e+01 -1.8423e+00 -1.0072e+00 -2.2353e+00
9716 0 +1.640623978e-06 -4.821999836e+01 -4.821999836e+01 -1.8424e+00 -1.0072e+00 -2.2351e+00
9726 0 +1.574714005e-06 -4.821999843e+01 -4.821999843e+01 -1.8423e+00 -1.0072e+00 -2.2353e+00
9751 0 +1.417099398e-07 -4.821999986e+01 -4.821999986e+01 -1.8424e+00 -1.0072e+00 -2.2352e+00
9772 0 +1.227517288e-07 -4.821999988e+01 -4.821999988e+01 -1.8424e+00 -1.0072e+00 -2.2352e+00
9855 0 +2.672323518e-08 -4.821999997e+01 -4.821999997e+01 -1.8424e+00 -1.0072e+00 -2.2352e+00
9881 0 +1.439389052e-08 -4.821999999e+01 -4.821999999e+01 -1.8424e+00 -1.0072e+00 -2.2352e+00
9915 0 +1.821128137e-09 -4.822000000e+01 -4.822000000e+01 -1.8424e+00 -1.0072e+00 -2.2352e+00
10241 0 +6.608047443e-13 -4.822000000e+01 -4.822000000e+01 -1.8424e+00 -1.0072e+00 -2.2352e+00
10522 0 +0.000000000e+00 -4.822000000e+01 -4.822000000e+01 -1.8424e+00 -1.0072e+00 -2.2352e+00
12002 0 +0.000000000e+00 -4.822000000e+01 -4.822000000e+01 -1.8424e+00 -1.0072e+00 -2.2352e+00
% f evaluations | g evaluations | best noise-free fitness - Fopt (2.547000000000e+01) + sum g_i+ | measured fitness | best measured fitness or single-digit g-values | x1 | x2...
1 0 +3.590383672e+02 +3.845083672e+02 +3.845083672e+02 +2.9654e+00 -3.1657e+00 +2.7969e+00
2 0 +3.379909298e+02 +3.634609298e+02 +3.634609298e+02 +9.6850e-01 -5.4167e-01 -4.0003e+00
3 0 +1.458981921e+02 +1.713681921e+02 +1.713681921e+02 -4.0751e-01 -1.6629e+00 -3.5713e+00
7 0 +5.279150867e+01 +7.826150867e+01 +7.826150867e+01 -4.7694e+00 +2.4775e-01 -1.0014e+00
15 0 +3.337529057e+01 +5.884529057e+01 +5.884529057e+01 -3.2664e+00 -1.0894e+00 -3.1776e+00
25 0 +2.597791543e+01 +5.144791543e+01 +5.144791543e+01 -4.8592e+00 -3.0116e+00 +2.1134e+00
301 0 +1.228763422e+01 +3.775763422e+01 +3.775763422e+01 -2.7190e+00 -3.4474e+00 -2.5725e-01
744 0 +9.705743482e+00 +3.517574348e+01 +3.517574348e+01 -3.0166e+00 -3.1021e+00 -9.6164e-01
1359 0 +6.261043258e+00 +3.173104326e+01 +3.173104326e+01 -3.6788e+00 -1.3837e+00 -1.8480e+00
1565 0 +3.521688620e+00 +2.899168862e+01 +2.899168862e+01 -4.5638e+00 -1.7895e+00 -6.7588e-01
2710 0 +2.865628591e+00 +2.833562859e+01 +2.833562859e+01 -3.9188e+00 -2.3925e+00 -4.7663e-01
2842 0 +2.087300106e+00 +2.755730011e+01 +2.755730011e+01 -3.6461e+00 -2.5583e+00 +2.1091e-02
2897 0 +1.900347000e+00 +2.737034700e+01 +2.737034700e+01 -3.8749e+00 -2.3925e+00 -4.7663e-01
3018 0 +1.508439621e+00 +2.697843962e+01 +2.697843962e+01 -3.8749e+00 -2.3787e+00 -4.7663e-01
3078 0 +1.436007850e+00 +2.690600785e+01 +2.690600785e+01 -3.8749e+00 -2.3651e+00 -4.7663e-01
3420 0 +1.410384443e+00 +2.688038444e+01 +2.688038444e+01 -3.8749e+00 -2.3651e+00 -4.9835e-01
3985 0 +1.337905863e+00 +2.680790586e+01 +2.680790586e+01 -3.6579e+00 -1.4547e+00 -1.7956e+00
4944 0 +7.664894147e-01 +2.623648941e+01 +2.623648941e+01 -3.7687e+00 -1.9452e+00 -1.1255e+00
5456 0 +6.499571286e-01 +2.611995713e+01 +2.611995713e+01 -3.7687e+00 -1.9337e+00 -1.1255e+00
5966 0 +4.962183871e-01 +2.596621839e+01 +2.596621839e+01 -3.7756e+00 -1.9337e+00 -1.1255e+00
7102 0 +4.437476182e-01 +2.591374762e+01 +2.591374762e+01 -3.7840e+00 -1.9337e+00 -1.1255e+00
7906 0 +3.946858638e-01 +2.586468586e+01 +2.586468586e+01 -3.7840e+00 -1.9186e+00 -1.1255e+00
7921 0 +8.916436708e-02 +2.555916437e+01 +2.555916437e+01 -3.7840e+00 -1.9186e+00 -1.1446e+00
8520 0 +2.993816702e-02 +2.549993817e+01 +2.549993817e+01 -3.7840e+00 -1.9186e+00 -1.1539e+00
9054 0 +6.541538200e-03 +2.547654154e+01 +2.547654154e+01 -3.7840e+00 -1.9137e+00 -1.1663e+00
9124 0 +3.533220620e-03 +2.547353322e+01 +2.547353322e+01 -3.7830e+00 -1.9137e+00 -1.1624e+00
9323 0 +7.806749433e-04 +2.547078067e+01 +2.547078067e+01 -3.7847e+00 -1.9111e+00 -1.1657e+00
9498 0 +7.673589058e-04 +2.547076736e+01 +2.547076736e+01 -3.7848e+00 -1.9111e+00 -1.1641e+00
9512 0 +7.145884503e-04 +2.547071459e+01 +2.547071459e+01 -3.7844e+00 -1.9116e+00 -1.1637e+00
9527 0 +3.313118670e-04 +2.547033131e+01 +2.547033131e+01 -3.7852e+00 -1.9114e+00 -1.1640e+00
9559 0 +2.015139270e-04 +2.547020151e+01 +2.547020151e+01 -3.7852e+00 -1.9116e+00 -1.1640e+00
9632 0 +1.268542892e-04 +2.547012685e+01 +2.547012685e+01 -3.7845e+00 -1.9123e+00 -1.1637e+00
9644 0 +6.117132103e-05 +2.547006117e+01 +2.547006117e+01 -3.7846e+00 -1.9122e+00 -1.1638e+00
9656 0 +2.941460065e-05 +2.547002941e+01 +2.547002941e+01 -3.7848e+00 -1.9122e+00 -1.1637e+00
9702 0 +2.291444810e-05 +2.547002291e+01 +2.547002291e+01 -3.7848e+00 -1.9121e+00 -1.1637e+00
9713 0 +1.357717737e-05 +2.547001358e+01 +2.547001358e+01 -3.7849e+00 -1.9119e+00 -1.1642e+00
9725 0 +1.233088529e-05 +2.547001233e+01 +2.547001233e+01 -3.7847e+00 -1.9119e+00 -1.1640e+00
9727 0 +9.150748458e-06 +2.547000915e+01 +2.547000915e+01 -3.7849e+00 -1.9120e+00 -1.1640e+00
9785 0 +3.995247582e-07 +2.547000040e+01 +2.547000040e+01 -3.7848e+00 -1.9120e+00 -1.1640e+00
9813 0 +3.044077452e-07 +2.547000030e+01 +2.547000030e+01 -3.7848e+00 -1.9120e+00 -1.1640e+00
9835 0 +1.567059584e-07 +2.547000016e+01 +2.547000016e+01 -3.7848e+00 -1.9120e+00 -1.1640e+00
9916 0 +1.196706982e-07 +2.547000012e+01 +2.547000012e+01 -3.7848e+00 -1.9120e+00 -1.1640e+00
9926 0 +1.118271946e-07 +2.547000011e+01 +2.547000011e+01 -3.7848e+00 -1.9120e+00 -1.1640e+00
9937 0 +7.923992129e-08 +2.547000008e+01 +2.547000008e+01 -3.7848e+00 -1.9120e+00 -1.1640e+00
9957 0 +6.280326303e-08 +2.547000006e+01 +2.547000006e+01 -3.7848e+00 -1.9120e+00 -1.1640e+00
9980 0 +5.155735749e-08 +2.547000005e+01 +2.547000005e+01 -3.7848e+00 -1.9120e+00 -1.1640e+00
9994 0 +1.984618336e-08 +2.547000002e+01 +2.547000002e+01 -3.7848e+00 -1.9120e+00 -1.1640e+00
10002 0 +9.094318187e-09 +2.547000001e+01 +2.547000001e+01 -3.7848e+00 -1.9120e+00 -1.1640e+00
10385 0 +2.238209618e-13 +2.547000000e+01 +2.547000000e+01 -3.7848e+00 -1.9120e+00 -1.1640e+00
10529 0 +0.000000000e+00 +2.547000000e+01 +2.547000000e+01 -3.7848e+00 -1.9120e+00 -1.1640e+00
12002 0 +0.000000000e+00 +2.547000000e+01 +2.547000000e+01 -3.7848e+00 -1.9120e+00 -1.1640e+00
% f evaluations | g evaluations | best noise-free fitness - Fopt (-1.008100000000e+02) + sum g_i+ | measured fitness | best measured fitness or single-digit g-values | x1 | x2...
1 0 +1.022792840e+02 +1.469284046e+00 +1.469284046e+00 +2.9654e+00 -3.1657e+00 +2.7969e+00
10 0 +5.180512021e+01 -4.900487979e+01 -4.900487979e+01 +4.8323e+00 -3.3237e-01 +3.5994e+00
29 0 +4.178010659e+01 -5.902989341e+01 -5.902989341e+01 +1.6884e+00 +1.6592e+00 +9.1298e-01
51 0 +3.762754958e+01 -6.318245042e+01 -6.318245042e+01 +1.3435e+00 +1.8071e+00 +3.0935e-01
52 0 +2.636970932e+01 -7.444029068e+01 -7.444029068e+01 -5.2217e-01 +5.2893e-01 +9.2697e-01
142 0 +1.834383359e+01 -8.246616641e+01 -8.246616641e+01 -5.2217e-01 +5.2893e-01 +2.3382e+00
319 0 +1.795914945e+01 -8.285085055e+01 -8.285085055e+01 -5.2217e-01 +5.2893e-01 +2.3029e+00
407 0 +1.772920605e+01 -8.308079395e+01 -8.308079395e+01 -5.1230e-01 +5.2893e-01 +2.3029e+00
579 0 +1.632698959e+01 -8.448301041e+01 -8.448301041e+01 +1.6155e-01 +1.8071e+00 +8.5375e-01
746 0 +1.111113335e+01 -8.969886665e+01 -8.969886665e+01 +1.9630e+00 +1.1693e+00 +2.0881e+00
1378 0 +1.006074907e+01 -9.074925093e+01 -9.074925093e+01 -7.7332e-01 +1.2331e+00 +4.4159e-02
1690 0 +4.250945442e+00 -9.655905456e+01 -9.655905456e+01 -5.6978e-02 +8.8601e-01 +7.0308e-01
2403 0 +1.726573785e+00 -9.908342621e+01 -9.908342621e+01 +1.0436e+00 +4.2900e-01 +1.3192e+00
3598 0 +1.203146163e+00 -9.960685384e+01 -9.960685384e+01 +1.0436e+00 +4.4115e-01 +1.3192e+00
3957 0 +9.851270338e-01 -9.982487297e+01 -9.982487297e+01 +1.0222e+00 +4.4115e-01 +1.3192e+00
4150 0 +6.145705828e-01 -1.001954294e+02 -1.001954294e+02 +1.0222e+00 +4.6628e-01 +1.3192e+00
4336 0 +2.937094055e-01 -1.005162906e+02 -1.005162906e+02 +1.0222e+00 +4.6628e-01 +1.3429e+00
5543 0 +2.504454426e-01 -1.005595546e+02 -1.005595546e+02 +1.0139e+00 +4.6628e-01 +1.3429e+00
6425 0 +1.833590877e-01 -1.006266409e+02 -1.006266409e+02 +1.0139e+00 +4.8021e-01 +1.3429e+00
7480 0 +1.638254273e-01 -1.006461746e+02 -1.006461746e+02 +1.0139e+00 +4.7766e-01 +1.3429e+00
8990 0 +1.576110824e-01 -1.006523889e+02 -1.006523889e+02 +1.0139e+00 +4.7578e-01 +1.3429e+00
9445 0 +1.456008442e-01 -1.006643992e+02 -1.006643992e+02 +1.0139e+00 +4.7578e-01 +1.3397e+00
9510 0 +1.434832037e-01 -1.006665168e+02 -1.006665168e+02 +9.9331e-01 +4.7933e-01 +1.3193e+00
9534 0 +6.595446988e-02 -1.007440455e+02 -1.007440455e+02 +9.9331e-01 +4.7933e-01 +1.3272e+00
9574 0 +5.420970974e-02 -1.007557903e+02 -1.007557903e+02 +9.9686e-01 +4.7933e-01 +1.3272e+00
9833 0 +4.999547699e-02 -1.007600045e+02 -1.007600045e+02 +9.9749e-01 +4.8022e-01 +1.3272e+00
9918 0 +3.774406507e-02 -1.007722559e+02 -1.007722559e+02 +9.9749e-01 +4.7937e-01 +1.3312e+00
10022 0 +3.108622832e-02 -1.007789138e+02 -1.007789138e+02 +9.9709e-01 +4.8039e-01 +1.3303e+00
10043 0 +1.821562190e-02 -1.007917844e+02 -1.007917844e+02 +9.9678e-01 +4.8162e-01 +1.3323e+00
10061 0 +1.682880624e-02 -1.007931712e+02 -1.007931712e+02 +9.9684e-01 +4.8208e-01 +1.3322e+00
10083 0 +1.634682551e-02 -1.007936532e+02 -1.007936532e+02 +9.9615e-01 +4.8263e-01 +1.3310e+00
10091 0 +1.548291531e-02 -1.007945171e+02 -1.007945171e+02 +9.9684e-01 +4.8272e-01 +1.3322e+00
10094 0 +6.323024767e-03 -1.008036770e+02 -1.008036770e+02 +9.9095e-01 +4.8845e-01 +1.3302e+00
10100 0 +6.203112306e-03 -1.008037969e+02 -1.008037969e+02 +9.9057e-01 +4.8845e-01 +1.3302e+00
10130 0 +5.987476357e-03 -1.008040125e+02 -1.008040125e+02 +9.9090e-01 +4.8846e-01 +1.3303e+00
10131 0 +5.565655611e-03 -1.008044343e+02 -1.008044343e+02 +9.9207e-01 +4.8618e-01 +1.3308e+00
10150 0 +3.132671549e-03 -1.008068673e+02 -1.008068673e+02 +9.8948e-01 +4.8909e-01 +1.3316e+00
10152 0 +2.731741490e-03 -1.008072683e+02 -1.008072683e+02 +9.8980e-01 +4.8951e-01 +1.3317e+00
10180 0 +2.517027283e-03 -1.008074830e+02 -1.008074830e+02 +9.8969e-01 +4.8945e-01 +1.3318e+00
10194 0 +2.489695162e-03 -1.008075103e+02 -1.008075103e+02 +9.8980e-01 +4.8951e-01 +1.3319e+00
10203 0 +1.652218368e-03 -1.008083478e+02 -1.008083478e+02 +9.9099e-01 +4.8755e-01 +1.3326e+00
10206 0 +6.649723913e-04 -1.008093350e+02 -1.008093350e+02 +9.9131e-01 +4.8796e-01 +1.3326e+00
10212 0 +4.241589034e-04 -1.008095758e+02 -1.008095758e+02 +9.9131e-01 +4.8796e-01 +1.3330e+00
10224 0 +3.485452197e-04 -1.008096515e+02 -1.008096515e+02 +9.9094e-01 +4.8875e-01 +1.3334e+00
10229 0 +2.671436016e-04 -1.008097329e+02 -1.008097329e+02 +9.9132e-01 +4.8832e-01 +1.3339e+00
10242 0 +2.276176969e-04 -1.008097724e+02 -1.008097724e+02 +9.9111e-01 +4.8863e-01 +1.3334e+00
10248 0 +2.184633209e-04 -1.008097815e+02 -1.008097815e+02 +9.9111e-01 +4.8852e-01 +1.3334e+00
10257 0 +2.105569551e-04 -1.008097894e+02 -1.008097894e+02 +9.9176e-01 +4.8824e-01 +1.3331e+00
10259 0 +1.677898683e-04 -1.008098322e+02 -1.008098322e+02 +9.9132e-01 +4.8829e-01 +1.3336e+00
10260 0 +8.300307418e-05 -1.008099170e+02 -1.008099170e+02 +9.9158e-01 +4.8840e-01 +1.3334e+00
10288 0 +2.454049374e-05 -1.008099755e+02 -1.008099755e+02 +9.9199e-01 +4.8815e-01 +1.3337e+00
10300 0 +9.780858520e-06 -1.008099902e+02 -1.008099902e+02 +9.9211e-01 +4.8796e-01 +1.3337e+00
10312 0 +4.903740532e-06 -1.008099951e+02 -1.008099951e+02 +9.9211e-01 +4.8796e-01 +1.3336e+00
10323 0 +4.070285101e-06 -1.008099959e+02 -1.008099959e+02 +9.9196e-01 +4.8803e-01 +1.3335e+00
10353 0 +2.194672192e-06 -1.008099978e+02 -1.008099978e+02 +9.9196e-01 +4.8803e-01 +1.3336e+00
10377 0 +1.830305436e-06 -1.008099982e+02 -1.008099982e+02 +9.9203e-01 +4.8797e-01 +1.3336e+00
10383 0 +1.758544428e-06 -1.008099982e+02 -1.008099982e+02 +9.9204e-01 +4.8796e-01 +1.3336e+00
10407 0 +1.386572876e-06 -1.008099986e+02 -1.008099986e+02 +9.9204e-01 +4.8797e-01 +1.3336e+00
10431 0 +1.166190714e-06 -1.008099988e+02 -1.008099988e+02 +9.9204e-01 +4.8797e-01 +1.3336e+00
10464 0 +9.257057343e-07 -1.008099991e+02 -1.008099991e+02 +9.9196e-01 +4.8804e-01 +1.3336e+00
10469 0 +8.836380090e-07 -1.008099991e+02 -1.008099991e+02 +9.9196e-01 +4.8804e-01 +1.3336e+00
10476 0 +4.512911858e-07 -1.008099995e+02 -1.008099995e+02 +9.9204e-01 +4.8797e-01 +1.3336e+00
10481 0 +1.600159862e-07 -1.008099998e+02 -1.008099998e+02 +9.9199e-01 +4.8800e-01 +1.3336e+00
10506 0 +1.190933858e-07 -1.008099999e+02 -1.008099999e+02 +9.9199e-01 +4.8801e-01 +1.3336e+00
10508 0 +1.131165988e-07 -1.008099999e+02 -1.008099999e+02 +9.9198e-01 +4.8801e-01 +1.3336e+00
10513 0 +1.028494978e-07 -1.008099999e+02 -1.008099999e+02 +9.9198e-01 +4.8801e-01 +1.3336e+00
10531 0 +9.959889269e-08 -1.008099999e+02 -1.008099999e+02 +9.9199e-01 +4.8801e-01 +1.3336e+00
10536 0 +9.649673416e-08 -1.008099999e+02 -1.008099999e+02 +9.9199e-01 +4.8801e-01 +1.3336e+00
10541 0 +9.091529307e-08 -1.008099999e+02 -1.008099999e+02 +9.9199e-01 +4.8801e-01 +1.3336e+00
10566 0 +3.241147795e-08 -1.008100000e+02 -1.008100000e+02 +9.9199e-01 +4.8801e-01 +1.3336e+00
10606 0 +3.097659373e-08 -1.008100000e+02 -1.008100000e+02 +9.9199e-01 +4.8801e-01 +1.3336e+00
10608 0 +1.077532374e-08 -1.008100000e+02 -1.008100000e+02 +9.9199e-01 +4.8800e-01 +1.3336e+00
10633 0 +4.945519549e-09 -1.008100000e+02 -1.008100000e+02 +9.9200e-01 +4.8800e-01 +1.3336e+00
10872 0 +7.958078641e-13 -1.008100000e+02 -1.008100000e+02 +9.9200e-01 +4.8800e-01 +1.3336e+00
10950 0 +0.000000000e+00 -1.008100000e+02 -1.008100000e+02 +9.9200e-01 +4.8800e-01 +1.3336e+00
12002 0 +0.000000000e+00 -1.008100000e+02 -1.008100000e+02 +9.9200e-01 +4.8800e-01 +1.3336e+00
% f evaluations | g evaluations | best noise-free fitness - Fopt (8.333000000000e+01) + sum g_i+ | measured fitness | best measured fitness or single-digit g-values | x1 | x2...
1 0 +5.135801225e+01 +1.346880122e+02 +1.346880122e+02 +2.9654e+00 -3.1657e+00 +2.7969e+00
17 0 +2.938323610e+01 +1.127132361e+02 +1.127132361e+02 +6.7700e-01 -4.6869e+00 +3.4228e+00
18 0 +1.835448238e+01 +1.016844824e+02 +1.016844824e+02 -5.0246e-01 -1.0485e+00 +4.2666e+00
81 0 +1.358948998e+01 +9.691948998e+01 +9.691948998e+01 -3.0055e-01 -2.2044e+00 +3.8349e+00
607 0 +5.552417104e+00 +8.888241710e+01 +8.888241710e+01 -3.0055e-01 -2.2044e+00 +3.7274e+00
1723 0 +4.016659972e+00 +8.734665997e+01 +8.734665997e+01 -3.0055e-01 -2.2044e+00 +4.1123e+00
2167 0 +3.721694678e+00 +8.705169468e+01 +8.705169468e+01 -5.9256e-01 -3.1962e+00 +3.6103e+00
2697 0 +3.319031033e+00 +8.664903103e+01 +8.664903103e+01 -5.9256e-01 -3.3012e+00 +3.6103e+00
3243 0 +2.324645432e+00 +8.565464543e+01 +8.565464543e+01 +6.2126e-01 -2.1845e+00 +3.6385e+00
4226 0 +2.137172963e+00 +8.546717296e+01 +8.546717296e+01 +6.2126e-01 -2.2029e+00 +3.6385e+00
4625 0 +1.906288388e+00 +8.523628839e+01 +8.523628839e+01 -6.0704e-01 -3.3486e+00 +4.0212e+00
4760 0 +1.832827381e+00 +8.516282738e+01 +8.516282738e+01 +3.4754e-02 -2.7427e+00 +3.8018e+00
4889 0 +1.739601225e+00 +8.506960122e+01 +8.506960122e+01 -5.7619e-01 -3.3880e+00 +4.0051e+00
5083 0 +1.601639732e+00 +8.493163973e+01 +8.493163973e+01 -5.7619e-01 -3.3488e+00 +4.0051e+00
5122 0 +1.451378059e+00 +8.478137806e+01 +8.478137806e+01 +1.7945e-01 -3.4948e+00 +3.8835e+00
5142 0 +1.381199099e+00 +8.471119910e+01 +8.471119910e+01 -6.0704e-01 -3.3838e+00 +4.0012e+00
5444 0 +1.184272739e+00 +8.451427274e+01 +8.451427274e+01 +1.7945e-01 -3.4948e+00 +3.8936e+00
6337 0 +1.172537594e+00 +8.450253759e+01 +8.450253759e+01 -6.2086e-01 -3.4085e+00 +4.0012e+00
7069 0 +9.079361659e-01 +8.423793617e+01 +8.423793617e+01 +3.4754e-02 -2.8134e+00 +3.8161e+00
7232 0 +3.592547341e-01 +8.368925473e+01 +8.368925473e+01 +2.1450e-02 -2.8134e+00 +3.8161e+00
7768 0 +3.183095620e-01 +8.364830956e+01 +8.364830956e+01 +2.1450e-02 -2.8137e+00 +3.8143e+00
7926 0 +1.518232210e-01 +8.348182322e+01 +8.348182322e+01 -1.4205e-02 -2.8246e+00 +3.8143e+00
8425 0 +7.478445493e-02 +8.340478445e+01 +8.340478445e+01 +1.1738e-02 -2.8246e+00 +3.8143e+00
8689 0 +6.139115644e-02 +8.339139116e+01 +8.339139116e+01 +1.0536e-02 -2.8246e+00 +3.8145e+00
9047 0 +5.658063732e-02 +8.338658064e+01 +8.338658064e+01 +1.0536e-02 -2.8257e+00 +3.8145e+00
9063 0 +5.609488748e-02 +8.338609489e+01 +8.338609489e+01 +8.1515e-03 -2.8352e+00 +3.8160e+00
9090 0 +3.342902156e-02 +8.336342902e+01 +8.336342902e+01 +7.4481e-03 -2.8286e+00 +3.8163e+00
9112 0 +1.652227895e-02 +8.334652228e+01 +8.334652228e+01 +3.5364e-03 -2.8352e+00 +3.8160e+00
9175 0 +1.311816078e-02 +8.334311816e+01 +8.334311816e+01 -2.7848e-03 -2.8277e+00 +3.8171e+00
9184 0 +8.672626209e-03 +8.333867263e+01 +8.333867263e+01 -2.7848e-03 -2.8363e+00 +3.8171e+00
9224 0 +7.640078416e-03 +8.333764008e+01 +8.333764008e+01 +3.2246e-03 -2.8306e+00 +3.8164e+00
9302 0 +3.085981176e-03 +8.333308598e+01 +8.333308598e+01 -2.2027e-03 -2.8306e+00 +3.8170e+00
9338 0 +1.705440248e-03 +8.333170544e+01 +8.333170544e+01 -1.0107e-03 -2.8306e+00 +3.8170e+00
9362 0 +4.827673039e-04 +8.333048277e+01 +8.333048277e+01 -5.4213e-04 -2.8313e+00 +3.8167e+00
9421 0 +1.616565948e-04 +8.333016166e+01 +8.333016166e+01 -3.4014e-04 -2.8304e+00 +3.8163e+00
9461 0 +6.111343741e-05 +8.333006111e+01 +8.333006111e+01 -3.4014e-04 -2.8304e+00 +3.8160e+00
9467 0 +2.636456911e-05 +8.333002636e+01 +8.333002636e+01 +2.2028e-04 -2.8303e+00 +3.8160e+00
9548 0 +1.688067917e-05 +8.333001688e+01 +8.333001688e+01 -1.7910e-04 -2.8305e+00 +3.8160e+00
9556 0 +9.209313191e-06 +8.333000921e+01 +8.333000921e+01 -1.5017e-04 -2.8305e+00 +3.8160e+00
9577 0 +4.610275582e-06 +8.333000461e+01 +8.333000461e+01 -8.9836e-05 -2.8305e+00 +3.8161e+00
9619 0 +2.818700736e-06 +8.333000282e+01 +8.333000282e+01 +2.4920e-05 -2.8303e+00 +3.8160e+00
9643 0 +2.752948248e-06 +8.333000275e+01 +8.333000275e+01 +9.8347e-06 -2.8305e+00 +3.8160e+00
9663 0 +1.873729801e-06 +8.333000187e+01 +8.333000187e+01 +9.7370e-06 -2.8303e+00 +3.8160e+00
9671 0 +1.787453812e-06 +8.333000179e+01 +8.333000179e+01 +6.7433e-06 -2.8303e+00 +3.8160e+00
9676 0 +1.005240307e-06 +8.333000101e+01 +8.333000101e+01 -2.4765e-05 -2.8305e+00 +3.8160e+00
9687 0 +6.245339392e-07 +8.333000062e+01 +8.333000062e+01 +6.7433e-06 -2.8304e+00 +3.8160e+00
9709 0 +5.584899014e-07 +8.333000056e+01 +8.333000056e+01 +8.5808e-06 -2.8304e+00 +3.8160e+00
9736 0 +5.202278004e-07 +8.333000052e+01 +8.333000052e+01 +6.7433e-06 -2.8304e+00 +3.8160e+00
9757 0 +3.189262259e-07 +8.333000032e+01 +8.333000032e+01 +1.2163e-05 -2.8304e+00 +3.8160e+00
9760 0 +2.371802736e-07 +8.333000024e+01 +8.333000024e+01 -1.6939e-06 -2.8304e+00 +3.8160e+00
9788 0 +1.500946638e-07 +8.333000015e+01 +8.333000015e+01 -2.1248e-05 -2.8304e+00 +3.8160e+00
9795 0 +7.719140172e-08 +8.333000008e+01 +8.333000008e+01 -1.1343e-05 -2.8304e+00 +3.8160e+00
9814 0 +1.412054473e-08 +8.333000001e+01 +8.333000001e+01 -8.5921e-06 -2.8304e+00 +3.8160e+00
9821 0 +1.373855696e-08 +8.333000001e+01 +8.333000001e+01 -8.5921e-06 -2.8304e+00 +3.8160e+00
9835 0 +1.088559998e-08 +8.333000001e+01 +8.333000001e+01 -1.1017e-05 -2.8304e+00 +3.8160e+00
9898 0 +6.173237921e-09 +8.333000001e+01 +8.333000001e+01 -1.1017e-05 -2.8304e+00 +3.8160e+00
10223 0 +5.826450433e-13 +8.333000000e+01 +8.333000000e+01 -1.0007e-05 -2.8304e+00 +3.8160e+00
10372 0 +0.000000000e+00 +8.333000000e+01 +8.333000000e+01 -1.0003e-05 -2.8304e+00 +3.8160e+00
12002 0 +0.000000000e+00 +8.333000000e+01 +8.333000000e+01 -1.0003e-05 -2.8304e+00 +3.8160e+00
% f evaluations | g evaluations | best noise-free fitness - Fopt (2.085600000000e+02) + sum g_i+ | measured fitness | best measured fitness or single-digit g-values | x1 | x2...
1 0 +5.237414424e+02 +7.323014424e+02 +7.323014424e+02 +2.9654e+00 -3.1657e+00 +2.7969e+00
2 0 +1.288074288e+02 +3.373674288e+02 +3.373674288e+02 +9.6850e-01 -5.4167e-01 -4.0003e+00
11 0 +1.255101973e+02 +3.340701973e+02 +3.340701973e+02 +1.8031e+00 -4.9501e-01 -4.8674e+00
12 0 +1.082871527e+02 +3.168471527e+02 +3.168471527e+02 +4.4220e+00 +6.3288e-01 -1.1458e+00
20 0 +5.768688733e+01 +2.662468873e+02 +2.662468873e+02 +2.0834e-01 +4.6117e+00 +3.4453e+00
22 0 +4.682608472e+01 +2.553860847e+02 +2.553860847e+02 +4.6526e+00 +1.0703e+00 -2.2400e+00
27 0 +4.505043229e+01 +2.536104323e+02 +2.536104323e+02 +1.5108e+00 +4.1496e+00 +3.5004e+00
38 0 +3.037084260e+01 +2.389308426e+02 +2.389308426e+02 +3.8047e+00 +1.2435e+00 -2.0437e+00
60 0 +2.979747401e+01 +2.383574740e+02 +2.383574740e+02 +1.7751e-01 +3.3771e+00 +1.7569e+00
218 0 +2.728224434e+01 +2.358422443e+02 +2.358422443e+02 +3.8047e+00 +1.2435e+00 -1.9066e+00
241 0 +2.527197737e+01 +2.338319774e+02 +2.338319774e+02 +2.3522e+00 +3.3053e+00 +4.1448e-01
288 0 +2.003844747e+01 +2.285984475e+02 +2.285984475e+02 +2.2727e+00 +3.2335e+00 +7.0444e-01
523 0 +1.573188493e+01 +2.242918849e+02 +2.242918849e+02 +2.4772e+00 +4.5307e+00 +3.1451e-01
559 0 +1.364414335e+01 +2.222041433e+02 +2.222041433e+02 +1.8125e+00 +3.4891e+00 -1.8157e-01
763 0 +7.560417398e+00 +2.161204174e+02 +2.161204174e+02 +2.3321e+00 +3.4666e+00 +5.3021e-01
1165 0 +7.031249064e+00 +2.155912491e+02 +2.155912491e+02 +2.1115e+00 +3.7974e+00 -3.4715e-01
1429 0 +4.858784222e+00 +2.134187842e+02 +2.134187842e+02 +2.5137e+00 +4.1710e+00 +6.6358e-01
2118 0 +3.544826714e+00 +2.121048267e+02 +2.121048267e+02 +2.0877e+00 +3.6928e+00 +2.6551e-01
2528 0 +3.302462561e+00 +2.118624626e+02 +2.118624626e+02 +1.9527e+00 +3.5181e+00 -3.2828e-01
2856 0 +1.807300001e+00 +2.103673000e+02 +2.103673000e+02 +1.8815e+00 +3.5366e+00 -3.4062e-01
4044 0 +6.589987926e-01 +2.092189988e+02 +2.092189988e+02 +2.1972e+00 +3.6929e+00 +1.8555e-01
4325 0 +6.267797686e-01 +2.091867798e+02 +2.091867798e+02 +2.1972e+00 +3.6929e+00 +1.8813e-01
5258 0 +5.703158441e-01 +2.091303158e+02 +2.091303158e+02 +2.1933e+00 +3.6929e+00 +1.8813e-01
5764 0 +5.124471826e-01 +2.090724472e+02 +2.090724472e+02 +2.1828e+00 +3.6929e+00 +1.8813e-01
6149 0 +9.588338903e-02 +2.086558834e+02 +2.086558834e+02 +2.1828e+00 +3.6813e+00 +1.8813e-01
8442 0 +8.099474071e-02 +2.086409947e+02 +2.086409947e+02 +2.1823e+00 +3.6809e+00 +1.8875e-01
8548 0 +6.314113451e-02 +2.086231411e+02 +2.086231411e+02 +2.1833e+00 +3.6675e+00 +1.8813e-01
8652 0 +6.210461812e-02 +2.086221046e+02 +2.086221046e+02 +2.1753e+00 +3.6798e+00 +1.9665e-01
8656 0 +5.728767391e-02 +2.086172877e+02 +2.086172877e+02 +2.1833e+00 +3.6675e+00 +1.8763e-01
8679 0 +5.182788862e-02 +2.086118279e+02 +2.086118279e+02 +2.1833e+00 +3.6675e+00 +1.8722e-01
8686 0 +4.968174250e-02 +2.086096817e+02 +2.086096817e+02 +2.1753e+00 +3.6770e+00 +1.9665e-01
8694 0 +4.782580277e-02 +2.086078258e+02 +2.086078258e+02 +2.1868e+00 +3.6679e+00 +1.7269e-01
8774 0 +4.632827809e-02 +2.086063283e+02 +2.086063283e+02 +2.1760e+00 +3.6770e+00 +1.9665e-01
8778 0 +2.179289044e-02 +2.085817929e+02 +2.085817929e+02 +2.1833e+00 +3.6675e+00 +1.8225e-01
8782 0 +1.695998853e-02 +2.085769600e+02 +2.085769600e+02 +2.1868e+00 +3.6679e+00 +1.7723e-01
8909 0 +9.590298461e-04 +2.085609590e+02 +2.085609590e+02 +2.1861e+00 +3.6723e+00 +1.8465e-01
9009 0 +8.415961953e-04 +2.085608416e+02 +2.085608416e+02 +2.1861e+00 +3.6719e+00 +1.8465e-01
9019 0 +8.208241639e-04 +2.085608208e+02 +2.085608208e+02 +2.1861e+00 +3.6721e+00 +1.8465e-01
9162 0 +5.025664265e-04 +2.085605026e+02 +2.085605026e+02 +2.1857e+00 +3.6714e+00 +1.8405e-01
9214 0 +4.637433653e-04 +2.085604637e+02 +2.085604637e+02 +2.1852e+00 +3.6721e+00 +1.8541e-01
9234 0 +1.528386377e-04 +2.085601528e+02 +2.085601528e+02 +2.1844e+00 +3.6717e+00 +1.8462e-01
9259 0 +1.146942067e-04 +2.085601147e+02 +2.085601147e+02 +2.1852e+00 +3.6721e+00 +1.8489e-01
9268 0 +7.773013715e-05 +2.085600777e+02 +2.085600777e+02 +2.1851e+00 +3.6721e+00 +1.8489e-01
9313 0 +3.857341216e-05 +2.085600386e+02 +2.085600386e+02 +2.1850e+00 +3.6721e+00 +1.8492e-01
9316 0 +1.587462597e-05 +2.085600159e+02 +2.085600159e+02 +2.1847e+00 +3.6721e+00 +1.8497e-01
9370 0 +9.638867482e-06 +2.085600096e+02 +2.085600096e+02 +2.1847e+00 +3.6721e+00 +1.8497e-01
9387 0 +4.847537724e-06 +2.085600048e+02 +2.085600048e+02 +2.1848e+00 +3.6721e+00 +1.8489e-01
9497 0 +2.524896615e-06 +2.085600025e+02 +2.085600025e+02 +2.1849e+00 +3.6720e+00 +1.8476e-01
9499 0 +2.458083486e-06 +2.085600025e+02 +2.085600025e+02 +2.1848e+00 +3.6721e+00 +1.8486e-01
9617 0 +9.157215857e-07 +2.085600009e+02 +2.085600009e+02 +2.1848e+00 +3.6720e+00 +1.8476e-01
9643 0 +7.374694064e-07 +2.085600007e+02 +2.085600007e+02 +2.1848e+00 +3.6720e+00 +1.8478e-01
9684 0 +3.791509755e-07 +2.085600004e+02 +2.085600004e+02 +2.1848e+00 +3.6720e+00 +1.8477e-01
9708 0 +3.049024428e-07 +2.085600003e+02 +2.085600003e+02 +2.1848e+00 +3.6720e+00 +1.8477e-01
9711 0 +2.660356415e-07 +2.085600003e+02 +2.085600003e+02 +2.1848e+00 +3.6720e+00 +1.8481e-01
9717 0 +2.581225260e-07 +2.085600003e+02 +2.085600003e+02 +2.1848e+00 +3.6720e+00 +1.8477e-01
9724 0 +2.489266819e-07 +2.085600002e+02 +2.085600002e+02 +2.1848e+00 +3.6720e+00 +1.8477e-01
9726 0 +2.411428000e-07 +2.085600002e+02 +2.085600002e+02 +2.1848e+00 +3.6720e+00 +1.8478e-01
9739 0 +1.794560660e-07 +2.085600002e+02 +2.085600002e+02 +2.1848e+00 +3.6720e+00 +1.8481e-01
9746 0 +9.168741144e-08 +2.085600001e+02 +2.085600001e+02 +2.1848e+00 +3.6720e+00 +1.8481e-01
9794 0 +7.339605190e-08 +2.085600001e+02 +2.085600001e+02 +2.1848e+00 +3.6720e+00 +1.8479e-01
9801 0 +5.601549447e-08 +2.085600001e+02 +2.085600001e+02 +2.1848e+00 +3.6720e+00 +1.8480e-01
9803 0 +2.717047209e-08 +2.085600000e+02 +2.085600000e+02 +2.1848e+00 +3.6720e+00 +1.8480e-01
9826 0 +1.758797907e-08 +2.085600000e+02 +2.085600000e+02 +2.1848e+00 +3.6720e+00 +1.8480e-01
9833 0 +5.921634738e-09 +2.085600000e+02 +2.085600000e+02 +2.1848e+00 +3.6720e+00 +1.8480e-01
10202 0 +6.821210263e-13 +2.085600000e+02 +2.085600000e+02 +2.1848e+00 +3.6720e+00 +1.8480e-01
10351 0 +0.000000000e+00 +2.085600000e+02 +2.085600000e+02 +2.1848e+00 +3.6720e+00 +1.8480e-01
12002 0 +0.000000000e+00 +2.085600000e+02 +2.085600000e+02 +2.1848e+00 +3.6720e+00 +1.8480e-01
% f evaluations | g evaluations | best noise-free fitness - Fopt (-1.345800000000e+02) + sum g_i+ | measured fitness | best measured fitness or single-digit g-values | x1 | x2...
1 0 +2.224047088e+02 +8.782470878e+01 +8.782470878e+01 +2.9654e+00 -3.1657e+00 +2.7969e+00
2 0 +1.631273467e+02 +2.854734667e+01 +2.854734667e+01 +9.6850e-01 -5.4167e-01 -4.0003e+00
7 0 +1.084917180e+02 -2.608828201e+01 -2.608828201e+01 -4.7694e+00 +2.4775e-01 -1.0014e+00
12 0 +1.015318251e+02 -3.304817494e+01 -3.304817494e+01 +4.4220e+00 +6.3288e-01 -1.1458e+00
14 0 +6.078903491e+01 -7.379096509e+01 -7.379096509e+01 +1.8326e+00 +1.1000e+00 +3.3319e+00
18 0 +5.812787242e+01 -7.645212758e+01 -7.645212758e+01 -5.0246e-01 -1.0485e+00 +4.2666e+00
51 0 +5.650076838e+01 -7.807923162e+01 -7.807923162e+01 +1.3435e+00 +1.8071e+00 +3.0935e-01
52 0 +3.071011977e+01 -1.038698802e+02 -1.038698802e+02 -5.2217e-01 +5.2893e-01 +9.2697e-01
56 0 +2.430189612e+01 -1.102781039e+02 -1.102781039e+02 -3.4928e+00 +8.1988e-02 +1.9581e+00
146 0 +2.313075676e+01 -1.114492432e+02 -1.114492432e+02 -3.4928e+00 +1.0299e-01 +1.9581e+00
169 0 +1.124645279e+01 -1.233335472e+02 -1.233335472e+02 -2.6981e+00 -8.0662e-03 +1.5721e+00
988 0 +4.483214304e+00 -1.300967857e+02 -1.300967857e+02 -2.9868e+00 +6.4381e-01 +2.4764e+00
990 0 +3.208827219e+00 -1.313711728e+02 -1.313711728e+02 -1.7598e+00 +7.1001e-01 +2.2524e+00
1618 0 +2.544351697e+00 -1.320356483e+02 -1.320356483e+02 -1.7598e+00 +7.1001e-01 +2.2786e+00
1693 0 +2.498064446e+00 -1.320819356e+02 -1.320819356e+02 -1.7598e+00 +7.1001e-01 +2.2822e+00
1767 0 +2.090626576e+00 -1.324893734e+02 -1.324893734e+02 -1.7598e+00 +6.9917e-01 +2.2822e+00
1841 0 +2.052995934e+00 -1.325270041e+02 -1.325270041e+02 -1.7598e+00 +6.9917e-01 +2.3073e+00
3956 0 +1.654049992e+00 -1.329259500e+02 -1.329259500e+02 -2.9864e+00 +4.9748e-01 +1.9909e+00
4554 0 +1.196600345e+00 -1.333833997e+02 -1.333833997e+02 -2.9864e+00 +4.9748e-01 +1.9662e+00
5116 0 +1.132704960e+00 -1.334472950e+02 -1.334472950e+02 -3.0167e+00 +4.9748e-01 +1.9662e+00
6068 0 +1.009417396e+00 -1.335705826e+02 -1.335705826e+02 -3.0167e+00 +4.9748e-01 +1.9522e+00
6287 0 +1.081415844e-01 -1.344718584e+02 -1.344718584e+02 -3.0391e+00 +6.0609e-01 +2.5342e+00
6545 0 +5.804150735e-02 -1.345219585e+02 -1.345219585e+02 -3.0391e+00 +6.0274e-01 +2.5342e+00
6918 0 +4.987262983e-02 -1.345301274e+02 -1.345301274e+02 -3.0391e+00 +6.0157e-01 +2.5342e+00
7683 0 +4.111535995e-02 -1.345388846e+02 -1.345388846e+02 -3.0405e+00 +6.0157e-01 +2.5342e+00
7878 0 +1.318503375e-02 -1.345668150e+02 -1.345668150e+02 -3.0575e+00 +6.0157e-01 +2.5342e+00
8476 0 +1.293160230e-02 -1.345670684e+02 -1.345670684e+02 -3.0571e+00 +6.0157e-01 +2.5344e+00
8884 0 +3.490326368e-03 -1.345765097e+02 -1.345765097e+02 -3.0484e+00 +5.9995e-01 +2.5317e+00
9223 0 +3.465834315e-03 -1.345765342e+02 -1.345765342e+02 -3.0484e+00 +6.0002e-01 +2.5317e+00
9250 0 +2.937248099e-03 -1.345770628e+02 -1.345770628e+02 -3.0484e+00 +5.9986e-01 +2.5312e+00
9280 0 +2.872516246e-03 -1.345771275e+02 -1.345771275e+02 -3.0487e+00 +5.9973e-01 +2.5315e+00
9313 0 +2.005311340e-03 -1.345779947e+02 -1.345779947e+02 -3.0500e+00 +5.9959e-01 +2.5319e+00
9358 0 +1.148023412e-03 -1.345788520e+02 -1.345788520e+02 -3.0500e+00 +5.9959e-01 +2.5307e+00
9396 0 +1.003261844e-03 -1.345789967e+02 -1.345789967e+02 -3.0505e+00 +5.9951e-01 +2.5313e+00
9409 0 +9.191275922e-04 -1.345790809e+02 -1.345790809e+02 -3.0511e+00 +5.9940e-01 +2.5306e+00
9436 0 +7.517859457e-04 -1.345792482e+02 -1.345792482e+02 -3.0505e+00 +5.9961e-01 +2.5308e+00
9454 0 +4.814553143e-04 -1.345795185e+02 -1.345795185e+02 -3.0528e+00 +5.9957e-01 +2.5310e+00
9495 0 +3.443639754e-04 -1.345796556e+02 -1.345796556e+02 -3.0526e+00 +6.0015e-01 +2.5307e+00
9511 0 +2.715906838e-04 -1.345797284e+02 -1.345797284e+02 -3.0524e+00 +6.0015e-01 +2.5307e+00
9513 0 +8.067936196e-05 -1.345799193e+02 -1.345799193e+02 -3.0521e+00 +6.0018e-01 +2.5311e+00
9547 0 +5.289763840e-05 -1.345799471e+02 -1.345799471e+02 -3.0520e+00 +6.0002e-01 +2.5309e+00
9557 0 +2.805022791e-05 -1.345799719e+02 -1.345799719e+02 -3.0521e+00 +5.9994e-01 +2.5314e+00
9581 0 +2.420874370e-05 -1.345799758e+02 -1.345799758e+02 -3.0521e+00 +5.9994e-01 +2.5314e+00
9590 0 +1.824094369e-05 -1.345799818e+02 -1.345799818e+02 -3.0521e+00 +5.9991e-01 +2.5312e+00
9597 0 +1.818818990e-05 -1.345799818e+02 -1.345799818e+02 -3.0521e+00 +5.9994e-01 +2.5313e+00
9614 0 +1.132429290e-05 -1.345799887e+02 -1.345799887e+02 -3.0521e+00 +5.9993e-01 +2.5312e+00
9623 0 +9.711021988e-06 -1.345799903e+02 -1.345799903e+02 -3.0519e+00 +5.9996e-01 +2.5311e+00
9630 0 +6.907786542e-06 -1.345799931e+02 -1.345799931e+02 -3.0521e+00 +5.9995e-01 +2.5312e+00
9631 0 +1.760232209e-06 -1.345799982e+02 -1.345799982e+02 -3.0520e+00 +6.0003e-01 +2.5312e+00
9655 0 +1.494595523e-06 -1.345799985e+02 -1.345799985e+02 -3.0520e+00 +6.0003e-01 +2.5312e+00
9687 0 +7.243595235e-07 -1.345799993e+02 -1.345799993e+02 -3.0520e+00 +6.0002e-01 +2.5312e+00
9722 0 +5.166340600e-07 -1.345799995e+02 -1.345799995e+02 -3.0520e+00 +6.0002e-01 +2.5312e+00
9745 0 +3.813585181e-08 -1.345800000e+02 -1.345800000e+02 -3.0520e+00 +6.0000e-01 +2.5312e+00
9801 0 +3.666423254e-08 -1.345800000e+02 -1.345800000e+02 -3.0520e+00 +6.0000e-01 +2.5312e+00
9831 0 +3.100518597e-08 -1.345800000e+02 -1.345800000e+02 -3.0520e+00 +6.0000e-01 +2.5312e+00
9850 0 +2.338936156e-08 -1.345800000e+02 -1.345800000e+02 -3.0520e+00 +6.0000e-01 +2.5312e+00
9866 0 +1.582222353e-08 -1.345800000e+02 -1.345800000e+02 -3.0520e+00 +6.0000e-01 +2.5312e+00
9885 0 +1.099974156e-08 -1.345800000e+02 -1.345800000e+02 -3.0520e+00 +6.0000e-01 +2.5312e+00
9896 0 +1.357392421e-09 -1.345800000e+02 -1.345800000e+02 -3.0520e+00 +6.0000e-01 +2.5312e+00
10167 0 +1.989519660e-13 -1.345800000e+02 -1.345800000e+02 -3.0520e+00 +6.0000e-01 +2.5312e+00
10316 0 +0.000000000e+00 -1.345800000e+02 -1.345800000e+02 -3.0520e+00 +6.0000e-01 +2.5312e+00
12002 0 +0.000000000e+00 -1.345800000e+02 -1.345800000e+02 -3.0520e+00 +6.0000e-01 +2.5312e+00
% f evaluations | g evaluations | best noise-free fitness - Fopt (1.205900000000e+02) + sum g_i+ | measured fitness | best measured fitness or single-digit g-values | x1 | x2...
1 0 +1.172433362e+03 +1.293023362e+03 +1.293023362e+03 +2.9654e+00 -3.1657e+00 +2.7969e+00
2 0 +2.508089804e+01 +1.456708980e+02 +1.456708980e+02 +9.6850e-01 -5.4167e-01 -4.0003e+00
85 0 +1.279240427e+01 +1.333824043e+02 +1.333824043e+02 -2.3153e+00 -1.4720e-01 -1.2731e+00
655 0 +1.195410641e+01 +1.325441064e+02 +1.325441064e+02 -1.4743e+00 -6.4586e-01 -2.8558e+00
971 0 +1.057427560e+01 +1.311642756e+02 +1.311642756e+02 -3.8032e-01 -3.9697e-01 -8.9987e-01
1044 0 +8.184607157e+00 +1.287746072e+02 +1.287746072e+02 -2.5412e+00 +1.0308e+00 -2.2759e+00
1186 0 +6.386678731e+00 +1.269766787e+02 +1.269766787e+02 -6.2993e-01 +6.4502e-01 -1.3957e+00
1466 0 +6.014112476e+00 +1.266041125e+02 +1.266041125e+02 -1.7554e+00 +6.0381e-01 -1.0590e+00
1752 0 +4.243248716e+00 +1.248332487e+02 +1.248332487e+02 -1.2984e+00 -2.5204e-01 -1.7646e+00
1978 0 +3.311263349e+00 +1.239012633e+02 +1.239012633e+02 -3.3969e-02 -3.2478e-01 -2.3333e+00
2189 0 +2.747430501e+00 +1.233374305e+02 +1.233374305e+02 +4.2431e-02 -3.2478e-01 -2.3333e+00
2584 0 +2.328485860e+00 +1.229184859e+02 +1.229184859e+02 -7.7242e-01 +3.4098e-01 -1.7546e+00
3637 0 +2.229173271e+00 +1.228191733e+02 +1.228191733e+02 -7.3597e-01 +3.4098e-01 -1.7546e+00
3972 0 +2.054232234e+00 +1.226442322e+02 +1.226442322e+02 -1.0323e+00 -5.4350e-03 -1.5501e+00
4237 0 +1.752483397e+00 +1.223424834e+02 +1.223424834e+02 +3.0447e-02 -3.2478e-01 -2.2712e+00
4493 0 +1.722830693e+00 +1.223128307e+02 +1.223128307e+02 -1.9322e+00 +5.0322e-01 -1.8907e+00
4537 0 +1.422049064e+00 +1.220120491e+02 +1.220120491e+02 -1.9322e+00 +4.9609e-01 -1.8907e+00
5759 0 +1.247594446e+00 +1.218375944e+02 +1.218375944e+02 -8.9754e-01 +9.3034e-02 -2.1135e+00
6211 0 +1.047625426e+00 +1.216376254e+02 +1.216376254e+02 -1.8896e+00 +4.7769e-01 -1.9064e+00
6363 0 +1.034007024e+00 +1.216240070e+02 +1.216240070e+02 -8.9754e-01 +9.3034e-02 -2.1013e+00
7797 0 +6.653504906e-01 +1.212553505e+02 +1.212553505e+02 -9.2204e-01 +1.0298e-01 -2.1013e+00
7954 0 +5.638317682e-01 +1.211538318e+02 +1.211538318e+02 -9.2204e-01 +1.0815e-01 -2.1013e+00
8029 0 +3.793787197e-01 +1.209693787e+02 +1.209693787e+02 -9.2204e-01 +1.0815e-01 -2.0612e+00
8088 0 +3.378858095e-01 +1.209278858e+02 +1.209278858e+02 -9.2204e-01 +1.0815e-01 -2.0648e+00
8334 0 +2.414830298e-01 +1.208314830e+02 +1.208314830e+02 -9.3560e-01 +1.0815e-01 -2.0648e+00
8386 0 +2.039708345e-01 +1.207939708e+02 +1.207939708e+02 -9.3560e-01 +1.0815e-01 -2.0852e+00
8665 0 +1.833668891e-01 +1.207733669e+02 +1.207733669e+02 -9.3560e-01 +1.2165e-01 -2.0852e+00
8742 0 +1.594328198e-01 +1.207494328e+02 +1.207494328e+02 -9.3560e-01 +1.2165e-01 -2.0830e+00
8896 0 +7.471326176e-02 +1.206647133e+02 +1.206647133e+02 -9.3560e-01 +1.1724e-01 -2.0782e+00
9206 0 +7.399359253e-02 +1.206639936e+02 +1.206639936e+02 -9.3560e-01 +1.1710e-01 -2.0782e+00
9251 0 +7.186147209e-02 +1.206618615e+02 +1.206618615e+02 -9.3560e-01 +1.1710e-01 -2.0774e+00
9332 0 +7.014539549e-02 +1.206601454e+02 +1.206601454e+02 -9.3560e-01 +1.1710e-01 -2.0759e+00
9384 0 +8.239367773e-03 +1.205982394e+02 +1.205982394e+02 -9.5467e-01 +1.2161e-01 -2.0741e+00
9488 0 +5.180070973e-03 +1.205951801e+02 +1.205951801e+02 -9.5337e-01 +1.2161e-01 -2.0741e+00
9489 0 +4.752006360e-03 +1.205947520e+02 +1.205947520e+02 -9.4876e-01 +1.2143e-01 -2.0745e+00
9505 0 +3.871354209e-03 +1.205938714e+02 +1.205938714e+02 -9.4938e-01 +1.2143e-01 -2.0745e+00
9520 0 +2.944898904e-03 +1.205929449e+02 +1.205929449e+02 -9.5337e-01 +1.2161e-01 -2.0726e+00
9529 0 +2.582161756e-03 +1.205925822e+02 +1.205925822e+02 -9.5478e-01 +1.2342e-01 -2.0725e+00
9577 0 +2.017442993e-03 +1.205920174e+02 +1.205920174e+02 -9.5478e-01 +1.2342e-01 -2.0716e+00
9602 0 +1.336102718e-03 +1.205913361e+02 +1.205913361e+02 -9.5231e-01 +1.2161e-01 -2.0726e+00
9610 0 +7.450184282e-04 +1.205907450e+02 +1.205907450e+02 -9.5231e-01 +1.2192e-01 -2.0726e+00
9616 0 +6.180139607e-04 +1.205906180e+02 +1.205906180e+02 -9.5220e-01 +1.2188e-01 -2.0719e+00
9648 0 +6.156295278e-04 +1.205906156e+02 +1.205906156e+02 -9.5220e-01 +1.2188e-01 -2.0719e+00
9679 0 +5.676582310e-04 +1.205905677e+02 +1.205905677e+02 -9.5198e-01 +1.2190e-01 -2.0728e+00
9696 0 +2.189846550e-04 +1.205902190e+02 +1.205902190e+02 -9.5191e-01 +1.2259e-01 -2.0715e+00
9703 0 +1.096561612e-04 +1.205901097e+02 +1.205901097e+02 -9.5191e-01 +1.2212e-01 -2.0720e+00
9717 0 +2.070484278e-05 +1.205900207e+02 +1.205900207e+02 -9.5191e-01 +1.2228e-01 -2.0720e+00
9738 0 +7.805163477e-06 +1.205900078e+02 +1.205900078e+02 -9.5191e-01 +1.2242e-01 -2.0720e+00
9751 0 +2.421373495e-06 +1.205900024e+02 +1.205900024e+02 -9.5201e-01 +1.2243e-01 -2.0719e+00
9773 0 +8.574135393e-07 +1.205900009e+02 +1.205900009e+02 -9.5201e-01 +1.2242e-01 -2.0720e+00
9871 0 +5.521228275e-07 +1.205900006e+02 +1.205900006e+02 -9.5201e-01 +1.2242e-01 -2.0720e+00
9932 0 +1.675955730e-07 +1.205900002e+02 +1.205900002e+02 -9.5201e-01 +1.2240e-01 -2.0720e+00
9953 0 +1.638176599e-07 +1.205900002e+02 +1.205900002e+02 -9.5201e-01 +1.2241e-01 -2.0720e+00
9960 0 +1.518562271e-07 +1.205900002e+02 +1.205900002e+02 -9.5201e-01 +1.2241e-01 -2.0720e+00
9965 0 +5.586667839e-08 +1.205900001e+02 +1.205900001e+02 -9.5199e-01 +1.2240e-01 -2.0720e+00
10016 0 +4.688851618e-08 +1.205900000e+02 +1.205900000e+02 -9.5201e-01 +1.2240e-01 -2.0720e+00
10036 0 +4.112220608e-08 +1.205900000e+02 +1.205900000e+02 -9.5200e-01 +1.2240e-01 -2.0720e+00
10060 0 +3.545082450e-09 +1.205900000e+02 +1.205900000e+02 -9.5200e-01 +1.2240e-01 -2.0720e+00
10365 0 +3.126388037e-13 +1.205900000e+02 +1.205900000e+02 -9.5200e-01 +1.2240e-01 -2.0720e+00
10617 0 +0.000000000e+00 +1.205900000e+02 +1.205900000e+02 -9.5200e-01 +1.2240e-01 -2.0720e+00
12002 0 +0.000000000e+00 +1.205900000e+02 +1.205900000e+02 -9.5200e-01 +1.2240e-01 -2.0720e+00
% f evaluations | g evaluations | best noise-free fitness - Fopt (1.000000000000e+03) + sum g_i+ | measured fitness | best measured fitness or single-digit g-values | x1 | x2...
1 0 +2.394118709e+03 +3.394118709e+03 +3.394118709e+03 +2.9654e+00 -3.1657e+00 +2.7969e+00
2 0 +1.172642604e+02 +1.117264260e+03 +1.117264260e+03 +9.6850e-01 -5.4167e-01 -4.0003e+00
3 0 +7.317506598e+01 +1.073175066e+03 +1.073175066e+03 -4.0751e-01 -1.6629e+00 -3.5713e+00
7 0 +5.011730758e+01 +1.050117308e+03 +1.050117308e+03 -4.7694e+00 +2.4775e-01 -1.0014e+00
15 0 +3.623532394e+01 +1.036235324e+03 +1.036235324e+03 -3.2664e+00 -1.0894e+00 -3.1776e+00
133 0 +2.969884321e+01 +1.029698843e+03 +1.029698843e+03 -1.4743e+00 -9.3170e-01 -3.3534e+00
140 0 +7.840033788e+00 +1.007840034e+03 +1.007840034e+03 -8.8963e-01 -3.6139e+00 -1.5493e+00
1386 0 +7.359820684e+00 +1.007359821e+03 +1.007359821e+03 -2.0226e+00 -2.4641e+00 -1.4435e+00
1495 0 +5.039740017e+00 +1.005039740e+03 +1.005039740e+03 -3.3920e+00 -2.1487e+00 -2.8244e+00
2206 0 +4.851124386e+00 +1.004851124e+03 +1.004851124e+03 -1.7857e+00 -2.5849e+00 -2.1177e+00
2790 0 +3.684852391e+00 +1.003684852e+03 +1.003684852e+03 -2.5951e+00 -1.6208e+00 -2.4334e+00
2949 0 +3.170262228e+00 +1.003170262e+03 +1.003170262e+03 -2.5802e+00 -2.2376e+00 -2.0493e+00
3127 0 +2.282108891e+00 +1.002282109e+03 +1.002282109e+03 -2.5802e+00 -2.1879e+00 -2.0493e+00
3627 0 +1.343163676e+00 +1.001343164e+03 +1.001343164e+03 -2.5802e+00 -2.1879e+00 -2.0598e+00
4947 0 +4.629932395e-01 +1.000462993e+03 +1.000462993e+03 -2.5802e+00 -2.1881e+00 -2.0821e+00
5388 0 +4.532355937e-01 +1.000453236e+03 +1.000453236e+03 -2.5802e+00 -2.1881e+00 -2.0824e+00
5525 0 +3.942869481e-01 +1.000394287e+03 +1.000394287e+03 -2.5802e+00 -2.1881e+00 -2.1047e+00
5656 0 +3.681233266e-01 +1.000368123e+03 +1.000368123e+03 -2.5802e+00 -2.1881e+00 -2.1031e+00
6382 0 +3.377124857e-01 +1.000337712e+03 +1.000337712e+03 -2.5802e+00 -2.1881e+00 -2.1002e+00
7100 0 +2.640222730e-02 +1.000026402e+03 +1.000026402e+03 -2.5869e+00 -2.1652e+00 -2.1126e+00
7261 0 +8.407951404e-03 +1.000008408e+03 +1.000008408e+03 -2.5938e+00 -2.1652e+00 -2.1126e+00
7449 0 +2.128166280e-03 +1.000002128e+03 +1.000002128e+03 -2.5938e+00 -2.1631e+00 -2.1126e+00
7824 0 +1.523502753e-03 +1.000001524e+03 +1.000001524e+03 -2.5938e+00 -2.1631e+00 -2.1121e+00
8446 0 +9.221057828e-04 +1.000000922e+03 +1.000000922e+03 -2.5946e+00 -2.1631e+00 -2.1121e+00
8805 0 +7.728921923e-04 +1.000000773e+03 +1.000000773e+03 -2.5950e+00 -2.1631e+00 -2.1121e+00
8849 0 +5.395066762e-05 +1.000000054e+03 +1.000000054e+03 -2.5950e+00 -2.1631e+00 -2.1114e+00
8902 0 +5.148424430e-05 +1.000000051e+03 +1.000000051e+03 -2.5950e+00 -2.1631e+00 -2.1114e+00
9012 0 +2.140999186e-05 +1.000000021e+03 +1.000000021e+03 -2.5952e+00 -2.1631e+00 -2.1114e+00
9134 0 +1.832405349e-05 +1.000000018e+03 +1.000000018e+03 -2.5953e+00 -2.1631e+00 -2.1114e+00
9143 0 +8.906373978e-06 +1.000000009e+03 +1.000000009e+03 -2.5953e+00 -2.1631e+00 -2.1113e+00
9242 0 +7.189797202e-06 +1.000000007e+03 +1.000000007e+03 -2.5952e+00 -2.1631e+00 -2.1113e+00
9278 0 +6.685042877e-06 +1.000000007e+03 +1.000000007e+03 -2.5952e+00 -2.1631e+00 -2.1113e+00
9294 0 +3.268297519e-06 +1.000000003e+03 +1.000000003e+03 -2.5953e+00 -2.1631e+00 -2.1112e+00
9303 0 +2.675682936e-06 +1.000000003e+03 +1.000000003e+03 -2.5953e+00 -2.1631e+00 -2.1113e+00
9318 0 +2.233487066e-06 +1.000000002e+03 +1.000000002e+03 -2.5953e+00 -2.1631e+00 -2.1113e+00
9341 0 +2.158551638e-06 +1.000000002e+03 +1.000000002e+03 -2.5952e+00 -2.1631e+00 -2.1113e+00
9353 0 +1.887899089e-06 +1.000000002e+03 +1.000000002e+03 -2.5953e+00 -2.1631e+00 -2.1112e+00
9371 0 +1.551208015e-06 +1.000000002e+03 +1.000000002e+03 -2.5953e+00 -2.1631e+00 -2.1112e+00
9391 0 +2.468999583e-07 +1.000000000e+03 +1.000000000e+03 -2.5952e+00 -2.1632e+00 -2.1112e+00
9421 0 +2.355826609e-07 +1.000000000e+03 +1.000000000e+03 -2.5952e+00 -2.1632e+00 -2.1112e+00
9430 0 +1.071815632e-07 +1.000000000e+03 +1.000000000e+03 -2.5952e+00 -2.1632e+00 -2.1112e+00
9473 0 +6.483980997e-08 +1.000000000e+03 +1.000000000e+03 -2.5952e+00 -2.1632e+00 -2.1112e+00
9485 0 +1.254011295e-08 +1.000000000e+03 +1.000000000e+03 -2.5952e+00 -2.1632e+00 -2.1112e+00
9509 0 +4.707430890e-09 +1.000000000e+03 +1.000000000e+03 -2.5952e+00 -2.1632e+00 -2.1112e+00
9991 0 +7.958078641e-13 +1.000000000e+03 +1.000000000e+03 -2.5952e+00 -2.1632e+00 -2.1112e+00
10117 0 +0.000000000e+00 +1.000000000e+03 +1.000000000e+03 -2.5952e+00 -2.1632e+00 -2.1112e+00
12002 0 +0.000000000e+00 +1.000000000e+03 +1.000000000e+03 -2.5952e+00 -2.1632e+00 -2.1112e+00
% f evaluations | g evaluations | best noise-free fitness - Fopt (-9.166000000000e+01) + sum g_i+ | measured fitness | best measured fitness or single-digit g-values | x1 | x2...
1 0 +7.436079296e+01 -1.729920704e+01 -1.729920704e+01 +2.9654e+00 -3.1657e+00 +2.7969e+00
4 0 +4.619610485e+01 -4.546389515e+01 -4.546389515e+01 +1.5089e+00 -4.4359e+00 +2.2200e+00
17 0 +2.421394494e+01 -6.744605506e+01 -6.744605506e+01 +6.7700e-01 -4.6869e+00 +3.4228e+00
285 0 +2.352527442e+01 -6.813472558e+01 -6.813472558e+01 +5.4544e-01 -4.6869e+00 +3.4228e+00
389 0 +1.539631278e+01 -7.626368722e+01 -7.626368722e+01 +2.1836e-03 -3.8911e+00 +2.1145e+00
633 0 +1.012223004e+01 -8.153776996e+01 -8.153776996e+01 -5.0246e-01 -3.7005e+00 +4.7132e+00
948 0 +9.603415467e+00 -8.205658453e+01 -8.205658453e+01 -6.6704e-01 -3.0647e+00 +3.3152e+00
1441 0 +8.923321092e+00 -8.273667891e+01 -8.273667891e+01 -1.1575e+00 -3.6239e+00 +3.1605e+00
1462 0 +6.702052270e+00 -8.495794773e+01 -8.495794773e+01 -1.2699e+00 -3.1603e+00 +4.1380e+00
1638 0 +2.215191473e+00 -8.944480853e+01 -8.944480853e+01 +9.3036e-02 -3.1778e+00 +4.8027e+00
3608 0 +2.184803162e+00 -8.947519684e+01 -8.947519684e+01 +8.9196e-02 -3.1632e+00 +4.8027e+00
5125 0 +2.106384458e+00 -8.955361554e+01 -8.955361554e+01 +9.1899e-02 -3.1632e+00 +4.8182e+00
5638 0 +1.282093059e+00 -9.037790694e+01 -9.037790694e+01 +5.4558e-01 -3.2280e+00 +4.5433e+00
7364 0 +1.231794804e+00 -9.042820520e+01 -9.042820520e+01 +5.5700e-01 -3.2456e+00 +4.5159e+00
7383 0 +1.195137457e+00 -9.046486254e+01 -9.046486254e+01 +5.5700e-01 -3.2494e+00 +4.5159e+00
8443 0 +1.162554044e+00 -9.049744596e+01 -9.049744596e+01 -4.1812e-01 -3.5231e+00 +4.0904e+00
8473 0 +1.097880252e+00 -9.056211975e+01 -9.056211975e+01 +5.6373e-01 -3.2452e+00 +4.5239e+00
8742 0 +1.038634291e+00 -9.062136571e+01 -9.062136571e+01 +5.6373e-01 -3.2415e+00 +4.5314e+00
9077 0 +1.848180592e-01 -9.147518194e+01 -9.147518194e+01 +1.1312e-02 -3.5928e+00 +3.8240e+00
9126 0 +1.048975221e-01 -9.155510248e+01 -9.155510248e+01 +1.1312e-02 -3.5928e+00 +3.8320e+00
9135 0 +1.044556717e-01 -9.155554433e+01 -9.155554433e+01 +1.1312e-02 -3.5928e+00 +3.8321e+00
9225 0 +9.340004099e-02 -9.156659996e+01 -9.156659996e+01 +1.1312e-02 -3.5977e+00 +3.8321e+00
9507 0 +8.011080236e-02 -9.157988920e+01 -9.157988920e+01 +9.9258e-03 -3.5977e+00 +3.8321e+00
9569 0 +5.867786053e-02 -9.160132214e+01 -9.160132214e+01 +7.3257e-03 -3.5987e+00 +3.8302e+00
9665 0 +5.315578031e-02 -9.160684422e+01 -9.160684422e+01 +6.9705e-03 -3.5979e+00 +3.8299e+00
9782 0 +4.971500572e-02 -9.161028499e+01 -9.161028499e+01 +6.0913e-03 -3.5977e+00 +3.8321e+00
9801 0 +2.976659411e-02 -9.163023341e+01 -9.163023341e+01 +4.2626e-03 -3.5969e+00 +3.8299e+00
9899 0 +2.662024475e-02 -9.163337976e+01 -9.163337976e+01 +1.0204e-03 -3.5974e+00 +3.8299e+00
9927 0 +1.518175071e-02 -9.164481825e+01 -9.164481825e+01 +1.2709e-03 -3.5971e+00 +3.8286e+00
9934 0 +8.112022120e-03 -9.165188798e+01 -9.165188798e+01 -8.5434e-04 -3.5964e+00 +3.8242e+00
9948 0 +1.807372166e-03 -9.165819263e+01 -9.165819263e+01 -2.5057e-03 -3.5964e+00 +3.8244e+00
9962 0 +1.751222154e-03 -9.165824878e+01 -9.165824878e+01 -2.5057e-03 -3.5964e+00 +3.8245e+00
9983 0 +1.030864279e-03 -9.165896914e+01 -9.165896914e+01 -3.1914e-03 -3.5962e+00 +3.8245e+00
10032 0 +9.556819863e-04 -9.165904432e+01 -9.165904432e+01 -3.4708e-03 -3.5962e+00 +3.8240e+00
10038 0 +4.747372388e-04 -9.165952526e+01 -9.165952526e+01 -4.0777e-03 -3.5962e+00 +3.8240e+00
10046 0 +3.088380007e-04 -9.165969116e+01 -9.165969116e+01 -4.8653e-03 -3.5963e+00 +3.8236e+00
10052 0 +2.395362936e-04 -9.165976046e+01 -9.165976046e+01 -4.7337e-03 -3.5963e+00 +3.8236e+00
10058 0 +2.245844534e-04 -9.165977542e+01 -9.165977542e+01 -4.7216e-03 -3.5963e+00 +3.8236e+00
10062 0 +1.437286438e-04 -9.165985627e+01 -9.165985627e+01 -4.4197e-03 -3.5966e+00 +3.8233e+00
10068 0 +1.393867927e-04 -9.165986061e+01 -9.165986061e+01 -4.4197e-03 -3.5966e+00 +3.8233e+00
10086 0 +3.668490727e-05 -9.165996332e+01 -9.165996332e+01 -4.7580e-03 -3.5967e+00 +3.8231e+00
10122 0 +6.071181133e-06 -9.165999393e+01 -9.165999393e+01 -4.7580e-03 -3.5968e+00 +3.8231e+00
10140 0 +2.861528330e-06 -9.165999714e+01 -9.165999714e+01 -4.7580e-03 -3.5968e+00 +3.8232e+00
10152 0 +8.550538695e-07 -9.165999914e+01 -9.165999914e+01 -4.7900e-03 -3.5968e+00 +3.8232e+00
10210 0 +3.965731565e-07 -9.165999960e+01 -9.165999960e+01 -4.7864e-03 -3.5968e+00 +3.8232e+00
10240 0 +2.807790764e-07 -9.165999972e+01 -9.165999972e+01 -4.7864e-03 -3.5968e+00 +3.8232e+00
10252 0 +2.040413705e-07 -9.165999980e+01 -9.165999980e+01 -4.7980e-03 -3.5968e+00 +3.8232e+00
10258 0 +1.245842611e-07 -9.165999988e+01 -9.165999988e+01 -4.7920e-03 -3.5968e+00 +3.8232e+00
10267 0 +6.170984079e-08 -9.165999994e+01 -9.165999994e+01 -4.7985e-03 -3.5968e+00 +3.8232e+00
10273 0 +3.237096280e-08 -9.165999997e+01 -9.165999997e+01 -4.7985e-03 -3.5968e+00 +3.8232e+00
10291 0 +1.384171355e-08 -9.165999999e+01 -9.165999999e+01 -4.8022e-03 -3.5968e+00 +3.8232e+00
10317 0 +5.209471965e-09 -9.165999999e+01 -9.165999999e+01 -4.8038e-03 -3.5968e+00 +3.8232e+00
10577 0 +7.958078641e-13 -9.166000000e+01 -9.166000000e+01 -4.8000e-03 -3.5968e+00 +3.8232e+00
10799 0 +0.000000000e+00 -9.166000000e+01 -9.166000000e+01 -4.8000e-03 -3.5968e+00 +3.8232e+00
12002 0 +0.000000000e+00 -9.166000000e+01 -9.166000000e+01 -4.8000e-03 -3.5968e+00 +3.8232e+00
% f evaluations | g evaluations | best noise-free fitness - Fopt (5.961500000000e+02) + sum g_i+ | measured fitness | best measured fitness or single-digit g-values | x1 | x2...
1 0 +2.568605233e+02 +8.530105233e+02 +8.530105233e+02 +2.9654e+00 -3.1657e+00 +2.7969e+00
2 0 +1.047633906e+02 +7.009133906e+02 +7.009133906e+02 +9.6850e-01 -5.4167e-01 -4.0003e+00
3 0 +8.581252064e+01 +6.819625206e+02 +6.819625206e+02 -4.0751e-01 -1.6629e+00 -3.5713e+00
13 0 +4.185882415e+01 +6.380088241e+02 +6.380088241e+02 -4.8403e+00 -2.6911e+00 -2.5897e+00
24 0 +3.834492826e+01 +6.344949283e+02 +6.344949283e+02 -7.6599e-01 -1.0512e+00 -2.0651e+00
39 0 +2.064582304e+01 +6.167958230e+02 +6.167958230e+02 -3.9451e+00 -4.3465e-01 -2.8156e+00
85 0 +2.039404078e+01 +6.165440408e+02 +6.165440408e+02 -2.3153e+00 -1.4720e-01 -1.2731e+00
126 0 +1.279667307e+01 +6.089466731e+02 +6.089466731e+02 -2.0218e+00 +3.9841e-01 -2.9694e+00
195 0 +1.019818708e+01 +6.063481871e+02 +6.063481871e+02 -3.2664e+00 -1.7990e+00 -2.9190e+00
662 0 +5.965170151e+00 +6.021151702e+02 +6.021151702e+02 -4.3511e+00 -1.5157e+00 -3.1865e+00
1234 0 +5.698135033e+00 +6.018481350e+02 +6.018481350e+02 -4.3511e+00 -1.5034e+00 -3.1865e+00
1298 0 +4.302328905e+00 +6.004523289e+02 +6.004523289e+02 -2.3340e+00 -1.1490e+00 -3.0424e+00
1973 0 +4.261768293e+00 +6.004117683e+02 +6.004117683e+02 -2.3716e+00 -1.1490e+00 -3.0424e+00
2245 0 +3.607942224e+00 +5.997579422e+02 +5.997579422e+02 -2.5584e+00 -1.7734e-02 -3.0447e+00
2782 0 +3.054642578e+00 +5.992046426e+02 +5.992046426e+02 -3.8099e+00 -1.8439e+00 -2.8156e+00
2844 0 +1.332436987e+00 +5.974824370e+02 +5.974824370e+02 -3.8099e+00 -1.7637e+00 -2.8156e+00
3562 0 +1.226708226e+00 +5.973767082e+02 +5.973767082e+02 -2.8248e+00 -1.3328e+00 -2.2845e+00
4098 0 +1.192763875e+00 +5.973427639e+02 +5.973427639e+02 -3.8099e+00 -1.7289e+00 -2.8156e+00
4570 0 +1.158190330e+00 +5.973081903e+02 +5.973081903e+02 -2.8471e+00 -1.3328e+00 -2.2845e+00
5279 0 +1.147973939e+00 +5.972979739e+02 +5.972979739e+02 -3.0240e+00 -9.6999e-01 -2.7120e+00
5715 0 +1.074161778e+00 +5.972241618e+02 +5.972241618e+02 -2.8471e+00 -1.3484e+00 -2.2845e+00
6355 0 +6.757938782e-01 +5.968257939e+02 +5.968257939e+02 -3.0240e+00 -9.9431e-01 -2.7120e+00
7161 0 +6.145772977e-01 +5.967645773e+02 +5.967645773e+02 -3.0307e+00 -9.9431e-01 -2.7120e+00
7318 0 +4.972453578e-01 +5.966472454e+02 +5.966472454e+02 -3.0329e+00 -9.9431e-01 -2.6894e+00
7760 0 +2.284787538e-01 +5.963784788e+02 +5.963784788e+02 -3.0329e+00 -1.0116e+00 -2.6894e+00
8602 0 +1.595662377e-01 +5.963095662e+02 +5.963095662e+02 -3.0460e+00 -1.0116e+00 -2.6894e+00
8669 0 +6.344804676e-02 +5.962134480e+02 +5.962134480e+02 -3.0598e+00 -1.0273e+00 -2.6901e+00
8757 0 +3.548489984e-02 +5.961854849e+02 +5.961854849e+02 -3.0515e+00 -1.0273e+00 -2.6941e+00
8898 0 +1.294167139e-02 +5.961629417e+02 +5.961629417e+02 -3.0578e+00 -1.0273e+00 -2.6941e+00
9008 0 +6.704059645e-03 +5.961567041e+02 +5.961567041e+02 -3.0578e+00 -1.0273e+00 -2.6987e+00
9226 0 +6.479125623e-03 +5.961564791e+02 +5.961564791e+02 -3.0578e+00 -1.0272e+00 -2.6987e+00
9233 0 +4.394232834e-03 +5.961543942e+02 +5.961543942e+02 -3.0571e+00 -1.0262e+00 -2.6953e+00
9288 0 +2.164894752e-03 +5.961521649e+02 +5.961521649e+02 -3.0587e+00 -1.0275e+00 -2.6966e+00
9418 0 +2.124679250e-03 +5.961521247e+02 +5.961521247e+02 -3.0571e+00 -1.0261e+00 -2.6963e+00
9499 0 +2.082739485e-03 +5.961520827e+02 +5.961520827e+02 -3.0587e+00 -1.0275e+00 -2.6966e+00
9561 0 +7.998451862e-04 +5.961507998e+02 +5.961507998e+02 -3.0580e+00 -1.0258e+00 -2.6966e+00
9593 0 +6.620343411e-04 +5.961506620e+02 +5.961506620e+02 -3.0581e+00 -1.0259e+00 -2.6967e+00
9668 0 +5.880224476e-04 +5.961505880e+02 +5.961505880e+02 -3.0580e+00 -1.0263e+00 -2.6971e+00
9684 0 +4.914433048e-04 +5.961504914e+02 +5.961504914e+02 -3.0581e+00 -1.0263e+00 -2.6971e+00
9720 0 +4.717466024e-04 +5.961504717e+02 +5.961504717e+02 -3.0581e+00 -1.0263e+00 -2.6971e+00
9740 0 +4.297338511e-04 +5.961504297e+02 +5.961504297e+02 -3.0589e+00 -1.0265e+00 -2.6971e+00
9746 0 +4.091199040e-04 +5.961504091e+02 +5.961504091e+02 -3.0579e+00 -1.0260e+00 -2.6973e+00
9752 0 +2.346293672e-04 +5.961502346e+02 +5.961502346e+02 -3.0586e+00 -1.0263e+00 -2.6974e+00
9753 0 +9.899350073e-05 +5.961500990e+02 +5.961500990e+02 -3.0585e+00 -1.0260e+00 -2.6975e+00
9774 0 +7.006216890e-05 +5.961500701e+02 +5.961500701e+02 -3.0586e+00 -1.0260e+00 -2.6975e+00
9795 0 +5.969818744e-05 +5.961500597e+02 +5.961500597e+02 -3.0587e+00 -1.0260e+00 -2.6975e+00
9810 0 +4.617112256e-05 +5.961500462e+02 +5.961500462e+02 -3.0585e+00 -1.0259e+00 -2.6976e+00
9828 0 +2.647779763e-05 +5.961500265e+02 +5.961500265e+02 -3.0586e+00 -1.0256e+00 -2.6977e+00
9845 0 +1.963517354e-05 +5.961500196e+02 +5.961500196e+02 -3.0585e+00 -1.0258e+00 -2.6976e+00
9852 0 +1.929386872e-05 +5.961500193e+02 +5.961500193e+02 -3.0585e+00 -1.0258e+00 -2.6976e+00
9865 0 +1.774444979e-05 +5.961500177e+02 +5.961500177e+02 -3.0585e+00 -1.0258e+00 -2.6975e+00
9873 0 +1.703245573e-05 +5.961500170e+02 +5.961500170e+02 -3.0585e+00 -1.0258e+00 -2.6976e+00
9879 0 +1.659991460e-05 +5.961500166e+02 +5.961500166e+02 -3.0585e+00 -1.0258e+00 -2.6975e+00
9884 0 +1.076386786e-05 +5.961500108e+02 +5.961500108e+02 -3.0586e+00 -1.0257e+00 -2.6976e+00
9886 0 +4.092771064e-06 +5.961500041e+02 +5.961500041e+02 -3.0585e+00 -1.0257e+00 -2.6976e+00
9893 0 +1.714494829e-06 +5.961500017e+02 +5.961500017e+02 -3.0585e+00 -1.0257e+00 -2.6976e+00
9914 0 +9.192527841e-07 +5.961500009e+02 +5.961500009e+02 -3.0584e+00 -1.0256e+00 -2.6976e+00
9963 0 +2.940777222e-07 +5.961500003e+02 +5.961500003e+02 -3.0584e+00 -1.0256e+00 -2.6976e+00
9970 0 +1.006859520e-07 +5.961500001e+02 +5.961500001e+02 -3.0584e+00 -1.0256e+00 -2.6976e+00
10004 0 +9.262498679e-08 +5.961500001e+02 +5.961500001e+02 -3.0584e+00 -1.0256e+00 -2.6976e+00
10009 0 +6.062532520e-08 +5.961500001e+02 +5.961500001e+02 -3.0584e+00 -1.0256e+00 -2.6976e+00
10012 0 +5.551169124e-08 +5.961500001e+02 +5.961500001e+02 -3.0584e+00 -1.0256e+00 -2.6976e+00
10054 0 +4.214552973e-08 +5.961500000e+02 +5.961500000e+02 -3.0584e+00 -1.0256e+00 -2.6976e+00
10066 0 +2.680110356e-08 +5.961500000e+02 +5.961500000e+02 -3.0584e+00 -1.0256e+00 -2.6976e+00
10093 0 +1.547937245e-08 +5.961500000e+02 +5.961500000e+02 -3.0584e+00 -1.0256e+00 -2.6976e+00
10096 0 +1.211139988e-08 +5.961500000e+02 +5.961500000e+02 -3.0584e+00 -1.0256e+00 -2.6976e+00
10101 0 +8.469100976e-09 +5.961500000e+02 +5.961500000e+02 -3.0584e+00 -1.0256e+00 -2.6976e+00
10418 0 +3.410605132e-13 +5.961500000e+02 +5.961500000e+02 -3.0584e+00 -1.0256e+00 -2.6976e+00
10472 0 +0.000000000e+00 +5.961500000e+02 +5.961500000e+02 -3.0584e+00 -1.0256e+00 -2.6976e+00
12002 0 +0.000000000e+00 +5.961500000e+02 +5.961500000e+02 -3.0584e+00 -1.0256e+00 -2.6976e+00
% f evaluations | g evaluations | best noise-free fitness - Fopt (1.325100000000e+02) + sum g_i+ | measured fitness | best measured fitness or single-digit g-values | x1 | x2...
1 0 +3.020151480e+02 +4.345251480e+02 +4.345251480e+02 +2.9654e+00 -3.1657e+00 +2.7969e+00
2 0 +1.255604436e+02 +2.580704436e+02 +2.580704436e+02 +9.6850e-01 -5.4167e-01 -4.0003e+00
3 0 +8.968184336e+01 +2.221918434e+02 +2.221918434e+02 -4.0751e-01 -1.6629e+00 -3.5713e+00
14 0 +4.891657241e+01 +1.814265724e+02 +1.814265724e+02 +1.8326e+00 +1.1000e+00 +3.3319e+00
26 0 +4.215390414e+01 +1.746639041e+02 +1.746639041e+02 +2.9018e+00 +1.0596e+00 +4.2630e+00
27 0 +2.381119537e+01 +1.563211954e+02 +1.563211954e+02 +1.5108e+00 +4.1496e+00 +3.5004e+00
66 0 +1.996478467e+01 +1.524747847e+02 +1.524747847e+02 +2.0036e+00 +3.4666e+00 +3.5632e+00
346 0 +1.657880401e+01 +1.490888040e+02 +1.490888040e+02 +1.4510e+00 +1.6892e+00 +2.5009e+00
371 0 +1.501053124e+01 +1.475205312e+02 +1.475205312e+02 +1.3379e+00 +1.8266e+00 +3.3319e+00
714 0 +7.822850793e+00 +1.403328508e+02 +1.403328508e+02 +1.3379e+00 +2.8225e+00 +3.3319e+00
1284 0 +4.623817567e+00 +1.371338176e+02 +1.371338176e+02 +1.3379e+00 +2.8225e+00 +3.4204e+00
1362 0 +4.366045737e+00 +1.368760457e+02 +1.368760457e+02 +1.3905e+00 +2.8225e+00 +3.4204e+00
1960 0 +2.637232395e+00 +1.351472324e+02 +1.351472324e+02 +1.3905e+00 +2.8225e+00 +3.4793e+00
3899 0 +2.015824113e+00 +1.345258241e+02 +1.345258241e+02 +1.8456e+00 +3.3383e+00 +3.2488e+00
4046 0 +1.428094591e+00 +1.339380946e+02 +1.339380946e+02 +1.8456e+00 +3.2803e+00 +3.2488e+00
4504 0 +1.145741616e+00 +1.336557416e+02 +1.336557416e+02 +1.8663e+00 +3.2803e+00 +3.2488e+00
5330 0 +1.011346894e+00 +1.335213469e+02 +1.335213469e+02 +1.8663e+00 +3.2930e+00 +3.2488e+00
7450 0 +9.874574535e-01 +1.334974575e+02 +1.334974575e+02 +1.5832e+00 +3.0098e+00 +3.2881e+00
7661 0 +9.287646507e-01 +1.334387647e+02 +1.334387647e+02 +1.5832e+00 +3.0098e+00 +3.2914e+00
7920 0 +8.650767287e-01 +1.333750767e+02 +1.333750767e+02 +1.5832e+00 +3.0185e+00 +3.2914e+00
8978 0 +8.164366580e-01 +1.333264367e+02 +1.333264367e+02 +1.5847e+00 +3.0208e+00 +3.2938e+00
9068 0 +5.909277001e-01 +1.331009277e+02 +1.331009277e+02 +1.5847e+00 +3.0208e+00 +3.3371e+00
9089 0 +5.313262469e-01 +1.330413262e+02 +1.330413262e+02 +1.5990e+00 +3.0339e+00 +3.3183e+00
9119 0 +4.316151688e-01 +1.329416152e+02 +1.329416152e+02 +1.5951e+00 +3.0268e+00 +3.3183e+00
9147 0 +3.727269900e-01 +1.328827270e+02 +1.328827270e+02 +1.5918e+00 +3.0268e+00 +3.3202e+00
9228 0 +3.596887154e-01 +1.328696887e+02 +1.328696887e+02 +1.5918e+00 +3.0267e+00 +3.3210e+00
9357 0 +2.272250835e-01 +1.327372251e+02 +1.327372251e+02 +1.5922e+00 +3.0260e+00 +3.3373e+00
9416 0 +1.589736441e-01 +1.326689736e+02 +1.326689736e+02 +1.5949e+00 +3.0260e+00 +3.3354e+00
9432 0 +1.404292168e-01 +1.326504292e+02 +1.326504292e+02 +1.5961e+00 +3.0260e+00 +3.3358e+00
9571 0 +1.334230964e-01 +1.326434231e+02 +1.326434231e+02 +1.5958e+00 +3.0273e+00 +3.3358e+00
9611 0 +1.240110404e-01 +1.326340110e+02 +1.326340110e+02 +1.5983e+00 +3.0264e+00 +3.3358e+00
9627 0 +1.008245720e-01 +1.326108246e+02 +1.326108246e+02 +1.6000e+00 +3.0264e+00 +3.3391e+00
9635 0 +9.505402683e-02 +1.326050540e+02 +1.326050540e+02 +1.6000e+00 +3.0270e+00 +3.3391e+00
9642 0 +8.027734148e-02 +1.325902773e+02 +1.325902773e+02 +1.5976e+00 +3.0295e+00 +3.3427e+00
9645 0 +6.695821187e-02 +1.325769582e+02 +1.325769582e+02 +1.6037e+00 +3.0274e+00 +3.3444e+00
9669 0 +5.431726078e-02 +1.325643173e+02 +1.325643173e+02 +1.6037e+00 +3.0294e+00 +3.3444e+00
9677 0 +5.001819485e-02 +1.325600182e+02 +1.325600182e+02 +1.6037e+00 +3.0279e+00 +3.3481e+00
9692 0 +4.769576588e-02 +1.325576958e+02 +1.325576958e+02 +1.6037e+00 +3.0282e+00 +3.3481e+00
9708 0 +3.083123513e-02 +1.325408312e+02 +1.325408312e+02 +1.6049e+00 +3.0297e+00 +3.3529e+00
9720 0 +1.769697725e-02 +1.325276970e+02 +1.325276970e+02 +1.6029e+00 +3.0334e+00 +3.3481e+00
9727 0 +1.625091202e-02 +1.325262509e+02 +1.325262509e+02 +1.6029e+00 +3.0354e+00 +3.3481e+00
9743 0 +1.221195385e-02 +1.325222120e+02 +1.325222120e+02 +1.6032e+00 +3.0346e+00 +3.3494e+00
9751 0 +4.139233150e-03 +1.325141392e+02 +1.325141392e+02 +1.6080e+00 +3.0361e+00 +3.3600e+00
9784 0 +2.189457375e-03 +1.325121895e+02 +1.325121895e+02 +1.6051e+00 +3.0358e+00 +3.3556e+00
9798 0 +8.734058959e-04 +1.325108734e+02 +1.325108734e+02 +1.6068e+00 +3.0358e+00 +3.3571e+00
9812 0 +8.646028532e-04 +1.325108646e+02 +1.325108646e+02 +1.6066e+00 +3.0358e+00 +3.3571e+00
9819 0 +7.392255798e-04 +1.325107392e+02 +1.325107392e+02 +1.6066e+00 +3.0358e+00 +3.3569e+00
9826 0 +4.102673130e-04 +1.325104103e+02 +1.325104103e+02 +1.6065e+00 +3.0360e+00 +3.3571e+00
9848 0 +1.022681446e-04 +1.325101023e+02 +1.325101023e+02 +1.6062e+00 +3.0368e+00 +3.3562e+00
9855 0 +9.348238800e-05 +1.325100935e+02 +1.325100935e+02 +1.6062e+00 +3.0366e+00 +3.3562e+00
9889 0 +7.159770053e-05 +1.325100716e+02 +1.325100716e+02 +1.6065e+00 +3.0371e+00 +3.3571e+00
9917 0 +7.001457823e-05 +1.325100700e+02 +1.325100700e+02 +1.6065e+00 +3.0371e+00 +3.3571e+00
9924 0 +3.897447269e-05 +1.325100390e+02 +1.325100390e+02 +1.6064e+00 +3.0370e+00 +3.3568e+00
9949 0 +2.974671438e-05 +1.325100297e+02 +1.325100297e+02 +1.6065e+00 +3.0366e+00 +3.3567e+00
9963 0 +2.670234090e-05 +1.325100267e+02 +1.325100267e+02 +1.6065e+00 +3.0366e+00 +3.3567e+00
9969 0 +2.545902328e-05 +1.325100255e+02 +1.325100255e+02 +1.6063e+00 +3.0368e+00 +3.3565e+00
9984 0 +1.608836803e-05 +1.325100161e+02 +1.325100161e+02 +1.6064e+00 +3.0366e+00 +3.3567e+00
9987 0 +3.577801237e-06 +1.325100036e+02 +1.325100036e+02 +1.6064e+00 +3.0367e+00 +3.3568e+00
10001 0 +2.368955705e-06 +1.325100024e+02 +1.325100024e+02 +1.6064e+00 +3.0368e+00 +3.3568e+00
10029 0 +2.135750663e-06 +1.325100021e+02 +1.325100021e+02 +1.6064e+00 +3.0368e+00 +3.3568e+00
10035 0 +1.698082343e-06 +1.325100017e+02 +1.325100017e+02 +1.6064e+00 +3.0368e+00 +3.3568e+00
10041 0 +1.563732923e-06 +1.325100016e+02 +1.325100016e+02 +1.6064e+00 +3.0368e+00 +3.3568e+00
10053 0 +4.324724898e-07 +1.325100004e+02 +1.325100004e+02 +1.6064e+00 +3.0368e+00 +3.3568e+00
10077 0 +4.068926671e-07 +1.325100004e+02 +1.325100004e+02 +1.6064e+00 +3.0368e+00 +3.3568e+00
10079 0 +3.438210570e-07 +1.325100003e+02 +1.325100003e+02 +1.6064e+00 +3.0368e+00 +3.3568e+00
10097 0 +2.884343360e-07 +1.325100003e+02 +1.325100003e+02 +1.6064e+00 +3.0368e+00 +3.3568e+00
10127 0 +2.067991716e-07 +1.325100002e+02 +1.325100002e+02 +1.6064e+00 +3.0368e+00 +3.3568e+00
10133 0 +2.033989119e-07 +1.325100002e+02 +1.325100002e+02 +1.6064e+00 +3.0368e+00 +3.3568e+00
10135 0 +1.583080689e-07 +1.325100002e+02 +1.325100002e+02 +1.6064e+00 +3.0368e+00 +3.3568e+00
10145 0 +9.611537166e-08 +1.325100001e+02 +1.325100001e+02 +1.6064e+00 +3.0368e+00 +3.3568e+00
10163 0 +1.667817173e-08 +1.325100000e+02 +1.325100000e+02 +1.6064e+00 +3.0368e+00 +3.3568e+00
10213 0 +1.238279879e-08 +1.325100000e+02 +1.325100000e+02 +1.6064e+00 +3.0368e+00 +3.3568e+00
10220 0 +8.180165878e-09 +1.325100000e+02 +1.325100000e+02 +1.6064e+00 +3.0368e+00 +3.3568e+00
10518 0 +7.958078641e-13 +1.325100000e+02 +1.325100000e+02 +1.6064e+00 +3.0368e+00 +3.3568e+00
10749 0 +0.000000000e+00 +1.325100000e+02 +1.325100000e+02 +1.6064e+00 +3.0368e+00 +3.3568e+00
12002 0 +0.000000000e+00 +1.325100000e+02 +1.325100000e+02 +1.6064e+00 +3.0368e+00 +3.3568e+00
% f evaluations | g evaluations | best noise-free fitness - Fopt (-2.401800000000e+02) + sum g_i+ | measured fitness | best measured fitness or single-digit g-values | x1 | x2...
1 0 +1.317893212e+02 -1.083906788e+02 -1.083906788e+02 +2.9654e+00 -3.1657e+00 +2.7969e+00
4 0 +1.255064970e+02 -1.146735030e+02 -1.146735030e+02 +1.5089e+00 -4.4359e+00 +2.2200e+00
7 0 +1.032549067e+02 -1.369250933e+02 -1.369250933e+02 -4.7694e+00 +2.4775e-01 -1.0014e+00
9 0 +9.665884048e+01 -1.435211595e+02 -1.435211595e+02 -4.0939e+00 +1.1839e+00 -1.1754e+00
14 0 +9.105275602e+01 -1.491272440e+02 -1.491272440e+02 +1.8326e+00 +1.1000e+00 +3.3319e+00
18 0 +6.545546530e+01 -1.747245347e+02 -1.747245347e+02 -5.0246e-01 -1.0485e+00 +4.2666e+00
34 0 +4.026005351e+01 -1.999199465e+02 -1.999199465e+02 -2.9828e+00 +3.9576e+00 -2.4630e-01
44 0 +3.667957774e+01 -2.035004223e+02 -2.035004223e+02 +3.4089e-01 -1.5170e-01 +1.9244e+00
124 0 +3.618206057e+01 -2.039979394e+02 -2.039979394e+02 -2.9828e+00 +2.5238e+00 -2.4630e-01
158 0 +2.329552656e+01 -2.168844734e+02 -2.168844734e+02 -3.8017e+00 +2.8534e+00 +1.6899e+00
489 0 +1.431934717e+01 -2.258606528e+02 -2.258606528e+02 -4.3511e+00 +1.6475e+00 +1.0529e+00
653 0 +1.206399120e+01 -2.281160088e+02 -2.281160088e+02 -1.5840e+00 +3.1692e+00 +6.3317e-01
655 0 +8.478083476e+00 -2.317019165e+02 -2.317019165e+02 -3.6000e+00 +3.5632e+00 +6.8292e-01
909 0 +7.316996856e+00 -2.328630031e+02 -2.328630031e+02 -4.3511e+00 +1.7524e+00 +1.0529e+00
1769 0 +7.150584439e+00 -2.330294156e+02 -2.330294156e+02 -4.3511e+00 +1.7524e+00 +1.0631e+00
1923 0 +6.357498461e+00 -2.338225015e+02 -2.338225015e+02 -3.2382e+00 +1.0509e+00 +1.4141e+00
2121 0 +3.447426756e+00 -2.367325732e+02 -2.367325732e+02 -3.6000e+00 +3.5632e+00 +7.4709e-01
3481 0 +3.351525141e+00 -2.368284749e+02 -2.368284749e+02 -3.6000e+00 +3.5632e+00 +7.6212e-01
3535 0 +2.337392341e+00 -2.378426077e+02 -2.378426077e+02 -3.5151e+00 +3.5632e+00 +7.6212e-01
3588 0 +2.199247977e+00 -2.379807520e+02 -2.379807520e+02 -3.5464e+00 +3.5632e+00 +7.6212e-01
4523 0 +2.010731317e+00 -2.381692687e+02 -2.381692687e+02 -2.6851e+00 +2.3119e+00 +1.2657e+00
4856 0 +1.636165717e+00 -2.385438343e+02 -2.385438343e+02 -2.6851e+00 +2.2650e+00 +1.2657e+00
5615 0 +1.035093773e+00 -2.391449062e+02 -2.391449062e+02 -2.6493e+00 +2.2650e+00 +1.2638e+00
6530 0 +1.022421870e+00 -2.391575781e+02 -2.391575781e+02 -2.6493e+00 +2.2667e+00 +1.2638e+00
9398 0 +9.992563945e-01 -2.391807436e+02 -2.391807436e+02 -2.6480e+00 +2.2756e+00 +1.2636e+00
12002 0 +9.949590571e-01 -2.391850409e+02 -2.391850409e+02 -2.6472e+00 +2.2737e+00 +1.2635e+00
% f evaluations | g evaluations | best noise-free fitness - Fopt (-3.941600000000e+02) + sum g_i+ | measured fitness | best measured fitness or single-digit g-values | x1 | x2...
1 0 +1.336014910e+02 -2.605585090e+02 -2.605585090e+02 +2.9654e+00 -3.1657e+00 +2.7969e+00
4 0 +1.012113853e+02 -2.929486147e+02 -2.929486147e+02 +1.5089e+00 -4.4359e+00 +2.2200e+00
28 0 +7.986435871e+01 -3.142956413e+02 -3.142956413e+02 -5.0549e-01 -4.0459e+00 -1.2918e+00
52 0 +7.116990257e+01 -3.229900974e+02 -3.229900974e+02 -5.2217e-01 +5.2893e-01 +9.2697e-01
72 0 +1.584576412e+01 -3.783142359e+02 -3.783142359e+02 -3.2407e+00 -4.8192e+00 -6.1063e-02
210 0 +1.492009301e+01 -3.792399070e+02 -3.792399070e+02 -2.2528e+00 -4.4173e+00 -9.7410e-01
512 0 +3.535508031e+00 -3.906244920e+02 -3.906244920e+02 -3.2407e+00 -3.7243e+00 -6.1063e-02
2546 0 +3.310917539e+00 -3.908490825e+02 -3.908490825e+02 -3.3871e+00 -3.7243e+00 -6.1063e-02
2560 0 +2.137338321e+00 -3.920226617e+02 -3.920226617e+02 -2.4235e+00 -3.3640e+00 -4.2491e-01
3510 0 +2.018227128e+00 -3.921417729e+02 -3.921417729e+02 -2.4235e+00 -3.3599e+00 -4.2491e-01
4351 0 +1.855196597e+00 -3.923048034e+02 -3.923048034e+02 -2.4361e+00 -3.3599e+00 -4.2491e-01
4615 0 +1.675146068e+00 -3.924848539e+02 -3.924848539e+02 -2.4361e+00 -3.3599e+00 -4.1957e-01
5086 0 +1.112531140e+00 -3.930474689e+02 -3.930474689e+02 -3.3015e+00 -3.7525e+00 -6.1063e-02
7370 0 +1.093685920e+00 -3.930663141e+02 -3.930663141e+02 -3.3015e+00 -3.7526e+00 -5.1724e-02
8389 0 +3.559965912e-01 -3.938040034e+02 -3.938040034e+02 -2.8820e+00 -3.5629e+00 -2.2139e-01
8597 0 +2.904222094e-01 -3.938695778e+02 -3.938695778e+02 -2.8820e+00 -3.5296e+00 -2.2139e-01
8621 0 +1.486069964e-01 -3.940113930e+02 -3.940113930e+02 -2.8820e+00 -3.5296e+00 -2.1723e-01
8723 0 +8.813351985e-02 -3.940718665e+02 -3.940718665e+02 -2.8868e+00 -3.5296e+00 -2.0810e-01
9181 0 +7.491433026e-02 -3.940850857e+02 -3.940850857e+02 -2.8870e+00 -3.5318e+00 -2.0767e-01
9212 0 +2.206191377e-02 -3.941379381e+02 -3.941379381e+02 -2.8903e+00 -3.5388e+00 -2.1027e-01
9583 0 +2.113488835e-02 -3.941388651e+02 -3.941388651e+02 -2.8903e+00 -3.5388e+00 -2.1673e-01
9675 0 +1.576733233e-02 -3.941442327e+02 -3.941442327e+02 -2.8855e+00 -3.5367e+00 -2.1081e-01
9722 0 +9.129300360e-03 -3.941508707e+02 -3.941508707e+02 -2.8903e+00 -3.5388e+00 -2.1164e-01
9799 0 +7.756297230e-03 -3.941522437e+02 -3.941522437e+02 -2.8903e+00 -3.5388e+00 -2.1494e-01
9841 0 +7.449011789e-03 -3.941525510e+02 -3.941525510e+02 -2.8902e+00 -3.5388e+00 -2.1490e-01
10066 0 +6.089653254e-03 -3.941539103e+02 -3.941539103e+02 -2.8902e+00 -3.5388e+00 -2.1473e-01
10108 0 +4.870246504e-03 -3.941551298e+02 -3.941551298e+02 -2.8893e+00 -3.5391e+00 -2.1478e-01
10126 0 +1.967685516e-03 -3.941580323e+02 -3.941580323e+02 -2.8879e+00 -3.5391e+00 -2.1363e-01
10132 0 +1.393143417e-03 -3.941586069e+02 -3.941586069e+02 -2.8895e+00 -3.5396e+00 -2.1363e-01
10144 0 +9.912970625e-04 -3.941590087e+02 -3.941590087e+02 -2.8895e+00 -3.5398e+00 -2.1368e-01
10169 0 +9.106038322e-04 -3.941590894e+02 -3.941590894e+02 -2.8875e+00 -3.5395e+00 -2.1313e-01
10210 0 +2.379579440e-04 -3.941597620e+02 -3.941597620e+02 -2.8895e+00 -3.5405e+00 -2.1368e-01
10246 0 +2.307652334e-04 -3.941597692e+02 -3.941597692e+02 -2.8895e+00 -3.5413e+00 -2.1368e-01
10259 0 +1.406267324e-04 -3.941598594e+02 -3.941598594e+02 -2.8891e+00 -3.5404e+00 -2.1368e-01
10307 0 +2.556138065e-05 -3.941599744e+02 -3.941599744e+02 -2.8891e+00 -3.5410e+00 -2.1367e-01
10351 0 +1.906286406e-05 -3.941599809e+02 -3.941599809e+02 -2.8888e+00 -3.5409e+00 -2.1354e-01
10356 0 +4.069927968e-07 -3.941599996e+02 -3.941599996e+02 -2.8888e+00 -3.5408e+00 -2.1361e-01
10400 0 +2.995846557e-07 -3.941599997e+02 -3.941599997e+02 -2.8888e+00 -3.5408e+00 -2.1361e-01
10416 0 +8.055820899e-08 -3.941599999e+02 -3.941599999e+02 -2.8888e+00 -3.5408e+00 -2.1360e-01
10422 0 +4.491448635e-08 -3.941600000e+02 -3.941600000e+02 -2.8888e+00 -3.5408e+00 -2.1360e-01
10445 0 +1.234104730e-08 -3.941600000e+02 -3.941600000e+02 -2.8888e+00 -3.5408e+00 -2.1360e-01
10478 0 +1.219046908e-08 -3.941600000e+02 -3.941600000e+02 -2.8888e+00 -3.5408e+00 -2.1360e-01
10506 0 +6.170012057e-09 -3.941600000e+02 -3.941600000e+02 -2.8888e+00 -3.5408e+00 -2.1360e-01
10831 0 +9.094947018e-13 -3.941600000e+02 -3.941600000e+02 -2.8888e+00 -3.5408e+00 -2.1360e-01
10940 0 +0.000000000e+00 -3.941600000e+02 -3.941600000e+02 -2.8888e+00 -3.5408e+00 -2.1360e-01
12002 0 +0.000000000e+00 -3.941600000e+02 -3.941600000e+02 -2.8888e+00 -3.5408e+00 -2.1360e-01
