% f evaluations | g evaluations | best noise-free fitness - Fopt (6.870000000000e+00) + sum g_i+ | measured fitness | best measured fitness or single-digit g-values | x1 | x2...
1 0 +5.767853305e+01 +6.454853305e+01 +6.454853305e+01 +2.9654e+00 -3.1657e+00
2 0 +5.345312047e+01 +6.032312047e+01 +6.032312047e+01 +2.7969e+00 +9.6850e-01
3 0 +3.908084588e+01 +4.595084588e+01 +4.595084588e+01 -5.4167e-01 -4.0003e+00
4 0 +3.413745371e+01 +4.100745371e+01 +4.100745371e+01 -4.0751e-01 -1.6629e+00
5 0 +1.597930369e+01 +2.284930369e+01 +2.284930369e+01 -3.5713e+00 +1.5089e+00
13 0 +7.974625769e+00 +1.484462577e+01 +1.484462577e+01 -4.0939e+00 +1.1839e+00
26 0 +6.359664473e+00 +1.322966447e+01 +1.322966447e+01 +3.4228e+00 -5.0246e-01
40 0 +6.100697665e+00 +1.297069767e+01 +1.297069767e+01 -3.8153e-01 -2.7629e+00
108 0 +8.880493139e-01 +7.758049314e+00 +7.758049314e+00 +4.9707e+00 +4.7213e+00
2356 0 +5.480012802e-01 +7.418001280e+00 +7.418001280e+00 -3.0706e+00 -1.0080e+00
6676 0 +4.560747852e-01 +7.326074785e+00 +7.326074785e+00 -4.0447e+00 -1.0299e+00
7885 0 +1.688386593e-01 +7.038838659e+00 +7.038838659e+00 -3.0706e+00 -1.0082e+00
8040 0 +1.688386593e-01 +7.038838659e+00 +7.038838659e+00 -3.0706e+00 -1.0082e+00
% f evaluations | g evaluations | best noise-free fitness - Fopt (1.000000000000e-02) + sum g_i+ | measured fitness | best measured fitness or single-digit g-values | x1 | x2...
1 0 +2.397198383e+01 +2.398198383e+01 +2.398198383e+01 +2.9654e+00 -3.1657e+00
9 0 +1.669266456e+01 +1.670266456e+01 +1.670266456e+01 +1.1165e+00 -4.9293e+00
22 0 +1.352543304e+01 +1.353543304e+01 +1.353543304e+01 -3.2664e+00 -1.0894e+00
25 0 +1.208838765e+01 +1.209838765e+01 +1.209838765e+01 +6.7700e-01 -4.6869e+00
51 0 +6.640385961e+00 +6.650385961e+00 +6.650385961e+00 +1.1000e+00 -9.1601e-02
60 0 +3.900689283e+00 +3.910689283e+00 +3.910689283e+00 +4.6117e+00 -2.1185e+00
232 0 +2.463503608e+00 +2.473503608e+00 +2.473503608e+00 -2.4055e+00 -5.3967e-02
444 0 +1.363227560e+00 +1.373227560e+00 +1.373227560e+00 -1.0078e-01 -1.4265e-01
1043 0 +6.697555233e-01 +6.797555233e-01 +6.797555233e-01 -1.1497e+00 +3.1641e+00
3919 0 +6.302295565e-01 +6.402295565e-01 +6.402295565e-01 +4.1434e-01 +1.6668e+00
4194 0 +5.886180645e-01 +5.986180645e-01 +5.986180645e-01 +1.9784e+00 +1.6956e-01
4196 0 +5.504889213e-01 +5.604889213e-01 +5.604889213e-01 +1.1010e+00 +3.9707e+00
4315 0 +3.096164997e-01 +3.196164997e-01 +3.196164997e-01 +3.2830e+00 +2.8221e+00
5203 0 +2.155896361e-01 +2.255896361e-01 +2.255896361e-01 +2.4248e+00 +2.2218e+00
5273 0 +1.562637093e-01 +1.662637093e-01 +1.662637093e-01 +8.6074e-01 +3.7191e+00
5589 0 +1.037040049e-01 +1.137040049e-01 +1.137040049e-01 +3.9267e+00 +3.8214e+00
8040 0 +1.036974688e-01 +1.136974688e-01 +1.136974688e-01 +3.9267e+00 +3.8214e+00
% f evaluations | g evaluations | best noise-free fitness - Fopt (-1.306100000000e+02) + sum g_i+ | measured fitness | best measured fitness or single-digit g-values | x1 | x2...
1 0 +3.350937609e+01 -9.710062391e+01 -9.710062391e+01 +2.9654e+00 -3.1657e+00
2 0 +2.464884173e+01 -1.059611583e+02 -1.059611583e+02 +2.7969e+00 +9.6850e-01
7 0 +1.999594558e+01 -1.106140544e+02 -1.106140544e+02 +4.3855e+00 -4.9922e+00
10 0 +1.108160630e+01 -1.195283937e+02 -1.195283937e+02 -4.7694e+00 +2.4775e-01
11 0 +7.815083532e+00 -1.227949165e+02 -1.227949165e+02 -1.0014e+00 -4.5333e+00
14 0 +4.608619003e+00 -1.260013810e+02 -1.260013810e+02 -1.1754e+00 +4.8323e+00
17 0 +7.945343804e-01 -1.298154656e+02 -1.298154656e+02 -4.8674e+00 +4.4220e+00
1838 0 +5.757539272e-01 -1.300342461e+02 -1.300342461e+02 -4.6574e+00 +2.4443e+00
2326 0 +3.273961407e-01 -1.302826039e+02 -1.302826039e+02 -1.0887e+00 +2.6980e+00
5284 0 +2.182357994e-01 -1.303917642e+02 -1.303917642e+02 +3.6045e+00 +2.1082e+00
8040 0 +2.182302687e-01 -1.303917697e+02 -1.303917697e+02 +3.6045e+00 +2.1082e+00
% f evaluations | g evaluations | best noise-free fitness - Fopt (-2.231200000000e+02) + sum g_i+ | measured fitness | best measured fitness or single-digit g-values | x1 | x2...
1 0 +7.520494693e+01 -1.479150531e+02 -1.479150531e+02 +2.9654e+00 -3.1657e+00
2 0 +4.105545934e+01 -1.820645407e+02 -1.820645407e+02 +2.7969e+00 +9.6850e-01
3 0 +1.261494634e+01 -2.105050537e+02 -2.105050537e+02 -5.4167e-01 -4.0003e+00
12 0 +2.647355596e+00 -2.204726444e+02 -2.204726444e+02 +4.7376e+00 -2.6723e+00
181 0 +2.602484052e+00 -2.205175159e+02 -2.205175159e+02 +3.8816e+00 -4.9766e+00
242 0 +1.105859787e+00 -2.220141402e+02 -2.220141402e+02 +2.2896e+00 -4.9329e+00
2308 0 +1.031030451e+00 -2.220889695e+02 -2.220889695e+02 -3.4241e+00 +1.6649e+00
2552 0 +8.812779275e-01 -2.222387221e+02 -2.222387221e+02 +2.2896e+00 -4.9331e+00
2921 0 +6.555118614e-01 -2.224644881e+02 -2.224644881e+02 -9.0224e-01 -2.4683e+00
3944 0 +3.901697809e-01 -2.227298302e+02 -2.227298302e+02 +1.9656e+00 -2.0082e+00
7081 0 +3.804060298e-01 -2.227395940e+02 -2.227395940e+02 +1.9662e+00 -2.0082e+00
7115 0 +3.657165801e-01 -2.227542834e+02 -2.227542834e+02 +1.9662e+00 -2.0082e+00
7117 0 +2.551344650e-01 -2.228648655e+02 -2.228648655e+02 +1.9661e+00 -2.0082e+00
7142 0 +2.092941450e-01 -2.229107059e+02 -2.229107059e+02 +1.9660e+00 -2.0082e+00
7158 0 +2.033595223e-01 -2.229166405e+02 -2.229166405e+02 +1.9660e+00 -2.0082e+00
7160 0 +1.451160980e-01 -2.229748839e+02 -2.229748839e+02 +1.9660e+00 -2.0082e+00
7169 0 +1.429751393e-01 -2.229770249e+02 -2.229770249e+02 +1.9659e+00 -2.0082e+00
7181 0 +1.222475405e-01 -2.229977525e+02 -2.229977525e+02 +1.9660e+00 -2.0082e+00
7204 0 +9.633508731e-02 -2.230236649e+02 -2.230236649e+02 +1.9659e+00 -2.0082e+00
7248 0 +8.930299145e-02 -2.230306970e+02 -2.230306970e+02 +1.9659e+00 -2.0082e+00
7280 0 +8.898506933e-02 -2.230310149e+02 -2.230310149e+02 +1.9659e+00 -2.0082e+00
7300 0 +8.368389511e-02 -2.230363161e+02 -2.230363161e+02 +1.9659e+00 -2.0082e+00
7568 0 +8.292071686e-02 -2.230370793e+02 -2.230370793e+02 +1.9659e+00 -2.0082e+00
8040 0 +8.284280280e-02 -2.230371572e+02 -2.230371572e+02 +1.9659e+00 -2.0082e+00
% f evaluations | g evaluations | best noise-free fitness - Fopt (-4.443000000000e+01) + sum g_i+ | measured fitness | best measured fitness or single-digit g-values | x1 | x2...
1 0 +2.410244852e+01 -2.032755148e+01 -2.032755148e+01 +2.9654e+00 -3.1657e+00
3 0 +1.786751363e+01 -2.656248637e+01 -2.656248637e+01 -5.4167e-01 -4.0003e+00
15 0 +1.482737343e+01 -2.960262657e+01 -2.960262657e+01 -3.3237e-01 +3.5994e+00
25 0 +2.484253340e+00 -4.194574666e+01 -4.194574666e+01 +6.7700e-01 -4.6869e+00
276 0 +1.314603090e+00 -4.311539691e+01 -4.311539691e+01 -3.2343e+00 -4.3812e-01
682 0 +1.221702974e+00 -4.320829703e+01 -4.320829703e+01 -3.5319e+00 +3.1799e+00
974 0 +4.898535044e-01 -4.394014650e+01 -4.394014650e+01 +5.5891e-01 -2.5447e-01
3340 0 +3.117853387e-01 -4.411821466e+01 -4.411821466e+01 +1.6531e+00 +2.4913e+00
5913 0 +3.087239284e-01 -4.412127607e+01 -4.412127607e+01 +1.6531e+00 +2.4912e+00
6033 0 +2.979425835e-01 -4.413205742e+01 -4.413205742e+01 +1.6531e+00 +2.4912e+00
6061 0 +2.919350217e-01 -4.413806498e+01 -4.413806498e+01 +1.6531e+00 +2.4912e+00
6094 0 +2.863203638e-01 -4.414367964e+01 -4.414367964e+01 +1.6531e+00 +2.4912e+00
6095 0 +2.779523927e-01 -4.415204761e+01 -4.415204761e+01 +1.6531e+00 +2.4912e+00
6122 0 +2.685596398e-01 -4.416144036e+01 -4.416144036e+01 +1.6531e+00 +2.4912e+00
6125 0 +2.627989448e-01 -4.416720106e+01 -4.416720106e+01 +1.6531e+00 +2.4912e+00
6159 0 +2.540618141e-01 -4.417593819e+01 -4.417593819e+01 +1.6531e+00 +2.4912e+00
6171 0 +2.502419117e-01 -4.417975809e+01 -4.417975809e+01 +1.6531e+00 +2.4912e+00
6956 0 +2.454630771e-01 -4.418453692e+01 -4.418453692e+01 +1.6531e+00 +2.4912e+00
7242 0 +2.393082081e-01 -4.419069179e+01 -4.419069179e+01 +1.6531e+00 +2.4911e+00
7321 0 +2.307309328e-01 -4.419926907e+01 -4.419926907e+01 +1.6532e+00 +2.4911e+00
7332 0 +2.287827575e-01 -4.420121724e+01 -4.420121724e+01 +1.6532e+00 +2.4911e+00
7379 0 +2.236657489e-01 -4.420633425e+01 -4.420633425e+01 +1.6532e+00 +2.4910e+00
7387 0 +2.187268296e-01 -4.421127317e+01 -4.421127317e+01 +1.6533e+00 +2.4910e+00
7389 0 +2.129492982e-01 -4.421705070e+01 -4.421705070e+01 +1.6533e+00 +2.4909e+00
7412 0 +1.870292563e-01 -4.424297074e+01 -4.424297074e+01 +1.6535e+00 +2.4908e+00
7426 0 +1.839945836e-01 -4.424600542e+01 -4.424600542e+01 +1.6535e+00 +2.4908e+00
7452 0 +1.781800291e-01 -4.425181997e+01 -4.425181997e+01 +1.6535e+00 +2.4908e+00
7454 0 +1.634949014e-01 -4.426650510e+01 -4.426650510e+01 +1.6536e+00 +2.4906e+00
7459 0 +1.528946383e-01 -4.427710536e+01 -4.427710536e+01 +1.6537e+00 +2.4906e+00
7472 0 +1.457302181e-01 -4.428426978e+01 -4.428426978e+01 +1.6537e+00 +2.4905e+00
7475 0 +1.384150174e-01 -4.429158498e+01 -4.429158498e+01 +1.6538e+00 +2.4904e+00
7482 0 +1.006054422e-01 -4.432939456e+01 -4.432939456e+01 +1.6540e+00 +2.4902e+00
7510 0 +8.402065856e-03 -4.442159793e+01 -4.442159793e+01 +1.6545e+00 +2.4897e+00
7603 0 +6.945254477e-03 -4.442305475e+01 -4.442305475e+01 +1.6545e+00 +2.4897e+00
7681 0 +3.413929932e-03 -4.442658607e+01 -4.442658607e+01 +1.6545e+00 +2.4897e+00
7863 0 +2.323712914e-03 -4.442767629e+01 -4.442767629e+01 +1.6545e+00 +2.4897e+00
8040 0 +2.323712914e-03 -4.442767629e+01 -4.442767629e+01 +1.6545e+00 +2.4897e+00
% f evaluations | g evaluations | best noise-free fitness - Fopt (8.539000000000e+01) + sum g_i+ | measured fitness | best measured fitness or single-digit g-values | x1 | x2...
1 0 +5.412796550e+01 +1.395179655e+02 +1.395179655e+02 +2.9654e+00 -3.1657e+00
4 0 +4.087706387e+01 +1.262670639e+02 +1.262670639e+02 -4.0751e-01 -1.6629e+00
5 0 +1.807732630e+01 +1.034673263e+02 +1.034673263e+02 -3.5713e+00 +1.5089e+00
7 0 +1.234473560e+01 +9.773473560e+01 +9.773473560e+01 +4.3855e+00 -4.9922e+00
22 0 +6.271480905e+00 +9.166148091e+01 +9.166148091e+01 -3.2664e+00 -1.0894e+00
27 0 +2.841797454e+00 +8.823179745e+01 +8.823179745e+01 -1.0485e+00 +4.2666e+00
312 0 +1.539192124e+00 +8.692919212e+01 +8.692919212e+01 -1.1643e+00 +4.7473e+00
510 0 +1.262653312e+00 +8.665265331e+01 +8.665265331e+01 -1.2677e-01 +4.4350e+00
2101 0 +1.033612317e+00 +8.642361232e+01 +8.642361232e+01 +1.0882e+00 +4.2617e+00
2942 0 +8.800729404e-01 +8.627007294e+01 +8.627007294e+01 +1.0861e+00 +4.2574e+00
3150 0 +7.719678335e-01 +8.616196783e+01 +8.616196783e+01 -1.3098e-01 +4.4264e+00
3308 0 +6.899599553e-01 +8.607995996e+01 +8.607995996e+01 -3.2685e+00 +3.3751e+00
3396 0 +4.506096286e-01 +8.584060963e+01 +8.584060963e+01 -2.0556e+00 +3.1977e+00
3697 0 +2.955930961e-01 +8.568559310e+01 +8.568559310e+01 +2.4495e+00 +3.0732e+00
3834 0 +2.930713767e-01 +8.568307138e+01 +8.568307138e+01 +2.4495e+00 +3.0731e+00
3976 0 +1.612936309e-01 +8.555129363e+01 +8.555129363e+01 +3.6624e+00 +2.8956e+00
4353 0 +1.567733478e-01 +8.554677335e+01 +8.554677335e+01 +3.6624e+00 +2.8957e+00
4478 0 +1.509218936e-01 +8.554092189e+01 +8.554092189e+01 +3.6624e+00 +2.8957e+00
4687 0 +1.475612953e-01 +8.553756130e+01 +8.553756130e+01 +3.6625e+00 +2.8958e+00
4787 0 +1.372450106e-01 +8.552724501e+01 +8.552724501e+01 +3.6626e+00 +2.8960e+00
4865 0 +1.250888642e-01 +8.551508886e+01 +8.551508886e+01 +3.6627e+00 +2.8962e+00
4873 0 +1.016044815e-01 +8.549160448e+01 +8.549160448e+01 +3.6628e+00 +2.8965e+00
4901 0 +1.352724450e-02 +8.540352724e+01 +8.540352724e+01 +3.6628e+00 +2.8966e+00
5176 0 +2.240730564e-03 +8.539224073e+01 +8.539224073e+01 +3.6628e+00 +2.8966e+00
5680 0 +1.464473283e-03 +8.539146447e+01 +8.539146447e+01 +3.6628e+00 +2.8966e+00
5721 0 +1.421409706e-03 +8.539142141e+01 +8.539142141e+01 +3.6628e+00 +2.8966e+00
5830 0 +1.297127111e-03 +8.539129713e+01 +8.539129713e+01 +3.6628e+00 +2.8966e+00
5857 0 +9.556087634e-04 +8.539095561e+01 +8.539095561e+01 +3.6628e+00 +2.8966e+00
5985 0 +6.386064918e-04 +8.539063861e+01 +8.539063861e+01 +3.6628e+00 +2.8966e+00
5998 0 +4.566644245e-05 +8.539004567e+01 +8.539004567e+01 +3.6628e+00 +2.8966e+00
6457 0 +3.749302584e-05 +8.539003749e+01 +8.539003749e+01 +3.6628e+00 +2.8966e+00
6746 0 +2.506804090e-05 +8.539002507e+01 +8.539002507e+01 +3.6628e+00 +2.8966e+00
6779 0 +1.925851036e-05 +8.539001926e+01 +8.539001926e+01 +3.6628e+00 +2.8966e+00
6956 0 +1.406350475e-05 +8.539001406e+01 +8.539001406e+01 +3.6628e+00 +2.8966e+00
6967 0 +9.064446886e-06 +8.539000906e+01 +8.539000906e+01 +3.6628e+00 +2.8966e+00
6994 0 +8.721153080e-06 +8.539000872e+01 +8.539000872e+01 +3.6628e+00 +2.8966e+00
7134 0 +5.751957616e-06 +8.539000575e+01 +8.539000575e+01 +3.6628e+00 +2.8966e+00
7190 0 +2.308126781e-06 +8.539000231e+01 +8.539000231e+01 +3.6628e+00 +2.8966e+00
7248 0 +1.999422594e-06 +8.539000200e+01 +8.539000200e+01 +3.6628e+00 +2.8966e+00
7293 0 +1.588475030e-06 +8.539000159e+01 +8.539000159e+01 +3.6628e+00 +2.8966e+00
7298 0 +1.529577261e-06 +8.539000153e+01 +8.539000153e+01 +3.6628e+00 +2.8966e+00
7397 0 +6.833935373e-07 +8.539000068e+01 +8.539000068e+01 +3.6628e+00 +2.8966e+00
7536 0 +5.028461487e-07 +8.539000050e+01 +8.539000050e+01 +3.6628e+00 +2.8966e+00
7598 0 +1.712980122e-07 +8.539000017e+01 +8.539000017e+01 +3.6628e+00 +2.8966e+00
8008 0 +1.324713850e-07 +8.539000013e+01 +8.539000013e+01 +3.6628e+00 +2.8966e+00
8040 0 +1.324713850e-07 +8.539000013e+01 +8.539000013e+01 +3.6628e+00 +2.8966e+00
% f evaluations | g evaluations | best noise-free fitness - Fopt (-9.872900000000e+02) + sum g_i+ | measured fitness | best measured fitness or single-digit g-values | x1 | x2...
1 0 +7.482597648e+01 -9.124640235e+02 -9.124640235e+02 +2.9654e+00 -3.1657e+00
2 0 +4.306988046e+01 -9.442201195e+02 -9.442201195e+02 +2.7969e+00 +9.6850e-01
3 0 +7.943456664e+00 -9.793465433e+02 -9.793465433e+02 -5.4167e-01 -4.0003e+00
6 0 +4.251095060e+00 -9.830389049e+02 -9.830389049e+02 -4.4359e+00 +2.2200e+00
15 0 +2.749392590e+00 -9.845406074e+02 -9.845406074e+02 -3.3237e-01 +3.5994e+00
76 0 +2.172090936e+00 -9.851179091e+02 -9.851179091e+02 -6.4999e-01 +3.2539e-01
357 0 +4.883592546e-01 -9.868016407e+02 -9.868016407e+02 -3.4673e+00 +3.9380e+00
1408 0 +3.536676790e-01 -9.869363323e+02 -9.869363323e+02 -1.6980e+00 +6.4921e-01
5852 0 +1.332941271e-01 -9.871567059e+02 -9.871567059e+02 +2.2979e+00 +1.9195e+00
8040 0 +1.332941143e-01 -9.871567059e+02 -9.871567059e+02 +2.2979e+00 +1.9195e+00
% f evaluations | g evaluations | best noise-free fitness - Fopt (-1.517600000000e+02) + sum g_i+ | measured fitness | best measured fitness or single-digit g-values | x1 | x2...
1 0 +5.183967229e+01 -9.992032771e+01 -9.992032771e+01 +2.9654e+00 -3.1657e+00
2 0 +3.660508025e+01 -1.151549197e+02 -1.151549197e+02 +2.7969e+00 +9.6850e-01
5 0 +3.337464292e+01 -1.183853571e+02 -1.183853571e+02 -3.5713e+00 +1.5089e+00
10 0 +2.264526463e+01 -1.291147354e+02 -1.291147354e+02 -4.7694e+00 +2.4775e-01
12 0 +1.569334189e+01 -1.360666581e+02 -1.360666581e+02 +4.7376e+00 -2.6723e+00
20 0 +6.036173167e+00 -1.457238268e+02 -1.457238268e+02 -2.5897e+00 +1.8326e+00
41 0 +5.347861386e+00 -1.464121386e+02 -1.464121386e+02 +3.4847e+00 -4.5333e+00
125 0 +2.494956404e+00 -1.492650436e+02 -1.492650436e+02 -3.5713e+00 -4.8028e+00
305 0 +2.253817283e+00 -1.495061827e+02 -1.495061827e+02 -3.5713e+00 -4.8065e+00
1044 0 +1.974480626e+00 -1.497855194e+02 -1.497855194e+02 -4.6081e+00 -5.1473e-01
2006 0 +1.832330696e+00 -1.499276693e+02 -1.499276693e+02 -3.2202e+00 +1.0069e+00
2809 0 +1.681325830e+00 -1.500786742e+02 -1.500786742e+02 -3.5497e+00 -7.1187e-01
2833 0 +5.437607153e-01 -1.512162393e+02 -1.512162393e+02 -3.6930e+00 +4.0303e+00
6785 0 +4.996525501e-01 -1.512603474e+02 -1.512603474e+02 -3.8421e+00 +4.4573e+00
8040 0 +4.996525501e-01 -1.512603474e+02 -1.512603474e+02 -3.8421e+00 +4.4573e+00
% f evaluations | g evaluations | best noise-free fitness - Fopt (6.680000000000e+01) + sum g_i+ | measured fitness | best measured fitness or single-digit g-values | x1 | x2...
1 0 +2.444842962e+01 +9.124842962e+01 +9.124842962e+01 +2.9654e+00 -3.1657e+00
4 0 +5.381800769e+00 +7.218180077e+01 +7.218180077e+01 -4.0751e-01 -1.6629e+00
6 0 +2.341400675e+00 +6.914140067e+01 +6.914140067e+01 -4.4359e+00 +2.2200e+00
92 0 +2.277769631e+00 +6.907776963e+01 +6.907776963e+01 +2.4210e+00 +2.4587e+00
582 0 +2.129916288e+00 +6.892991629e+01 +6.892991629e+01 -2.2821e-01 +2.7565e+00
1005 0 +1.652808136e+00 +6.845280814e+01 +6.845280814e+01 -1.2709e+00 +4.4757e+00
1317 0 +1.539865154e+00 +6.833986515e+01 +6.833986515e+01 -9.6523e-01 +2.2906e+00
1411 0 +8.439302798e-01 +6.764393028e+01 +6.764393028e+01 -3.7699e+00 +4.9199e+00
1436 0 +3.507837786e-01 +6.715078378e+01 +6.715078378e+01 -8.0010e-01 +4.5709e+00
6306 0 +3.430893955e-01 +6.714308940e+01 +6.714308940e+01 -8.0010e-01 +4.5708e+00
6356 0 +3.308422386e-01 +6.713084224e+01 +6.713084224e+01 -8.0010e-01 +4.5708e+00
6361 0 +3.103980730e-01 +6.711039807e+01 +6.711039807e+01 -8.0010e-01 +4.5708e+00
6391 0 +2.723764187e-01 +6.707237642e+01 +6.707237642e+01 -8.0010e-01 +4.5707e+00
6425 0 +2.651877176e-01 +6.706518772e+01 +6.706518772e+01 -8.0010e-01 +4.5707e+00
6451 0 +1.561296340e-01 +6.695612963e+01 +6.695612963e+01 -8.0010e-01 +4.5706e+00
6496 0 +1.497225710e-01 +6.694972257e+01 +6.694972257e+01 -8.0010e-01 +4.5706e+00
6548 0 +1.472779774e-01 +6.694727798e+01 +6.694727798e+01 -8.0010e-01 +4.5706e+00
8040 0 +1.458342971e-01 +6.694583430e+01 +6.694583430e+01 -8.0010e-01 +4.5706e+00
% f evaluations | g evaluations | best noise-free fitness - Fopt (9.625000000000e+01) + sum g_i+ | measured fitness | best measured fitness or single-digit g-values | x1 | x2...
1 0 +1.952912938e+01 +1.157791294e+02 +1.157791294e+02 +2.9654e+00 -3.1657e+00
6 0 +5.708784317e+00 +1.019587843e+02 +1.019587843e+02 -4.4359e+00 +2.2200e+00
214 0 +5.221942794e+00 +1.014719428e+02 +1.014719428e+02 +4.9158e+00 +2.3609e+00
307 0 +4.967858529e+00 +1.012178585e+02 +1.012178585e+02 +6.3024e-01 +2.0755e+00
332 0 +1.051106581e+00 +9.730110658e+01 +9.730110658e+01 +3.7968e+00 +4.3318e+00
1370 0 +4.277328530e-01 +9.667773285e+01 +9.667773285e+01 +4.9389e+00 -2.4645e+00
6666 0 +3.641333218e-01 +9.661413332e+01 +9.661413332e+01 +4.9386e+00 -2.4651e+00
7110 0 +6.011680551e-02 +9.631011681e+01 +9.631011681e+01 +4.9387e+00 -2.4648e+00
8040 0 +6.011680551e-02 +9.631011681e+01 +9.631011681e+01 +4.9387e+00 -2.4648e+00
% f evaluations | g evaluations | best noise-free fitness - Fopt (1.467200000000e+02) + sum g_i+ | measured fitness | best measured fitness or single-digit g-values | x1 | x2...
1 0 +7.179394727e+01 +2.185139473e+02 +2.185139473e+02 +2.9654e+00 -3.1657e+00
2 0 +2.967606609e+01 +1.763960661e+02 +1.763960661e+02 +2.7969e+00 +9.6850e-01
3 0 +2.348820555e+01 +1.702082056e+02 +1.702082056e+02 -5.4167e-01 -4.0003e+00
5 0 +1.885027015e+01 +1.655702702e+02 +1.655702702e+02 -3.5713e+00 +1.5089e+00
9 0 +1.468001754e+01 +1.614000175e+02 +1.614000175e+02 +1.1165e+00 -4.9293e+00
22 0 +1.070889218e+01 +1.574288922e+02 +1.574288922e+02 -3.2664e+00 -1.0894e+00
24 0 +4.821648455e+00 +1.515416485e+02 +1.515416485e+02 -7.4844e-01 -2.9206e+00
35 0 +4.254542612e+00 +1.509745426e+02 +1.509745426e+02 -2.2712e+00 +1.5089e+00
158 0 +9.216031817e-01 +1.476416032e+02 +1.476416032e+02 +1.6054e+00 +3.6543e+00
1232 0 +8.626491770e-01 +1.475826492e+02 +1.475826492e+02 -1.7983e+00 +4.8232e+00
1554 0 +7.798455832e-01 +1.474998456e+02 +1.474998456e+02 -1.8697e+00 +4.9861e+00
1865 0 +2.540621128e-01 +1.469740621e+02 +1.469740621e+02 -3.5112e+00 +1.5089e+00
3657 0 +2.118820804e-01 +1.469318821e+02 +1.469318821e+02 +2.4734e+00 +3.0782e+00
8040 0 +2.118820801e-01 +1.469318821e+02 +1.469318821e+02 +2.4734e+00 +3.0782e+00
% f evaluations | g evaluations | best noise-free fitness - Fopt (-5.919800000000e+02) + sum g_i+ | measured fitness | best measured fitness or single-digit g-values | x1 | x2...
1 0 +1.781611800e+01 -5.741638820e+02 -5.741638820e+02 +2.9654e+00 -3.1657e+00
2 0 +4.515897429e+00 -5.874641026e+02 -5.874641026e+02 +2.7969e+00 +9.6850e-01
371 0 +3.633516447e+00 -5.883464836e+02 -5.883464836e+02 +2.5201e+00 -4.5333e+00
477 0 +9.343234011e-01 -5.910456766e+02 -5.910456766e+02 +2.8490e+00 +4.2666e+00
3792 0 +6.460103446e-01 -5.913339897e+02 -5.913339897e+02 -2.1274e+00 +2.0558e+00
3816 0 +6.031754481e-01 -5.913768246e+02 -5.913768246e+02 -4.9134e+00 -3.2154e+00
3947 0 +5.011734022e-01 -5.914788266e+02 -5.914788266e+02 -2.7890e+00 +1.5792e+00
4311 0 +4.496934717e-01 -5.915303065e+02 -5.915303065e+02 -3.7578e+00 +5.4993e-01
4351 0 +2.325040378e-01 -5.917474960e+02 -5.917474960e+02 -4.4194e+00 +7.3258e-02
5820 0 +2.325040378e-01 -5.917474960e+02 -5.917474960e+02 -4.4194e+00 +7.3258e-02
% f evaluations | g evaluations | best noise-free fitness - Fopt (7.429000000000e+01) + sum g_i+ | measured fitness | best measured fitness or single-digit g-values | x1 | x2...
1 0 +5.101260298e+01 +1.253026030e+02 +1.253026030e+02 +2.9654e+00 -3.1657e+00
2 0 +1.205878644e+01 +8.634878644e+01 +8.634878644e+01 +2.7969e+00 +9.6850e-01
11 0 +5.505743113e+00 +7.979574311e+01 +7.979574311e+01 -1.0014e+00 -4.5333e+00
79 0 +2.920977581e+00 +7.721097758e+01 +7.721097758e+01 -2.7645e+00 -3.0302e+00
629 0 +1.199874353e+00 +7.548987435e+01 +7.548987435e+01 +7.0443e-01 -8.2562e-01
1790 0 +6.283097845e-01 +7.491830978e+01 +7.491830978e+01 -1.2404e+00 -9.4319e-01
3105 0 +5.862714406e-01 +7.487627144e+01 +7.487627144e+01 -2.9696e+00 -1.0495e+00
3832 0 +8.186303418e-02 +7.437186303e+01 +7.437186303e+01 -3.1853e+00 -1.0624e+00
4618 0 +6.787508679e-02 +7.435787509e+01 +7.435787509e+01 -3.1853e+00 -1.0624e+00
4640 0 +5.310412611e-02 +7.434310413e+01 +7.434310413e+01 -3.1852e+00 -1.0624e+00
4681 0 +4.839317490e-02 +7.433839317e+01 +7.433839317e+01 -3.1852e+00 -1.0624e+00
4714 0 +4.640885164e-02 +7.433640885e+01 +7.433640885e+01 -3.1852e+00 -1.0624e+00
4722 0 +4.413022109e-02 +7.433413022e+01 +7.433413022e+01 -3.1852e+00 -1.0624e+00
4732 0 +4.350999525e-02 +7.433351000e+01 +7.433351000e+01 -3.1852e+00 -1.0624e+00
5041 0 +4.143378643e-02 +7.433143379e+01 +7.433143379e+01 -3.1852e+00 -1.0624e+00
5091 0 +4.053045806e-02 +7.433053046e+01 +7.433053046e+01 -3.1852e+00 -1.0624e+00
7800 0 +4.040929398e-02 +7.433040929e+01 +7.433040929e+01 -3.1852e+00 -1.0624e+00
% f evaluations | g evaluations | best noise-free fitness - Fopt (-3.490000000000e+00) + sum g_i+ | measured fitness | best measured fitness or single-digit g-values | x1 | x2...
1 0 +4.496462986e+01 +4.147462986e+01 +4.147462986e+01 +2.9654e+00 -3.1657e+00
2 0 +2.410450560e+01 +2.061450560e+01 +2.061450560e+01 +2.7969e+00 +9.6850e-01
4 0 +1.893621358e+01 +1.544621358e+01 +1.544621358e+01 -4.0751e-01 -1.6629e+00
12 0 +7.427660344e+00 +3.937660344e+00 +3.937660344e+00 +4.7376e+00 -2.6723e+00
49 0 +6.880458024e+00 +3.390458024e+00 +3.390458024e+00 -4.8403e+00 -3.5442e+00
55 0 +5.854854210e+00 +2.364854210e+00 +2.364854210e+00 -4.6790e+00 +2.5542e-01
58 0 +3.964830453e+00 +4.748304527e-01 +4.748304527e-01 +4.3614e+00 -1.2818e+00
157 0 +3.751602935e+00 +2.616029350e-01 +2.616029350e-01 -3.2557e+00 -2.7464e+00
724 0 +2.066275600e+00 -1.423724400e+00 -1.423724400e+00 +8.7167e-01 -1.1022e+00
897 0 +1.329312006e+00 -2.160687994e+00 -2.160687994e+00 +3.4374e+00 +6.1324e-01
2213 0 +6.120361735e-01 -2.877963826e+00 -2.877963826e+00 +3.9541e+00 +1.4833e-01
2608 0 +3.224944080e-01 -3.167505592e+00 -3.167505592e+00 +3.9272e+00 -7.0668e-01
3093 0 +4.587158680e-02 -3.444128413e+00 -3.444128413e+00 +3.9002e+00 -1.5617e+00
5068 0 +4.370277448e-02 -3.446297226e+00 -3.446297226e+00 +3.9002e+00 -1.5617e+00
5268 0 +4.132916564e-02 -3.448670834e+00 -3.448670834e+00 +3.9002e+00 -1.5617e+00
5364 0 +3.869224077e-02 -3.451307759e+00 -3.451307759e+00 +3.9002e+00 -1.5617e+00
5378 0 +3.642086059e-02 -3.453579139e+00 -3.453579139e+00 +3.9002e+00 -1.5617e+00
5399 0 +3.343789840e-02 -3.456562102e+00 -3.456562102e+00 +3.9002e+00 -1.5617e+00
5457 0 +3.283597460e-02 -3.457164025e+00 -3.457164025e+00 +3.9002e+00 -1.5617e+00
5468 0 +2.466945894e-02 -3.465330541e+00 -3.465330541e+00 +3.9002e+00 -1.5617e+00
5517 0 +2.290016380e-02 -3.467099836e+00 -3.467099836e+00 +3.9002e+00 -1.5617e+00
5558 0 +8.981806336e-03 -3.481018194e+00 -3.481018194e+00 +3.9002e+00 -1.5617e+00
5559 0 +8.533796507e-03 -3.481466203e+00 -3.481466203e+00 +3.9002e+00 -1.5617e+00
5596 0 +6.729705313e-03 -3.483270295e+00 -3.483270295e+00 +3.9002e+00 -1.5617e+00
6041 0 +6.598028508e-03 -3.483401971e+00 -3.483401971e+00 +3.9002e+00 -1.5617e+00
8040 0 +6.531017526e-03 -3.483468982e+00 -3.483468982e+00 +3.9002e+00 -1.5617e+00
% f evaluations | g evaluations | best noise-free fitness - Fopt (-1.283000000000e+01) + sum g_i+ | measured fitness | best measured fitness or single-digit g-values | x1 | x2...
1 0 +2.306024440e+01 +1.023024440e+01 +1.023024440e+01 +2.9654e+00 -3.1657e+00
4 0 +9.112033952e+00 -3.717966048e+00 -3.717966048e+00 -4.0751e-01 -1.6629e+00
16 0 +1.120716621e+00 -1.170928338e+01 -1.170928338e+01 +1.8031e+00 -4.9501e-01
183 0 +8.816546036e-01 -1.194834540e+01 -1.194834540e+01 +2.8390e+00 +6.6391e-01
976 0 +6.910508337e-01 -1.213894917e+01 -1.213894917e+01 +1.8031e+00 -4.9967e-01
2247 0 +5.546339312e-01 -1.227536607e+01 -1.227536607e+01 +7.6813e-01 +5.6230e-01
3460 0 +4.898382657e-01 -1.234016173e+01 -1.234016173e+01 -2.0156e+00 -4.4682e-01
4312 0 +3.636367981e-01 -1.246636320e+01 -1.246636320e+01 -4.7993e+00 -1.4559e+00
4339 0 +2.688895265e-01 -1.256111047e+01 -1.256111047e+01 -3.8863e+00 -1.2332e+00
4369 0 +1.181814955e-01 -1.271181850e+01 -1.271181850e+01 -2.9587e+00 +1.2944e+00
4505 0 +7.512541548e-02 -1.275487458e+01 -1.275487458e+01 -2.8400e+00 -2.2098e+00
6813 0 +7.372259018e-02 -1.275627741e+01 -1.275627741e+01 -2.8400e+00 -2.2098e+00
8040 0 +7.338643107e-02 -1.275661357e+01 -1.275661357e+01 -2.8400e+00 -2.2098e+00
