% f evaluations | g evaluations | best noise-free fitness - Fopt (3.590000000000e+01) + sum g_i+ | measured fitness | best measured fitness or single-digit g-values | x1 | x2...
1 0 +4.123319522e+02 +4.482319522e+02 +4.482319522e+02 +3.0263e-01 -1.9296e+00 -3.0517e-01
3 0 +1.145333898e+02 +1.504333898e+02 +1.504333898e+02 +3.7845e+00 -4.7407e+00 -6.8837e-01
13 0 +4.293834239e+01 +7.883834239e+01 +7.883834239e+01 +4.9106e+00 -8.9373e-01 +1.0317e+00
62 0 +2.263893621e+01 +5.853893621e+01 +5.853893621e+01 +3.6912e+00 +1.3351e+00 +1.1328e+00
65 0 +1.291121490e+01 +4.881121490e+01 +4.881121490e+01 +4.7000e+00 +2.5072e-01 +2.2642e+00
173 0 +5.773740348e+00 +4.167374035e+01 +4.167374035e+01 +4.0474e+00 -7.6441e-01 +2.9322e+00
288 0 +2.686046347e+00 +3.858604635e+01 +3.858604635e+01 +2.5563e+00 +1.3940e+00 +1.8680e+00
506 0 +2.400664361e+00 +3.830066436e+01 +3.830066436e+01 +2.9131e+00 +1.5915e-01 +2.3800e+00
515 0 +7.130342244e-01 +3.661303422e+01 +3.661303422e+01 +2.5439e+00 +9.2870e-01 +2.2944e+00
865 0 +7.069400058e-01 +3.660694001e+01 +3.660694001e+01 +2.5600e+00 +9.1482e-01 +2.3036e+00
894 0 +3.346229103e-01 +3.623462291e+01 +3.623462291e+01 +2.6515e+00 +9.7270e-01 +2.3984e+00
967 0 +2.732349803e-01 +3.617323498e+01 +3.617323498e+01 +2.6527e+00 +9.7395e-01 +2.4226e+00
1214 0 +1.522072117e-01 +3.605220721e+01 +3.605220721e+01 +2.8779e+00 +1.1205e+00 +2.5165e+00
1367 0 +8.047075048e-02 +3.598047075e+01 +3.598047075e+01 +2.6833e+00 +1.0880e+00 +2.4838e+00
1555 0 +7.547284618e-02 +3.597547285e+01 +3.597547285e+01 +2.8790e+00 +1.0086e+00 +2.5768e+00
1626 0 +6.862466198e-02 +3.596862466e+01 +3.596862466e+01 +2.6842e+00 +1.1102e+00 +2.4927e+00
1645 0 +4.201476547e-02 +3.594201477e+01 +3.594201477e+01 +2.8008e+00 +1.1350e+00 +2.5372e+00
1715 0 +5.937339049e-03 +3.590593734e+01 +3.590593734e+01 +2.7667e+00 +1.1184e+00 +2.5610e+00
2395 0 +3.971782429e-03 +3.590397178e+01 +3.590397178e+01 +2.7902e+00 +1.0911e+00 +2.5802e+00
2545 0 +2.511608695e-03 +3.590251161e+01 +3.590251161e+01 +2.7902e+00 +1.1011e+00 +2.5802e+00
2715 0 +1.437735173e-03 +3.590143774e+01 +3.590143774e+01 +2.7857e+00 +1.1184e+00 +2.5802e+00
2781 0 +7.884895481e-04 +3.590078849e+01 +3.590078849e+01 +2.7793e+00 +1.1057e+00 +2.5823e+00
2831 0 +4.224769096e-04 +3.590042248e+01 +3.590042248e+01 +2.7793e+00 +1.1114e+00 +2.5823e+00
3304 0 +3.037579525e-04 +3.590030376e+01 +3.590030376e+01 +2.7848e+00 +1.1113e+00 +2.5849e+00
3340 0 +2.708600067e-04 +3.590027086e+01 +3.590027086e+01 +2.7860e+00 +1.1072e+00 +2.5873e+00
3496 0 +5.047791522e-05 +3.590005048e+01 +3.590005048e+01 +2.7823e+00 +1.1121e+00 +2.5863e+00
3510 0 +1.174671493e-05 +3.590001175e+01 +3.590001175e+01 +2.7815e+00 +1.1128e+00 +2.5867e+00
4167 0 +2.409094719e-07 +3.590000024e+01 +3.590000024e+01 +2.7816e+00 +1.1135e+00 +2.5871e+00
5102 0 +1.569114332e-07 +3.590000016e+01 +3.590000016e+01 +2.7816e+00 +1.1136e+00 +2.5871e+00
5209 0 +9.173852078e-08 +3.590000009e+01 +3.590000009e+01 +2.7816e+00 +1.1136e+00 +2.5871e+00
5468 0 +7.868951002e-08 +3.590000008e+01 +3.590000008e+01 +2.7816e+00 +1.1136e+00 +2.5872e+00
5583 0 +7.613143538e-08 +3.590000008e+01 +3.590000008e+01 +2.7816e+00 +1.1135e+00 +2.5872e+00
5602 0 +2.270093091e-08 +3.590000002e+01 +3.590000002e+01 +2.7816e+00 +1.1136e+00 +2.5872e+00
5902 0 +1.124520566e-08 +3.590000001e+01 +3.590000001e+01 +2.7816e+00 +1.1136e+00 +2.5872e+00
6034 0 +1.088060486e-08 +3.590000001e+01 +3.590000001e+01 +2.7816e+00 +1.1136e+00 +2.5872e+00
6403 0 +6.941100139e-09 +3.590000001e+01 +3.590000001e+01 +2.7816e+00 +1.1136e+00 +2.5872e+00
9542 0 +6.465938895e-13 +3.590000000e+01 +3.590000000e+01 +2.7816e+00 +1.1136e+00 +2.5872e+00
10749 0 +0.000000000e+00 +3.590000000e+01 +3.590000000e+01 +2.7816e+00 +1.1136e+00 +2.5872e+00
12051 0 +0.000000000e+00 +3.590000000e+01 +3.590000000e+01 +2.7816e+00 +1.1136e+00 +2.5872e+00
% f evaluations | g evaluations | best noise-free fitness - Fopt (3.137000000000e+01) + sum g_i+ | measured fitness | best measured fitness or single-digit g-values | x1 | x2...
1 0 +8.317133284e+04 +8.320270284e+04 +8.320270284e+04 -3.3052e+00 -1.9351e+00 -2.1226e+00
2 0 +6.881834993e+04 +6.884971993e+04 +6.884971993e+04 -3.6551e+00 +2.6345e+00 -4.8748e-01
3 0 +4.411611291e+02 +4.725311291e+02 +4.725311291e+02 +4.8204e+00 -3.8956e+00 +3.5755e+00
4 0 +5.358868521e+01 +8.495868521e+01 +8.495868521e+01 +1.8271e+00 +4.5713e+00 -1.8501e+00
54 0 +5.169935241e+01 +8.306935241e+01 +8.306935241e+01 +1.8271e+00 +2.3713e+00 -1.8501e+00
68 0 +4.485296237e+01 +7.622296237e+01 +7.622296237e+01 +2.5259e+00 +2.9448e+00 -2.9819e+00
94 0 +4.351233295e+01 +7.488233295e+01 +7.488233295e+01 +8.0394e-01 +4.3137e+00 -1.4387e+00
118 0 +3.411832961e+01 +6.548832961e+01 +6.548832961e+01 +2.5259e+00 +2.9448e+00 -3.6780e+00
176 0 +3.322202041e+01 +6.459202041e+01 +6.459202041e+01 +2.1957e+00 +2.6070e+00 -3.3067e+00
180 0 +2.459494635e+01 +5.596494635e+01 +5.596494635e+01 +2.4877e+00 +4.8306e+00 -4.2804e+00
194 0 +2.256329656e+01 +5.393329656e+01 +5.393329656e+01 +8.0394e-01 +4.3137e+00 -2.7905e+00
223 0 +1.318660032e+01 +4.455660032e+01 +4.455660032e+01 +2.9575e-01 +4.3977e+00 -3.1449e+00
226 0 +4.475872589e+00 +3.584587259e+01 +3.584587259e+01 +1.7885e-01 +2.6070e+00 -3.3067e+00
486 0 +2.033682444e+00 +3.340368244e+01 +3.340368244e+01 -1.9838e-01 +1.8125e+00 -3.3029e+00
640 0 +7.103889037e-01 +3.208038890e+01 +3.208038890e+01 +1.8479e-01 +2.2780e+00 -4.0935e+00
786 0 +2.519941819e-01 +3.162199418e+01 +3.162199418e+01 -1.9838e-01 +2.1337e+00 -3.7933e+00
886 0 +1.520954638e-01 +3.152209546e+01 +3.152209546e+01 -1.9838e-01 +1.9539e+00 -3.7933e+00
1036 0 +1.504331266e-01 +3.152043313e+01 +3.152043313e+01 -1.6777e-01 +1.9686e+00 -3.8282e+00
1152 0 +4.569175563e-02 +3.141569176e+01 +3.141569176e+01 -2.7051e-01 +1.9693e+00 -3.8193e+00
1376 0 +1.677807911e-02 +3.138677808e+01 +3.138677808e+01 -2.5489e-01 +1.9210e+00 -3.8542e+00
1745 0 +1.576211226e-02 +3.138576211e+01 +3.138576211e+01 -2.4663e-01 +1.9238e+00 -3.8641e+00
1863 0 +1.221058260e-02 +3.138221058e+01 +3.138221058e+01 -2.8287e-01 +1.8716e+00 -3.8402e+00
1945 0 +8.509167869e-03 +3.137850917e+01 +3.137850917e+01 -2.6473e-01 +1.9238e+00 -3.8641e+00
1988 0 +1.304275404e-03 +3.137130428e+01 +3.137130428e+01 -2.5963e-01 +1.9101e+00 -3.8877e+00
2181 0 +1.074315853e-03 +3.137107432e+01 +3.137107432e+01 -2.7013e-01 +1.9050e+00 -3.8769e+00
2413 0 +9.565260956e-04 +3.137095653e+01 +3.137095653e+01 -2.6487e-01 +1.9053e+00 -3.8821e+00
2509 0 +4.564068369e-04 +3.137045641e+01 +3.137045641e+01 -2.7100e-01 +1.8971e+00 -3.8789e+00
2859 0 +7.395073807e-05 +3.137007395e+01 +3.137007395e+01 -2.7100e-01 +1.8971e+00 -3.8826e+00
3111 0 +5.204437921e-05 +3.137005204e+01 +3.137005204e+01 -2.7226e-01 +1.8973e+00 -3.8821e+00
3410 0 +1.558022592e-05 +3.137001558e+01 +3.137001558e+01 -2.7105e-01 +1.8971e+00 -3.8841e+00
3805 0 +1.388371710e-05 +3.137001388e+01 +3.137001388e+01 -2.7132e-01 +1.8977e+00 -3.8839e+00
3845 0 +9.816390545e-06 +3.137000982e+01 +3.137000982e+01 -2.7133e-01 +1.8977e+00 -3.8840e+00
4072 0 +1.037591446e-06 +3.137000104e+01 +3.137000104e+01 -2.7192e-01 +1.8968e+00 -3.8839e+00
4350 0 +8.924181323e-07 +3.137000089e+01 +3.137000089e+01 -2.7186e-01 +1.8970e+00 -3.8840e+00
4396 0 +3.052236117e-07 +3.137000031e+01 +3.137000031e+01 -2.7198e-01 +1.8968e+00 -3.8839e+00
4472 0 +2.117672615e-07 +3.137000021e+01 +3.137000021e+01 -2.7192e-01 +1.8968e+00 -3.8840e+00
4831 0 +1.861574042e-07 +3.137000019e+01 +3.137000019e+01 -2.7195e-01 +1.8968e+00 -3.8840e+00
4934 0 +9.858470662e-08 +3.137000010e+01 +3.137000010e+01 -2.7195e-01 +1.8968e+00 -3.8840e+00
5196 0 +5.296723771e-08 +3.137000005e+01 +3.137000005e+01 -2.7198e-01 +1.8968e+00 -3.8840e+00
5420 0 +5.230042532e-08 +3.137000005e+01 +3.137000005e+01 -2.7198e-01 +1.8968e+00 -3.8840e+00
5421 0 +1.741958400e-08 +3.137000002e+01 +3.137000002e+01 -2.7200e-01 +1.8968e+00 -3.8840e+00
5769 0 +1.154268148e-08 +3.137000001e+01 +3.137000001e+01 -2.7200e-01 +1.8968e+00 -3.8840e+00
5805 0 +1.097964031e-08 +3.137000001e+01 +3.137000001e+01 -2.7200e-01 +1.8968e+00 -3.8840e+00
5838 0 +5.722004204e-09 +3.137000001e+01 +3.137000001e+01 -2.7200e-01 +1.8968e+00 -3.8840e+00
8316 0 +8.490985692e-13 +3.137000000e+01 +3.137000000e+01 -2.7200e-01 +1.8968e+00 -3.8840e+00
9742 0 +0.000000000e+00 +3.137000000e+01 +3.137000000e+01 -2.7200e-01 +1.8968e+00 -3.8840e+00
12051 0 +0.000000000e+00 +3.137000000e+01 +3.137000000e+01 -2.7200e-01 +1.8968e+00 -3.8840e+00
% f evaluations | g evaluations | best noise-free fitness - Fopt (-1.000000000000e+03) + sum g_i+ | measured fitness | best measured fitness or single-digit g-values | x1 | x2...
1 0 +1.159068116e+04 +1.059068116e+04 +1.059068116e+04 -2.5707e+00 -2.0386e+00 +2.5921e+00
32 0 +7.391451527e+03 +6.391451527e+03 +6.391451527e+03 -2.9932e+00 -3.5299e+00 +1.5252e+00
39 0 +7.136938467e+03 +6.136938467e+03 +6.136938467e+03 -2.8455e+00 -3.4363e+00 +4.7860e+00
55 0 +2.242749340e+03 +1.242749340e+03 +1.242749340e+03 -2.5619e+00 -4.7131e+00 +2.6363e+00
74 0 +2.442488241e+00 -9.975575118e+02 -9.975575118e+02 -1.1755e+00 -3.4256e+00 +2.7819e+00
174 0 +2.310044615e+00 -9.976899554e+02 -9.976899554e+02 -1.1755e+00 -3.9683e+00 +3.7292e+00
273 0 +2.137869719e+00 -9.978621303e+02 -9.978621303e+02 -1.2304e+00 -3.7070e+00 +3.1509e+00
340 0 +2.057107146e+00 -9.979428929e+02 -9.979428929e+02 -1.1504e+00 -3.5628e+00 +2.9371e+00
542 0 +6.403833104e-01 -9.993596167e+02 -9.993596167e+02 -6.8083e-01 -3.3509e+00 +2.8789e+00
633 0 +2.913356837e-01 -9.997086643e+02 -9.997086643e+02 -5.3300e-01 -3.5339e+00 +3.0789e+00
690 0 +2.498655647e-01 -9.997501344e+02 -9.997501344e+02 -3.9441e-01 -3.5628e+00 +2.9371e+00
948 0 +1.432416505e-01 -9.998567583e+02 -9.998567583e+02 -3.4151e-01 -3.4274e+00 +3.0308e+00
1092 0 +1.260482903e-01 -9.998739517e+02 -9.998739517e+02 -3.9170e-01 -3.3509e+00 +2.8504e+00
1240 0 +8.301233655e-02 -9.999169877e+02 -9.999169877e+02 -3.4420e-01 -3.4705e+00 +2.9479e+00
1278 0 +8.030806976e-02 -9.999196919e+02 -9.999196919e+02 -3.4122e-01 -3.4620e+00 +2.9466e+00
1663 0 +7.848984725e-02 -9.999215102e+02 -9.999215102e+02 -3.4909e-01 -3.4176e+00 +2.8997e+00
1670 0 +7.109733276e-02 -9.999289027e+02 -9.999289027e+02 -3.3825e-01 -3.4233e+00 +2.9312e+00
1700 0 +5.176430277e-02 -9.999482357e+02 -9.999482357e+02 -2.9107e-01 -3.4170e+00 +2.9559e+00
1773 0 +1.780981076e-02 -9.999821902e+02 -9.999821902e+02 -2.5568e-01 -3.3727e+00 +2.8851e+00
1923 0 +1.575547407e-02 -9.999842445e+02 -9.999842445e+02 -2.5568e-01 -3.3452e+00 +2.8557e+00
1979 0 +5.135973142e-03 -9.999948640e+02 -9.999948640e+02 -2.1994e-01 -3.3536e+00 +2.8371e+00
2276 0 +4.332473242e-03 -9.999956675e+02 -9.999956675e+02 -2.1932e-01 -3.3382e+00 +2.8346e+00
2302 0 +3.004142748e-03 -9.999969959e+02 -9.999969959e+02 -2.0715e-01 -3.3527e+00 +2.8389e+00
2316 0 +2.503276146e-03 -9.999974967e+02 -9.999974967e+02 -2.1116e-01 -3.3452e+00 +2.8367e+00
2493 0 +2.353559838e-03 -9.999976464e+02 -9.999976464e+02 -2.0898e-01 -3.3459e+00 +2.8414e+00
2526 0 +1.497208893e-03 -9.999985028e+02 -9.999985028e+02 -2.0468e-01 -3.3382e+00 +2.8378e+00
2636 0 +1.453488696e-03 -9.999985465e+02 -9.999985465e+02 -2.0362e-01 -3.3384e+00 +2.8385e+00
2650 0 +2.224864513e-04 -9.999997775e+02 -9.999997775e+02 -1.9194e-01 -3.3337e+00 +2.8294e+00
2919 0 +1.961271854e-04 -9.999998039e+02 -9.999998039e+02 -1.9242e-01 -3.3317e+00 +2.8269e+00
2950 0 +1.652002021e-04 -9.999998348e+02 -9.999998348e+02 -1.9194e-01 -3.3337e+00 +2.8266e+00
3172 0 +1.294138594e-04 -9.999998706e+02 -9.999998706e+02 -1.9080e-01 -3.3334e+00 +2.8278e+00
3282 0 +3.621201245e-05 -9.999999638e+02 -9.999999638e+02 -1.8758e-01 -3.3304e+00 +2.8237e+00
3412 0 +2.713425170e-05 -9.999999729e+02 -9.999999729e+02 -1.8791e-01 -3.3313e+00 +2.8242e+00
3482 0 +2.384968491e-05 -9.999999762e+02 -9.999999762e+02 -1.8758e-01 -3.3318e+00 +2.8247e+00
3588 0 +1.609198239e-05 -9.999999839e+02 -9.999999839e+02 -1.8782e-01 -3.3315e+00 +2.8253e+00
3723 0 +6.042876407e-06 -9.999999940e+02 -9.999999940e+02 -1.8720e-01 -3.3310e+00 +2.8245e+00
3790 0 +5.537040010e-06 -9.999999945e+02 -9.999999945e+02 -1.8708e-01 -3.3310e+00 +2.8244e+00
4091 0 +3.094535373e-06 -9.999999969e+02 -9.999999969e+02 -1.8687e-01 -3.3303e+00 +2.8239e+00
4308 0 +1.742936547e-06 -9.999999983e+02 -9.999999983e+02 -1.8681e-01 -3.3304e+00 +2.8240e+00
4378 0 +9.372384966e-07 -9.999999991e+02 -9.999999991e+02 -1.8670e-01 -3.3304e+00 +2.8241e+00
4551 0 +9.266992720e-07 -9.999999991e+02 -9.999999991e+02 -1.8671e-01 -3.3306e+00 +2.8242e+00
4791 0 +7.463362408e-07 -9.999999993e+02 -9.999999993e+02 -1.8662e-01 -3.3304e+00 +2.8240e+00
4902 0 +6.259148222e-07 -9.999999994e+02 -9.999999994e+02 -1.8663e-01 -3.3306e+00 +2.8242e+00
4917 0 +3.131314088e-07 -9.999999997e+02 -9.999999997e+02 -1.8657e-01 -3.3304e+00 +2.8240e+00
5126 0 +2.029051984e-07 -9.999999998e+02 -9.999999998e+02 -1.8650e-01 -3.3305e+00 +2.8240e+00
5198 0 +1.649144679e-07 -9.999999998e+02 -9.999999998e+02 -1.8651e-01 -3.3305e+00 +2.8241e+00
5291 0 +1.026618293e-07 -9.999999999e+02 -9.999999999e+02 -1.8649e-01 -3.3305e+00 +2.8241e+00
5327 0 +1.003146508e-07 -9.999999999e+02 -9.999999999e+02 -1.8648e-01 -3.3304e+00 +2.8240e+00
5351 0 +4.863500180e-08 -1.000000000e+03 -1.000000000e+03 -1.8646e-01 -3.3304e+00 +2.8240e+00
5417 0 +3.552133876e-08 -1.000000000e+03 -1.000000000e+03 -1.8645e-01 -3.3304e+00 +2.8240e+00
5499 0 +2.990509529e-08 -1.000000000e+03 -1.000000000e+03 -1.8645e-01 -3.3304e+00 +2.8240e+00
5583 0 +1.922830961e-08 -1.000000000e+03 -1.000000000e+03 -1.8642e-01 -3.3304e+00 +2.8240e+00
5741 0 +1.109924597e-08 -1.000000000e+03 -1.000000000e+03 -1.8642e-01 -3.3304e+00 +2.8240e+00
5876 0 +1.091268587e-08 -1.000000000e+03 -1.000000000e+03 -1.8643e-01 -3.3304e+00 +2.8240e+00
5991 0 +1.046043963e-08 -1.000000000e+03 -1.000000000e+03 -1.8642e-01 -3.3304e+00 +2.8240e+00
6004 0 +9.194081940e-09 -1.000000000e+03 -1.000000000e+03 -1.8642e-01 -3.3304e+00 +2.8240e+00
8431 0 +9.094947018e-13 -1.000000000e+03 -1.000000000e+03 -1.8640e-01 -3.3304e+00 +2.8240e+00
9189 0 +0.000000000e+00 -1.000000000e+03 -1.000000000e+03 -1.8640e-01 -3.3304e+00 +2.8240e+00
12051 0 +0.000000000e+00 -1.000000000e+03 -1.000000000e+03 -1.8640e-01 -3.3304e+00 +2.8240e+00
% f evaluations | g evaluations | best noise-free fitness - Fopt (1.319200000000e+02) + sum g_i+ | measured fitness | best measured fitness or single-digit g-values | x1 | x2...
1 0 +3.146167326e+05 +3.147486526e+05 +3.147486526e+05 -1.8213e+00 +8.3202e-01 +3.5537e+00
2 0 +1.119564642e+05 +1.120883842e+05 +1.120883842e+05 +8.4692e-01 -3.7640e+00 +1.9551e-02
3 0 +1.981169763e+04 +1.994361763e+04 +1.994361763e+04 +4.7342e+00 -1.7896e+00 -9.4343e-01
4 0 +4.140587112e+03 +4.272507112e+03 +4.272507112e+03 -3.2622e+00 +2.0899e+00 -3.0085e+00
11 0 +3.695702259e+03 +3.827622259e+03 +3.827622259e+03 +1.4346e+00 -9.5589e-01 -2.6879e+00
15 0 +4.306073406e+02 +5.625273406e+02 +5.625273406e+02 +3.8165e+00 -4.2706e+00 -4.1336e+00
24 0 +2.151453563e+02 +3.470653563e+02 +3.470653563e+02 +1.6412e+00 -1.9537e+00 -4.8041e+00
34 0 +1.639632142e+02 +2.958832142e+02 +2.958832142e+02 +3.7408e+00 +2.2809e+00 -4.4530e+00
54 0 +3.675942179e+01 +1.686794218e+02 +1.686794218e+02 -4.8455e-01 +2.0899e+00 -5.0000e+00
201 0 +6.298258085e+00 +1.382182581e+02 +1.382182581e+02 -2.6288e+00 +2.6966e+00 -5.0000e+00
272 0 +6.030809650e+00 +1.379508096e+02 +1.379508096e+02 -4.1185e+00 +1.0379e+00 -5.0000e+00
326 0 +5.411115796e+00 +1.373311158e+02 +1.373311158e+02 -2.8169e+00 +2.5232e+00 -4.2074e+00
351 0 +4.958370785e+00 +1.368783708e+02 +1.368783708e+02 -2.6288e+00 +2.6966e+00 -4.7706e+00
354 0 +4.554341284e+00 +1.364743413e+02 +1.364743413e+02 -3.1056e+00 +2.1252e+00 -4.8883e+00
373 0 +3.447749798e+00 +1.353677498e+02 +1.353677498e+02 -3.4333e+00 +1.7211e+00 -4.6607e+00
455 0 +1.239371982e+00 +1.331593720e+02 +1.331593720e+02 -4.0645e+00 +1.4268e+00 -4.1366e+00
640 0 +5.270206950e-01 +1.324470207e+02 +1.324470207e+02 -3.7176e+00 +1.8417e+00 -3.7700e+00
890 0 +7.889445430e-02 +1.319988945e+02 +1.319988945e+02 -3.9373e+00 +1.8647e+00 -3.8113e+00
1171 0 +4.038968412e-02 +1.319603897e+02 +1.319603897e+02 -3.9535e+00 +1.8708e+00 -3.7694e+00
1377 0 +3.602480424e-03 +1.319236025e+02 +1.319236025e+02 -3.9622e+00 +1.9106e+00 -3.7083e+00
2179 0 +2.936951646e-03 +1.319229370e+02 +1.319229370e+02 -3.9570e+00 +1.9225e+00 -3.7126e+00
2229 0 +2.644622073e-03 +1.319226446e+02 +1.319226446e+02 -3.9598e+00 +1.9190e+00 -3.7126e+00
2318 0 +9.251619764e-04 +1.319209252e+02 +1.319209252e+02 -3.9730e+00 +1.9135e+00 -3.7090e+00
2367 0 +2.726411883e-04 +1.319202726e+02 +1.319202726e+02 -3.9772e+00 +1.9112e+00 -3.7032e+00
2767 0 +2.176787191e-04 +1.319202177e+02 +1.319202177e+02 -3.9783e+00 +1.9112e+00 -3.7032e+00
2867 0 +1.519894883e-04 +1.319201520e+02 +1.319201520e+02 -3.9813e+00 +1.9090e+00 -3.7032e+00
2981 0 +1.064352156e-04 +1.319201064e+02 +1.319201064e+02 -3.9803e+00 +1.9104e+00 -3.7023e+00
3081 0 +8.866153263e-05 +1.319200887e+02 +1.319200887e+02 -3.9803e+00 +1.9104e+00 -3.7018e+00
3124 0 +7.141169351e-05 +1.319200714e+02 +1.319200714e+02 -3.9800e+00 +1.9122e+00 -3.7016e+00
3170 0 +5.512933529e-05 +1.319200551e+02 +1.319200551e+02 -3.9802e+00 +1.9115e+00 -3.7012e+00
3387 0 +3.800965973e-05 +1.319200380e+02 +1.319200380e+02 -3.9821e+00 +1.9090e+00 -3.7003e+00
3407 0 +3.180838647e-05 +1.319200318e+02 +1.319200318e+02 -3.9810e+00 +1.9106e+00 -3.7007e+00
3531 0 +1.617508164e-05 +1.319200162e+02 +1.319200162e+02 -3.9814e+00 +1.9104e+00 -3.6998e+00
3731 0 +1.575707654e-05 +1.319200158e+02 +1.319200158e+02 -3.9814e+00 +1.9106e+00 -3.7001e+00
3740 0 +1.346134243e-05 +1.319200135e+02 +1.319200135e+02 -3.9824e+00 +1.9096e+00 -3.7000e+00
3840 0 +1.243137552e-05 +1.319200124e+02 +1.319200124e+02 -3.9827e+00 +1.9094e+00 -3.6998e+00
3877 0 +3.460592268e-06 +1.319200035e+02 +1.319200035e+02 -3.9820e+00 +1.9103e+00 -3.6993e+00
4042 0 +3.050638526e-06 +1.319200031e+02 +1.319200031e+02 -3.9822e+00 +1.9102e+00 -3.6993e+00
4325 0 +2.878849244e-06 +1.319200029e+02 +1.319200029e+02 -3.9822e+00 +1.9102e+00 -3.6994e+00
4392 0 +1.549171742e-06 +1.319200015e+02 +1.319200015e+02 -3.9822e+00 +1.9104e+00 -3.6993e+00
4425 0 +9.391530114e-07 +1.319200009e+02 +1.319200009e+02 -3.9822e+00 +1.9104e+00 -3.6992e+00
4427 0 +5.447794251e-07 +1.319200005e+02 +1.319200005e+02 -3.9824e+00 +1.9103e+00 -3.6994e+00
4832 0 +2.838082196e-07 +1.319200003e+02 +1.319200003e+02 -3.9823e+00 +1.9104e+00 -3.6993e+00
5149 0 +1.922012700e-07 +1.319200002e+02 +1.319200002e+02 -3.9823e+00 +1.9104e+00 -3.6993e+00
5182 0 +1.010409107e-07 +1.319200001e+02 +1.319200001e+02 -3.9823e+00 +1.9104e+00 -3.6993e+00
5451 0 +5.591442687e-08 +1.319200001e+02 +1.319200001e+02 -3.9824e+00 +1.9104e+00 -3.6992e+00
5625 0 +3.644655067e-08 +1.319200000e+02 +1.319200000e+02 -3.9824e+00 +1.9104e+00 -3.6992e+00
5701 0 +1.358449708e-08 +1.319200000e+02 +1.319200000e+02 -3.9824e+00 +1.9104e+00 -3.6992e+00
5751 0 +1.297897256e-08 +1.319200000e+02 +1.319200000e+02 -3.9824e+00 +1.9104e+00 -3.6992e+00
5778 0 +1.182232268e-08 +1.319200000e+02 +1.319200000e+02 -3.9824e+00 +1.9104e+00 -3.6992e+00
5849 0 +5.955371307e-09 +1.319200000e+02 +1.319200000e+02 -3.9824e+00 +1.9104e+00 -3.6992e+00
9100 0 +9.663381206e-13 +1.319200000e+02 +1.319200000e+02 -3.9824e+00 +1.9104e+00 -3.6992e+00
10738 0 +0.000000000e+00 +1.319200000e+02 +1.319200000e+02 -3.9824e+00 +1.9104e+00 -3.6992e+00
12051 0 +0.000000000e+00 +1.319200000e+02 +1.319200000e+02 -3.9824e+00 +1.9104e+00 -3.6992e+00
% f evaluations | g evaluations | best noise-free fitness - Fopt (5.908400000000e+02) + sum g_i+ | measured fitness | best measured fitness or single-digit g-values | x1 | x2...
1 0 +3.221592082e+03 +3.812432082e+03 +3.812432082e+03 +9.4375e-01 -3.8498e+00 -6.3785e-01
16 0 +4.444766767e+01 +6.352876677e+02 +6.352876677e+02 +4.1331e+00 -2.6091e+00 +5.5762e-01
37 0 +3.561208316e+01 +6.264520832e+02 +6.264520832e+02 +3.4584e+00 -2.1405e-02 +4.5909e-01
46 0 +1.259294029e+01 +6.034329403e+02 +6.034329403e+02 +1.2701e+00 -4.2098e+00 -2.2497e+00
197 0 +1.239093117e+01 +6.032309312e+02 +6.032309312e+02 +2.7284e+00 -3.6637e+00 -1.7667e+00
264 0 +1.144877982e+01 +6.022887798e+02 +6.022887798e+02 +2.4923e+00 -2.6548e+00 -1.5400e+00
297 0 +9.890091635e+00 +6.007300916e+02 +6.007300916e+02 +2.7284e+00 -2.2106e+00 -1.7667e+00
302 0 +6.454041320e+00 +5.972940413e+02 +5.972940413e+02 +1.5382e+00 -3.6260e+00 -2.4144e+00
396 0 +5.743622986e+00 +5.965836230e+02 +5.965836230e+02 +1.8451e+00 -3.9946e+00 -2.5506e+00
424 0 +3.870975980e+00 +5.947109760e+02 +5.947109760e+02 +2.2407e+00 -2.5237e+00 -2.5047e+00
452 0 +2.960488735e+00 +5.938004887e+02 +5.938004887e+02 +2.1850e+00 -3.0573e+00 -2.6645e+00
502 0 +2.945914978e+00 +5.937859150e+02 +5.937859150e+02 +2.1850e+00 -2.9017e+00 -2.6645e+00
575 0 +1.921698100e+00 +5.927616981e+02 +5.927616981e+02 +2.0729e+00 -3.3722e+00 -2.9905e+00
642 0 +1.753716733e+00 +5.925937167e+02 +5.925937167e+02 +1.7118e+00 -2.8851e+00 -2.8553e+00
742 0 +8.867141841e-01 +5.917267142e+02 +5.917267142e+02 +1.7118e+00 -3.2286e+00 -3.0043e+00
945 0 +6.248355775e-01 +5.914648356e+02 +5.914648356e+02 +1.6812e+00 -3.7485e+00 -3.3685e+00
1017 0 +2.183652505e-01 +5.910583653e+02 +5.910583653e+02 +1.5565e+00 -3.6175e+00 -3.4528e+00
1109 0 +1.431572387e-01 +5.909831572e+02 +5.909831572e+02 +1.5697e+00 -3.4741e+00 -3.4204e+00
1144 0 +9.380140770e-02 +5.909338014e+02 +5.909338014e+02 +1.5580e+00 -3.3626e+00 -3.3919e+00
1451 0 +7.968172749e-02 +5.909196817e+02 +5.909196817e+02 +1.5380e+00 -3.3113e+00 -3.3858e+00
1528 0 +7.373116869e-02 +5.909137312e+02 +5.909137312e+02 +1.5350e+00 -3.2818e+00 -3.3972e+00
1692 0 +3.111246791e-02 +5.908711125e+02 +5.908711125e+02 +1.4732e+00 -3.3079e+00 -3.4204e+00
1742 0 +1.145880248e-02 +5.908514588e+02 +5.908514588e+02 +1.4732e+00 -3.3079e+00 -3.4539e+00
2092 0 +9.903913812e-03 +5.908499039e+02 +5.908499039e+02 +1.4656e+00 -3.3079e+00 -3.4539e+00
2108 0 +8.964862918e-03 +5.908489649e+02 +5.908489649e+02 +1.4624e+00 -3.3113e+00 -3.4566e+00
2353 0 +4.084377017e-03 +5.908440844e+02 +5.908440844e+02 +1.4617e+00 -3.3237e+00 -3.4756e+00
2518 0 +3.675180708e-03 +5.908436752e+02 +5.908436752e+02 +1.4560e+00 -3.3596e+00 -3.4894e+00
2543 0 +3.017298736e-03 +5.908430173e+02 +5.908430173e+02 +1.4599e+00 -3.3252e+00 -3.4776e+00
2564 0 +1.797494865e-03 +5.908417975e+02 +5.908417975e+02 +1.4523e+00 -3.3487e+00 -3.4900e+00
2735 0 +1.496475667e-03 +5.908414965e+02 +5.908414965e+02 +1.4554e+00 -3.3489e+00 -3.4927e+00
2813 0 +1.132277048e-03 +5.908411323e+02 +5.908411323e+02 +1.4545e+00 -3.3343e+00 -3.4879e+00
2820 0 +1.051331160e-03 +5.908410513e+02 +5.908410513e+02 +1.4510e+00 -3.3469e+00 -3.4930e+00
2914 0 +9.253682775e-04 +5.908409254e+02 +5.908409254e+02 +1.4535e+00 -3.3479e+00 -3.4972e+00
2952 0 +2.780270883e-04 +5.908402780e+02 +5.908402780e+02 +1.4499e+00 -3.3419e+00 -3.4971e+00
3130 0 +2.693881155e-04 +5.908402694e+02 +5.908402694e+02 +1.4481e+00 -3.3350e+00 -3.4931e+00
3240 0 +1.763692683e-04 +5.908401764e+02 +5.908401764e+02 +1.4491e+00 -3.3363e+00 -3.4951e+00
3436 0 +1.656350362e-04 +5.908401656e+02 +5.908401656e+02 +1.4481e+00 -3.3418e+00 -3.4982e+00
3487 0 +1.381066718e-04 +5.908401381e+02 +5.908401381e+02 +1.4477e+00 -3.3349e+00 -3.4948e+00
3500 0 +5.433678484e-05 +5.908400543e+02 +5.908400543e+02 +1.4470e+00 -3.3351e+00 -3.4962e+00
3637 0 +2.832378516e-05 +5.908400283e+02 +5.908400283e+02 +1.4467e+00 -3.3349e+00 -3.4971e+00
3887 0 +2.386694359e-05 +5.908400239e+02 +5.908400239e+02 +1.4466e+00 -3.3349e+00 -3.4971e+00
3937 0 +1.981852256e-05 +5.908400198e+02 +5.908400198e+02 +1.4466e+00 -3.3375e+00 -3.4983e+00
4029 0 +1.410140737e-05 +5.908400141e+02 +5.908400141e+02 +1.4461e+00 -3.3361e+00 -3.4975e+00
4104 0 +7.993876352e-06 +5.908400080e+02 +5.908400080e+02 +1.4461e+00 -3.3367e+00 -3.4981e+00
4121 0 +3.672680236e-06 +5.908400037e+02 +5.908400037e+02 +1.4460e+00 -3.3362e+00 -3.4981e+00
4493 0 +2.345691996e-06 +5.908400023e+02 +5.908400023e+02 +1.4458e+00 -3.3361e+00 -3.4981e+00
4533 0 +1.859456120e-06 +5.908400019e+02 +5.908400019e+02 +1.4458e+00 -3.3357e+00 -3.4980e+00
4544 0 +1.243634301e-06 +5.908400012e+02 +5.908400012e+02 +1.4456e+00 -3.3360e+00 -3.4982e+00
4761 0 +9.376772141e-07 +5.908400009e+02 +5.908400009e+02 +1.4457e+00 -3.3362e+00 -3.4983e+00
4793 0 +2.482668151e-07 +5.908400002e+02 +5.908400002e+02 +1.4456e+00 -3.3360e+00 -3.4983e+00
4994 0 +1.785684844e-07 +5.908400002e+02 +5.908400002e+02 +1.4456e+00 -3.3361e+00 -3.4984e+00
5143 0 +5.533433978e-08 +5.908400001e+02 +5.908400001e+02 +1.4456e+00 -3.3360e+00 -3.4984e+00
5539 0 +3.832508355e-08 +5.908400000e+02 +5.908400000e+02 +1.4456e+00 -3.3361e+00 -3.4984e+00
5637 0 +2.262231646e-08 +5.908400000e+02 +5.908400000e+02 +1.4456e+00 -3.3360e+00 -3.4984e+00
5886 0 +2.125079845e-08 +5.908400000e+02 +5.908400000e+02 +1.4456e+00 -3.3360e+00 -3.4984e+00
5913 0 +2.009733180e-08 +5.908400000e+02 +5.908400000e+02 +1.4456e+00 -3.3360e+00 -3.4984e+00
5968 0 +1.807518402e-08 +5.908400000e+02 +5.908400000e+02 +1.4456e+00 -3.3360e+00 -3.4984e+00
6037 0 +6.784375728e-09 +5.908400000e+02 +5.908400000e+02 +1.4456e+00 -3.3360e+00 -3.4984e+00
8994 0 +7.958078641e-13 +5.908400000e+02 +5.908400000e+02 +1.4456e+00 -3.3360e+00 -3.4984e+00
9999 0 +0.000000000e+00 +5.908400000e+02 +5.908400000e+02 +1.4456e+00 -3.3360e+00 -3.4984e+00
12051 0 +0.000000000e+00 +5.908400000e+02 +5.908400000e+02 +1.4456e+00 -3.3360e+00 -3.4984e+00
% f evaluations | g evaluations | best noise-free fitness - Fopt (3.590000000000e+01) + sum g_i+ | measured fitness | best measured fitness or single-digit g-values | x1 | x2...
1 0 +1.653457087e+04 +1.657047087e+04 +1.657047087e+04 +3.8981e+00 +4.3104e+00 +1.5521e+00
5 0 +2.197171345e+02 +2.556171345e+02 +2.556171345e+02 +3.9417e+00 +1.5049e-01 -4.1708e+00
13 0 +1.166068362e+02 +1.525068362e+02 +1.525068362e+02 +1.9605e+00 +7.4059e-01 -2.7812e+00
22 0 +1.142867458e+02 +1.501867458e+02 +1.501867458e+02 +2.3088e+00 +2.5281e+00 -2.5859e+00
27 0 +4.346708631e+01 +7.936708631e+01 +7.936708631e+01 +3.1019e+00 -7.3637e-01 +2.2871e+00
32 0 +1.888315743e+01 +5.478315743e+01 +5.478315743e+01 +4.1912e+00 +1.5276e+00 +1.6603e+00
134 0 +1.207883153e+01 +4.797883153e+01 +4.797883153e+01 +2.1213e+00 +1.0342e+00 +1.0127e+00
181 0 +8.248625630e+00 +4.414862563e+01 +4.414862563e+01 +3.7309e+00 +1.3577e+00 +1.9838e+00
184 0 +2.394202907e+00 +3.829420291e+01 +3.829420291e+01 +2.5616e+00 +1.0342e+00 +1.9584e+00
449 0 +8.377966972e-02 +3.598377967e+01 +3.598377967e+01 +2.7591e+00 +1.1670e+00 +2.4838e+00
931 0 +4.900133046e-02 +3.594900133e+01 +3.594900133e+01 +2.7353e+00 +1.1343e+00 +2.5008e+00
1335 0 +8.228595330e-03 +3.590822860e+01 +3.590822860e+01 +2.7982e+00 +1.0693e+00 +2.5842e+00
1992 0 +5.220486051e-03 +3.590522049e+01 +3.590522049e+01 +2.8081e+00 +1.0903e+00 +2.5855e+00
2275 0 +4.751334199e-03 +3.590475133e+01 +3.590475133e+01 +2.7968e+00 +1.1163e+00 +2.5772e+00
2405 0 +4.494375732e-03 +3.590449438e+01 +3.590449438e+01 +2.7921e+00 +1.1066e+00 +2.5762e+00
2429 0 +2.904320808e-03 +3.590290432e+01 +3.590290432e+01 +2.7812e+00 +1.1150e+00 +2.5727e+00
2450 0 +1.549580728e-03 +3.590154958e+01 +3.590154958e+01 +2.7941e+00 +1.1076e+00 +2.5852e+00
2555 0 +1.457988895e-03 +3.590145799e+01 +3.590145799e+01 +2.7770e+00 +1.1126e+00 +2.5762e+00
2792 0 +8.971088551e-04 +3.590089711e+01 +3.590089711e+01 +2.7853e+00 +1.1029e+00 +2.5842e+00
2875 0 +8.334735072e-04 +3.590083347e+01 +3.590083347e+01 +2.7881e+00 +1.1095e+00 +2.5843e+00
3010 0 +5.465369646e-04 +3.590054654e+01 +3.590054654e+01 +2.7803e+00 +1.1071e+00 +2.5829e+00
3075 0 +2.748879124e-04 +3.590027489e+01 +3.590027489e+01 +2.7786e+00 +1.1113e+00 +2.5832e+00
3182 0 +9.250022111e-05 +3.590009250e+01 +3.590009250e+01 +2.7820e+00 +1.1141e+00 +2.5853e+00
3430 0 +7.845330637e-05 +3.590007845e+01 +3.590007845e+01 +2.7817e+00 +1.1135e+00 +2.5854e+00
3562 0 +3.028295370e-05 +3.590003028e+01 +3.590003028e+01 +2.7821e+00 +1.1140e+00 +2.5864e+00
3600 0 +2.967614664e-05 +3.590002968e+01 +3.590002968e+01 +2.7831e+00 +1.1122e+00 +2.5872e+00
3710 0 +1.667972349e-05 +3.590001668e+01 +3.590001668e+01 +2.7816e+00 +1.1130e+00 +2.5865e+00
3750 0 +8.748779344e-06 +3.590000875e+01 +3.590000875e+01 +2.7821e+00 +1.1128e+00 +2.5871e+00
4030 0 +4.079134136e-06 +3.590000408e+01 +3.590000408e+01 +2.7821e+00 +1.1131e+00 +2.5872e+00
4104 0 +3.160745685e-06 +3.590000316e+01 +3.590000316e+01 +2.7818e+00 +1.1131e+00 +2.5871e+00
4110 0 +9.219216821e-07 +3.590000092e+01 +3.590000092e+01 +2.7815e+00 +1.1136e+00 +2.5870e+00
4497 0 +6.837855935e-07 +3.590000068e+01 +3.590000068e+01 +2.7818e+00 +1.1134e+00 +2.5872e+00
4638 0 +4.974471963e-07 +3.590000050e+01 +3.590000050e+01 +2.7815e+00 +1.1136e+00 +2.5871e+00
4704 0 +3.896054181e-07 +3.590000039e+01 +3.590000039e+01 +2.7817e+00 +1.1135e+00 +2.5872e+00
4809 0 +3.468551668e-07 +3.590000035e+01 +3.590000035e+01 +2.7816e+00 +1.1135e+00 +2.5871e+00
4893 0 +2.028163806e-07 +3.590000020e+01 +3.590000020e+01 +2.7816e+00 +1.1136e+00 +2.5871e+00
4924 0 +1.645357912e-07 +3.590000016e+01 +3.590000016e+01 +2.7816e+00 +1.1135e+00 +2.5872e+00
4974 0 +5.810300507e-08 +3.590000006e+01 +3.590000006e+01 +2.7816e+00 +1.1136e+00 +2.5872e+00
5274 0 +4.880632076e-08 +3.590000005e+01 +3.590000005e+01 +2.7816e+00 +1.1136e+00 +2.5872e+00
5293 0 +3.255109249e-08 +3.590000003e+01 +3.590000003e+01 +2.7816e+00 +1.1136e+00 +2.5872e+00
5384 0 +1.982852638e-08 +3.590000002e+01 +3.590000002e+01 +2.7816e+00 +1.1136e+00 +2.5872e+00
5584 0 +9.423153813e-09 +3.590000001e+01 +3.590000001e+01 +2.7816e+00 +1.1136e+00 +2.5872e+00
8492 0 +4.618527782e-13 +3.590000000e+01 +3.590000000e+01 +2.7816e+00 +1.1136e+00 +2.5872e+00
9652 0 +0.000000000e+00 +3.590000000e+01 +3.590000000e+01 +2.7816e+00 +1.1136e+00 +2.5872e+00
12051 0 +0.000000000e+00 +3.590000000e+01 +3.590000000e+01 +2.7816e+00 +1.1136e+00 +2.5872e+00
% f evaluations | g evaluations | best noise-free fitness - Fopt (3.137000000000e+01) + sum g_i+ | measured fitness | best measured fitness or single-digit g-values | x1 | x2...
1 0 +2.142969984e+02 +2.456669984e+02 +2.456669984e+02 -5.6389e-01 -2.1839e+00 +4.5693e+00
2 0 +6.751241464e+01 +9.888241464e+01 +9.888241464e+01 +1.5042e+00 +2.3078e-01 -1.2109e+00
4 0 +5.766701636e+01 +8.903701636e+01 +8.903701636e+01 +6.8878e-01 +2.3986e+00 -4.7678e-01
20 0 +2.399451462e+01 +5.536451462e+01 +5.536451462e+01 +3.2217e-01 +2.1091e+00 -1.7362e+00
42 0 +1.267893749e+01 +4.404893749e+01 +4.404893749e+01 +3.5900e-01 +2.5994e+00 -2.5706e+00
48 0 +3.362224616e+00 +3.473222462e+01 +3.473222462e+01 -3.8838e-01 +2.7739e+00 -3.2508e+00
248 0 +3.179078770e+00 +3.454907877e+01 +3.454907877e+01 -1.6030e-01 +2.0353e+00 -3.1291e+00
270 0 +1.804273685e+00 +3.317427369e+01 +3.317427369e+01 +3.7458e-01 +2.1091e+00 -3.9842e+00
348 0 +1.369493468e+00 +3.273949347e+01 +3.273949347e+01 -1.6030e-01 +1.9472e+00 -3.4517e+00
410 0 +1.289057567e+00 +3.265905757e+01 +3.265905757e+01 -2.7239e-01 +1.5999e+00 -3.4407e+00
528 0 +1.108523985e+00 +3.247852398e+01 +3.247852398e+01 -3.0529e-01 +2.1268e+00 -3.4417e+00
818 0 +8.730148237e-01 +3.224301482e+01 +3.224301482e+01 +3.9706e-03 +1.9403e+00 -3.7303e+00
829 0 +7.728461196e-01 +3.214284612e+01 +3.214284612e+01 +1.4584e-01 +2.1294e+00 -3.9311e+00
891 0 +4.480109366e-01 +3.181801094e+01 +3.181801094e+01 -1.5372e-01 +1.8903e+00 -3.7011e+00
956 0 +1.610832760e-01 +3.153108328e+01 +3.153108328e+01 -1.7851e-01 +2.0950e+00 -3.8409e+00
1018 0 +8.517251294e-02 +3.145517251e+01 +3.145517251e+01 -2.2410e-01 +1.9721e+00 -3.8127e+00
1021 0 +7.975943358e-02 +3.144975943e+01 +3.144975943e+01 -2.9534e-01 +1.9625e+00 -3.7767e+00
1308 0 +2.645585639e-02 +3.139645586e+01 +3.139645586e+01 -2.2427e-01 +1.9538e+00 -3.8742e+00
1408 0 +2.452104208e-02 +3.139452104e+01 +3.139452104e+01 -2.2427e-01 +1.9332e+00 -3.8742e+00
1486 0 +2.135940037e-02 +3.139135940e+01 +3.139135940e+01 -2.4582e-01 +1.8846e+00 -3.8599e+00
1606 0 +2.046601785e-02 +3.139046602e+01 +3.139046602e+01 -2.6147e-01 +1.8631e+00 -3.8503e+00
1683 0 +1.559518628e-02 +3.138559519e+01 +3.138559519e+01 -2.5357e-01 +1.9004e+00 -3.8569e+00
1998 0 +1.334166679e-02 +3.138334167e+01 +3.138334167e+01 -2.6022e-01 +1.8833e+00 -3.8569e+00
2062 0 +9.460546149e-03 +3.137946055e+01 +3.137946055e+01 -2.5713e-01 +1.9327e+00 -3.8687e+00
2107 0 +9.176380562e-03 +3.137917638e+01 +3.137917638e+01 -2.7310e-01 +1.8987e+00 -3.8498e+00
2157 0 +1.715970092e-03 +3.137171597e+01 +3.137171597e+01 -2.7310e-01 +1.8987e+00 -3.8704e+00
2257 0 +1.584625902e-03 +3.137158463e+01 +3.137158463e+01 -2.7177e-01 +1.8976e+00 -3.8717e+00
2412 0 +1.307883761e-03 +3.137130788e+01 +3.137130788e+01 -2.6264e-01 +1.8998e+00 -3.8826e+00
2494 0 +1.051365010e-03 +3.137105137e+01 +3.137105137e+01 -2.7059e-01 +1.8956e+00 -3.8754e+00
2544 0 +8.372324366e-04 +3.137083723e+01 +3.137083723e+01 -2.6909e-01 +1.8956e+00 -3.8783e+00
2553 0 +2.723217809e-04 +3.137027232e+01 +3.137027232e+01 -2.6868e-01 +1.8963e+00 -3.8835e+00
2655 0 +1.528316470e-04 +3.137015283e+01 +3.137015283e+01 -2.7216e-01 +1.8945e+00 -3.8817e+00
3042 0 +1.482538916e-04 +3.137014825e+01 +3.137014825e+01 -2.7167e-01 +1.8980e+00 -3.8810e+00
3192 0 +1.089787814e-04 +3.137010898e+01 +3.137010898e+01 -2.7208e-01 +1.8962e+00 -3.8812e+00
3431 0 +4.021957411e-05 +3.137004022e+01 +3.137004022e+01 -2.7185e-01 +1.8970e+00 -3.8825e+00
3512 0 +3.799258839e-05 +3.137003799e+01 +3.137003799e+01 -2.7102e-01 +1.8965e+00 -3.8835e+00
3650 0 +3.049207175e-05 +3.137003049e+01 +3.137003049e+01 -2.7141e-01 +1.8979e+00 -3.8832e+00
3681 0 +3.372697766e-06 +3.137000337e+01 +3.137000337e+01 -2.7185e-01 +1.8970e+00 -3.8837e+00
3731 0 +2.149569198e-06 +3.137000215e+01 +3.137000215e+01 -2.7161e-01 +1.8972e+00 -3.8842e+00
4005 0 +1.978647070e-06 +3.137000198e+01 +3.137000198e+01 -2.7176e-01 +1.8970e+00 -3.8839e+00
4409 0 +1.860387201e-06 +3.137000186e+01 +3.137000186e+01 -2.7187e-01 +1.8967e+00 -3.8838e+00
4455 0 +1.736036907e-06 +3.137000174e+01 +3.137000174e+01 -2.7179e-01 +1.8970e+00 -3.8839e+00
4459 0 +8.876513995e-07 +3.137000089e+01 +3.137000089e+01 -2.7194e-01 +1.8967e+00 -3.8839e+00
4622 0 +6.125661294e-07 +3.137000061e+01 +3.137000061e+01 -2.7198e-01 +1.8967e+00 -3.8839e+00
4777 0 +5.097883964e-07 +3.137000051e+01 +3.137000051e+01 -2.7188e-01 +1.8970e+00 -3.8840e+00
4954 0 +1.748641338e-07 +3.137000017e+01 +3.137000017e+01 -2.7201e-01 +1.8969e+00 -3.8839e+00
5179 0 +1.167505843e-07 +3.137000012e+01 +3.137000012e+01 -2.7199e-01 +1.8968e+00 -3.8839e+00
5182 0 +1.559312679e-08 +3.137000002e+01 +3.137000002e+01 -2.7200e-01 +1.8968e+00 -3.8840e+00
5682 0 +1.500440305e-08 +3.137000002e+01 +3.137000002e+01 -2.7200e-01 +1.8968e+00 -3.8840e+00
5732 0 +1.113755133e-08 +3.137000001e+01 +3.137000001e+01 -2.7200e-01 +1.8968e+00 -3.8840e+00
5899 0 +7.160597448e-09 +3.137000001e+01 +3.137000001e+01 -2.7200e-01 +1.8968e+00 -3.8840e+00
8127 0 +4.973799150e-13 +3.137000000e+01 +3.137000000e+01 -2.7200e-01 +1.8968e+00 -3.8840e+00
9630 0 +0.000000000e+00 +3.137000000e+01 +3.137000000e+01 -2.7200e-01 +1.8968e+00 -3.8840e+00
12051 0 +0.000000000e+00 +3.137000000e+01 +3.137000000e+01 -2.7200e-01 +1.8968e+00 -3.8840e+00
% f evaluations | g evaluations | best noise-free fitness - Fopt (-1.000000000000e+03) + sum g_i+ | measured fitness | best measured fitness or single-digit g-values | x1 | x2...
1 0 +2.660610462e+05 +2.650610462e+05 +2.650610462e+05 +2.3794e+00 +4.5767e-01 +3.2156e+00
3 0 +9.490142526e+04 +9.390142526e+04 +9.390142526e+04 +2.2264e+00 +2.7851e-01 -4.6381e-01
10 0 +6.202373236e+04 +6.102373236e+04 +6.102373236e+04 -2.4238e+00 +9.0099e-01 -7.0564e-01
11 0 +3.556524905e+03 +2.556524905e+03 +2.556524905e+03 -3.9486e+00 -3.1761e+00 +4.2288e+00
61 0 +2.380449165e+01 -9.761955083e+02 -9.761955083e+02 -3.9486e+00 -3.2062e+00 +3.0907e+00
71 0 +2.280174778e+01 -9.771982522e+02 -9.771982522e+02 -3.7643e+00 -4.1161e+00 +5.0000e+00
221 0 +2.076484397e+01 -9.792351560e+02 -9.792351560e+02 -3.7643e+00 -4.4910e+00 +5.0000e+00
226 0 +6.143224887e+00 -9.938567751e+02 -9.938567751e+02 -2.0826e+00 -3.9432e+00 +3.8722e+00
241 0 +7.983079441e-02 -9.999201692e+02 -9.999201692e+02 -3.2008e-01 -3.4715e+00 +2.9673e+00
1283 0 +1.940791059e-02 -9.999805921e+02 -9.999805921e+02 -2.3506e-01 -3.3889e+00 +2.8545e+00
1710 0 +1.455403553e-02 -9.999854460e+02 -9.999854460e+02 -2.3370e-01 -3.3859e+00 +2.8682e+00
1983 0 +1.120990161e-02 -9.999887901e+02 -9.999887901e+02 -2.2756e-01 -3.3766e+00 +2.8545e+00
2033 0 +9.190117979e-03 -9.999908099e+02 -9.999908099e+02 -2.2756e-01 -3.3740e+00 +2.8689e+00
2154 0 +4.757192783e-03 -9.999952428e+02 -9.999952428e+02 -2.2152e-01 -3.3313e+00 +2.8294e+00
2211 0 +3.635370576e-03 -9.999963646e+02 -9.999963646e+02 -2.1023e-01 -3.3494e+00 +2.8335e+00
2563 0 +6.762150786e-04 -9.999993238e+02 -9.999993238e+02 -1.9857e-01 -3.3347e+00 +2.8276e+00
2887 0 +5.056987636e-04 -9.999994943e+02 -9.999994943e+02 -1.9599e-01 -3.3319e+00 +2.8290e+00
2937 0 +4.759364808e-04 -9.999995241e+02 -9.999995241e+02 -1.9599e-01 -3.3331e+00 +2.8290e+00
3023 0 +4.401785711e-04 -9.999995598e+02 -9.999995598e+02 -1.9516e-01 -3.3344e+00 +2.8308e+00
3034 0 +2.638161367e-04 -9.999997362e+02 -9.999997362e+02 -1.9228e-01 -3.3350e+00 +2.8270e+00
3037 0 +1.485087455e-04 -9.999998515e+02 -9.999998515e+02 -1.9184e-01 -3.3331e+00 +2.8268e+00
3113 0 +1.251276476e-04 -9.999998749e+02 -9.999998749e+02 -1.9073e-01 -3.3326e+00 +2.8276e+00
3213 0 +1.123312096e-04 -9.999998877e+02 -9.999998877e+02 -1.9041e-01 -3.3326e+00 +2.8276e+00
3413 0 +8.841509270e-05 -9.999999116e+02 -9.999999116e+02 -1.9041e-01 -3.3320e+00 +2.8264e+00
3463 0 +3.485057744e-05 -9.999999651e+02 -9.999999651e+02 -1.8848e-01 -3.3320e+00 +2.8251e+00
3742 0 +3.135028237e-06 -9.999999969e+02 -9.999999969e+02 -1.8701e-01 -3.3306e+00 +2.8242e+00
4251 0 +1.830312840e-06 -9.999999982e+02 -9.999999982e+02 -1.8687e-01 -3.3305e+00 +2.8241e+00
4313 0 +4.753510439e-07 -9.999999995e+02 -9.999999995e+02 -1.8662e-01 -3.3305e+00 +2.8241e+00
4911 0 +1.924825028e-07 -9.999999998e+02 -9.999999998e+02 -1.8650e-01 -3.3305e+00 +2.8241e+00
4918 0 +1.887317467e-07 -9.999999998e+02 -9.999999998e+02 -1.8651e-01 -3.3304e+00 +2.8240e+00
5333 0 +1.827326059e-07 -9.999999998e+02 -9.999999998e+02 -1.8651e-01 -3.3305e+00 +2.8240e+00
5407 0 +1.738955007e-07 -9.999999998e+02 -9.999999998e+02 -1.8649e-01 -3.3305e+00 +2.8241e+00
5505 0 +1.571082748e-07 -9.999999998e+02 -9.999999998e+02 -1.8651e-01 -3.3304e+00 +2.8241e+00
5561 0 +1.267773087e-07 -9.999999999e+02 -9.999999999e+02 -1.8649e-01 -3.3305e+00 +2.8241e+00
5583 0 +1.253481514e-07 -9.999999999e+02 -9.999999999e+02 -1.8651e-01 -3.3304e+00 +2.8240e+00
5656 0 +5.370088729e-08 -9.999999999e+02 -9.999999999e+02 -1.8644e-01 -3.3304e+00 +2.8240e+00
5835 0 +6.307686817e-09 -1.000000000e+03 -1.000000000e+03 -1.8642e-01 -3.3304e+00 +2.8240e+00
8770 0 +7.958078641e-13 -1.000000000e+03 -1.000000000e+03 -1.8640e-01 -3.3304e+00 +2.8240e+00
9090 0 +0.000000000e+00 -1.000000000e+03 -1.000000000e+03 -1.8640e-01 -3.3304e+00 +2.8240e+00
12051 0 +0.000000000e+00 -1.000000000e+03 -1.000000000e+03 -1.8640e-01 -3.3304e+00 +2.8240e+00
% f evaluations | g evaluations | best noise-free fitness - Fopt (1.319200000000e+02) + sum g_i+ | measured fitness | best measured fitness or single-digit g-values | x1 | x2...
1 0 +1.588075822e+04 +1.601267822e+04 +1.601267822e+04 -3.2041e+00 +3.4654e+00 -3.3677e+00
2 0 +6.779395875e+03 +6.911315875e+03 +6.911315875e+03 +5.2452e-01 -4.3418e-02 -2.2724e+00
4 0 +3.776219286e+02 +5.095419286e+02 +5.095419286e+02 +2.2332e+00 -4.2216e+00 -4.5918e+00
38 0 +2.159479735e+02 +3.478679735e+02 +3.478679735e+02 +3.9976e+00 +9.8505e-01 -3.8380e+00
39 0 +1.176634199e+02 +2.495834199e+02 +2.495834199e+02 +1.9542e+00 +1.3665e+00 -4.0653e+00
40 0 +6.984871250e+00 +1.389048712e+02 +1.389048712e+02 -2.1922e+00 +2.4818e+00 -4.3861e+00
140 0 +6.754665488e+00 +1.386746655e+02 +1.386746655e+02 -2.1922e+00 +2.6106e+00 -4.5196e+00
289 0 +6.171323665e+00 +1.380913237e+02 +1.380913237e+02 -3.5373e+00 +1.3665e+00 -5.0000e+00
364 0 +4.845277729e+00 +1.367652777e+02 +1.367652777e+02 -2.9204e+00 +2.0638e+00 -4.7512e+00
414 0 +3.694691246e+00 +1.356146912e+02 +1.356146912e+02 -2.9204e+00 +2.0638e+00 -4.2475e+00
464 0 +2.958300388e+00 +1.348783004e+02 +1.348783004e+02 -2.9204e+00 +2.2139e+00 -3.9531e+00
485 0 +2.609363766e+00 +1.345293638e+02 +1.345293638e+02 -3.2354e+00 +1.9147e+00 -4.3293e+00
717 0 +1.902069124e+00 +1.338220691e+02 +1.338220691e+02 -4.1926e+00 +1.2361e+00 -4.2938e+00
843 0 +1.833272541e+00 +1.337532725e+02 +1.337532725e+02 -4.0316e+00 +1.4209e+00 -4.3704e+00
857 0 +1.362966519e+00 +1.332829665e+02 +1.332829665e+02 -3.6071e+00 +1.7079e+00 -3.9200e+00
945 0 +7.302201440e-01 +1.326502201e+02 +1.326502201e+02 -3.8330e+00 +1.6659e+00 -3.9978e+00
960 0 +1.515842416e-01 +1.320715842e+02 +1.320715842e+02 -3.7991e+00 +1.9660e+00 -3.8429e+00
1510 0 +7.906414039e-02 +1.319990641e+02 +1.319990641e+02 -3.8840e+00 +1.9660e+00 -3.8203e+00
1645 0 +6.136323831e-02 +1.319813632e+02 +1.319813632e+02 -3.9836e+00 +1.8234e+00 -3.7818e+00
1745 0 +4.830136713e-02 +1.319683014e+02 +1.319683014e+02 -4.0047e+00 +1.8234e+00 -3.7818e+00
1886 0 +4.283719284e-02 +1.319628372e+02 +1.319628372e+02 -3.9693e+00 +1.8391e+00 -3.7479e+00
1915 0 +3.331365621e-02 +1.319533137e+02 +1.319533137e+02 -3.9602e+00 +1.8595e+00 -3.7386e+00
1933 0 +1.827059675e-02 +1.319382706e+02 +1.319382706e+02 -3.9246e+00 +1.9324e+00 -3.7447e+00
2322 0 +1.425494397e-02 +1.319342549e+02 +1.319342549e+02 -3.9418e+00 +1.9103e+00 -3.7329e+00
2328 0 +9.980333488e-03 +1.319299803e+02 +1.319299803e+02 -3.9885e+00 +1.8691e+00 -3.7208e+00
2332 0 +5.678169814e-03 +1.319256782e+02 +1.319256782e+02 -3.9615e+00 +1.9060e+00 -3.7225e+00
2369 0 +4.946119277e-03 +1.319249461e+02 +1.319249461e+02 -3.9556e+00 +1.9293e+00 -3.7253e+00
2382 0 +4.714446650e-03 +1.319247144e+02 +1.319247144e+02 -3.9615e+00 +1.9060e+00 -3.7107e+00
2451 0 +1.478267337e-03 +1.319214783e+02 +1.319214783e+02 -3.9762e+00 +1.9077e+00 -3.7131e+00
2732 0 +8.593991855e-04 +1.319208594e+02 +1.319208594e+02 -3.9883e+00 +1.8988e+00 -3.7057e+00
2869 0 +2.122393342e-04 +1.319202122e+02 +1.319202122e+02 -3.9817e+00 +1.9078e+00 -3.7034e+00
3312 0 +1.977379200e-04 +1.319201977e+02 +1.319201977e+02 -3.9816e+00 +1.9078e+00 -3.7032e+00
3431 0 +1.890133090e-04 +1.319201890e+02 +1.319201890e+02 -3.9778e+00 +1.9113e+00 -3.7012e+00
3688 0 +5.448213378e-05 +1.319200545e+02 +1.319200545e+02 -3.9814e+00 +1.9092e+00 -3.7001e+00
4100 0 +3.308710757e-05 +1.319200331e+02 +1.319200331e+02 -3.9823e+00 +1.9089e+00 -3.7002e+00
4324 0 +2.903545860e-05 +1.319200290e+02 +1.319200290e+02 -3.9813e+00 +1.9101e+00 -3.6995e+00
4350 0 +2.868172072e-05 +1.319200287e+02 +1.319200287e+02 -3.9830e+00 +1.9089e+00 -3.7003e+00
4372 0 +6.022483944e-06 +1.319200060e+02 +1.319200060e+02 -3.9816e+00 +1.9107e+00 -3.6997e+00
4768 0 +5.786352489e-06 +1.319200058e+02 +1.319200058e+02 -3.9819e+00 +1.9103e+00 -3.6992e+00
4922 0 +4.845410132e-06 +1.319200048e+02 +1.319200048e+02 -3.9818e+00 +1.9107e+00 -3.6997e+00
5010 0 +3.174773951e-06 +1.319200032e+02 +1.319200032e+02 -3.9821e+00 +1.9103e+00 -3.6994e+00
5122 0 +1.167757290e-06 +1.319200012e+02 +1.319200012e+02 -3.9822e+00 +1.9104e+00 -3.6994e+00
5388 0 +9.895808830e-07 +1.319200010e+02 +1.319200010e+02 -3.9822e+00 +1.9104e+00 -3.6992e+00
5468 0 +5.319501781e-07 +1.319200005e+02 +1.319200005e+02 -3.9822e+00 +1.9105e+00 -3.6993e+00
5642 0 +1.278309014e-08 +1.319200000e+02 +1.319200000e+02 -3.9824e+00 +1.9104e+00 -3.6992e+00
6442 0 +1.229264512e-08 +1.319200000e+02 +1.319200000e+02 -3.9824e+00 +1.9104e+00 -3.6992e+00
6642 0 +1.122165827e-08 +1.319200000e+02 +1.319200000e+02 -3.9824e+00 +1.9104e+00 -3.6992e+00
6733 0 +9.132151035e-09 +1.319200000e+02 +1.319200000e+02 -3.9824e+00 +1.9104e+00 -3.6992e+00
9868 0 +9.663381206e-13 +1.319200000e+02 +1.319200000e+02 -3.9824e+00 +1.9104e+00 -3.6992e+00
11193 0 +0.000000000e+00 +1.319200000e+02 +1.319200000e+02 -3.9824e+00 +1.9104e+00 -3.6992e+00
12051 0 +0.000000000e+00 +1.319200000e+02 +1.319200000e+02 -3.9824e+00 +1.9104e+00 -3.6992e+00
% f evaluations | g evaluations | best noise-free fitness - Fopt (5.908400000000e+02) + sum g_i+ | measured fitness | best measured fitness or single-digit g-values | x1 | x2...
1 0 +1.994939361e+05 +2.000847761e+05 +2.000847761e+05 -3.4305e+00 -4.3409e+00 -1.0972e+00
2 0 +1.055513135e+05 +1.061421535e+05 +1.061421535e+05 -1.6560e+00 -4.9387e+00 -3.3851e+00
4 0 +1.214400424e+04 +1.273484424e+04 +1.273484424e+04 +3.7564e+00 +3.1657e+00 +7.6373e-01
12 0 +7.897886265e+03 +8.488726265e+03 +8.488726265e+03 +1.2572e+00 -2.5812e+00 +9.8351e-01
20 0 +4.095745238e+03 +4.686585238e+03 +4.686585238e+03 +4.0997e+00 +2.5088e+00 +7.1350e-01
40 0 +1.250735455e+02 +7.159135455e+02 +7.159135455e+02 +4.8923e+00 +1.1308e+00 +4.9971e+00
44 0 +1.161439679e+02 +7.069839679e+02 +7.069839679e+02 +4.3728e+00 +2.7995e-01 +4.3579e+00
77 0 +4.852831584e+01 +6.393683158e+02 +6.393683158e+02 +4.3316e+00 +3.0822e-01 +1.0314e+00
104 0 +4.148966833e+01 +6.323296683e+02 +6.323296683e+02 +3.7564e+00 +9.3918e-02 +7.6373e-01
130 0 +3.670052783e+01 +6.275405278e+02 +6.275405278e+02 +2.5151e+00 -3.6883e+00 -2.0853e-01
132 0 +2.743005713e+01 +6.182700571e+02 +6.182700571e+02 +4.2462e+00 -4.3978e+00 -1.4371e+00
171 0 +1.085706311e+01 +6.016970631e+02 +6.016970631e+02 +2.5846e+00 -2.8748e+00 -1.6641e+00
195 0 +1.910578351e+00 +5.927505784e+02 +5.927505784e+02 +1.7751e+00 -2.7270e+00 -2.9292e+00
529 0 +7.890235465e-01 +5.916290235e+02 +5.916290235e+02 +1.7770e+00 -3.5057e+00 -3.1487e+00
730 0 +7.577409923e-01 +5.915977410e+02 +5.915977410e+02 +1.6382e+00 -3.8674e+00 -3.3478e+00
808 0 +1.496017937e-01 +5.909896018e+02 +5.909896018e+02 +1.5420e+00 -3.2256e+00 -3.3069e+00
1005 0 +1.415296350e-01 +5.909815296e+02 +5.909815296e+02 +1.5392e+00 -3.4916e+00 -3.4184e+00
1358 0 +1.270644472e-01 +5.909670644e+02 +5.909670644e+02 +1.5401e+00 -3.3512e+00 -3.3578e+00
1406 0 +7.839581038e-02 +5.909183958e+02 +5.909183958e+02 +1.4705e+00 -3.3554e+00 -3.3979e+00
1416 0 +7.575444813e-02 +5.909157544e+02 +5.909157544e+02 +1.5282e+00 -3.4038e+00 -3.4255e+00
1636 0 +4.235791076e-02 +5.908823579e+02 +5.908823579e+02 +1.4889e+00 -3.2648e+00 -3.4011e+00
1666 0 +2.845699844e-02 +5.908684570e+02 +5.908684570e+02 +1.4881e+00 -3.4241e+00 -3.4819e+00
1706 0 +1.693789563e-02 +5.908569379e+02 +5.908569379e+02 +1.4838e+00 -3.3554e+00 -3.4595e+00
1954 0 +2.774914415e-03 +5.908427749e+02 +5.908427749e+02 +1.4500e+00 -3.3357e+00 -3.4800e+00
2254 0 +5.740049966e-04 +5.908405740e+02 +5.908405740e+02 +1.4510e+00 -3.3449e+00 -3.4955e+00
2930 0 +5.117623862e-04 +5.908405118e+02 +5.908405118e+02 +1.4468e+00 -3.3369e+00 -3.4920e+00
3120 0 +4.979096850e-04 +5.908404979e+02 +5.908404979e+02 +1.4512e+00 -3.3403e+00 -3.4943e+00
3134 0 +4.653153111e-04 +5.908404653e+02 +5.908404653e+02 +1.4474e+00 -3.3349e+00 -3.4917e+00
3204 0 +3.330455371e-04 +5.908403330e+02 +5.908403330e+02 +1.4510e+00 -3.3388e+00 -3.4955e+00
3294 0 +3.114769107e-04 +5.908403115e+02 +5.908403115e+02 +1.4472e+00 -3.3366e+00 -3.4931e+00
3334 0 +3.032462944e-04 +5.908403032e+02 +5.908403032e+02 +1.4482e+00 -3.3330e+00 -3.4920e+00
3354 0 +1.492578249e-04 +5.908401493e+02 +5.908401493e+02 +1.4485e+00 -3.3372e+00 -3.4955e+00
3563 0 +1.558519102e-05 +5.908400156e+02 +5.908400156e+02 +1.4461e+00 -3.3373e+00 -3.4981e+00
3956 0 +7.929375670e-06 +5.908400079e+02 +5.908400079e+02 +1.4461e+00 -3.3355e+00 -3.4977e+00
4256 0 +7.691400356e-06 +5.908400077e+02 +5.908400077e+02 +1.4461e+00 -3.3355e+00 -3.4977e+00
4281 0 +4.817839454e-06 +5.908400048e+02 +5.908400048e+02 +1.4457e+00 -3.3359e+00 -3.4979e+00
4531 0 +3.750214660e-06 +5.908400038e+02 +5.908400038e+02 +1.4457e+00 -3.3359e+00 -3.4979e+00
4581 0 +3.298646334e-06 +5.908400033e+02 +5.908400033e+02 +1.4458e+00 -3.3359e+00 -3.4979e+00
4603 0 +2.755971536e-06 +5.908400028e+02 +5.908400028e+02 +1.4458e+00 -3.3363e+00 -3.4982e+00
4608 0 +1.042599706e-06 +5.908400010e+02 +5.908400010e+02 +1.4457e+00 -3.3362e+00 -3.4983e+00
4708 0 +4.370670013e-07 +5.908400004e+02 +5.908400004e+02 +1.4457e+00 -3.3360e+00 -3.4983e+00
5045 0 +4.181137001e-07 +5.908400004e+02 +5.908400004e+02 +1.4457e+00 -3.3360e+00 -3.4983e+00
5206 0 +1.006993671e-07 +5.908400001e+02 +5.908400001e+02 +1.4456e+00 -3.3360e+00 -3.4984e+00
5608 0 +9.141899682e-08 +5.908400001e+02 +5.908400001e+02 +1.4456e+00 -3.3360e+00 -3.4983e+00
5609 0 +3.953391570e-08 +5.908400000e+02 +5.908400000e+02 +1.4456e+00 -3.3360e+00 -3.4984e+00
5856 0 +1.777038960e-08 +5.908400000e+02 +5.908400000e+02 +1.4456e+00 -3.3360e+00 -3.4984e+00
6160 0 +6.659092833e-09 +5.908400000e+02 +5.908400000e+02 +1.4456e+00 -3.3360e+00 -3.4984e+00
8623 0 +4.547473509e-13 +5.908400000e+02 +5.908400000e+02 +1.4456e+00 -3.3360e+00 -3.4984e+00
9791 0 +0.000000000e+00 +5.908400000e+02 +5.908400000e+02 +1.4456e+00 -3.3360e+00 -3.4984e+00
12051 0 +0.000000000e+00 +5.908400000e+02 +5.908400000e+02 +1.4456e+00 -3.3360e+00 -3.4984e+00
% f evaluations | g evaluations | best noise-free fitness - Fopt (3.590000000000e+01) + sum g_i+ | measured fitness | best measured fitness or single-digit g-values | x1 | x2...
1 0 +2.920438285e+05 +2.920797285e+05 +2.920797285e+05 -4.8437e+00 +9.7505e-01 +8.3661e-01
2 0 +1.944642362e+05 +1.945001362e+05 +1.945001362e+05 -2.6043e+00 +4.7423e+00 +1.7312e+00
3 0 +1.132153695e+02 +1.491153695e+02 +1.491153695e+02 +1.7320e+00 -2.7426e-01 -2.4903e+00
16 0 +1.102733045e+02 +1.461733045e+02 +1.461733045e+02 -2.0334e+00 +1.5728e+00 -3.4507e+00
26 0 +7.061852597e+01 +1.065185260e+02 +1.065185260e+02 +4.0654e+00 -7.3890e-01 -4.5447e-01
37 0 +5.999879711e+01 +9.589879711e+01 +9.589879711e+01 +4.7861e+00 +2.9296e+00 +3.9896e-01
55 0 +3.414304755e+01 +7.004304755e+01 +7.004304755e+01 +2.1462e-01 +1.3527e+00 -5.9987e-01
62 0 +8.846953395e+00 +4.474695340e+01 +4.474695340e+01 +2.1751e+00 +4.5042e-01 +1.3303e+00
112 0 +7.513545768e+00 +4.341354577e+01 +4.341354577e+01 +2.1751e+00 +1.6774e-02 +1.6010e+00
167 0 +6.497346082e+00 +4.239734608e+01 +4.239734608e+01 +2.4557e+00 +1.4582e+00 +1.4523e+00
252 0 +2.849587371e+00 +3.874958737e+01 +3.874958737e+01 +2.4266e+00 +1.3224e+00 +1.8022e+00
477 0 +2.192695371e+00 +3.809269537e+01 +3.809269537e+01 +3.3517e+00 +9.5351e-01 +2.3967e+00
524 0 +1.372125438e+00 +3.727212544e+01 +3.727212544e+01 +2.4586e+00 +1.2413e+00 +2.0488e+00
692 0 +4.309086428e-01 +3.633090864e+01 +3.633090864e+01 +2.9839e+00 +7.7563e-01 +2.5260e+00
777 0 +2.735260434e-01 +3.617352604e+01 +3.617352604e+01 +3.0179e+00 +9.5351e-01 +2.5721e+00
1022 0 +7.743442662e-02 +3.597743443e+01 +3.597743443e+01 +2.8821e+00 +9.7560e-01 +2.5892e+00
1261 0 +4.926252737e-02 +3.594926253e+01 +3.594926253e+01 +2.7400e+00 +1.0582e+00 +2.5206e+00
1342 0 +2.426666184e-02 +3.592426666e+01 +3.592426666e+01 +2.7735e+00 +1.0860e+00 +2.5433e+00
1464 0 +1.772847782e-02 +3.591772848e+01 +3.591772848e+01 +2.7795e+00 +1.1280e+00 +2.5484e+00
2001 0 +9.007349029e-03 +3.590900735e+01 +3.590900735e+01 +2.8132e+00 +1.0627e+00 +2.5912e+00
2063 0 +2.649033791e-03 +3.590264903e+01 +3.590264903e+01 +2.7945e+00 +1.1133e+00 +2.5812e+00
2363 0 +2.444633144e-03 +3.590244463e+01 +3.590244463e+01 +2.7991e+00 +1.0885e+00 +2.5920e+00
2473 0 +1.998298597e-03 +3.590199830e+01 +3.590199830e+01 +2.7917e+00 +1.0959e+00 +2.5851e+00
2507 0 +1.867780339e-03 +3.590186778e+01 +3.590186778e+01 +2.7977e+00 +1.0956e+00 +2.5896e+00
2549 0 +1.579196236e-03 +3.590157920e+01 +3.590157920e+01 +2.7883e+00 +1.1135e+00 +2.5808e+00
2605 0 +7.608972939e-04 +3.590076090e+01 +3.590076090e+01 +2.7804e+00 +1.1132e+00 +2.5803e+00
3019 0 +7.076123477e-04 +3.590070761e+01 +3.590070761e+01 +2.7855e+00 +1.1132e+00 +2.5830e+00
3042 0 +6.144109075e-04 +3.590061441e+01 +3.590061441e+01 +2.7866e+00 +1.1059e+00 +2.5850e+00
3047 0 +5.307069254e-04 +3.590053071e+01 +3.590053071e+01 +2.7835e+00 +1.1089e+00 +2.5832e+00
3081 0 +3.956737423e-04 +3.590039567e+01 +3.590039567e+01 +2.7872e+00 +1.1108e+00 +2.5862e+00
3173 0 +2.816826776e-04 +3.590028168e+01 +3.590028168e+01 +2.7834e+00 +1.1145e+00 +2.5842e+00
3205 0 +1.466318145e-04 +3.590014663e+01 +3.590014663e+01 +2.7804e+00 +1.1132e+00 +2.5842e+00
3362 0 +1.330600935e-04 +3.590013306e+01 +3.590013306e+01 +2.7813e+00 +1.1145e+00 +2.5846e+00
3404 0 +7.377793924e-05 +3.590007378e+01 +3.590007378e+01 +2.7837e+00 +1.1123e+00 +2.5868e+00
3507 0 +7.235620460e-05 +3.590007236e+01 +3.590007236e+01 +2.7831e+00 +1.1139e+00 +2.5863e+00
3557 0 +9.790738801e-06 +3.590000979e+01 +3.590000979e+01 +2.7819e+00 +1.1139e+00 +2.5868e+00
3607 0 +7.201477452e-06 +3.590000720e+01 +3.590000720e+01 +2.7819e+00 +1.1136e+00 +2.5869e+00
3757 0 +2.503578486e-06 +3.590000250e+01 +3.590000250e+01 +2.7818e+00 +1.1136e+00 +2.5870e+00
4453 0 +1.965097539e-06 +3.590000197e+01 +3.590000197e+01 +2.7816e+00 +1.1136e+00 +2.5870e+00
4547 0 +1.256405405e-06 +3.590000126e+01 +3.590000126e+01 +2.7818e+00 +1.1135e+00 +2.5871e+00
4562 0 +1.046785265e-06 +3.590000105e+01 +3.590000105e+01 +2.7816e+00 +1.1134e+00 +2.5871e+00
4584 0 +4.399783080e-07 +3.590000044e+01 +3.590000044e+01 +2.7817e+00 +1.1135e+00 +2.5871e+00
4889 0 +5.556927363e-08 +3.590000006e+01 +3.590000006e+01 +2.7816e+00 +1.1136e+00 +2.5872e+00
5448 0 +5.432741546e-08 +3.590000005e+01 +3.590000005e+01 +2.7816e+00 +1.1136e+00 +2.5872e+00
5482 0 +2.829101220e-08 +3.590000003e+01 +3.590000003e+01 +2.7816e+00 +1.1136e+00 +2.5872e+00
5741 0 +2.547355393e-08 +3.590000003e+01 +3.590000003e+01 +2.7816e+00 +1.1136e+00 +2.5872e+00
5916 0 +6.141632980e-09 +3.590000001e+01 +3.590000001e+01 +2.7816e+00 +1.1136e+00 +2.5872e+00
8341 0 +2.202682481e-13 +3.590000000e+01 +3.590000000e+01 +2.7816e+00 +1.1136e+00 +2.5872e+00
10156 0 +0.000000000e+00 +3.590000000e+01 +3.590000000e+01 +2.7816e+00 +1.1136e+00 +2.5872e+00
12051 0 +0.000000000e+00 +3.590000000e+01 +3.590000000e+01 +2.7816e+00 +1.1136e+00 +2.5872e+00
% f evaluations | g evaluations | best noise-free fitness - Fopt (3.137000000000e+01) + sum g_i+ | measured fitness | best measured fitness or single-digit g-values | x1 | x2...
1 0 +3.236065300e+01 +6.373065300e+01 +6.373065300e+01 +2.9703e+00 +3.1841e+00 -4.4225e+00
5 0 +1.334351589e+01 +4.471351589e+01 +4.471351589e+01 +6.0444e-01 +2.1674e+00 -2.7086e+00
6 0 +7.999633830e+00 +3.936963383e+01 +3.936963383e+01 -4.5899e-01 +1.9131e+00 -2.3093e+00
86 0 +1.489937668e+00 +3.285993767e+01 +3.285993767e+01 -4.0184e-01 +2.1216e+00 -3.3688e+00
512 0 +1.358822720e+00 +3.272882272e+01 +3.272882272e+01 +9.1971e-03 +2.4709e+00 -3.7147e+00
681 0 +4.911050125e-01 +3.186110501e+01 +3.186110501e+01 -2.5492e-01 +1.7537e+00 -3.6125e+00
805 0 +3.162944297e-01 +3.168629443e+01 +3.168629443e+01 -1.6591e-01 +2.2050e+00 -3.8245e+00
1023 0 +2.632724263e-01 +3.163327243e+01 +3.163327243e+01 -2.7755e-01 +2.0960e+00 -3.7260e+00
1040 0 +1.382242298e-01 +3.150822423e+01 +3.150822423e+01 -1.9533e-01 +2.0498e+00 -3.8333e+00
1184 0 +6.161553705e-02 +3.143161554e+01 +3.143161554e+01 -2.2385e-01 +1.9548e+00 -3.8370e+00
1390 0 +4.275546824e-02 +3.141275547e+01 +3.141275547e+01 -2.4742e-01 +1.9541e+00 -3.8333e+00
1408 0 +9.122246940e-03 +3.137912225e+01 +3.137912225e+01 -2.5787e-01 +1.9328e+00 -3.8693e+00
1608 0 +8.233676804e-03 +3.137823368e+01 +3.137823368e+01 -2.5787e-01 +1.9328e+00 -3.8744e+00
1981 0 +7.179877353e-03 +3.137717988e+01 +3.137717988e+01 -2.5838e-01 +1.8953e+00 -3.8694e+00
2131 0 +7.047205482e-03 +3.137704721e+01 +3.137704721e+01 -2.5838e-01 +1.8963e+00 -3.8694e+00
2261 0 +4.811905863e-03 +3.137481191e+01 +3.137481191e+01 -2.4651e-01 +1.9252e+00 -3.8901e+00
2385 0 +2.556793612e-03 +3.137255679e+01 +3.137255679e+01 -2.7074e-01 +1.8935e+00 -3.8686e+00
2408 0 +2.180746528e-03 +3.137218075e+01 +3.137218075e+01 -2.5787e-01 +1.9093e+00 -3.8848e+00
2501 0 +1.683577728e-03 +3.137168358e+01 +3.137168358e+01 -2.6731e-01 +1.9094e+00 -3.8772e+00
2567 0 +1.295266772e-03 +3.137129527e+01 +3.137129527e+01 -2.7279e-01 +1.8963e+00 -3.8724e+00
2651 0 +9.438417920e-04 +3.137094384e+01 +3.137094384e+01 -2.6770e-01 +1.9037e+00 -3.8791e+00
2685 0 +4.995343005e-04 +3.137049953e+01 +3.137049953e+01 -2.6639e-01 +1.9030e+00 -3.8837e+00
2835 0 +3.549225115e-04 +3.137035492e+01 +3.137035492e+01 -2.6971e-01 +1.9030e+00 -3.8818e+00
2872 0 +2.698214684e-04 +3.137026982e+01 +3.137026982e+01 -2.7328e-01 +1.8944e+00 -3.8787e+00
2873 0 +1.840064926e-04 +3.137018401e+01 +3.137018401e+01 -2.6853e-01 +1.8998e+00 -3.8838e+00
2967 0 +1.255982960e-04 +3.137012560e+01 +3.137012560e+01 -2.7060e-01 +1.8956e+00 -3.8827e+00
3189 0 +3.577117013e-05 +3.137003577e+01 +3.137003577e+01 -2.7051e-01 +1.8976e+00 -3.8840e+00
3563 0 +1.990140655e-05 +3.137001990e+01 +3.137001990e+01 -2.7199e-01 +1.8968e+00 -3.8829e+00
3639 0 +1.124603487e-05 +3.137001125e+01 +3.137001125e+01 -2.7125e-01 +1.8976e+00 -3.8840e+00
3662 0 +7.329005506e-06 +3.137000733e+01 +3.137000733e+01 -2.7169e-01 +1.8973e+00 -3.8837e+00
3930 0 +6.078034875e-06 +3.137000608e+01 +3.137000608e+01 -2.7194e-01 +1.8968e+00 -3.8835e+00
3984 0 +5.798457288e-07 +3.137000058e+01 +3.137000058e+01 -2.7204e-01 +1.8968e+00 -3.8838e+00
4819 0 +3.197396587e-07 +3.137000032e+01 +3.137000032e+01 -2.7193e-01 +1.8969e+00 -3.8840e+00
4974 0 +2.356267217e-07 +3.137000024e+01 +3.137000024e+01 -2.7196e-01 +1.8968e+00 -3.8839e+00
5175 0 +2.334949158e-07 +3.137000023e+01 +3.137000023e+01 -2.7190e-01 +1.8969e+00 -3.8840e+00
5282 0 +1.917906829e-07 +3.137000019e+01 +3.137000019e+01 -2.7195e-01 +1.8969e+00 -3.8840e+00
5332 0 +8.013825337e-08 +3.137000008e+01 +3.137000008e+01 -2.7197e-01 +1.8968e+00 -3.8840e+00
5470 0 +4.663323949e-09 +3.137000000e+01 +3.137000000e+01 -2.7200e-01 +1.8968e+00 -3.8840e+00
8281 0 +6.146194664e-13 +3.137000000e+01 +3.137000000e+01 -2.7200e-01 +1.8968e+00 -3.8840e+00
9638 0 +0.000000000e+00 +3.137000000e+01 +3.137000000e+01 -2.7200e-01 +1.8968e+00 -3.8840e+00
12051 0 +0.000000000e+00 +3.137000000e+01 +3.137000000e+01 -2.7200e-01 +1.8968e+00 -3.8840e+00
% f evaluations | g evaluations | best noise-free fitness - Fopt (-1.000000000000e+03) + sum g_i+ | measured fitness | best measured fitness or single-digit g-values | x1 | x2...
1 0 +3.379279817e+04 +3.279279817e+04 +3.279279817e+04 -4.9981e+00 +4.8510e-01 -8.4185e-03
10 0 +1.893873765e+04 +1.793873765e+04 +1.793873765e+04 -4.5670e-01 -2.3069e+00 +2.9902e+00
15 0 +1.748543836e+03 +7.485438355e+02 +7.485438355e+02 -8.2761e-01 -4.1037e+00 +2.7555e+00
34 0 +2.515671650e+01 -9.748432835e+02 -9.748432835e+02 -2.8704e+00 -2.5849e+00 +1.8452e+00
136 0 +7.532238416e+00 -9.924677616e+02 -9.924677616e+02 -1.6720e+00 -5.0000e+00 +3.7494e+00
221 0 +4.113741802e+00 -9.958862582e+02 -9.958862582e+02 -1.7610e+00 -3.7306e+00 +3.4150e+00
532 0 +3.743016580e+00 -9.962569834e+02 -9.962569834e+02 -1.4304e+00 -4.3322e+00 +4.1209e+00
552 0 +2.606189068e+00 -9.973938109e+02 -9.973938109e+02 -1.2934e+00 -3.8218e+00 +3.7246e+00
553 0 +1.363576401e+00 -9.986364236e+02 -9.986364236e+02 -9.7613e-01 -3.4694e+00 +2.9387e+00
814 0 +8.468731523e-01 -9.991531268e+02 -9.991531268e+02 -8.3579e-01 -3.5795e+00 +3.2652e+00
906 0 +7.807989255e-01 -9.992192011e+02 -9.992192011e+02 -7.5193e-01 -3.5389e+00 +3.2915e+00
974 0 +7.345247699e-01 -9.992654752e+02 -9.992654752e+02 -7.6396e-01 -3.6495e+00 +3.0656e+00
1014 0 +1.970593909e-01 -9.998029406e+02 -9.998029406e+02 -4.7942e-01 -3.4606e+00 +2.9886e+00
1169 0 +1.212811588e-01 -9.998787188e+02 -9.998787188e+02 -3.8135e-01 -3.4111e+00 +2.8629e+00
1399 0 +7.122324651e-02 -9.999287768e+02 -9.999287768e+02 -3.0493e-01 -3.4564e+00 +2.9265e+00
1623 0 +3.781225090e-02 -9.999621877e+02 -9.999621877e+02 -2.9777e-01 -3.3749e+00 +2.8669e+00
1827 0 +2.740033455e-02 -9.999725997e+02 -9.999725997e+02 -2.7572e-01 -3.3412e+00 +2.8283e+00
1849 0 +2.521758991e-02 -9.999747824e+02 -9.999747824e+02 -2.7478e-01 -3.3372e+00 +2.8545e+00
1853 0 +1.785745446e-02 -9.999821425e+02 -9.999821425e+02 -2.4780e-01 -3.3518e+00 +2.8239e+00
2029 0 +1.538935279e-02 -9.999846106e+02 -9.999846106e+02 -2.5453e-01 -3.3587e+00 +2.8692e+00
2119 0 +1.394053616e-02 -9.999860595e+02 -9.999860595e+02 -2.4060e-01 -3.3606e+00 +2.8356e+00
2155 0 +8.833221394e-03 -9.999911668e+02 -9.999911668e+02 -2.3142e-01 -3.3280e+00 +2.8231e+00
2223 0 +8.522450152e-03 -9.999914775e+02 -9.999914775e+02 -2.3527e-01 -3.3568e+00 +2.8521e+00
2317 0 +6.068565057e-03 -9.999939314e+02 -9.999939314e+02 -2.2336e-01 -3.3596e+00 +2.8471e+00
2339 0 +4.786443946e-03 -9.999952136e+02 -9.999952136e+02 -2.2125e-01 -3.3502e+00 +2.8369e+00
2355 0 +1.610087390e-03 -9.999983899e+02 -9.999983899e+02 -2.0389e-01 -3.3305e+00 +2.8231e+00
2478 0 +1.342363069e-03 -9.999986576e+02 -9.999986576e+02 -2.0387e-01 -3.3409e+00 +2.8336e+00
2805 0 +1.245122723e-03 -9.999987549e+02 -9.999987549e+02 -2.0201e-01 -3.3312e+00 +2.8246e+00
2937 0 +9.295947704e-04 -9.999990704e+02 -9.999990704e+02 -2.0002e-01 -3.3354e+00 +2.8338e+00
2962 0 +7.745668221e-04 -9.999992254e+02 -9.999992254e+02 -1.9949e-01 -3.3367e+00 +2.8304e+00
3090 0 +6.785050546e-04 -9.999993215e+02 -9.999993215e+02 -1.9744e-01 -3.3297e+00 +2.8255e+00
3107 0 +5.881922982e-04 -9.999994118e+02 -9.999994118e+02 -1.9725e-01 -3.3317e+00 +2.8249e+00
3135 0 +4.931512608e-04 -9.999995068e+02 -9.999995068e+02 -1.9594e-01 -3.3317e+00 +2.8278e+00
3147 0 +4.255438131e-04 -9.999995745e+02 -9.999995745e+02 -1.9399e-01 -3.3374e+00 +2.8318e+00
3253 0 +3.812522004e-04 -9.999996187e+02 -9.999996187e+02 -1.9500e-01 -3.3338e+00 +2.8265e+00
3301 0 +2.569319215e-04 -9.999997431e+02 -9.999997431e+02 -1.9228e-01 -3.3355e+00 +2.8286e+00
3326 0 +1.480707232e-04 -9.999998519e+02 -9.999998519e+02 -1.9121e-01 -3.3337e+00 +2.8263e+00
3361 0 +1.090708502e-04 -9.999998909e+02 -9.999998909e+02 -1.9026e-01 -3.3303e+00 +2.8238e+00
3411 0 +9.157469412e-05 -9.999999084e+02 -9.999999084e+02 -1.9026e-01 -3.3310e+00 +2.8245e+00
3609 0 +7.012351796e-05 -9.999999299e+02 -9.999999299e+02 -1.8985e-01 -3.3324e+00 +2.8261e+00
3653 0 +5.568335723e-05 -9.999999443e+02 -9.999999443e+02 -1.8884e-01 -3.3324e+00 +2.8252e+00
3703 0 +4.038787449e-05 -9.999999596e+02 -9.999999596e+02 -1.8795e-01 -3.3324e+00 +2.8252e+00
3769 0 +3.218529901e-05 -9.999999678e+02 -9.999999678e+02 -1.8874e-01 -3.3313e+00 +2.8254e+00
3824 0 +2.918667735e-05 -9.999999708e+02 -9.999999708e+02 -1.8776e-01 -3.3320e+00 +2.8249e+00
3924 0 +2.656153640e-05 -9.999999734e+02 -9.999999734e+02 -1.8766e-01 -3.3320e+00 +2.8250e+00
3972 0 +4.539626843e-06 -9.999999955e+02 -9.999999955e+02 -1.8707e-01 -3.3305e+00 +2.8240e+00
4229 0 +3.589316179e-06 -9.999999964e+02 -9.999999964e+02 -1.8707e-01 -3.3305e+00 +2.8243e+00
4391 0 +2.304799978e-06 -9.999999977e+02 -9.999999977e+02 -1.8691e-01 -3.3307e+00 +2.8242e+00
4423 0 +5.346930720e-07 -9.999999995e+02 -9.999999995e+02 -1.8658e-01 -3.3306e+00 +2.8241e+00
4773 0 +4.636546009e-07 -9.999999995e+02 -9.999999995e+02 -1.8661e-01 -3.3305e+00 +2.8241e+00
5023 0 +4.569056955e-07 -9.999999995e+02 -9.999999995e+02 -1.8661e-01 -3.3305e+00 +2.8241e+00
5272 0 +6.927223239e-08 -9.999999999e+02 -9.999999999e+02 -1.8647e-01 -3.3304e+00 +2.8240e+00
6050 0 +2.813862920e-08 -1.000000000e+03 -1.000000000e+03 -1.8644e-01 -3.3304e+00 +2.8240e+00
6203 0 +2.473382210e-08 -1.000000000e+03 -1.000000000e+03 -1.8643e-01 -3.3304e+00 +2.8240e+00
6326 0 +4.876142157e-09 -1.000000000e+03 -1.000000000e+03 -1.8641e-01 -3.3304e+00 +2.8240e+00
8607 0 +9.094947018e-13 -1.000000000e+03 -1.000000000e+03 -1.8640e-01 -3.3304e+00 +2.8240e+00
9777 0 +0.000000000e+00 -1.000000000e+03 -1.000000000e+03 -1.8640e-01 -3.3304e+00 +2.8240e+00
12051 0 +0.000000000e+00 -1.000000000e+03 -1.000000000e+03 -1.8640e-01 -3.3304e+00 +2.8240e+00
% f evaluations | g evaluations | best noise-free fitness - Fopt (1.319200000000e+02) + sum g_i+ | measured fitness | best measured fitness or single-digit g-values | x1 | x2...
1 0 +1.664850204e+02 +2.984050204e+02 +2.984050204e+02 +1.1205e+00 -8.6596e-01 -4.0762e+00
41 0 +1.208650142e+02 +2.527850142e+02 +2.527850142e+02 +8.7158e-01 -2.3804e-03 -3.6528e+00
91 0 +9.980677325e+01 +2.317267732e+02 +2.317267732e+02 +8.9600e-01 +9.5284e-01 -4.5437e+00
151 0 +9.169094281e+01 +2.236109428e+02 +2.236109428e+02 -9.6920e-02 -9.0108e-02 -5.0000e+00
172 0 +4.750659556e+01 +1.794265956e+02 +1.794265956e+02 +4.3638e-01 +2.5294e+00 -4.9824e+00
201 0 +6.039917448e+00 +1.379599174e+02 +1.379599174e+02 -3.0041e+00 +1.6120e+00 -4.0223e+00
351 0 +4.598441493e+00 +1.365184415e+02 +1.365184415e+02 -3.5676e+00 +1.6120e+00 -4.9205e+00
353 0 +4.385807364e+00 +1.363058074e+02 +1.363058074e+02 -3.7369e+00 +1.0288e+00 -4.0285e+00
417 0 +3.447564185e+00 +1.353675642e+02 +1.353675642e+02 -3.4024e+00 +1.5031e+00 -4.1619e+00
467 0 +1.424482074e+00 +1.333444821e+02 +1.333444821e+02 -3.4024e+00 +2.0223e+00 -4.2508e+00
567 0 +1.301922107e+00 +1.332219221e+02 +1.332219221e+02 -3.5420e+00 +2.0223e+00 -4.2508e+00
641 0 +7.768854851e-01 +1.326968855e+02 +1.326968855e+02 -3.9535e+00 +1.5976e+00 -4.1100e+00
699 0 +6.740734854e-01 +1.325940735e+02 +1.325940735e+02 -3.5124e+00 +2.1593e+00 -3.9952e+00
891 0 +3.814244102e-01 +1.323014244e+02 +1.323014244e+02 -3.9535e+00 +1.7218e+00 -3.9653e+00
991 0 +2.394475076e-01 +1.321594475e+02 +1.321594475e+02 -3.9535e+00 +1.7218e+00 -3.8067e+00
1241 0 +9.378901981e-02 +1.320137890e+02 +1.320137890e+02 -3.9213e+00 +1.8374e+00 -3.7876e+00
1281 0 +7.342382030e-02 +1.319934238e+02 +1.319934238e+02 -3.8937e+00 +1.9102e+00 -3.7964e+00
1410 0 +4.435985601e-02 +1.319643599e+02 +1.319643599e+02 -3.9754e+00 +1.8310e+00 -3.7532e+00
1441 0 +1.757713276e-02 +1.319375771e+02 +1.319375771e+02 -3.9213e+00 +1.9339e+00 -3.7381e+00
1706 0 +4.519888211e-03 +1.319245199e+02 +1.319245199e+02 -3.9672e+00 +1.9042e+00 -3.6982e+00
2108 0 +2.476428842e-03 +1.319224764e+02 +1.319224764e+02 -3.9611e+00 +1.9183e+00 -3.7104e+00
2416 0 +5.312369383e-04 +1.319205312e+02 +1.319205312e+02 -3.9741e+00 +1.9151e+00 -3.7064e+00
3084 0 +5.209851189e-04 +1.319205210e+02 +1.319205210e+02 -3.9806e+00 +1.9049e+00 -3.7042e+00
3234 0 +5.087419408e-04 +1.319205087e+02 +1.319205087e+02 -3.9806e+00 +1.9050e+00 -3.7033e+00
3253 0 +2.719974789e-04 +1.319202720e+02 +1.319202720e+02 -3.9826e+00 +1.9072e+00 -3.7045e+00
3254 0 +1.508611618e-04 +1.319201509e+02 +1.319201509e+02 -3.9800e+00 +1.9090e+00 -3.7011e+00
3499 0 +1.441949445e-04 +1.319201442e+02 +1.319201442e+02 -3.9799e+00 +1.9093e+00 -3.7014e+00
3677 0 +6.466443193e-05 +1.319200647e+02 +1.319200647e+02 -3.9807e+00 +1.9100e+00 -3.7010e+00
3877 0 +6.157814201e-05 +1.319200616e+02 +1.319200616e+02 -3.9824e+00 +1.9085e+00 -3.7010e+00
3933 0 +5.386832444e-05 +1.319200539e+02 +1.319200539e+02 -3.9826e+00 +1.9088e+00 -3.7011e+00
3965 0 +2.467451739e-05 +1.319200247e+02 +1.319200247e+02 -3.9811e+00 +1.9105e+00 -3.7001e+00
4022 0 +5.445644291e-06 +1.319200054e+02 +1.319200054e+02 -3.9820e+00 +1.9103e+00 -3.6992e+00
4485 0 +4.243796980e-06 +1.319200042e+02 +1.319200042e+02 -3.9821e+00 +1.9102e+00 -3.6992e+00
4565 0 +3.287915462e-06 +1.319200033e+02 +1.319200033e+02 -3.9824e+00 +1.9100e+00 -3.6994e+00
4671 0 +2.996968419e-06 +1.319200030e+02 +1.319200030e+02 -3.9820e+00 +1.9105e+00 -3.6995e+00
4699 0 +9.625020709e-07 +1.319200010e+02 +1.319200010e+02 -3.9823e+00 +1.9103e+00 -3.6994e+00
4781 0 +6.737662943e-07 +1.319200007e+02 +1.319200007e+02 -3.9823e+00 +1.9103e+00 -3.6992e+00
4907 0 +5.632094258e-07 +1.319200006e+02 +1.319200006e+02 -3.9822e+00 +1.9105e+00 -3.6994e+00
4981 0 +4.663885136e-07 +1.319200005e+02 +1.319200005e+02 -3.9823e+00 +1.9103e+00 -3.6993e+00
4998 0 +3.618615665e-07 +1.319200004e+02 +1.319200004e+02 -3.9823e+00 +1.9104e+00 -3.6993e+00
5053 0 +3.362483483e-07 +1.319200003e+02 +1.319200003e+02 -3.9824e+00 +1.9103e+00 -3.6993e+00
5174 0 +3.031659332e-07 +1.319200003e+02 +1.319200003e+02 -3.9823e+00 +1.9105e+00 -3.6993e+00
5224 0 +2.759239237e-07 +1.319200003e+02 +1.319200003e+02 -3.9823e+00 +1.9105e+00 -3.6993e+00
5298 0 +1.920324166e-07 +1.319200002e+02 +1.319200002e+02 -3.9824e+00 +1.9103e+00 -3.6992e+00
5531 0 +1.845742190e-07 +1.319200002e+02 +1.319200002e+02 -3.9823e+00 +1.9104e+00 -3.6993e+00
5538 0 +1.026953100e-07 +1.319200001e+02 +1.319200001e+02 -3.9824e+00 +1.9104e+00 -3.6992e+00
5547 0 +8.232834148e-08 +1.319200001e+02 +1.319200001e+02 -3.9823e+00 +1.9104e+00 -3.6992e+00
5587 0 +5.353726351e-08 +1.319200001e+02 +1.319200001e+02 -3.9823e+00 +1.9104e+00 -3.6992e+00
5660 0 +5.059459340e-08 +1.319200001e+02 +1.319200001e+02 -3.9824e+00 +1.9104e+00 -3.6992e+00
5848 0 +2.696324941e-08 +1.319200000e+02 +1.319200000e+02 -3.9824e+00 +1.9104e+00 -3.6992e+00
6010 0 +1.643792302e-08 +1.319200000e+02 +1.319200000e+02 -3.9824e+00 +1.9104e+00 -3.6992e+00
6014 0 +1.157502538e-08 +1.319200000e+02 +1.319200000e+02 -3.9824e+00 +1.9104e+00 -3.6992e+00
6106 0 +9.838515780e-09 +1.319200000e+02 +1.319200000e+02 -3.9824e+00 +1.9104e+00 -3.6992e+00
8940 0 +9.094947018e-13 +1.319200000e+02 +1.319200000e+02 -3.9824e+00 +1.9104e+00 -3.6992e+00
10006 0 +0.000000000e+00 +1.319200000e+02 +1.319200000e+02 -3.9824e+00 +1.9104e+00 -3.6992e+00
12051 0 +0.000000000e+00 +1.319200000e+02 +1.319200000e+02 -3.9824e+00 +1.9104e+00 -3.6992e+00
% f evaluations | g evaluations | best noise-free fitness - Fopt (5.908400000000e+02) + sum g_i+ | measured fitness | best measured fitness or single-digit g-values | x1 | x2...
1 0 +1.636317934e+05 +1.642226334e+05 +1.642226334e+05 +4.8714e+00 +2.0600e+00 -2.0051e+00
2 0 +9.540172412e+03 +1.013101241e+04 +1.013101241e+04 +1.0905e+00 -4.3873e+00 -4.4177e+00
9 0 +5.339043841e+03 +5.929883841e+03 +5.929883841e+03 +4.5224e+00 +1.2989e+00 +2.8134e-01
17 0 +6.640961831e+01 +6.572496183e+02 +6.572496183e+02 +3.2368e+00 -9.2219e-01 +2.1442e+00
42 0 +5.319969850e+01 +6.440396985e+02 +6.440396985e+02 +4.7890e+00 -2.4925e+00 +8.0451e-01
45 0 +2.432692378e+01 +6.151669238e+02 +6.151669238e+02 +3.0110e+00 -1.0003e+00 -8.5956e-02
206 0 +2.223235744e+01 +6.130723574e+02 +6.130723574e+02 +3.1230e+00 -8.1767e-01 -6.6410e-01
243 0 +1.555281812e+01 +6.063928181e+02 +6.063928181e+02 +2.8044e+00 -2.2217e+00 -9.6863e-01
323 0 +5.747678142e+00 +5.965876781e+02 +5.965876781e+02 +1.9919e+00 -4.4501e+00 -2.7748e+00
461 0 +3.715773380e+00 +5.945557734e+02 +5.945557734e+02 +1.9632e+00 -2.6015e+00 -2.3337e+00
510 0 +3.213842586e+00 +5.940538426e+02 +5.940538426e+02 +2.2949e+00 -4.0543e+00 -3.2462e+00
523 0 +2.536855276e+00 +5.933768553e+02 +5.933768553e+02 +1.9919e+00 -4.4501e+00 -3.4195e+00
660 0 +1.684825104e+00 +5.925248251e+02 +5.925248251e+02 +1.9091e+00 -4.0543e+00 -3.2462e+00
701 0 +1.550248684e+00 +5.923902487e+02 +5.923902487e+02 +1.9649e+00 -4.0849e+00 -3.4235e+00
710 0 +7.562293307e-01 +5.915962293e+02 +5.915962293e+02 +1.7404e+00 -3.7870e+00 -3.3138e+00
809 0 +6.200009319e-01 +5.914600009e+02 +5.914600009e+02 +1.6466e+00 -3.5433e+00 -3.2293e+00
1041 0 +4.303456779e-01 +5.912703457e+02 +5.912703457e+02 +1.6979e+00 -3.2633e+00 -3.2056e+00
1059 0 +3.936214517e-01 +5.912336215e+02 +5.912336215e+02 +1.6466e+00 -3.3614e+00 -3.2293e+00
1168 0 +2.895975603e-01 +5.911295976e+02 +5.911295976e+02 +1.5131e+00 -3.2416e+00 -3.2503e+00
1274 0 +1.560213934e-01 +5.909960214e+02 +5.909960214e+02 +1.5004e+00 -3.4311e+00 -3.3676e+00
1488 0 +1.228702402e-01 +5.909628702e+02 +5.909628702e+02 +1.5851e+00 -3.3920e+00 -3.4301e+00
1513 0 +4.465461289e-02 +5.908846546e+02 +5.908846546e+02 +1.4652e+00 -3.3371e+00 -3.4134e+00
1724 0 +4.051998551e-02 +5.908805200e+02 +5.908805200e+02 +1.4837e+00 -3.3450e+00 -3.4231e+00
1746 0 +8.652664972e-03 +5.908486527e+02 +5.908486527e+02 +1.4512e+00 -3.3447e+00 -3.4700e+00
2186 0 +7.780624305e-03 +5.908477806e+02 +5.908477806e+02 +1.4594e+00 -3.3463e+00 -3.4713e+00
2446 0 +8.472076748e-04 +5.908408472e+02 +5.908408472e+02 +1.4512e+00 -3.3447e+00 -3.4934e+00
2790 0 +1.522324017e-04 +5.908401522e+02 +5.908401522e+02 +1.4486e+00 -3.3353e+00 -3.4949e+00
3440 0 +1.399973507e-04 +5.908401400e+02 +5.908401400e+02 +1.4486e+00 -3.3353e+00 -3.4955e+00
3586 0 +9.091285426e-05 +5.908400909e+02 +5.908400909e+02 +1.4463e+00 -3.3367e+00 -3.4960e+00
3786 0 +7.593077737e-05 +5.908400759e+02 +5.908400759e+02 +1.4460e+00 -3.3371e+00 -3.4965e+00
3855 0 +5.838314326e-05 +5.908400584e+02 +5.908400584e+02 +1.4473e+00 -3.3360e+00 -3.4965e+00
3931 0 +1.424081768e-05 +5.908400142e+02 +5.908400142e+02 +1.4462e+00 -3.3371e+00 -3.4981e+00
4352 0 +7.715784250e-06 +5.908400077e+02 +5.908400077e+02 +1.4459e+00 -3.3364e+00 -3.4979e+00
4620 0 +6.374031500e-06 +5.908400064e+02 +5.908400064e+02 +1.4459e+00 -3.3364e+00 -3.4980e+00
4847 0 +1.660534281e-06 +5.908400017e+02 +5.908400017e+02 +1.4456e+00 -3.3361e+00 -3.4982e+00
5102 0 +1.096152687e-06 +5.908400011e+02 +5.908400011e+02 +1.4458e+00 -3.3357e+00 -3.4981e+00
5129 0 +8.115430319e-07 +5.908400008e+02 +5.908400008e+02 +1.4457e+00 -3.3360e+00 -3.4982e+00
5259 0 +6.270109907e-07 +5.908400006e+02 +5.908400006e+02 +1.4457e+00 -3.3361e+00 -3.4983e+00
5293 0 +2.727234687e-07 +5.908400003e+02 +5.908400003e+02 +1.4456e+00 -3.3361e+00 -3.4984e+00
5543 0 +2.131251904e-07 +5.908400002e+02 +5.908400002e+02 +1.4456e+00 -3.3360e+00 -3.4983e+00
5712 0 +1.430863676e-07 +5.908400001e+02 +5.908400001e+02 +1.4457e+00 -3.3359e+00 -3.4983e+00
5785 0 +1.049479579e-07 +5.908400001e+02 +5.908400001e+02 +1.4457e+00 -3.3360e+00 -3.4984e+00
5835 0 +1.000368002e-07 +5.908400001e+02 +5.908400001e+02 +1.4457e+00 -3.3360e+00 -3.4984e+00
5955 0 +9.973859960e-08 +5.908400001e+02 +5.908400001e+02 +1.4457e+00 -3.3360e+00 -3.4984e+00
6068 0 +5.873755526e-08 +5.908400001e+02 +5.908400001e+02 +1.4456e+00 -3.3360e+00 -3.4984e+00
6094 0 +2.802880772e-08 +5.908400000e+02 +5.908400000e+02 +1.4456e+00 -3.3360e+00 -3.4984e+00
6222 0 +2.077501904e-08 +5.908400000e+02 +5.908400000e+02 +1.4456e+00 -3.3360e+00 -3.4984e+00
6345 0 +1.949013040e-08 +5.908400000e+02 +5.908400000e+02 +1.4456e+00 -3.3360e+00 -3.4984e+00
6503 0 +1.685793904e-08 +5.908400000e+02 +5.908400000e+02 +1.4456e+00 -3.3360e+00 -3.4984e+00
6563 0 +1.252772108e-08 +5.908400000e+02 +5.908400000e+02 +1.4456e+00 -3.3360e+00 -3.4984e+00
6603 0 +1.103637715e-08 +5.908400000e+02 +5.908400000e+02 +1.4456e+00 -3.3360e+00 -3.4984e+00
6618 0 +5.843389772e-09 +5.908400000e+02 +5.908400000e+02 +1.4456e+00 -3.3360e+00 -3.4984e+00
8941 0 +2.273736754e-13 +5.908400000e+02 +5.908400000e+02 +1.4456e+00 -3.3360e+00 -3.4984e+00
10137 0 +0.000000000e+00 +5.908400000e+02 +5.908400000e+02 +1.4456e+00 -3.3360e+00 -3.4984e+00
12051 0 +0.000000000e+00 +5.908400000e+02 +5.908400000e+02 +1.4456e+00 -3.3360e+00 -3.4984e+00
