% f evaluations | g evaluations | best noise-free fitness - Fopt (-4.620900000000e+02) + sum g_i+ | measured fitness | best measured fitness or single-digit g-values | x1 | x2...
1 0 +5.373665301e+03 +4.911575301e+03 +4.911575301e+03 +4.0551e+00 -4.9971e+00 +4.7385e+00 -3.3848e+00 +4.0623e+00
2 0 +3.170121519e+03 +2.708031519e+03 +2.708031519e+03 -4.5402e+00 -4.1757e+00 +4.8654e+00 +1.1510e+00 +3.1743e+00
3 0 +6.752776556e+02 +2.131876556e+02 +2.131876556e+02 -4.6308e+00 -1.1601e-01 -3.4265e+00 +1.6007e+00 -4.9535e+00
6 0 +4.842623051e+02 +2.217230512e+01 +2.217230512e+01 +3.1496e+00 +4.6879e+00 -2.1879e+00 +7.9668e-01 -3.4279e+00
8 0 +1.597317464e+02 -3.023582536e+02 -3.023582536e+02 +4.3798e-01 -1.7577e+00 +7.5050e-01 -1.9306e+00 +1.4266e-01
9 0 +1.358627653e+02 -3.262272347e+02 -3.262272347e+02 +2.4291e+00 +2.9594e-01 -2.7777e-02 +5.4059e-01 -1.7438e-01
75 0 +1.317510010e+02 -3.303389990e+02 -3.303389990e+02 +2.5261e+00 +4.6419e-01 +1.1907e-01 +6.0489e-01 -4.0802e-02
108 0 +1.265937362e+02 -3.354962638e+02 -3.354962638e+02 +2.5743e+00 +4.8275e-01 +2.0927e-01 +7.2085e-01 +6.9777e-02
123 0 +1.191910254e+02 -3.428989746e+02 -3.428989746e+02 +2.1922e+00 -8.3199e-02 -2.5174e-01 +3.2945e-01 -3.8147e-01
130 0 +1.170613228e+02 -3.450286772e+02 -3.450286772e+02 +2.9336e+00 +1.2616e+00 +6.9971e-01 +7.3676e-01 +8.3467e-01
131 0 +1.133744080e+02 -3.487155920e+02 -3.487155920e+02 +2.7695e+00 +4.8108e-01 +5.6995e-01 +1.2642e+00 +5.6010e-01
160 0 +1.064177340e+02 -3.556722660e+02 -3.556722660e+02 +1.6620e+00 -2.6887e-02 -1.7836e-01 +6.6288e-01 +3.2505e-01
182 0 +1.035143450e+02 -3.585756550e+02 -3.585756550e+02 +2.7410e+00 +4.0204e-01 +5.0521e-01 +1.1994e+00 +4.7447e-01
217 0 +1.012765716e+02 -3.608134284e+02 -3.608134284e+02 +2.1063e+00 +1.5248e-01 +8.4659e-01 +1.3342e+00 +7.8218e-01
222 0 +9.982200701e+01 -3.622679930e+02 -3.622679930e+02 +3.1319e+00 +9.5082e-01 +1.0478e+00 +1.9187e+00 +1.6597e+00
225 0 +8.029855694e+01 -3.817914431e+02 -3.817914431e+02 +2.2714e+00 +2.9442e-01 +7.4450e-01 +1.1770e+00 +7.2743e-01
235 0 +7.688423372e+01 -3.852057663e+02 -3.852057663e+02 +2.3034e+00 +2.0710e-01 +1.2327e+00 +1.4466e+00 +8.1109e-01
256 0 +7.574373655e+01 -3.863462635e+02 -3.863462635e+02 +2.1642e+00 +7.5367e-02 +1.0761e+00 +1.3999e+00 +7.8867e-01
269 0 +6.364112576e+01 -3.984488742e+02 -3.984488742e+02 +2.3559e+00 +2.2520e-01 +1.8492e+00 +1.8695e+00 +1.2863e+00
275 0 +5.945614498e+01 -4.026338550e+02 -4.026338550e+02 +2.3194e+00 +2.5071e-01 +1.4765e+00 +1.5813e+00 +8.5287e-01
311 0 +5.488208882e+01 -4.072079112e+02 -4.072079112e+02 +2.3478e+00 +2.5518e-01 +1.5105e+00 +1.6114e+00 +8.7943e-01
349 0 +5.119945450e+01 -4.108905455e+02 -4.108905455e+02 +2.3275e+00 +2.5644e-01 +1.5374e+00 +1.6133e+00 +8.5912e-01
356 0 +4.980786336e+01 -4.122821366e+02 -4.122821366e+02 +2.3329e+00 +2.7056e-01 +1.5703e+00 +1.6253e+00 +8.6195e-01
430 0 +4.861740477e+01 -4.134725952e+02 -4.134725952e+02 +2.3180e+00 +2.1869e-01 +1.5471e+00 +1.6137e+00 +8.5779e-01
467 0 +4.728279409e+01 -4.148072059e+02 -4.148072059e+02 +2.3197e+00 +2.2088e-01 +1.5673e+00 +1.6239e+00 +8.5917e-01
559 0 +4.651503717e+01 -4.155749628e+02 -4.155749628e+02 +2.3257e+00 +1.6151e-01 +1.5419e+00 +1.6163e+00 +8.3906e-01
608 0 +4.520942406e+01 -4.168805759e+02 -4.168805759e+02 +2.3222e+00 +1.9303e-01 +1.5886e+00 +1.6413e+00 +8.6499e-01
705 0 +4.464303323e+01 -4.174469668e+02 -4.174469668e+02 +2.3137e+00 +1.5674e-01 +1.5666e+00 +1.6131e+00 +8.5525e-01
743 0 +4.365146108e+01 -4.184385389e+02 -4.184385389e+02 +2.3275e+00 +1.6544e-01 +1.5852e+00 +1.6285e+00 +8.6140e-01
756 0 +4.225602302e+01 -4.198339770e+02 -4.198339770e+02 +2.3259e+00 +1.3239e-01 +1.5800e+00 +1.6273e+00 +8.6134e-01
808 0 +4.147513659e+01 -4.206148634e+02 -4.206148634e+02 +2.3242e+00 +1.0325e-01 +1.5759e+00 +1.6206e+00 +8.5959e-01
823 0 +4.058258332e+01 -4.215074167e+02 -4.215074167e+02 +2.3230e+00 +4.6888e-02 +1.5768e+00 +1.6118e+00 +8.5758e-01
955 0 +3.968777719e+01 -4.224022228e+02 -4.224022228e+02 +2.3324e+00 +2.7794e-02 +1.5838e+00 +1.6185e+00 +8.6195e-01
2584 0 +3.890062510e+01 -4.231893749e+02 -4.231893749e+02 +2.3394e+00 +1.6086e-02 +1.6098e+00 +1.6290e+00 +8.6385e-01
20051 0 +3.880311442e+01 -4.232868856e+02 -4.232868856e+02 +2.3408e+00 +1.2710e-02 +1.6176e+00 +1.6332e+00 +8.5971e-01
% f evaluations | g evaluations | best noise-free fitness - Fopt (7.766000000000e+01) + sum g_i+ | measured fitness | best measured fitness or single-digit g-values | x1 | x2...
1 0 +4.361632608e+02 +5.138232608e+02 +5.138232608e+02 +9.3676e-01 -4.4504e-01 -1.7899e+00 -1.3605e+00 -2.1971e+00
2 0 +4.161505444e+02 +4.938105444e+02 +4.938105444e+02 +4.1495e+00 +1.6628e+00 -3.0599e+00 +4.4921e+00 +1.0893e+00
3 0 +3.730273114e+02 +4.506873114e+02 +4.506873114e+02 +1.1197e+00 +2.0829e+00 +1.4835e+00 +4.3632e+00 -3.1027e+00
6 0 +7.660373551e+01 +1.542637355e+02 +1.542637355e+02 -1.4641e-01 -4.5428e+00 -2.7760e-01 +2.1964e+00 +2.4351e+00
91 0 +7.083231807e+01 +1.484923181e+02 +1.484923181e+02 +2.1335e-01 -3.4802e+00 -2.5924e-01 +2.8014e+00 +2.5513e+00
106 0 +6.971236309e+01 +1.473723631e+02 +1.473723631e+02 +6.8482e-02 -3.9081e+00 -2.6663e-01 +2.5578e+00 +2.5045e+00
123 0 +5.163578395e+01 +1.292957839e+02 +1.292957839e+02 +3.1862e-01 -3.1653e+00 -2.5195e-01 +2.8869e+00 +2.6265e+00
163 0 +4.192335848e+01 +1.195833585e+02 +1.195833585e+02 +2.6084e-01 -3.2067e+00 -3.5706e-01 +2.8637e+00 +2.5537e+00
298 0 +4.154108426e+01 +1.192010843e+02 +1.192010843e+02 +2.6112e-01 -3.2060e+00 -3.5695e-01 +2.8648e+00 +2.5539e+00
327 0 +4.031966661e+01 +1.179796666e+02 +1.179796666e+02 +2.5964e-01 -3.2433e+00 -3.6211e-01 +2.8403e+00 +2.5303e+00
358 0 +3.836914413e+01 +1.160291441e+02 +1.160291441e+02 +2.6412e-01 -3.2326e+00 -3.5687e-01 +2.8482e+00 +2.5327e+00
395 0 +3.342173076e+01 +1.110817308e+02 +1.110817308e+02 +3.5747e-01 -3.2268e+00 -2.4842e-01 +2.9566e+00 +2.5364e+00
408 0 +3.208648134e+01 +1.097464813e+02 +1.097464813e+02 +3.5484e-01 -3.2279e+00 -2.5123e-01 +2.9526e+00 +2.5354e+00
448 0 +3.029702653e+01 +1.079570265e+02 +1.079570265e+02 +3.3234e-01 -3.2323e+00 -2.7673e-01 +2.9326e+00 +2.5318e+00
516 0 +3.018585186e+01 +1.078458519e+02 +1.078458519e+02 +3.3286e-01 -3.2294e+00 -2.7508e-01 +2.9339e+00 +2.5323e+00
937 0 +2.951073309e+01 +1.071707331e+02 +1.071707331e+02 +3.3674e-01 -3.2165e+00 -2.7739e-01 +2.9296e+00 +2.5332e+00
1218 0 +2.775350271e+01 +1.054135027e+02 +1.054135027e+02 +3.2066e-01 -3.2185e+00 -2.9820e-01 +2.8908e+00 +2.4961e+00
1317 0 +2.740513338e+01 +1.050651334e+02 +1.050651334e+02 +3.2159e-01 -3.2178e+00 -2.9712e-01 +2.8928e+00 +2.4982e+00
1621 0 +2.690701703e+01 +1.045670170e+02 +1.045670170e+02 +3.2240e-01 -3.2018e+00 -2.9569e-01 +2.8935e+00 +2.4992e+00
1685 0 +2.627929213e+01 +1.039392921e+02 +1.039392921e+02 +3.2420e-01 -3.1632e+00 -2.9240e-01 +2.8944e+00 +2.4999e+00
3050 0 +2.566777849e+01 +1.033277785e+02 +1.033277785e+02 +3.2530e-01 -3.1258e+00 -2.8970e-01 +2.9002e+00 +2.4982e+00
7201 0 +2.511876789e+01 +1.027787679e+02 +1.027787679e+02 +3.3562e-01 -3.1347e+00 -2.6442e-01 +2.9177e+00 +2.4983e+00
7619 0 +2.452661422e+01 +1.021866142e+02 +1.021866142e+02 +3.9089e-01 -3.1286e+00 -2.5135e-01 +2.9195e+00 +2.4982e+00
8028 0 +2.398725428e+01 +1.016472543e+02 +1.016472543e+02 +4.2090e-01 -3.1284e+00 -2.7574e-01 +2.9133e+00 +2.4984e+00
20051 0 +2.387895183e+01 +1.015389518e+02 +1.015389518e+02 +4.4255e-01 -3.1433e+00 -2.7619e-01 +2.9163e+00 +2.4982e+00
% f evaluations | g evaluations | best noise-free fitness - Fopt (1.156800000000e+02) + sum g_i+ | measured fitness | best measured fitness or single-digit g-values | x1 | x2...
1 0 +3.611681174e+03 +3.727361174e+03 +3.727361174e+03 -3.7709e+00 +6.9992e-01 +2.7323e+00 -1.0407e+00 +4.6671e+00
2 0 +1.776424399e+03 +1.892104399e+03 +1.892104399e+03 +3.5863e+00 -3.7666e+00 +2.2064e+00 -4.7023e+00 +3.7054e+00
3 0 +3.883071673e+02 +5.039871673e+02 +5.039871673e+02 +1.2188e+00 +2.6803e+00 -4.6254e+00 -2.9533e+00 +1.5750e+00
9 0 +2.276652406e+02 +3.433452406e+02 +3.433452406e+02 -3.3615e+00 +3.3170e+00 -2.9111e+00 +4.4457e-01 +1.2995e+00
15 0 +1.709445785e+02 +2.866245785e+02 +2.866245785e+02 -3.2133e+00 -7.7992e-01 -2.2506e+00 +4.8259e+00 +1.1999e+00
47 0 +1.456774778e+02 +2.613574778e+02 +2.613574778e+02 +3.0728e+00 -3.4956e+00 +7.7059e-02 +3.3909e+00 +2.4701e+00
57 0 +1.418024670e+02 +2.574824670e+02 +2.574824670e+02 +1.7309e+00 -4.2045e+00 -1.0288e+00 +3.2772e+00 +1.6627e+00
59 0 +1.336095861e+02 +2.492895861e+02 +2.492895861e+02 +5.0544e-01 -5.0000e+00 -1.1152e+00 +2.2153e+00 +2.0030e+00
71 0 +1.082651358e+02 +2.239451358e+02 +2.239451358e+02 +2.3190e+00 -3.5303e+00 -4.3747e-01 +3.0294e+00 +1.5847e+00
107 0 +9.286055731e+01 +2.085405573e+02 +2.085405573e+02 +2.3583e+00 -3.4853e+00 -3.9794e-01 +3.0459e+00 +1.5899e+00
118 0 +9.083883581e+01 +2.065188358e+02 +2.065188358e+02 +2.4782e+00 -3.4237e+00 -4.2969e-01 +3.1333e+00 +1.5922e+00
219 0 +8.249061757e+01 +1.981706176e+02 +1.981706176e+02 +2.6841e+00 -3.3778e+00 -2.9839e-01 +3.1964e+00 +2.3587e+00
265 0 +6.132566093e+01 +1.770056609e+02 +1.770056609e+02 +2.2774e+00 -4.0142e+00 -4.6709e-01 +2.6561e+00 +1.7864e+00
502 0 +5.934739820e+01 +1.750273982e+02 +1.750273982e+02 +2.2752e+00 -3.9864e+00 -4.3708e-01 +2.7051e+00 +1.8068e+00
579 0 +5.881262864e+01 +1.744926286e+02 +1.744926286e+02 +2.2741e+00 -3.9990e+00 -4.4882e-01 +2.6855e+00 +1.7981e+00
952 0 +5.752151776e+01 +1.732015178e+02 +1.732015178e+02 +2.2741e+00 -4.0035e+00 -4.2712e-01 +2.6980e+00 +1.7947e+00
1159 0 +5.604450945e+01 +1.717245095e+02 +1.717245095e+02 +2.2729e+00 -4.0073e+00 -4.0263e-01 +2.6922e+00 +1.7949e+00
2295 0 +5.495387322e+01 +1.706338732e+02 +1.706338732e+02 +2.2722e+00 -4.0124e+00 -3.5155e-01 +2.6796e+00 +1.7953e+00
20051 0 +5.472211290e+01 +1.704021129e+02 +1.704021129e+02 +2.2724e+00 -4.0353e+00 -3.5124e-01 +2.6819e+00 +1.7928e+00
% f evaluations | g evaluations | best noise-free fitness - Fopt (-3.710000000000e+00) + sum g_i+ | measured fitness | best measured fitness or single-digit g-values | x1 | x2...
1 0 +8.683766146e+02 +8.646666146e+02 +8.646666146e+02 -3.3075e+00 -4.8326e+00 +1.1868e-01 -3.3727e+00 -4.2799e+00
2 0 +7.212501285e+02 +7.175401285e+02 +7.175401285e+02 +4.9061e+00 -7.4440e-02 +2.5815e+00 -6.6327e-01 -3.0344e-01
5 0 +2.068327146e+02 +2.031227146e+02 +2.031227146e+02 -3.6030e+00 -7.5625e-01 -1.3576e+00 +1.5761e+00 +1.5198e+00
10 0 +1.478190737e+02 +1.441090737e+02 +1.441090737e+02 -4.7276e-01 -4.1237e+00 -1.8793e+00 +2.4465e+00 +2.4303e+00
39 0 +8.347408496e+01 +7.976408496e+01 +7.976408496e+01 -8.3036e-01 -3.7540e+00 -1.0393e-01 +4.9530e+00 +2.8701e+00
53 0 +8.280958655e+01 +7.909958655e+01 +7.909958655e+01 -8.2333e-01 -3.7460e+00 -1.0033e-01 +4.9636e+00 +2.8785e+00
57 0 +7.797358326e+01 +7.426358326e+01 +7.426358326e+01 -1.4683e+00 -4.6727e+00 -4.5679e-01 +3.9350e+00 +2.1818e+00
110 0 +6.234811182e+01 +5.863811182e+01 +5.863811182e+01 -6.4252e-01 -2.3630e+00 -2.8357e-01 +4.2669e+00 +2.4454e+00
119 0 +5.286586097e+01 +4.915586097e+01 +4.915586097e+01 +6.0250e-02 -4.6337e+00 +1.0769e+00 +5.0000e+00 +2.2238e+00
286 0 +4.817531061e+01 +4.446531061e+01 +4.446531061e+01 +1.6455e-01 -3.6799e+00 +1.1747e+00 +5.0000e+00 +2.5831e+00
329 0 +4.038508005e+01 +3.667508005e+01 +3.667508005e+01 +2.2590e-01 -3.1151e+00 +1.2306e+00 +5.0000e+00 +2.7918e+00
349 0 +3.325470374e+01 +2.954470374e+01 +2.954470374e+01 +1.3281e-01 -3.7905e+00 +1.0970e+00 +4.7919e+00 +2.4823e+00
354 0 +2.873652257e+01 +2.502652257e+01 +2.502652257e+01 +1.3294e-01 -3.7323e+00 +1.1036e+00 +4.8069e+00 +2.4954e+00
427 0 +2.716826545e+01 +2.345826545e+01 +2.345826545e+01 +1.9377e-01 -3.7084e+00 +1.1572e+00 +4.8018e+00 +2.4781e+00
523 0 +2.688638136e+01 +2.317638136e+01 +2.317638136e+01 +1.8009e-01 -3.7193e+00 +1.1560e+00 +4.8050e+00 +2.4789e+00
565 0 +2.599698347e+01 +2.228698347e+01 +2.228698347e+01 +1.8291e-01 -3.6930e+00 +1.1640e+00 +4.8069e+00 +2.4834e+00
614 0 +2.465735565e+01 +2.094735565e+01 +2.094735565e+01 +1.7726e-01 -3.6461e+00 +1.1783e+00 +4.8189e+00 +2.4655e+00
619 0 +2.442850794e+01 +2.071850794e+01 +2.071850794e+01 +1.5506e-01 -3.6744e+00 +1.1433e+00 +4.8115e+00 +2.4731e+00
742 0 +2.386415353e+01 +2.015415353e+01 +2.015415353e+01 +1.3362e-01 -3.6727e+00 +1.1367e+00 +4.8106e+00 +2.4693e+00
915 0 +2.333440874e+01 +1.962440874e+01 +1.962440874e+01 +1.1811e-01 -3.6694e+00 +1.1382e+00 +4.8122e+00 +2.4672e+00
989 0 +2.271135955e+01 +1.900135955e+01 +1.900135955e+01 +1.0951e-01 -3.6617e+00 +1.1518e+00 +4.8155e+00 +2.4682e+00
1137 0 +2.230627212e+01 +1.859627212e+01 +1.859627212e+01 +9.1593e-02 -3.6584e+00 +1.1575e+00 +4.8153e+00 +2.4657e+00
20051 0 +2.188905387e+01 +1.817905387e+01 +1.817905387e+01 +6.7485e-02 -3.6606e+00 +1.1872e+00 +4.8156e+00 +2.4655e+00
% f evaluations | g evaluations | best noise-free fitness - Fopt (1.321800000000e+02) + sum g_i+ | measured fitness | best measured fitness or single-digit g-values | x1 | x2...
1 0 +4.234577995e+02 +5.556377995e+02 +5.556377995e+02 -4.6914e-01 +4.7769e+00 +1.5891e+00 -1.8304e+00 -3.4779e+00
4 0 +3.503130754e+02 +4.824930754e+02 +4.824930754e+02 -1.3649e+00 -4.7021e+00 -3.8151e+00 -1.0087e+00 -4.7225e-01
9 0 +2.557595450e+02 +3.879395450e+02 +3.879395450e+02 +1.3934e+00 +3.2872e+00 -1.2122e+00 +2.1222e+00 +2.6374e+00
10 0 +5.830530292e+01 +1.904853029e+02 +1.904853029e+02 +3.8487e-01 -2.0950e-02 +2.3688e+00 -1.9445e+00 +1.3043e+00
60 0 +5.205517461e+01 +1.842351746e+02 +1.842351746e+02 +4.4994e-01 -1.7408e-02 +2.7693e+00 -1.6157e+00 +1.5248e+00
77 0 +4.639265335e+01 +1.785726533e+02 +1.785726533e+02 +8.5013e-01 +1.1655e+00 +2.7771e+00 -1.0975e+00 +1.8130e+00
83 0 +3.124539130e+01 +1.634253913e+02 +1.634253913e+02 +2.0528e+00 +8.9996e-01 +3.0148e+00 -1.5088e+00 +2.1637e+00
148 0 +3.050241269e+01 +1.626824127e+02 +1.626824127e+02 +1.9238e+00 +8.1717e-01 +2.9555e+00 -1.5489e+00 +2.1001e+00
273 0 +3.000986756e+01 +1.621898676e+02 +1.621898676e+02 +1.8896e+00 +7.9678e-01 +2.9472e+00 -1.5733e+00 +2.0984e+00
295 0 +2.569578645e+01 +1.578757864e+02 +1.578757864e+02 +1.9900e+00 +8.4553e-01 +3.0142e+00 -1.5283e+00 +2.1609e+00
334 0 +2.340390495e+01 +1.555839050e+02 +1.555839050e+02 +1.9808e+00 +8.2800e-01 +2.9828e+00 -1.5539e+00 +2.1579e+00
371 0 +2.279926225e+01 +1.549792622e+02 +1.549792622e+02 +1.9718e+00 +8.1630e-01 +2.9638e+00 -1.5691e+00 +2.1534e+00
411 0 +2.177634529e+01 +1.539563453e+02 +1.539563453e+02 +1.9719e+00 +8.1941e-01 +2.9669e+00 -1.5641e+00 +2.1623e+00
478 0 +2.097255649e+01 +1.531525565e+02 +1.531525565e+02 +1.9598e+00 +8.0499e-01 +2.9455e+00 -1.5647e+00 +2.1511e+00
519 0 +1.935962720e+01 +1.515396272e+02 +1.515396272e+02 +1.9782e+00 +8.1084e-01 +2.9663e+00 -1.5445e+00 +2.1794e+00
562 0 +1.865393026e+01 +1.508339303e+02 +1.508339303e+02 +1.9763e+00 +8.0288e-01 +2.9603e+00 -1.5472e+00 +2.1786e+00
598 0 +1.733160006e+01 +1.495116001e+02 +1.495116001e+02 +1.9659e+00 +7.8922e-01 +2.9347e+00 -1.5595e+00 +2.1718e+00
610 0 +1.631372277e+01 +1.484937228e+02 +1.484937228e+02 +1.9633e+00 +7.7106e-01 +2.9154e+00 -1.5627e+00 +2.1647e+00
647 0 +1.408662765e+01 +1.462666277e+02 +1.462666277e+02 +1.9513e+00 +7.3893e-01 +2.8699e+00 -1.5725e+00 +2.1673e+00
661 0 +1.355542724e+01 +1.457354272e+02 +1.457354272e+02 +1.9464e+00 +7.1978e-01 +2.8468e+00 -1.5745e+00 +2.1661e+00
701 0 +1.234461488e+01 +1.445246149e+02 +1.445246149e+02 +1.9541e+00 +7.4688e-01 +2.8803e+00 -1.5379e+00 +2.1738e+00
708 0 +1.208847096e+01 +1.442684710e+02 +1.442684710e+02 +1.9543e+00 +7.4764e-01 +2.8813e+00 -1.5289e+00 +2.1752e+00
720 0 +1.123810599e+01 +1.434181060e+02 +1.434181060e+02 +1.9387e+00 +6.9778e-01 +2.8484e+00 -1.5493e+00 +2.1675e+00
758 0 +1.119837761e+01 +1.433783776e+02 +1.433783776e+02 +1.9397e+00 +7.0081e-01 +2.8504e+00 -1.5481e+00 +2.1679e+00
783 0 +1.065439582e+01 +1.428343958e+02 +1.428343958e+02 +1.9489e+00 +7.1704e-01 +2.8571e+00 -1.5247e+00 +2.1750e+00
813 0 +1.039554047e+01 +1.425755405e+02 +1.425755405e+02 +1.9444e+00 +6.9852e-01 +2.8472e+00 -1.5363e+00 +2.1753e+00
957 0 +1.007761785e+01 +1.422576178e+02 +1.422576178e+02 +1.9364e+00 +7.0841e-01 +2.8578e+00 -1.5305e+00 +2.1786e+00
968 0 +9.969287439e+00 +1.421492874e+02 +1.421492874e+02 +1.9409e+00 +6.9506e-01 +2.8442e+00 -1.5281e+00 +2.1809e+00
1337 0 +9.768775629e+00 +1.419487756e+02 +1.419487756e+02 +1.9356e+00 +6.8678e-01 +2.8399e+00 -1.5245e+00 +2.1812e+00
1436 0 +9.453665861e+00 +1.416336659e+02 +1.416336659e+02 +1.9198e+00 +6.8640e-01 +2.8387e+00 -1.5263e+00 +2.1802e+00
1454 0 +9.099625198e+00 +1.412796252e+02 +1.412796252e+02 +1.8972e+00 +6.8625e-01 +2.8366e+00 -1.5282e+00 +2.1790e+00
1505 0 +8.818704527e+00 +1.409987045e+02 +1.409987045e+02 +1.8725e+00 +6.8594e-01 +2.8367e+00 -1.5312e+00 +2.1775e+00
1559 0 +8.664165847e+00 +1.408441658e+02 +1.408441658e+02 +1.8414e+00 +6.8568e-01 +2.8359e+00 -1.5341e+00 +2.1757e+00
1653 0 +8.472374323e+00 +1.406523743e+02 +1.406523743e+02 +1.8424e+00 +6.8572e-01 +2.8364e+00 -1.5301e+00 +2.1797e+00
1706 0 +8.313407375e+00 +1.404934074e+02 +1.404934074e+02 +1.8198e+00 +6.8614e-01 +2.8383e+00 -1.5293e+00 +2.1804e+00
2353 0 +8.124223749e+00 +1.403042237e+02 +1.403042237e+02 +1.8250e+00 +6.9025e-01 +2.8583e+00 -1.5222e+00 +2.1864e+00
20051 0 +7.959667419e+00 +1.401396674e+02 +1.401396674e+02 +1.8082e+00 +6.7733e-01 +2.8656e+00 -1.5226e+00 +2.1821e+00
% f evaluations | g evaluations | best noise-free fitness - Fopt (-4.620900000000e+02) + sum g_i+ | measured fitness | best measured fitness or single-digit g-values | x1 | x2...
1 0 +2.499278237e+02 -2.121621763e+02 -2.121621763e+02 +9.5853e-01 -4.4970e+00 -2.6847e+00 +1.0773e+00 +4.6034e-01
2 0 +1.799777019e+02 -2.821122981e+02 -2.821122981e+02 +2.3274e+00 -2.2055e+00 +3.0516e-01 -1.8985e+00 -3.8705e-01
33 0 +1.185738810e+02 -3.435161190e+02 -3.435161190e+02 +9.9450e-01 +3.6314e-01 +2.0351e+00 +2.3079e+00 +1.4643e+00
52 0 +8.702508965e+01 -3.750649104e+02 -3.750649104e+02 +1.2181e+00 +7.9406e-01 +2.3253e+00 +3.0136e+00 +1.7749e+00
54 0 +8.363862433e+01 -3.784513757e+02 -3.784513757e+02 +7.1505e-01 +3.1011e-01 +1.1775e+00 +1.9673e+00 +1.1708e+00
59 0 +8.000361812e+01 -3.820863819e+02 -3.820863819e+02 +3.5920e-01 -1.4967e-01 +1.9617e+00 +2.0530e+00 +1.1207e+00
68 0 +7.891759292e+01 -3.831724071e+02 -3.831724071e+02 +5.1144e-01 -1.9432e-01 +1.5628e+00 +1.3877e+00 +7.8856e-01
94 0 +7.596792529e+01 -3.861220747e+02 -3.861220747e+02 +1.1504e+00 +3.7590e-01 +2.1407e+00 +2.3986e+00 +1.6620e+00
108 0 +7.186772023e+01 -3.902222798e+02 -3.902222798e+02 +4.5677e-01 -5.3996e-01 +1.5071e+00 +1.4471e+00 +1.1320e+00
109 0 +6.262120462e+01 -3.994687954e+02 -3.994687954e+02 +2.9605e-01 -9.3060e-02 +1.4700e+00 +1.5441e+00 +8.5541e-01
188 0 +4.712400698e+01 -4.149659930e+02 -4.149659930e+02 +6.8511e-01 +3.2831e-02 +2.1806e+00 +1.6053e+00 +1.2815e+00
209 0 +4.588931172e+01 -4.162006883e+02 -4.162006883e+02 +7.5730e-01 +5.6191e-02 +2.3125e+00 +1.6166e+00 +1.3606e+00
225 0 +4.282811591e+01 -4.192618841e+02 -4.192618841e+02 +7.3796e-01 +3.4857e-02 +2.2093e+00 +1.6329e+00 +1.2972e+00
266 0 +4.259509617e+01 -4.194949038e+02 -4.194949038e+02 +7.4215e-01 +9.5003e-02 +2.2165e+00 +1.6543e+00 +1.3107e+00
360 0 +3.953694708e+01 -4.225530529e+02 -4.225530529e+02 +5.3122e-01 -1.5797e-01 +2.2160e+00 +1.1863e+00 +1.1201e+00
525 0 +3.890430281e+01 -4.231856972e+02 -4.231856972e+02 +5.2729e-01 -1.5872e-01 +2.2076e+00 +1.1818e+00 +1.1149e+00
1214 0 +3.781368114e+01 -4.242763189e+02 -4.242763189e+02 +5.2995e-01 -1.4124e-01 +2.2072e+00 +1.1846e+00 +1.1160e+00
1301 0 +3.619047608e+01 -4.258995239e+02 -4.258995239e+02 +5.3181e-01 -1.1304e-01 +2.2122e+00 +1.1877e+00 +1.1174e+00
1324 0 +3.502199971e+01 -4.270680003e+02 -4.270680003e+02 +5.3242e-01 -8.6710e-02 +2.2149e+00 +1.1896e+00 +1.1175e+00
1392 0 +3.455903029e+01 -4.275309697e+02 -4.275309697e+02 +5.3314e-01 -7.3588e-02 +2.2151e+00 +1.1907e+00 +1.1188e+00
1419 0 +3.364021133e+01 -4.284497887e+02 -4.284497887e+02 +5.3552e-01 +5.7685e-02 +2.2152e+00 +1.1940e+00 +1.1214e+00
1455 0 +3.300291907e+01 -4.290870809e+02 -4.290870809e+02 +5.3314e-01 -2.8214e-02 +2.2118e+00 +1.1900e+00 +1.1192e+00
1588 0 +3.210871169e+01 -4.299812883e+02 -4.299812883e+02 +5.2981e-01 +1.2606e-02 +2.2060e+00 +1.1804e+00 +1.1130e+00
3621 0 +3.161748893e+01 -4.304725111e+02 -4.304725111e+02 +5.1670e-01 -6.3187e-03 +2.2134e+00 +1.1695e+00 +1.1153e+00
5076 0 +3.089525209e+01 -4.311947479e+02 -4.311947479e+02 +4.3040e-01 -4.2289e-02 +2.2118e+00 +1.1653e+00 +1.1133e+00
5449 0 +3.019629984e+01 -4.318937002e+02 -4.318937002e+02 +4.3606e-01 +1.2612e-03 +2.2118e+00 +1.1674e+00 +1.1144e+00
20051 0 +2.984863528e+01 -4.322413647e+02 -4.322413647e+02 +3.8496e-01 +1.2710e-02 +2.2136e+00 +1.1710e+00 +1.1177e+00
% f evaluations | g evaluations | best noise-free fitness - Fopt (7.766000000000e+01) + sum g_i+ | measured fitness | best measured fitness or single-digit g-values | x1 | x2...
1 0 +1.841792216e+02 +2.618392216e+02 +2.618392216e+02 -1.8224e+00 -4.7769e+00 -4.7214e+00 +2.4402e+00 +1.5354e+00
24 0 +1.683819835e+02 +2.460419835e+02 +2.460419835e+02 -3.0536e+00 -1.7884e+00 -3.1510e+00 +9.4525e-01 +2.2009e+00
27 0 +1.139394179e+02 +1.915994179e+02 +1.915994179e+02 -2.6598e+00 +2.9006e+00 +3.5058e-04 +3.8657e+00 +2.3233e+00
54 0 +9.764777727e+01 +1.753077773e+02 +1.753077773e+02 -3.4686e+00 +2.7776e+00 -2.6767e-01 +3.3286e+00 +1.7350e+00
55 0 +8.336787026e+01 +1.610278703e+02 +1.610278703e+02 -3.1610e+00 +2.1827e+00 -1.7827e-01 +3.7977e+00 +2.1034e+00
129 0 +7.253201006e+01 +1.501920101e+02 +1.501920101e+02 -2.7396e+00 +2.2968e+00 +2.7519e-02 +4.2117e+00 +2.1579e+00
199 0 +7.235068226e+01 +1.500106823e+02 +1.500106823e+02 -2.7382e+00 +2.2976e+00 +2.8300e-02 +4.2138e+00 +2.1580e+00
257 0 +6.908784960e+01 +1.467478496e+02 +1.467478496e+02 +7.3857e-01 +8.6424e-01 -2.2241e+00 +3.3619e+00 +1.7535e+00
261 0 +6.608513933e+01 +1.437451393e+02 +1.437451393e+02 -2.4773e+00 +2.3204e+00 +1.5391e-01 +4.4774e+00 +2.1706e+00
264 0 +6.569553662e+01 +1.433555366e+02 +1.433555366e+02 -2.4793e+00 +2.3166e+00 +1.5436e-01 +4.4812e+00 +2.1685e+00
276 0 +6.309116334e+01 +1.407511633e+02 +1.407511633e+02 -2.7760e+00 +2.0971e+00 +1.2565e-01 +4.2520e+00 +2.1079e+00
321 0 +5.923142100e+01 +1.368914210e+02 +1.368914210e+02 -2.7659e+00 +2.1149e+00 +1.3181e-01 +4.2598e+00 +2.1296e+00
336 0 +5.860420289e+01 +1.362642029e+02 +1.362642029e+02 -2.7719e+00 +2.1047e+00 +1.4100e-01 +4.2565e+00 +2.1247e+00
437 0 +5.428705446e+01 +1.319470545e+02 +1.319470545e+02 -2.7226e+00 +2.1868e+00 +1.8158e-01 +4.2685e+00 +2.1444e+00
492 0 +5.252196250e+01 +1.301819625e+02 +1.301819625e+02 -2.7287e+00 +2.1744e+00 +1.7809e-01 +4.2541e+00 +2.1365e+00
493 0 +5.214444773e+01 +1.298044477e+02 +1.298044477e+02 -2.7440e+00 +2.1669e+00 +1.6540e-01 +4.2206e+00 +2.1325e+00
632 0 +5.114751303e+01 +1.288075130e+02 +1.288075130e+02 -2.6582e+00 +2.2152e+00 +1.7369e-01 +4.2426e+00 +2.1442e+00
771 0 +4.653686018e+01 +1.241968602e+02 +1.241968602e+02 +2.3031e+00 +6.1722e-01 -3.4616e-01 +3.6447e+00 +2.0333e+00
919 0 +3.984939400e+01 +1.175093940e+02 +1.175093940e+02 +2.6061e+00 +6.9996e-01 -2.8859e-01 +4.2175e+00 +2.3522e+00
1059 0 +2.355247698e+01 +1.012124770e+02 +1.012124770e+02 +2.3578e+00 +6.3075e-01 -3.0771e-01 +3.7760e+00 +2.1009e+00
1129 0 +2.317062741e+01 +1.008306274e+02 +1.008306274e+02 +2.3787e+00 +6.3718e-01 -3.0574e-01 +3.7780e+00 +2.1010e+00
1419 0 +2.287653009e+01 +1.005365301e+02 +1.005365301e+02 +2.3808e+00 +6.3777e-01 -3.0558e-01 +3.7821e+00 +2.1034e+00
1475 0 +2.237078946e+01 +1.000307895e+02 +1.000307895e+02 +2.3976e+00 +6.4251e-01 -3.0503e-01 +3.7884e+00 +2.1076e+00
1824 0 +2.179161492e+01 +9.945161492e+01 +9.945161492e+01 +2.3979e+00 +6.4247e-01 -3.0442e-01 +3.7940e+00 +2.1137e+00
1979 0 +2.129064249e+01 +9.895064249e+01 +9.895064249e+01 +2.3942e+00 +6.4119e-01 -3.0471e-01 +3.7847e+00 +2.1118e+00
2061 0 +2.089095046e+01 +9.855095046e+01 +9.855095046e+01 +2.3985e+00 +6.4110e-01 -3.0469e-01 +3.7733e+00 +2.1110e+00
2231 0 +2.038375879e+01 +9.804375879e+01 +9.804375879e+01 +2.3985e+00 +6.4126e-01 -3.0463e-01 +3.7753e+00 +2.1141e+00
2305 0 +1.966511546e+01 +9.732511546e+01 +9.732511546e+01 +2.3991e+00 +6.4153e-01 -3.0458e-01 +3.7767e+00 +2.1186e+00
2352 0 +1.937165639e+01 +9.703165639e+01 +9.703165639e+01 +2.3993e+00 +6.4156e-01 -3.0457e-01 +3.7771e+00 +2.1206e+00
2412 0 +1.904376909e+01 +9.670376909e+01 +9.670376909e+01 +2.3992e+00 +6.4182e-01 -3.0450e-01 +3.7793e+00 +2.1232e+00
2463 0 +1.802135772e+01 +9.568135772e+01 +9.568135772e+01 +2.4018e+00 +6.4279e-01 -3.0423e-01 +3.7909e+00 +2.1425e+00
2602 0 +1.773373108e+01 +9.539373108e+01 +9.539373108e+01 +2.3995e+00 +6.4218e-01 -3.0452e-01 +3.7868e+00 +2.1390e+00
2724 0 +1.698989491e+01 +9.464989491e+01 +9.464989491e+01 +2.3988e+00 +6.4184e-01 -3.0457e-01 +3.7840e+00 +2.1486e+00
2784 0 +1.691221564e+01 +9.457221564e+01 +9.457221564e+01 +2.3975e+00 +6.4149e-01 -3.0475e-01 +3.7820e+00 +2.1472e+00
2817 0 +1.658222798e+01 +9.424222798e+01 +9.424222798e+01 +2.3970e+00 +6.4154e-01 -3.0525e-01 +3.7777e+00 +2.1537e+00
5152 0 +1.617990576e+01 +9.383990576e+01 +9.383990576e+01 +2.3996e+00 +6.4245e-01 -2.9387e-01 +3.7721e+00 +2.1561e+00
8861 0 +1.583851169e+01 +9.349851169e+01 +9.349851169e+01 +2.3985e+00 +6.5219e-01 -2.7159e-01 +3.7670e+00 +2.1556e+00
9463 0 +1.543915710e+01 +9.309915710e+01 +9.309915710e+01 +2.3969e+00 +6.9917e-01 -2.5990e-01 +3.7677e+00 +2.1545e+00
9754 0 +1.512461467e+01 +9.278461467e+01 +9.278461467e+01 +2.3973e+00 +7.3754e-01 -2.6288e-01 +3.7719e+00 +2.1547e+00
20051 0 +1.492435056e+01 +9.258435056e+01 +9.258435056e+01 +2.3984e+00 +7.5730e-01 -2.7619e-01 +3.7662e+00 +2.1541e+00
% f evaluations | g evaluations | best noise-free fitness - Fopt (1.156800000000e+02) + sum g_i+ | measured fitness | best measured fitness or single-digit g-values | x1 | x2...
1 0 +1.235065215e+02 +2.391865215e+02 +2.391865215e+02 -1.8806e+00 -2.6075e+00 +2.2094e-01 -2.6238e-01 +2.4597e+00
65 0 +8.978778872e+01 +2.054677887e+02 +2.054677887e+02 +5.5636e-01 +9.0740e-01 -9.0305e-01 +3.8041e+00 +2.1496e+00
69 0 +5.792947453e+01 +1.736094745e+02 +1.736094745e+02 +1.6659e+00 -1.7565e+00 -1.3362e+00 +3.6519e+00 +3.2517e+00
96 0 +4.726108640e+01 +1.629410864e+02 +1.629410864e+02 +6.4173e-01 -1.7570e+00 -1.3312e+00 +3.1579e+00 +2.6052e+00
102 0 +4.513304172e+01 +1.608130417e+02 +1.608130417e+02 +4.9796e-01 -1.7873e+00 -1.4363e+00 +3.1211e+00 +2.4336e+00
122 0 +3.650173507e+01 +1.521817351e+02 +1.521817351e+02 +1.2180e+00 -1.2223e+00 -4.7800e-01 +3.2090e+00 +3.2812e+00
154 0 +1.075132327e+01 +1.264313233e+02 +1.264313233e+02 +1.2611e+00 -1.0373e+00 -3.3362e-01 +3.4623e+00 +3.2903e+00
297 0 +9.583866221e+00 +1.252638662e+02 +1.252638662e+02 +1.2835e+00 -9.9942e-01 -3.0763e-01 +3.4952e+00 +3.2992e+00
458 0 +9.363567156e+00 +1.250435672e+02 +1.250435672e+02 +1.2797e+00 -1.0023e+00 -3.1252e-01 +3.4930e+00 +3.2974e+00
486 0 +7.725341200e+00 +1.234053412e+02 +1.234053412e+02 +1.1414e+00 -1.0121e+00 -3.6050e-01 +3.0724e+00 +2.9358e+00
503 0 +6.943419048e+00 +1.226234190e+02 +1.226234190e+02 +1.1642e+00 -9.8249e-01 -3.2530e-01 +3.0871e+00 +2.9396e+00
574 0 +6.889895369e+00 +1.225698954e+02 +1.225698954e+02 +1.1637e+00 -9.8345e-01 -3.2611e-01 +3.0866e+00 +2.9387e+00
610 0 +6.729482109e+00 +1.224094821e+02 +1.224094821e+02 +1.1613e+00 -9.8163e-01 -3.2476e-01 +3.0752e+00 +2.9286e+00
756 0 +6.558835127e+00 +1.222388351e+02 +1.222388351e+02 +1.1638e+00 -9.7643e-01 -3.3088e-01 +3.0793e+00 +2.9305e+00
919 0 +6.409814239e+00 +1.220898142e+02 +1.220898142e+02 +1.1560e+00 -9.8052e-01 -3.3551e-01 +3.0795e+00 +2.9149e+00
1120 0 +6.238519924e+00 +1.219185199e+02 +1.219185199e+02 +1.1603e+00 -9.8137e-01 -3.3558e-01 +3.0868e+00 +2.9190e+00
1326 0 +6.132167571e+00 +1.218121676e+02 +1.218121676e+02 +1.1670e+00 -9.8195e-01 -3.3591e-01 +3.0894e+00 +2.9189e+00
1779 0 +6.023756133e+00 +1.217037561e+02 +1.217037561e+02 +1.1751e+00 -9.8092e-01 -3.4089e-01 +3.0877e+00 +2.9175e+00
20051 0 +5.969749305e+00 +1.216497493e+02 +1.216497493e+02 +1.1819e+00 -9.8320e-01 -3.5124e-01 +3.0888e+00 +2.9175e+00
% f evaluations | g evaluations | best noise-free fitness - Fopt (-3.710000000000e+00) + sum g_i+ | measured fitness | best measured fitness or single-digit g-values | x1 | x2...
1 0 +7.885608170e+02 +7.848508170e+02 +7.848508170e+02 -1.6337e+00 +7.9643e-01 +2.2791e+00 -3.4840e+00 +3.7085e+00
2 0 +6.495986777e+02 +6.458886777e+02 +6.458886777e+02 -2.8632e-01 +7.3708e-01 +2.3879e+00 -5.4919e-01 -2.7745e+00
3 0 +4.196737217e+02 +4.159637217e+02 +4.159637217e+02 +1.1597e+00 -1.1210e+00 -9.6498e-01 +4.3887e+00 -3.0757e+00
5 0 +2.631129886e+02 +2.594029886e+02 +2.594029886e+02 +3.6092e+00 -1.4418e+00 +2.3649e+00 +4.7410e+00 +3.1884e-01
6 0 +2.576334213e+02 +2.539234213e+02 +2.539234213e+02 +4.7245e-01 +8.4285e-01 -2.5959e+00 -5.4704e-01 +2.9379e+00
27 0 +1.121527217e+02 +1.084427217e+02 +1.084427217e+02 -5.9816e-01 -3.4652e+00 +1.4169e+00 +1.3061e+00 +2.5997e+00
77 0 +8.065735762e+01 +7.694735762e+01 +7.694735762e+01 -6.2734e-01 -3.6343e+00 +1.3478e+00 +1.2424e+00 +2.4729e+00
90 0 +7.845038531e+01 +7.474038531e+01 +7.474038531e+01 +5.5090e-02 -2.3802e+00 +1.4456e+00 +2.2313e+00 +2.6875e+00
104 0 +6.178788058e+01 +5.807788058e+01 +5.807788058e+01 +1.3076e-01 -2.2051e+00 +1.5417e+00 +2.4152e+00 +2.7712e+00
105 0 +5.563034567e+01 +5.192034567e+01 +5.192034567e+01 +2.7377e-01 -2.3270e+00 +1.5049e+00 +2.3899e+00 +2.8280e+00
111 0 +5.253632226e+01 +4.882632226e+01 +4.882632226e+01 +1.3809e-01 -2.2580e+00 +1.5422e+00 +2.4205e+00 +2.8784e+00
141 0 +4.783654582e+01 +4.412654582e+01 +4.412654582e+01 +8.6652e-01 -7.6451e-01 +1.6074e+00 +4.3253e+00 +3.1627e+00
157 0 +3.495840892e+01 +3.124840892e+01 +3.124840892e+01 +8.6232e-01 -7.7209e-01 +1.6055e+00 +4.3161e+00 +3.1539e+00
294 0 +2.535427085e+01 +2.164427085e+01 +2.164427085e+01 +8.7611e-01 -7.2796e-01 +1.7024e+00 +4.3333e+00 +3.2180e+00
309 0 +2.413463682e+01 +2.042463682e+01 +2.042463682e+01 +8.7752e-01 -7.2792e-01 +1.7140e+00 +4.3345e+00 +3.2225e+00
326 0 +2.365296428e+01 +1.994296428e+01 +1.994296428e+01 +8.8587e-01 -7.1368e-01 +1.7055e+00 +4.3580e+00 +3.2201e+00
553 0 +2.338412531e+01 +1.967412531e+01 +1.967412531e+01 +8.8460e-01 -7.1525e-01 +1.7120e+00 +4.3540e+00 +3.2227e+00
960 0 +2.288484228e+01 +1.917484228e+01 +1.917484228e+01 +8.8578e-01 -7.1226e-01 +1.7176e+00 +4.3568e+00 +3.2221e+00
1006 0 +2.205739877e+01 +1.834739877e+01 +1.834739877e+01 +8.8869e-01 -7.0045e-01 +1.7391e+00 +4.3610e+00 +3.2229e+00
1093 0 +2.159444222e+01 +1.788444222e+01 +1.788444222e+01 +8.9033e-01 -6.9447e-01 +1.7486e+00 +4.3634e+00 +3.2231e+00
1125 0 +2.128607961e+01 +1.757607961e+01 +1.757607961e+01 +8.9123e-01 -6.9099e-01 +1.7545e+00 +4.3644e+00 +3.2231e+00
1223 0 +2.088431681e+01 +1.717431681e+01 +1.717431681e+01 +8.9043e-01 -6.9076e-01 +1.7564e+00 +4.3627e+00 +3.2221e+00
1255 0 +2.034931808e+01 +1.663931808e+01 +1.663931808e+01 +8.9176e-01 -6.7932e-01 +1.7792e+00 +4.3638e+00 +3.2215e+00
1665 0 +1.933660055e+01 +1.562660055e+01 +1.562660055e+01 +8.8803e-01 -6.7948e-01 +1.7613e+00 +4.3119e+00 +3.1860e+00
1736 0 +1.830092847e+01 +1.459092847e+01 +1.459092847e+01 +8.9207e-01 -6.6464e-01 +1.7791e+00 +4.3227e+00 +3.1879e+00
1822 0 +1.815000395e+01 +1.444000395e+01 +1.444000395e+01 +8.9315e-01 -6.6087e-01 +1.7839e+00 +4.3249e+00 +3.1877e+00
2044 0 +1.751430396e+01 +1.380430396e+01 +1.380430396e+01 +8.8268e-01 -6.7001e-01 +1.7703e+00 +4.3360e+00 +3.1543e+00
2125 0 +1.728688038e+01 +1.357688038e+01 +1.357688038e+01 +8.9267e-01 -6.6077e-01 +1.7833e+00 +4.3453e+00 +3.1870e+00
2202 0 +1.650952463e+01 +1.279952463e+01 +1.279952463e+01 +8.9006e-01 -6.8770e-01 +1.7689e+00 +4.3461e+00 +3.1483e+00
2274 0 +1.613993578e+01 +1.242993578e+01 +1.242993578e+01 +8.9727e-01 -6.7646e-01 +1.7703e+00 +4.3622e+00 +3.1512e+00
2724 0 +1.582953079e+01 +1.211953079e+01 +1.211953079e+01 +9.0542e-01 -6.6932e-01 +1.7714e+00 +4.3634e+00 +3.1533e+00
2953 0 +1.545485553e+01 +1.174485553e+01 +1.174485553e+01 +9.1366e-01 -6.6155e-01 +1.7724e+00 +4.3632e+00 +3.1532e+00
3070 0 +1.511936038e+01 +1.140936038e+01 +1.140936038e+01 +9.1742e-01 -6.6065e-01 +1.7730e+00 +4.3587e+00 +3.1526e+00
3107 0 +1.384986102e+01 +1.013986102e+01 +1.013986102e+01 +9.6008e-01 -6.3154e-01 +1.7801e+00 +4.3628e+00 +3.1534e+00
3128 0 +1.375506739e+01 +1.004506739e+01 +1.004506739e+01 +9.6479e-01 -6.2876e-01 +1.7809e+00 +4.3624e+00 +3.1536e+00
3210 0 +1.347967299e+01 +9.769672991e+00 +9.769672991e+00 +9.8014e-01 -6.1862e-01 +1.7834e+00 +4.3625e+00 +3.1536e+00
3453 0 +1.314983007e+01 +9.439830069e+00 +9.439830069e+00 +9.8788e-01 -6.1465e-01 +1.7832e+00 +4.3604e+00 +3.1520e+00
3708 0 +1.287950721e+01 +9.169507215e+00 +9.169507215e+00 +1.0027e+00 -6.0705e-01 +1.7832e+00 +4.3568e+00 +3.1504e+00
3802 0 +1.255645263e+01 +8.846452629e+00 +8.846452629e+00 +1.0321e+00 -5.9568e-01 +1.7833e+00 +4.3597e+00 +3.1512e+00
3869 0 +1.215922928e+01 +8.449229277e+00 +8.449229277e+00 +1.0497e+00 -5.9537e-01 +1.7837e+00 +4.3601e+00 +3.1518e+00
3905 0 +1.193071765e+01 +8.220717655e+00 +8.220717655e+00 +1.0643e+00 -5.9417e-01 +1.7841e+00 +4.3601e+00 +3.1524e+00
3967 0 +1.169689287e+01 +7.986892874e+00 +7.986892874e+00 +1.0882e+00 -5.9177e-01 +1.7845e+00 +4.3602e+00 +3.1530e+00
4075 0 +1.144501742e+01 +7.735017423e+00 +7.735017423e+00 +1.1185e+00 -5.8943e-01 +1.7846e+00 +4.3601e+00 +3.1530e+00
4154 0 +1.114032423e+01 +7.430324228e+00 +7.430324228e+00 +1.1470e+00 -5.8938e-01 +1.7815e+00 +4.3553e+00 +3.1482e+00
4278 0 +1.084899793e+01 +7.138997926e+00 +7.138997926e+00 +1.1576e+00 -5.9384e-01 +1.7828e+00 +4.3545e+00 +3.1498e+00
4327 0 +1.054573551e+01 +6.835735508e+00 +6.835735508e+00 +1.1510e+00 -6.0101e-01 +1.7824e+00 +4.3500e+00 +3.1495e+00
4358 0 +1.046857205e+01 +6.758572050e+00 +6.758572050e+00 +1.1489e+00 -6.0338e-01 +1.7822e+00 +4.3485e+00 +3.1495e+00
4468 0 +1.020027285e+01 +6.490272851e+00 +6.490272851e+00 +1.1436e+00 -6.1706e-01 +1.7813e+00 +4.3397e+00 +3.1490e+00
4645 0 +9.960973488e+00 +6.250973488e+00 +6.250973488e+00 +1.1577e+00 -6.2361e-01 +1.7829e+00 +4.3389e+00 +3.1514e+00
4732 0 +9.721458606e+00 +6.011458606e+00 +6.011458606e+00 +1.1393e+00 -6.3108e-01 +1.7806e+00 +4.3442e+00 +3.1480e+00
4807 0 +9.496034980e+00 +5.786034980e+00 +5.786034980e+00 +1.1388e+00 -6.3784e-01 +1.7823e+00 +4.3458e+00 +3.1507e+00
4901 0 +9.264545245e+00 +5.554545245e+00 +5.554545245e+00 +1.1291e+00 -6.5300e-01 +1.7829e+00 +4.3490e+00 +3.1512e+00
5081 0 +9.078847576e+00 +5.368847576e+00 +5.368847576e+00 +1.1359e+00 -6.6763e-01 +1.7822e+00 +4.3515e+00 +3.1515e+00
20051 0 +8.954621451e+00 +5.244621451e+00 +5.244621451e+00 +1.1642e+00 -6.8189e-01 +1.7832e+00 +4.3534e+00 +3.1528e+00
% f evaluations | g evaluations | best noise-free fitness - Fopt (1.321800000000e+02) + sum g_i+ | measured fitness | best measured fitness or single-digit g-values | x1 | x2...
1 0 +5.184296592e+02 +6.506096592e+02 +6.506096592e+02 +1.5276e-01 -4.1201e+00 +2.4654e-01 +4.9744e+00 -4.1039e-01
4 0 +1.298490892e+02 +2.620290892e+02 +2.620290892e+02 -1.4367e-01 -3.4349e+00 +2.5064e+00 -1.1624e+00 +1.9820e+00
16 0 +9.044393260e+01 +2.226239326e+02 +2.226239326e+02 +1.0596e+00 +3.0937e-01 +1.5492e+00 -2.8493e+00 +2.5426e+00
53 0 +7.510796840e+01 +2.072879684e+02 +2.072879684e+02 +7.6297e-01 +1.1419e-01 +1.5257e+00 -3.0427e+00 +2.4342e+00
102 0 +7.349983907e+01 +2.056798391e+02 +2.056798391e+02 +5.6927e-01 +2.8201e-02 +1.3274e+00 -3.5163e+00 +2.0988e+00
108 0 +7.184633503e+01 +2.040263350e+02 +2.040263350e+02 +8.6913e-01 +6.3270e-01 +1.6661e+00 -2.4005e+00 +2.6557e+00
111 0 +4.641329153e+01 +1.785932915e+02 +1.785932915e+02 +9.7445e-01 +7.4143e-01 +2.9488e+00 -2.6159e+00 +2.4910e+00
163 0 +4.158226781e+01 +1.737622678e+02 +1.737622678e+02 +9.0645e-01 +6.7861e-01 +2.9330e+00 -2.7475e+00 +2.4250e+00
206 0 +3.757396126e+01 +1.697539613e+02 +1.697539613e+02 +8.9723e-01 +6.6556e-01 +2.8564e+00 -2.7639e+00 +2.4234e+00
224 0 +3.674246633e+01 +1.689224663e+02 +1.689224663e+02 +8.8971e-01 +6.4929e-01 +2.9184e+00 -2.8582e+00 +2.3885e+00
306 0 +3.600216054e+01 +1.681821605e+02 +1.681821605e+02 +8.9032e-01 +6.5061e-01 +2.9234e+00 -2.8506e+00 +2.3913e+00
388 0 +3.475071632e+01 +1.669307163e+02 +1.669307163e+02 +8.9806e-01 +6.6521e-01 +2.9729e+00 -2.8405e+00 +2.4068e+00
420 0 +3.420949102e+01 +1.663894910e+02 +1.663894910e+02 +8.8424e-01 +6.3860e-01 +2.9471e+00 -2.8533e+00 +2.4025e+00
474 0 +3.363401976e+01 +1.658140198e+02 +1.658140198e+02 +8.9884e-01 +6.6713e-01 +3.0236e+00 -2.8401e+00 +2.4401e+00
489 0 +3.180882474e+01 +1.639888247e+02 +1.639888247e+02 +8.9828e-01 +6.5239e-01 +2.9817e+00 -2.8316e+00 +2.4328e+00
504 0 +3.077852043e+01 +1.629585204e+02 +1.629585204e+02 +9.0025e-01 +6.7717e-01 +2.9845e+00 -2.8138e+00 +2.4529e+00
556 0 +2.983115340e+01 +1.620111534e+02 +1.620111534e+02 +8.9852e-01 +6.6154e-01 +2.9709e+00 -2.8396e+00 +2.4406e+00
616 0 +2.930230493e+01 +1.614823049e+02 +1.614823049e+02 +8.9174e-01 +6.4474e-01 +2.9499e+00 -2.8557e+00 +2.4356e+00
698 0 +2.826997989e+01 +1.604499799e+02 +1.604499799e+02 +8.9379e-01 +6.6645e-01 +2.9520e+00 -2.8223e+00 +2.4502e+00
700 0 +2.718230663e+01 +1.593623066e+02 +1.593623066e+02 +9.0063e-01 +6.5071e-01 +2.9744e+00 -2.8185e+00 +2.4774e+00
783 0 +2.605496742e+01 +1.582349674e+02 +1.582349674e+02 +8.9886e-01 +6.5954e-01 +2.9720e+00 -2.8274e+00 +2.4770e+00
816 0 +2.557576398e+01 +1.577557640e+02 +1.577557640e+02 +8.9479e-01 +6.5566e-01 +2.9583e+00 -2.8394e+00 +2.4646e+00
877 0 +2.431308298e+01 +1.564930830e+02 +1.564930830e+02 +8.8585e-01 +6.3708e-01 +2.9438e+00 -2.8537e+00 +2.4705e+00
890 0 +2.269238656e+01 +1.548723866e+02 +1.548723866e+02 +8.5080e-01 +6.2666e-01 +2.8970e+00 -2.8753e+00 +2.4724e+00
902 0 +2.207228963e+01 +1.542522896e+02 +1.542522896e+02 +8.6336e-01 +6.3294e-01 +2.9154e+00 -2.8598e+00 +2.4763e+00
979 0 +2.149322210e+01 +1.536732221e+02 +1.536732221e+02 +8.6033e-01 +6.3544e-01 +2.9274e+00 -2.8550e+00 +2.4896e+00
1024 0 +2.135432189e+01 +1.535343219e+02 +1.535343219e+02 +8.4238e-01 +6.1990e-01 +2.9054e+00 -2.8674e+00 +2.4895e+00
1365 0 +2.054111034e+01 +1.527211103e+02 +1.527211103e+02 +8.2290e-01 +6.1197e-01 +2.8961e+00 -2.8621e+00 +2.4823e+00
1468 0 +2.038261036e+01 +1.525626104e+02 +1.525626104e+02 +8.1873e-01 +6.1020e-01 +2.8943e+00 -2.8610e+00 +2.4825e+00
1572 0 +1.986949336e+01 +1.520494934e+02 +1.520494934e+02 +8.1153e-01 +6.0935e-01 +2.8974e+00 -2.8566e+00 +2.4886e+00
1691 0 +1.945935357e+01 +1.516393536e+02 +1.516393536e+02 +7.9306e-01 +6.0405e-01 +2.8913e+00 -2.8568e+00 +2.4879e+00
1804 0 +1.902960758e+01 +1.512096076e+02 +1.512096076e+02 +7.6254e-01 +5.9838e-01 +2.8872e+00 -2.8577e+00 +2.4847e+00
1971 0 +1.841582116e+01 +1.505958212e+02 +1.505958212e+02 +7.2760e-01 +5.9970e-01 +2.8841e+00 -2.8592e+00 +2.4844e+00
2052 0 +1.814326454e+01 +1.503232645e+02 +1.503232645e+02 +7.5096e-01 +6.0570e-01 +2.8886e+00 -2.8564e+00 +2.4886e+00
2111 0 +1.773073904e+01 +1.499107390e+02 +1.499107390e+02 +7.5230e-01 +6.1157e-01 +2.8858e+00 -2.8572e+00 +2.4907e+00
2239 0 +1.735096453e+01 +1.495309645e+02 +1.495309645e+02 +7.5316e-01 +6.1752e-01 +2.8870e+00 -2.8562e+00 +2.4920e+00
2434 0 +1.693490273e+01 +1.491149027e+02 +1.491149027e+02 +7.5573e-01 +6.2559e-01 +2.8891e+00 -2.8546e+00 +2.4921e+00
2492 0 +1.639869086e+01 +1.485786909e+02 +1.485786909e+02 +7.6069e-01 +6.4030e-01 +2.8929e+00 -2.8523e+00 +2.4921e+00
2508 0 +1.613215263e+01 +1.483121526e+02 +1.483121526e+02 +7.7148e-01 +6.7200e-01 +2.9010e+00 -2.8471e+00 +2.4923e+00
2992 0 +1.584863228e+01 +1.480286323e+02 +1.480286323e+02 +7.6303e-01 +6.7121e-01 +2.8948e+00 -2.8525e+00 +2.4906e+00
3402 0 +1.548624441e+01 +1.476662444e+02 +1.476662444e+02 +7.3848e-01 +6.6885e-01 +2.8868e+00 -2.8586e+00 +2.4908e+00
4423 0 +1.512386850e+01 +1.473038685e+02 +1.473038685e+02 +7.0322e-01 +6.6837e-01 +2.8805e+00 -2.8540e+00 +2.4902e+00
20051 0 +1.492435145e+01 +1.471043514e+02 +1.471043514e+02 +7.1151e-01 +6.7735e-01 +2.8656e+00 -2.8476e+00 +2.4920e+00
% f evaluations | g evaluations | best noise-free fitness - Fopt (-4.620900000000e+02) + sum g_i+ | measured fitness | best measured fitness or single-digit g-values | x1 | x2...
1 0 +5.989901973e+02 +1.369001973e+02 +1.369001973e+02 -4.2128e+00 -4.6621e+00 -3.5154e+00 -3.2309e+00 -2.6695e+00
10 0 +3.616326961e+02 -1.004573039e+02 -1.004573039e+02 +2.9571e-01 +3.6303e+00 -1.6471e+00 -4.8974e+00 -1.1037e+00
11 0 +2.907964799e+02 -1.712935201e+02 -1.712935201e+02 -4.7534e+00 +3.9418e+00 -3.8670e+00 -1.8239e+00 -1.7088e-01
13 0 +1.958403643e+02 -2.662496357e+02 -2.662496357e+02 +2.9269e+00 +2.4681e+00 -2.0545e+00 -1.8673e+00 +2.1164e+00
16 0 +9.495356997e+01 -3.671364300e+02 -3.671364300e+02 -3.0302e+00 -5.0038e-02 +2.3346e-02 +2.2260e+00 +2.0142e+00
24 0 +8.970017163e+01 -3.723898284e+02 -3.723898284e+02 +7.8051e-02 +3.0818e+00 -3.5942e-01 +4.9504e-01 +2.1052e+00
60 0 +8.804008624e+01 -3.740499138e+02 -3.740499138e+02 +5.6390e-02 +3.0421e+00 -4.8810e-01 -5.4111e-02 +1.7691e+00
79 0 +8.423282139e+01 -3.778571786e+02 -3.778571786e+02 +7.3284e-02 +3.0288e+00 -3.8043e-01 +4.4888e-01 +2.0835e+00
90 0 +8.020846247e+01 -3.818815375e+02 -3.818815375e+02 -6.2121e-01 +1.9082e+00 -1.1065e+00 +2.9541e-01 +1.3378e+00
144 0 +7.590341007e+01 -3.861865899e+02 -3.861865899e+02 -6.3922e-01 +1.5560e+00 -1.2338e+00 +2.1158e-01 +1.1062e+00
147 0 +6.214987670e+01 -3.999401233e+02 -3.999401233e+02 +1.6765e+00 +3.9738e+00 +5.1801e-01 +2.5574e+00 +1.6142e+00
155 0 +5.933584992e+01 -4.027541501e+02 -4.027541501e+02 +6.1747e-01 +3.0280e+00 -2.8161e-02 +1.5407e+00 +1.5053e+00
237 0 +5.633085196e+01 -4.057591480e+02 -4.057591480e+02 +6.8842e-01 +3.0841e+00 +2.3522e-02 +1.5649e+00 +1.5310e+00
258 0 +5.357074113e+01 -4.085192589e+02 -4.085192589e+02 +1.4311e+00 +4.4001e+00 +7.2699e-01 +2.4933e+00 +2.2140e+00
332 0 +4.910960635e+01 -4.129803936e+02 -4.129803936e+02 +1.4698e+00 +4.4607e+00 +7.7555e-01 +2.5347e+00 +2.2626e+00
349 0 +4.539010774e+01 -4.166998923e+02 -4.166998923e+02 +1.4408e+00 +4.4322e+00 +7.7955e-01 +2.5120e+00 +2.2996e+00
363 0 +4.169357775e+01 -4.203964222e+02 -4.203964222e+02 +8.2321e-01 +2.3421e+00 -6.8232e-02 +1.1578e+00 +1.5822e+00
518 0 +3.673216129e+01 -4.253578387e+02 -4.253578387e+02 +6.1726e-01 +2.3033e+00 -1.0101e-01 +1.1314e+00 +1.3341e+00
791 0 +3.622801818e+01 -4.258619818e+02 -4.258619818e+02 +6.2491e-01 +2.3266e+00 -8.5026e-02 +1.1458e+00 +1.3428e+00
1300 0 +3.165829122e+01 -4.304317088e+02 -4.304317088e+02 +1.2509e+00 +3.1645e+00 -5.2871e-02 +1.5718e+00 +2.2855e+00
1382 0 +3.076924131e+01 -4.313207587e+02 -4.313207587e+02 +1.2545e+00 +3.1856e+00 -3.9702e-02 +1.5873e+00 +2.2855e+00
1446 0 +3.014517983e+01 -4.319448202e+02 -4.319448202e+02 +1.2598e+00 +3.1926e+00 -3.9391e-02 +1.5909e+00 +2.2934e+00
2149 0 +2.919921730e+01 -4.328907827e+02 -4.328907827e+02 +1.2676e+00 +3.1990e+00 -3.6759e-02 +1.5995e+00 +2.2987e+00
2167 0 +2.882396737e+01 -4.332660326e+02 -4.332660326e+02 +1.2657e+00 +3.1933e+00 -5.1853e-02 +1.5970e+00 +2.2986e+00
2619 0 +2.812248470e+01 -4.339675153e+02 -4.339675153e+02 +1.2638e+00 +3.1774e+00 -8.7527e-02 +1.5952e+00 +2.2988e+00
2879 0 +2.751091397e+01 -4.345790860e+02 -4.345790860e+02 +1.2635e+00 +3.1749e+00 -8.2645e-02 +1.5996e+00 +2.2991e+00
2959 0 +2.690298041e+01 -4.351870196e+02 -4.351870196e+02 +1.2653e+00 +3.1785e+00 -6.5268e-02 +1.6095e+00 +2.3003e+00
3609 0 +2.628675485e+01 -4.358032451e+02 -4.358032451e+02 +1.2672e+00 +3.1858e+00 -4.6031e-02 +1.6232e+00 +2.2993e+00
4355 0 +2.567779126e+01 -4.364122087e+02 -4.364122087e+02 +1.2655e+00 +3.1742e+00 -8.4241e-02 +1.6207e+00 +2.2988e+00
4860 0 +2.508955612e+01 -4.370004439e+02 -4.370004439e+02 +1.2662e+00 +3.1487e+00 -9.4651e-02 +1.6196e+00 +2.2991e+00
5237 0 +2.449366014e+01 -4.375963399e+02 -4.375963399e+02 +1.2662e+00 +3.1415e+00 -8.6927e-02 +1.6323e+00 +2.2984e+00
8803 0 +2.398625231e+01 -4.381037477e+02 -4.381037477e+02 +1.2730e+00 +3.1289e+00 -6.3373e-02 +1.6361e+00 +2.2992e+00
9060 0 +2.306280711e+01 -4.390271929e+02 -4.390271929e+02 +1.3076e+00 +3.1408e+00 -4.3135e-02 +1.6413e+00 +2.2994e+00
9165 0 +2.286564935e+01 -4.392243507e+02 -4.392243507e+02 +1.3237e+00 +3.1474e+00 -4.4275e-02 +1.6437e+00 +2.2994e+00
9509 0 +2.238644131e+01 -4.397035587e+02 -4.397035587e+02 +1.3357e+00 +3.1267e+00 -4.3419e-02 +1.6352e+00 +2.2918e+00
20051 0 +2.188899310e+01 -4.402010069e+02 -4.402010069e+02 +1.3443e+00 +3.1194e+00 -7.3285e-02 +1.6332e+00 +2.2992e+00
% f evaluations | g evaluations | best noise-free fitness - Fopt (7.766000000000e+01) + sum g_i+ | measured fitness | best measured fitness or single-digit g-values | x1 | x2...
1 0 +6.809492648e+02 +7.586092648e+02 +7.586092648e+02 -3.8969e+00 +5.9851e-01 +2.0150e+00 -1.0706e+00 -3.6116e+00
2 0 +6.399147021e+02 +7.175747021e+02 +7.175747021e+02 +3.4258e+00 +4.9722e-01 -1.6519e+00 +1.1100e-01 -4.1659e+00
3 0 +2.358496895e+02 +3.135096895e+02 +3.135096895e+02 +2.4363e+00 -1.6803e-02 -1.4203e+00 -2.2973e+00 +2.3841e+00
6 0 +1.892778786e+02 +2.669378786e+02 +2.669378786e+02 +3.4594e-01 -3.5492e+00 +1.4249e+00 -3.1431e-01 +6.2090e-01
9 0 +1.583101362e+02 +2.359701362e+02 +2.359701362e+02 -2.6451e+00 +3.3831e+00 -4.2094e-01 +3.5812e-01 +1.9163e+00
10 0 +1.172249655e+02 +1.948849655e+02 +1.948849655e+02 -4.3155e+00 -1.2601e+00 +1.3120e+00 +2.7892e+00 +1.6759e+00
55 0 +1.129136657e+02 +1.905736657e+02 +1.905736657e+02 -4.3417e+00 -1.2838e+00 +1.2658e+00 +2.7704e+00 +1.6093e+00
56 0 +1.032188938e+02 +1.808788938e+02 +1.808788938e+02 -3.8912e-01 +6.6810e-01 +1.4071e+00 +5.0000e+00 +2.5646e+00
58 0 +9.802701280e+01 +1.756870128e+02 +1.756870128e+02 -5.0000e+00 -1.6261e+00 +7.1391e-01 +1.7000e+00 +1.6355e+00
81 0 +8.585770764e+01 +1.635177076e+02 +1.635177076e+02 -4.3388e+00 -1.6185e+00 +1.2525e+00 +2.1771e+00 +1.4569e+00
243 0 +8.484645145e+01 +1.625064515e+02 +1.625064515e+02 -4.3390e+00 -1.6283e+00 +1.2469e+00 +2.1367e+00 +1.4516e+00
256 0 +6.294460347e+01 +1.406046035e+02 +1.406046035e+02 -1.6939e+00 -9.0436e-02 +1.3542e+00 +4.0542e+00 +2.1969e+00
306 0 +5.735735345e+01 +1.350173535e+02 +1.350173535e+02 -1.6317e+00 -8.7120e-02 +1.4038e+00 +4.2028e+00 +2.2775e+00
314 0 +5.533318596e+01 +1.329931860e+02 +1.329931860e+02 -1.9479e+00 -2.4940e-01 +1.3370e+00 +3.8244e+00 +2.1059e+00
330 0 +5.472669938e+01 +1.323866994e+02 +1.323866994e+02 -1.5961e+00 +3.3066e-02 +1.3687e+00 +4.4605e+00 +2.3391e+00
346 0 +5.152013524e+01 +1.291801352e+02 +1.291801352e+02 -7.5394e-01 +4.5722e-01 +1.3855e+00 +4.6979e+00 +2.4615e+00
410 0 +5.120813558e+01 +1.288681356e+02 +1.288681356e+02 -7.4614e-01 +4.6216e-01 +1.3855e+00 +4.7030e+00 +2.4634e+00
413 0 +4.911649154e+01 +1.267764915e+02 +1.267764915e+02 -1.8380e+00 -1.4006e-01 +1.2205e+00 +4.0427e+00 +2.1618e+00
452 0 +4.128090955e+01 +1.189409095e+02 +1.189409095e+02 -1.7372e+00 -8.0401e-02 +1.2244e+00 +4.1179e+00 +2.1858e+00
479 0 +3.834018086e+01 +1.160001809e+02 +1.160001809e+02 -1.6419e+00 +4.5090e-02 +1.2444e+00 +4.1388e+00 +2.1963e+00
557 0 +3.786411898e+01 +1.155241190e+02 +1.155241190e+02 -1.6229e+00 +4.0791e-02 +1.2497e+00 +4.0656e+00 +2.1612e+00
580 0 +3.669442952e+01 +1.143544295e+02 +1.143544295e+02 -1.6428e+00 +2.3718e-02 +1.2437e+00 +4.1319e+00 +2.1902e+00
587 0 +3.626714868e+01 +1.139271487e+02 +1.139271487e+02 -1.6749e+00 -2.6687e-02 +1.2313e+00 +4.1385e+00 +2.1878e+00
634 0 +3.418935442e+01 +1.118493544e+02 +1.118493544e+02 -1.6047e+00 +6.0673e-03 +1.2491e+00 +4.1884e+00 +2.2207e+00
647 0 +3.118536066e+01 +1.088453607e+02 +1.088453607e+02 -1.6317e+00 +1.6106e-03 +1.2493e+00 +4.1829e+00 +2.1989e+00
654 0 +2.978775388e+01 +1.074477539e+02 +1.074477539e+02 -1.6051e+00 +2.2434e-02 +1.2521e+00 +4.2017e+00 +2.2013e+00
719 0 +2.835873467e+01 +1.060187347e+02 +1.060187347e+02 -1.6425e+00 -1.4137e-03 +1.2512e+00 +4.1814e+00 +2.1771e+00
752 0 +2.680909181e+01 +1.044690918e+02 +1.044690918e+02 -1.6198e+00 +1.7071e-02 +1.2577e+00 +4.1969e+00 +2.1793e+00
870 0 +2.621226886e+01 +1.038722689e+02 +1.038722689e+02 -1.6215e+00 +1.5529e-02 +1.2576e+00 +4.1964e+00 +2.1736e+00
947 0 +2.561337578e+01 +1.032733758e+02 +1.032733758e+02 -1.6205e+00 +1.5273e-02 +1.2590e+00 +4.2057e+00 +2.1766e+00
1020 0 +2.492369700e+01 +1.025836970e+02 +1.025836970e+02 -1.6197e+00 +1.5429e-02 +1.2601e+00 +4.2115e+00 +2.1744e+00
1052 0 +2.413907282e+01 +1.017990728e+02 +1.017990728e+02 -1.6281e+00 +1.2892e-02 +1.2578e+00 +4.2105e+00 +2.1584e+00
1124 0 +2.365899046e+01 +1.013189905e+02 +1.013189905e+02 -1.6208e+00 +1.3982e-02 +1.2586e+00 +4.2181e+00 +2.1611e+00
1256 0 +2.340030968e+01 +1.010603097e+02 +1.010603097e+02 -1.6201e+00 +1.1928e-02 +1.2588e+00 +4.2200e+00 +2.1578e+00
2327 0 +2.276405531e+01 +1.004240553e+02 +1.004240553e+02 -1.6038e+00 +7.9179e-03 +1.2613e+00 +4.2283e+00 +2.1531e+00
2608 0 +2.225726438e+01 +9.991726438e+01 +9.991726438e+01 -1.5843e+00 -3.2490e-03 +1.2640e+00 +4.2283e+00 +2.1542e+00
20051 0 +2.188899310e+01 +9.954899310e+01 +9.954899310e+01 -1.5701e+00 -3.6573e-02 +1.2720e+00 +4.2284e+00 +2.1541e+00
% f evaluations | g evaluations | best noise-free fitness - Fopt (1.156800000000e+02) + sum g_i+ | measured fitness | best measured fitness or single-digit g-values | x1 | x2...
1 0 +6.263705715e+01 +1.783170572e+02 +1.783170572e+02 -9.5848e-01 +5.2583e-01 -1.4398e+00 +2.1868e+00 +2.7492e+00
213 0 +6.068890236e+01 +1.763689024e+02 +1.763689024e+02 -2.9810e+00 -2.0854e-01 -4.1221e-01 +4.9141e+00 +3.2087e+00
245 0 +4.672386466e+01 +1.624038647e+02 +1.624038647e+02 -2.8262e+00 -1.3993e-01 -2.9687e-01 +4.9049e+00 +3.2842e+00
478 0 +4.522109318e+01 +1.609010932e+02 +1.609010932e+02 -2.8540e+00 -1.5859e-01 -3.1495e-01 +4.8929e+00 +3.2812e+00
614 0 +4.466297358e+01 +1.603429736e+02 +1.603429736e+02 -2.8793e+00 -1.7605e-01 -3.2755e-01 +4.8888e+00 +3.2810e+00
20051 0 +4.377784390e+01 +1.594578439e+02 +1.594578439e+02 -2.9179e+00 -1.6377e-01 -3.5124e-01 +4.8865e+00 +3.2949e+00
% f evaluations | g evaluations | best noise-free fitness - Fopt (-3.710000000000e+00) + sum g_i+ | measured fitness | best measured fitness or single-digit g-values | x1 | x2...
1 0 +2.055575306e+03 +2.051865306e+03 +2.051865306e+03 +2.7935e-01 -6.2169e-01 -4.1104e+00 +2.0545e+00 +4.4140e+00
2 0 +4.115790951e+02 +4.078690951e+02 +4.078690951e+02 +1.2437e+00 +2.0389e+00 -8.7637e-01 -3.0713e-01 -1.5829e+00
4 0 +9.471283019e+01 +9.100283019e+01 +9.100283019e+01 -7.3027e-01 -2.6756e+00 +1.1068e+00 +1.1945e+00 +2.4917e+00
56 0 +7.779454863e+01 +7.408454863e+01 +7.408454863e+01 -6.2724e-01 -2.2322e+00 +1.4553e+00 +1.7741e+00 +2.7850e+00
68 0 +5.528387960e+01 +5.157387960e+01 +5.157387960e+01 +2.3419e+00 +6.6611e-01 +1.4007e+00 +4.2343e+00 +3.1100e+00
106 0 +5.294215104e+01 +4.923215104e+01 +4.923215104e+01 +2.3919e+00 +7.1497e-01 +1.4016e+00 +4.2758e+00 +3.1155e+00
118 0 +4.519325302e+01 +4.148325302e+01 +4.148325302e+01 +2.2049e+00 +6.2717e-01 +1.3188e+00 +3.9868e+00 +2.9282e+00
121 0 +4.273155288e+01 +3.902155288e+01 +3.902155288e+01 +1.1134e+00 -8.5424e-01 +1.2400e+00 +3.8059e+00 +2.6528e+00
164 0 +4.048137437e+01 +3.677137437e+01 +3.677137437e+01 +1.2247e+00 -4.3223e-02 +1.4141e+00 +3.8248e+00 +3.1481e+00
221 0 +3.899541201e+01 +3.528541201e+01 +3.528541201e+01 +1.2167e+00 -8.8085e-02 +1.4023e+00 +3.8178e+00 +3.1158e+00
256 0 +3.774712566e+01 +3.403712566e+01 +3.403712566e+01 +1.2290e+00 -8.4219e-02 +1.4057e+00 +3.8214e+00 +3.1250e+00
351 0 +3.645491619e+01 +3.274491619e+01 +3.274491619e+01 +1.1972e+00 -1.2490e-01 +1.2598e+00 +3.6311e+00 +3.0989e+00
364 0 +2.985725767e+01 +2.614725767e+01 +2.614725767e+01 +1.1754e+00 -1.8934e-01 +1.1379e+00 +3.4782e+00 +3.0601e+00
367 0 +2.877714390e+01 +2.506714390e+01 +2.506714390e+01 +1.1709e+00 -1.3981e-01 +1.1591e+00 +3.5863e+00 +2.8915e+00
374 0 +2.459050124e+01 +2.088050124e+01 +2.088050124e+01 +1.1798e+00 -1.5653e-01 +1.1303e+00 +3.4611e+00 +3.0848e+00
445 0 +2.187926300e+01 +1.816926300e+01 +1.816926300e+01 +1.1892e+00 -1.1407e-01 +1.1370e+00 +3.4720e+00 +3.1039e+00
457 0 +1.818073614e+01 +1.447073614e+01 +1.447073614e+01 +1.2030e+00 -1.0821e-01 +1.1719e+00 +3.5404e+00 +3.1332e+00
514 0 +1.683119269e+01 +1.312119269e+01 +1.312119269e+01 +1.2030e+00 -1.2916e-01 +1.1617e+00 +3.5218e+00 +3.1288e+00
529 0 +1.653122277e+01 +1.282122277e+01 +1.282122277e+01 +1.1664e+00 -1.4991e-01 +1.1567e+00 +3.5195e+00 +3.1304e+00
608 0 +1.604316720e+01 +1.233316720e+01 +1.233316720e+01 +1.1602e+00 -1.4586e-01 +1.1629e+00 +3.5322e+00 +3.1505e+00
626 0 +1.582008764e+01 +1.211008764e+01 +1.211008764e+01 +1.1660e+00 -1.4194e-01 +1.1584e+00 +3.5242e+00 +3.1428e+00
886 0 +1.548717063e+01 +1.177717063e+01 +1.177717063e+01 +1.1617e+00 -1.4514e-01 +1.1555e+00 +3.5180e+00 +3.1527e+00
1758 0 +1.513541085e+01 +1.142541085e+01 +1.142541085e+01 +1.1659e+00 -1.3549e-01 +1.1679e+00 +3.5121e+00 +3.1512e+00
20051 0 +1.492435055e+01 +1.121435055e+01 +1.121435055e+01 +1.1642e+00 -1.3979e-01 +1.1872e+00 +3.5035e+00 +3.1528e+00
% f evaluations | g evaluations | best noise-free fitness - Fopt (1.321800000000e+02) + sum g_i+ | measured fitness | best measured fitness or single-digit g-values | x1 | x2...
1 0 +1.242785215e+03 +1.374965215e+03 +1.374965215e+03 +1.7423e+00 -3.2362e+00 +4.7650e+00 +3.9685e+00 -3.7691e+00
2 0 +7.436398857e+02 +8.758198857e+02 +8.758198857e+02 -5.6382e-01 +4.0612e+00 +9.8480e-01 +1.5842e+00 +3.3077e+00
3 0 +1.089643151e+02 +2.411443151e+02 +2.411443151e+02 +2.6036e+00 +2.7660e+00 +2.4670e+00 -1.3013e+00 +4.7964e-01
16 0 +7.457139265e+01 +2.067513927e+02 +2.067513927e+02 +3.1647e+00 +3.7251e+00 +3.3835e+00 -1.6457e+00 +1.0067e+00
53 0 +7.327520230e+01 +2.054552023e+02 +2.054552023e+02 +3.1787e+00 +3.7492e+00 +3.4064e+00 -1.6371e+00 +1.0199e+00
165 0 +6.818610670e+01 +2.003661067e+02 +2.003661067e+02 +3.1909e+00 +3.7684e+00 +3.4295e+00 -1.5815e+00 +1.0574e+00
241 0 +6.487642410e+01 +1.970564241e+02 +1.970564241e+02 +2.7278e+00 +3.3985e+00 +3.3915e+00 -1.6463e+00 +1.0301e+00
253 0 +5.633092704e+01 +1.885109270e+02 +1.885109270e+02 +3.0061e+00 +3.6187e+00 +3.4094e+00 -1.6194e+00 +1.0382e+00
283 0 +4.398461222e+01 +1.761646122e+02 +1.761646122e+02 +2.7376e+00 +3.5641e+00 +3.5195e+00 -1.5470e+00 +1.0733e+00
320 0 +4.237592507e+01 +1.745559251e+02 +1.745559251e+02 +1.8022e+00 +3.1954e+00 +3.5079e+00 -1.5706e+00 +1.0685e+00
357 0 +3.912035428e+01 +1.713003543e+02 +1.713003543e+02 +1.7122e+00 +3.1630e+00 +3.4394e+00 -1.5818e+00 +1.0396e+00
441 0 +3.887087071e+01 +1.710508707e+02 +1.710508707e+02 +1.7566e+00 +3.1830e+00 +3.4449e+00 -1.5787e+00 +1.0417e+00
532 0 +3.801636347e+01 +1.701963635e+02 +1.701963635e+02 +1.7745e+00 +3.1895e+00 +3.4616e+00 -1.5679e+00 +1.0480e+00
584 0 +3.653459557e+01 +1.687145956e+02 +1.687145956e+02 +1.8029e+00 +3.1939e+00 +3.4616e+00 -1.5375e+00 +1.0527e+00
678 0 +3.627397018e+01 +1.684539702e+02 +1.684539702e+02 +1.8053e+00 +3.1929e+00 +3.4618e+00 -1.5297e+00 +1.0551e+00
1063 0 +3.536015204e+01 +1.675401520e+02 +1.675401520e+02 +1.7467e+00 +3.1652e+00 +3.4529e+00 -1.5263e+00 +1.0548e+00
1659 0 +3.466331777e+01 +1.668433178e+02 +1.668433178e+02 +1.7385e+00 +3.1349e+00 +3.4556e+00 -1.5237e+00 +1.0559e+00
2255 0 +3.387941432e+01 +1.660594143e+02 +1.660594143e+02 +1.7895e+00 +3.1024e+00 +3.4614e+00 -1.5216e+00 +1.0543e+00
20051 0 +3.382834437e+01 +1.660083444e+02 +1.660083444e+02 +1.8082e+00 +3.0957e+00 +3.4616e+00 -1.5226e+00 +1.0525e+00
