% f evaluations | g evaluations | best noise-free fitness - Fopt (-9.210000000000e+00) + sum g_i+ | measured fitness | best measured fitness or single-digit g-values | x1 | x2...
1 0 +4.381630780e+01 +3.460630780e+01 +3.460630780e+01 -3.2474e+00 -4.8025e+00 +4.5429e+00
5 0 +2.854218757e+01 +1.933218757e+01 +1.933218757e+01 +1.5621e+00 -2.1342e+00 +4.7456e+00
27 0 +2.588667063e+01 +1.667667063e+01 +1.667667063e+01 +1.4863e+00 +9.1596e-01 +4.0542e+00
48 0 +1.923326474e+01 +1.002326474e+01 +1.002326474e+01 -1.5071e+00 +4.1121e+00 +4.0082e+00
52 0 +1.562991984e+01 +6.419919843e+00 +6.419919843e+00 -1.6124e+00 +4.3994e+00 +4.2882e+00
65 0 +7.742641217e+00 -1.467358783e+00 -1.467358783e+00 -1.0554e+00 +4.9563e+00 +4.8451e+00
198 0 +7.395457529e+00 -1.814542471e+00 -1.814542471e+00 -1.0309e+00 +4.9808e+00 +4.8696e+00
484 0 +7.242294772e+00 -1.967705228e+00 -1.967705228e+00 -1.0201e+00 +4.9916e+00 +4.8804e+00
699 0 +4.502954098e+00 -4.707045902e+00 -4.707045902e+00 +1.5938e+00 +4.9876e+00 +4.8942e+00
767 0 +4.434750458e+00 -4.775249542e+00 -4.775249542e+00 +1.6585e+00 +4.9877e+00 +4.8946e+00
770 0 +2.503855773e+00 -6.706144227e+00 -6.706144227e+00 +3.4709e+00 +4.9885e+00 +4.9062e+00
774 0 +1.262457003e+00 -7.947542997e+00 -7.947542997e+00 +4.5344e+00 +4.9952e+00 +4.9218e+00
867 0 +1.095331201e+00 -8.114668799e+00 -8.114668799e+00 +4.6856e+00 +4.9957e+00 +4.9233e+00
1062 0 +9.353939366e-01 -8.274606063e+00 -8.274606063e+00 +4.6163e+00 +4.9961e+00 +4.9461e+00
1147 0 +7.913035459e-01 -8.418696454e+00 -8.418696454e+00 +4.6524e+00 +4.9965e+00 +4.9567e+00
1161 0 +7.291919927e-01 -8.480808007e+00 -8.480808007e+00 +4.7723e+00 +4.9967e+00 +4.9509e+00
1242 0 +6.535312155e-01 -8.556468784e+00 -8.556468784e+00 +4.8315e+00 +4.9967e+00 +4.9525e+00
1246 0 +6.381183529e-01 -8.571881647e+00 -8.571881647e+00 +4.8389e+00 +4.9981e+00 +4.9529e+00
1247 0 +1.962437867e-01 -9.013756213e+00 -9.013756213e+00 +4.8986e+00 +4.9981e+00 +4.9911e+00
1343 0 +1.592846934e-01 -9.050715307e+00 -9.050715307e+00 +4.9102e+00 +4.9982e+00 +4.9936e+00
1348 0 +1.433189268e-01 -9.066681073e+00 -9.066681073e+00 +4.9135e+00 +4.9990e+00 +4.9946e+00
1360 0 +1.434323152e-02 -9.195656768e+00 -9.195656768e+00 +4.9911e+00 +4.9993e+00 +4.9997e+00
2002 0 +1.353180928e-02 -9.196468191e+00 -9.196468191e+00 +4.9911e+00 +4.9993e+00 +4.9997e+00
2006 0 +1.116733063e-02 -9.198832669e+00 -9.198832669e+00 +4.9925e+00 +4.9993e+00 +4.9999e+00
2012 0 +8.910193952e-03 -9.201089806e+00 -9.201089806e+00 +4.9938e+00 +4.9993e+00 +4.9999e+00
2385 0 +8.279712994e-03 -9.201720287e+00 -9.201720287e+00 +4.9942e+00 +4.9994e+00 +5.0000e+00
2477 0 +7.397005542e-03 -9.202602994e+00 -9.202602994e+00 +4.9946e+00 +4.9994e+00 +5.0000e+00
2486 0 +6.310443898e-03 -9.203689556e+00 -9.203689556e+00 +4.9953e+00 +4.9995e+00 +5.0000e+00
2669 0 +5.160263072e-03 -9.204839737e+00 -9.204839737e+00 +4.9961e+00 +4.9996e+00 +5.0000e+00
2857 0 +3.760649611e-03 -9.206239350e+00 -9.206239350e+00 +4.9971e+00 +4.9998e+00 +5.0000e+00
2956 0 +3.401016260e-03 -9.206598984e+00 -9.206598984e+00 +4.9973e+00 +4.9998e+00 +5.0000e+00
2962 0 +3.007255180e-03 -9.206992745e+00 -9.206992745e+00 +4.9976e+00 +4.9998e+00 +5.0000e+00
3047 0 +2.693216051e-03 -9.207306784e+00 -9.207306784e+00 +4.9978e+00 +4.9999e+00 +5.0000e+00
3055 0 +1.866777984e-03 -9.208133222e+00 -9.208133222e+00 +4.9984e+00 +4.9999e+00 +5.0000e+00
3239 0 +1.721236664e-03 -9.208278763e+00 -9.208278763e+00 +4.9985e+00 +4.9999e+00 +5.0000e+00
3336 0 +1.327539821e-03 -9.208672460e+00 -9.208672460e+00 +4.9988e+00 +5.0000e+00 +5.0000e+00
3522 0 +1.265245244e-03 -9.208734755e+00 -9.208734755e+00 +4.9988e+00 +5.0000e+00 +5.0000e+00
3524 0 +1.046397796e-03 -9.208953602e+00 -9.208953602e+00 +4.9990e+00 +5.0000e+00 +5.0000e+00
3904 0 +9.807797397e-04 -9.209019220e+00 -9.209019220e+00 +4.9990e+00 +5.0000e+00 +5.0000e+00
4092 0 +9.763803190e-04 -9.209023620e+00 -9.209023620e+00 +4.9990e+00 +5.0000e+00 +5.0000e+00
11787 0 +9.543498483e-04 -9.209045650e+00 -9.209045650e+00 +4.9991e+00 +5.0000e+00 +5.0000e+00
11882 0 +9.298567719e-04 -9.209070143e+00 -9.209070143e+00 +4.9991e+00 +5.0000e+00 +5.0000e+00
11888 0 +9.062122708e-04 -9.209093788e+00 -9.209093788e+00 +4.9991e+00 +5.0000e+00 +5.0000e+00
11914 0 +8.571891168e-04 -9.209142811e+00 -9.209142811e+00 +4.9991e+00 +5.0000e+00 +5.0000e+00
11982 0 +7.973197760e-04 -9.209202680e+00 -9.209202680e+00 +4.9992e+00 +5.0000e+00 +5.0000e+00
11988 0 +7.680510595e-04 -9.209231949e+00 -9.209231949e+00 +4.9992e+00 +5.0000e+00 +5.0000e+00
11994 0 +7.465503759e-04 -9.209253450e+00 -9.209253450e+00 +4.9993e+00 +5.0000e+00 +5.0000e+00
11997 0 +6.668595246e-04 -9.209333140e+00 -9.209333140e+00 +4.9993e+00 +5.0000e+00 +5.0000e+00
12072 0 +6.489787037e-04 -9.209351021e+00 -9.209351021e+00 +4.9994e+00 +5.0000e+00 +5.0000e+00
12074 0 +6.370891200e-04 -9.209362911e+00 -9.209362911e+00 +4.9994e+00 +5.0000e+00 +5.0000e+00
12083 0 +4.795623833e-04 -9.209520438e+00 -9.209520438e+00 +4.9995e+00 +5.0000e+00 +5.0000e+00
12106 0 +3.774750871e-04 -9.209622525e+00 -9.209622525e+00 +4.9996e+00 +5.0000e+00 +5.0000e+00
12169 0 +2.542580208e-04 -9.209745742e+00 -9.209745742e+00 +4.9998e+00 +5.0000e+00 +5.0000e+00
12171 0 +1.929620854e-04 -9.209807038e+00 -9.209807038e+00 +4.9998e+00 +5.0000e+00 +5.0000e+00
12194 0 +1.671763490e-05 -9.209983282e+00 -9.209983282e+00 +5.0000e+00 +5.0000e+00 +5.0000e+00
12304 0 +6.524614939e-06 -9.209993475e+00 -9.209993475e+00 +5.0000e+00 +5.0000e+00 +5.0000e+00
12562 0 +6.050306318e-06 -9.209993950e+00 -9.209993950e+00 +5.0000e+00 +5.0000e+00 +5.0000e+00
12645 0 +5.650039391e-06 -9.209994350e+00 -9.209994350e+00 +5.0000e+00 +5.0000e+00 +5.0000e+00
13022 0 +5.495170548e-06 -9.209994505e+00 -9.209994505e+00 +5.0000e+00 +5.0000e+00 +5.0000e+00
13312 0 +5.368481037e-06 -9.209994632e+00 -9.209994632e+00 +5.0000e+00 +5.0000e+00 +5.0000e+00
22851 0 +5.324562114e-06 -9.209994675e+00 -9.209994675e+00 +5.0000e+00 +5.0000e+00 +5.0000e+00
% f evaluations | g evaluations | best noise-free fitness - Fopt (6.559900000000e+02) + sum g_i+ | measured fitness | best measured fitness or single-digit g-values | x1 | x2...
1 0 +7.251438044e+01 +7.285043804e+02 +7.285043804e+02 +1.0838e+00 +1.7702e+00 -2.8112e-01
2 0 +7.195317813e+01 +7.279431781e+02 +7.279431781e+02 -2.9433e+00 -1.8924e+00 +4.1829e-01
3 0 +4.749258916e+01 +7.034825892e+02 +7.034825892e+02 +4.0402e+00 -4.8214e+00 -4.0319e-01
7 0 +2.900637278e+01 +6.849963728e+02 +6.849963728e+02 -3.6300e-01 -1.6746e+00 -3.6872e+00
30 0 +2.070981847e+01 +6.766998185e+02 +6.766998185e+02 +1.4977e+00 -1.1697e+00 -4.4905e+00
31 0 +1.313082481e+01 +6.691208248e+02 +6.691208248e+02 -4.9092e+00 -4.1000e+00 -4.9624e+00
62 0 +1.285832380e+01 +6.688483238e+02 +6.688483238e+02 -4.9316e+00 -4.1224e+00 -4.9848e+00
250 0 +8.855998504e+00 +6.648459985e+02 +6.648459985e+02 -1.9885e+00 -4.4316e+00 -4.9930e+00
297 0 +8.622092849e+00 +6.646120928e+02 +6.646120928e+02 -5.7131e-01 -4.2186e+00 -4.9420e+00
298 0 +8.121244842e+00 +6.641112448e+02 +6.641112448e+02 +3.9547e+00 -3.5564e+00 -4.7489e+00
393 0 +7.942106508e+00 +6.639321065e+02 +6.639321065e+02 +4.2385e+00 -3.5256e+00 -4.7482e+00
394 0 +7.690903637e+00 +6.636809036e+02 +6.636809036e+02 +4.6596e+00 -3.4824e+00 -4.7449e+00
397 0 +5.072242027e+00 +6.610622420e+02 +6.610622420e+02 +3.2865e+00 -4.2849e+00 -4.8903e+00
456 0 +4.167635607e+00 +6.601576356e+02 +6.601576356e+02 +3.2121e+00 -4.3593e+00 -4.9647e+00
482 0 +3.302344606e+00 +6.592923446e+02 +6.592923446e+02 +3.1695e+00 -4.5537e+00 -4.9940e+00
597 0 +2.082567509e+00 +6.580725675e+02 +6.580725675e+02 +4.7588e+00 -4.4879e+00 -4.9778e+00
676 0 +1.981960371e+00 +6.579719604e+02 +6.579719604e+02 +4.8962e+00 -4.4868e+00 -4.9745e+00
688 0 +1.915868680e+00 +6.579058687e+02 +6.579058687e+02 +4.7163e+00 -4.5227e+00 -4.9877e+00
710 0 +1.600841766e+00 +6.575908418e+02 +6.575908418e+02 +4.6048e+00 -4.6670e+00 -4.9848e+00
767 0 +1.542970524e+00 +6.575329705e+02 +6.575329705e+02 +4.5605e+00 -4.6943e+00 -4.9863e+00
768 0 +1.264563698e+00 +6.572545637e+02 +6.572545637e+02 +4.5074e+00 -4.7971e+00 -4.9870e+00
769 0 +1.084012507e+00 +6.570740125e+02 +6.570740125e+02 +4.4395e+00 -4.8591e+00 -4.9922e+00
873 0 +1.049722326e+00 +6.570397223e+02 +6.570397223e+02 +4.4746e+00 -4.8590e+00 -4.9921e+00
878 0 +1.026070623e+00 +6.570160706e+02 +6.570160706e+02 +4.2056e+00 -4.9401e+00 -4.9958e+00
884 0 +9.864557218e-01 +6.569764557e+02 +6.569764557e+02 +4.3912e+00 -4.8959e+00 -4.9952e+00
957 0 +9.399567724e-01 +6.569299568e+02 +6.569299568e+02 +4.3681e+00 -4.9134e+00 -4.9966e+00
960 0 +8.806542242e-01 +6.568706542e+02 +6.568706542e+02 +4.5228e+00 -4.8928e+00 -4.9935e+00
1023 0 +8.367692813e-01 +6.568267693e+02 +6.568267693e+02 +4.5192e+00 -4.8964e+00 -4.9971e+00
1052 0 +8.260293344e-01 +6.568160293e+02 +6.568160293e+02 +4.5315e+00 -4.8964e+00 -4.9970e+00
1053 0 +7.841924235e-01 +6.567741924e+02 +6.567741924e+02 +4.5825e+00 -4.8962e+00 -4.9962e+00
1071 0 +7.197197434e-01 +6.567097197e+02 +6.567097197e+02 +4.4885e+00 -4.9346e+00 -4.9998e+00
1258 0 +6.784471103e-01 +6.566684471e+02 +6.566684471e+02 +4.7294e+00 -4.8921e+00 -4.9933e+00
1338 0 +6.555846664e-01 +6.566455847e+02 +6.566455847e+02 +4.8024e+00 -4.8800e+00 -4.9922e+00
1339 0 +6.071818806e-01 +6.565971819e+02 +6.565971819e+02 +4.9449e+00 -4.8620e+00 -4.9884e+00
1343 0 +5.402119093e-01 +6.565302119e+02 +6.565302119e+02 +4.9356e+00 -4.8863e+00 -4.9884e+00
1352 0 +5.159963843e-01 +6.565059964e+02 +6.565059964e+02 +4.9106e+00 -4.8880e+00 -4.9927e+00
1432 0 +5.112280454e-01 +6.565012280e+02 +6.565012280e+02 +4.9085e+00 -4.8883e+00 -4.9933e+00
1488 0 +4.745899236e-01 +6.564645899e+02 +6.564645899e+02 +4.9055e+00 -4.8913e+00 -4.9964e+00
1527 0 +4.412538526e-01 +6.564312539e+02 +6.564312539e+02 +4.8990e+00 -4.8933e+00 -4.9997e+00
1537 0 +4.056358414e-01 +6.563956358e+02 +6.563956358e+02 +4.9987e+00 -4.8908e+00 -4.9941e+00
1622 0 +3.907915204e-01 +6.563807915e+02 +6.563807915e+02 +4.9021e+00 -4.9103e+00 -4.9991e+00
1638 0 +3.647729526e-01 +6.563547730e+02 +6.563547730e+02 +4.9689e+00 -4.9014e+00 -4.9978e+00
1717 0 +3.630218687e-01 +6.563530219e+02 +6.563530219e+02 +4.9510e+00 -4.9051e+00 -4.9986e+00
1737 0 +3.506062798e-01 +6.563406063e+02 +6.563406063e+02 +4.9425e+00 -4.9083e+00 -4.9997e+00
1817 0 +3.300989037e-01 +6.563200989e+02 +6.563200989e+02 +4.9726e+00 -4.9067e+00 -4.9992e+00
1871 0 +3.174244422e-01 +6.563074244e+02 +6.563074244e+02 +4.9716e+00 -4.9090e+00 -4.9999e+00
1909 0 +3.044331683e-01 +6.562944332e+02 +6.562944332e+02 +4.9867e+00 -4.9086e+00 -4.9998e+00
2101 0 +2.981872632e-01 +6.562881873e+02 +6.562881873e+02 +4.9971e+00 -4.9079e+00 -4.9996e+00
2722 0 +2.918193763e-01 +6.562818194e+02 +6.562818194e+02 +4.9991e+00 -4.9082e+00 -4.9999e+00
22851 0 +2.899677155e-01 +6.562799677e+02 +6.562799677e+02 +5.0000e+00 -4.9083e+00 -5.0000e+00
% f evaluations | g evaluations | best noise-free fitness - Fopt (6.671000000000e+01) + sum g_i+ | measured fitness | best measured fitness or single-digit g-values | x1 | x2...
1 0 +1.003837206e+02 +1.670937206e+02 +1.670937206e+02 +2.1663e+00 +2.4494e+00 +1.9661e+00
2 0 +8.345255615e+01 +1.501625561e+02 +1.501625561e+02 -4.3085e-01 +5.7591e-01 +1.1251e+00
3 0 +6.885184369e+01 +1.355618437e+02 +1.355618437e+02 -1.6741e+00 +3.5828e-01 -1.4184e-01
8 0 +6.643334806e+01 +1.331433481e+02 +1.331433481e+02 +2.7675e+00 +1.8681e+00 -1.3053e+00
9 0 +6.467136483e+01 +1.313813648e+02 +1.313813648e+02 +1.9287e+00 +3.4225e+00 -1.8892e+00
10 0 +5.052423534e+01 +1.172342353e+02 +1.172342353e+02 -4.2330e+00 +2.4284e+00 -2.3733e+00
13 0 +2.344300417e+01 +9.015300417e+01 +9.015300417e+01 -3.7334e+00 -4.6847e+00 -2.8821e+00
30 0 +1.840015899e+01 +8.511015899e+01 +8.511015899e+01 +1.0540e+00 -1.1138e+00 -4.9943e+00
52 0 +1.810065906e+01 +8.481065906e+01 +8.481065906e+01 -3.5760e+00 -3.8527e+00 -3.6951e+00
66 0 +1.029780042e+01 +7.700780042e+01 +7.700780042e+01 -4.1270e+00 -4.4036e+00 -4.2461e+00
104 0 +6.545645408e+00 +7.325564541e+01 +7.325564541e+01 -1.7717e+00 -4.0354e+00 -4.9733e+00
105 0 +5.000378878e+00 +7.171037888e+01 +7.171037888e+01 -4.5010e+00 -4.7777e+00 -4.6202e+00
113 0 +3.623146500e+00 +7.033314650e+01 +7.033314650e+01 -4.5983e+00 -4.8749e+00 -4.7174e+00
226 0 +1.590064428e+00 +6.830006443e+01 +6.830006443e+01 -4.6670e+00 -4.9526e+00 -4.8893e+00
348 0 +1.275930754e+00 +6.798593075e+01 +6.798593075e+01 -4.6892e+00 -4.9747e+00 -4.9115e+00
483 0 +1.189199609e+00 +6.789919961e+01 +6.789919961e+01 -4.6952e+00 -4.9808e+00 -4.9176e+00
487 0 +9.743357126e-01 +6.768433571e+01 +6.768433571e+01 -4.7104e+00 -4.9960e+00 -4.9328e+00
585 0 +9.267591135e-01 +6.763675911e+01 +6.763675911e+01 -4.7133e+00 -4.9989e+00 -4.9363e+00
639 0 +7.634944284e-01 +6.747349443e+01 +6.747349443e+01 -4.7662e+00 -4.8665e+00 -4.9893e+00
688 0 +6.191615822e-01 +6.732916158e+01 +6.732916158e+01 -4.7768e+00 -4.8751e+00 -4.9999e+00
15634 0 +4.343628613e-01 +6.714436286e+01 +6.714436286e+01 -4.8571e+00 -4.9573e+00 -4.9844e+00
15643 0 +3.683622906e-01 +6.707836229e+01 +6.707836229e+01 -4.8618e+00 -4.9619e+00 -4.9890e+00
15647 0 +3.243619102e-01 +6.703436191e+01 +6.703436191e+01 -4.8649e+00 -4.9650e+00 -4.9921e+00
15653 0 +2.794106414e-01 +6.698941064e+01 +6.698941064e+01 -4.8681e+00 -4.9682e+00 -4.9953e+00
15655 0 +2.494431289e-01 +6.695944313e+01 +6.695944313e+01 -4.8702e+00 -4.9703e+00 -4.9974e+00
15684 0 +2.187458078e-01 +6.692874581e+01 +6.692874581e+01 -4.8724e+00 -4.9725e+00 -4.9996e+00
15705 0 +1.287004019e-01 +6.683870040e+01 +6.683870040e+01 -4.8971e+00 -4.9977e+00 -4.9982e+00
15721 0 +1.200812337e-01 +6.683008123e+01 +6.683008123e+01 -4.8990e+00 -4.9996e+00 -4.9982e+00
15752 0 +1.161184939e-01 +6.682611849e+01 +6.682611849e+01 -4.8993e+00 -4.9999e+00 -4.9985e+00
15872 0 +1.148085004e-01 +6.682480850e+01 +6.682480850e+01 -4.8994e+00 -5.0000e+00 -4.9986e+00
22851 0 +1.145312987e-01 +6.682453130e+01 +6.682453130e+01 -4.8994e+00 -5.0000e+00 -4.9986e+00
% f evaluations | g evaluations | best noise-free fitness - Fopt (9.416700000000e+02) + sum g_i+ | measured fitness | best measured fitness or single-digit g-values | x1 | x2...
1 0 +1.185902920e+02 +1.060260292e+03 +1.060260292e+03 +1.3093e+00 +4.1765e+00 -3.3262e+00
2 0 +9.159016274e+01 +1.033260163e+03 +1.033260163e+03 -5.7372e-01 +1.3689e+00 -1.7024e+00
3 0 +3.963595239e+01 +9.813059524e+02 +9.813059524e+02 +3.4485e+00 -2.9335e+00 +2.5347e+00
5 0 +2.772032582e+01 +9.693903258e+02 +9.693903258e+02 +6.4810e-01 -1.3649e+00 +3.9423e+00
28 0 +9.117266609e+00 +9.507872666e+02 +9.507872666e+02 +1.7730e+00 -4.4174e+00 +4.9498e+00
52 0 +8.649451995e+00 +9.503194520e+02 +9.503194520e+02 +1.7865e+00 -4.4509e+00 +4.9873e+00
219 0 +8.150919780e+00 +9.498209198e+02 +9.498209198e+02 +1.7227e+00 -4.7897e+00 +4.9237e+00
242 0 +7.682221940e+00 +9.493522219e+02 +9.493522219e+02 +1.7356e+00 -4.8255e+00 +4.9605e+00
247 0 +7.000483244e+00 +9.486704832e+02 +9.486704832e+02 +1.3885e+00 -4.9699e+00 +4.9483e+00
298 0 +6.778911130e+00 +9.484489111e+02 +9.484489111e+02 +1.3888e+00 -4.9611e+00 +4.9733e+00
486 0 +6.553619425e+00 +9.482236194e+02 +9.482236194e+02 +1.3911e+00 -4.9498e+00 +4.9996e+00
768 0 +6.451191788e+00 +9.481211918e+02 +9.481211918e+02 +1.3779e+00 -4.9983e+00 +4.9932e+00
10271 0 +6.257354736e+00 +9.479273547e+02 +9.479273547e+02 +1.0797e+00 -4.9996e+00 +4.9824e+00
10376 0 +6.129391909e+00 +9.477993919e+02 +9.477993919e+02 +7.8337e-01 -4.9998e+00 +4.9654e+00
10480 0 +5.894534531e+00 +9.475645345e+02 +9.475645345e+02 +2.2108e-01 -5.0000e+00 +4.9327e+00
10691 0 +5.850078332e+00 +9.475200783e+02 +9.475200783e+02 +3.6641e-01 -4.9982e+00 +4.9522e+00
10743 0 +5.737071982e+00 +9.474070720e+02 +9.474070720e+02 +3.8947e-01 -4.9817e+00 +4.9710e+00
10744 0 +5.621280999e+00 +9.472912810e+02 +9.472912810e+02 +4.2459e-01 -4.9730e+00 +4.9889e+00
10755 0 +5.422954375e+00 +9.470929544e+02 +9.470929544e+02 +6.6561e-02 -4.9965e+00 +4.9655e+00
10773 0 +5.322899783e+00 +9.469928998e+02 +9.469928998e+02 -2.3288e-01 -4.9878e+00 +4.9483e+00
10837 0 +5.166659269e+00 +9.468366593e+02 +9.468366593e+02 -4.6976e-01 -4.9897e+00 +4.9396e+00
10841 0 +5.055614958e+00 +9.467256150e+02 +9.467256150e+02 -5.9339e-01 -4.9900e+00 +4.9383e+00
10842 0 +4.933870608e+00 +9.466038706e+02 +9.466038706e+02 -7.8406e-01 -4.9883e+00 +4.9319e+00
10844 0 +4.797869154e+00 +9.464678692e+02 +9.464678692e+02 -1.0218e+00 -4.9955e+00 +4.9194e+00
10854 0 +4.544239958e+00 +9.462142400e+02 +9.462142400e+02 -1.2314e+00 -4.9949e+00 +4.9240e+00
10934 0 +3.975305796e+00 +9.456453058e+02 +9.456453058e+02 -1.9426e+00 -4.9997e+00 +4.9083e+00
10949 0 +3.589727127e+00 +9.452597271e+02 +9.452597271e+02 -2.6260e+00 -4.9966e+00 +4.8795e+00
11028 0 +2.811890486e+00 +9.444818905e+02 +9.444818905e+02 -3.7798e+00 -4.9988e+00 +4.8412e+00
11031 0 +2.297246273e+00 +9.439672463e+02 +9.439672463e+02 -4.5250e+00 -4.9988e+00 +4.8182e+00
11141 0 +2.057157557e+00 +9.437271576e+02 +9.437271576e+02 -4.8776e+00 -4.9992e+00 +4.8068e+00
11217 0 +1.986948496e+00 +9.436569485e+02 +9.436569485e+02 -4.9859e+00 -4.9996e+00 +4.8028e+00
11368 0 +1.243691402e+00 +9.429136914e+02 +9.429136914e+02 -4.8585e+00 -4.8723e+00 +4.9302e+00
11370 0 +1.058847855e+00 +9.427288479e+02 +9.427288479e+02 -4.8269e+00 -4.8406e+00 +4.9618e+00
11414 0 +8.931957713e-01 +9.425631958e+02 +9.425631958e+02 -4.8185e+00 -4.8143e+00 +4.9876e+00
11416 0 +8.907951100e-01 +9.425607951e+02 +9.425607951e+02 -4.8152e+00 -4.8125e+00 +4.9887e+00
11472 0 +8.443431697e-01 +9.425143432e+02 +9.425143432e+02 -4.8073e+00 -4.8045e+00 +4.9967e+00
11597 0 +8.270969480e-01 +9.424970969e+02 +9.424970969e+02 -4.8033e+00 -4.8010e+00 +4.9999e+00
11636 0 +7.335893695e-01 +9.424035894e+02 +9.424035894e+02 -4.9530e+00 -4.8176e+00 +4.9890e+00
11695 0 +7.239310517e-01 +9.423939311e+02 +9.423939311e+02 -4.9667e+00 -4.8185e+00 +4.9883e+00
11747 0 +6.803570580e-01 +9.423503571e+02 +9.423503571e+02 -4.9461e+00 -4.8066e+00 +4.9985e+00
11811 0 +6.757978347e-01 +9.423457978e+02 +9.423457978e+02 -4.9662e+00 -4.8117e+00 +4.9953e+00
11886 0 +6.580857517e-01 +9.423280858e+02 +9.423280858e+02 -4.9572e+00 -4.8096e+00 +4.9987e+00
12038 0 +6.382943899e-01 +9.423082944e+02 +9.423082944e+02 -4.9735e+00 -4.8085e+00 +4.9994e+00
12073 0 +6.275189940e-01 +9.422975190e+02 +9.422975190e+02 -4.9874e+00 -4.8101e+00 +4.9985e+00
12263 0 +6.114902317e-01 +9.422814902e+02 +9.422814902e+02 -4.9998e+00 -4.8099e+00 +4.9990e+00
22851 0 +6.032840552e-01 +9.422732841e+02 +9.422732841e+02 -5.0000e+00 -4.8092e+00 +5.0000e+00
% f evaluations | g evaluations | best noise-free fitness - Fopt (-3.745000000000e+01) + sum g_i+ | measured fitness | best measured fitness or single-digit g-values | x1 | x2...
1 0 +1.115190032e+02 +7.406900318e+01 +7.406900318e+01 -4.0961e+00 -3.7786e+00 -2.4662e+00
3 0 +9.428942557e+01 +5.683942557e+01 +5.683942557e+01 -7.2539e-01 -4.1590e+00 -9.6006e-01
4 0 +3.483190587e+01 -2.618094130e+00 -2.618094130e+00 +2.9649e+00 -2.5044e+00 +4.0934e+00
6 0 +2.776989877e+01 -9.680101231e+00 -9.680101231e+00 -4.6076e+00 +3.8285e+00 +3.5542e+00
13 0 +2.544340711e+01 -1.200659289e+01 -1.200659289e+01 -1.4380e-01 +1.7003e+00 +4.0135e+00
16 0 +2.406950299e+01 -1.338049701e+01 -1.338049701e+01 +1.7142e+00 +4.4006e+00 +3.1112e+00
30 0 +1.769150401e+01 -1.975849599e+01 -1.975849599e+01 +1.1806e+00 +3.4390e+00 +4.1064e+00
36 0 +7.521584130e+00 -2.992841587e+01 -2.992841587e+01 -1.6080e+00 +4.9229e+00 +4.9330e+00
147 0 +6.901202747e+00 -3.054879725e+01 -3.054879725e+01 -1.6237e+00 +4.9712e+00 +4.9814e+00
293 0 +6.721292661e+00 -3.072870734e+01 -3.072870734e+01 -1.6186e+00 +4.9845e+00 +4.9946e+00
22851 0 +6.647970881e+00 -3.080202912e+01 -3.080202912e+01 -1.6157e+00 +4.9898e+00 +5.0000e+00
% f evaluations | g evaluations | best noise-free fitness - Fopt (-9.210000000000e+00) + sum g_i+ | measured fitness | best measured fitness or single-digit g-values | x1 | x2...
1 0 +6.869203169e+01 +5.948203169e+01 +5.948203169e+01 -3.1417e+00 +1.1100e+00 +1.7508e-01
4 0 +4.165329476e+01 +3.244329476e+01 +3.244329476e+01 +1.7570e+00 -1.9249e+00 +3.3488e+00
8 0 +1.272905650e+01 +3.519056501e+00 +3.519056501e+00 -1.8927e+00 +4.9836e+00 +4.4215e+00
77 0 +1.184994224e+01 +2.639942236e+00 +2.639942236e+00 -1.7821e+00 +4.8769e+00 +4.5321e+00
147 0 +1.082092519e+01 +1.610925189e+00 +1.610925189e+00 -1.8132e+00 +4.9620e+00 +4.6112e+00
165 0 +1.029450359e+01 +1.084503590e+00 +1.084503590e+00 -1.7760e+00 +4.9992e+00 +4.6484e+00
203 0 +8.378084382e+00 -8.319156179e-01 -8.319156179e-01 -1.5022e+00 +4.6527e+00 +4.9222e+00
242 0 +7.764665143e+00 -1.445334857e+00 -1.445334857e+00 -1.5169e+00 +4.6984e+00 +4.9706e+00
304 0 +6.639123340e+00 -2.570876660e+00 -2.570876660e+00 -1.3091e+00 +4.9062e+00 +4.9966e+00
581 0 +6.451756990e+00 -2.758243010e+00 -2.758243010e+00 -1.2459e+00 +4.9409e+00 +4.9981e+00
958 0 +6.304759738e+00 -2.905240262e+00 -2.905240262e+00 -1.1995e+00 +4.9667e+00 +5.0000e+00
11697 0 +6.162420931e+00 -3.047579069e+00 -3.047579069e+00 -1.1150e+00 +4.9850e+00 +5.0000e+00
22851 0 +6.045580369e+00 -3.164419631e+00 -3.164419631e+00 -1.0456e+00 +5.0000e+00 +5.0000e+00
% f evaluations | g evaluations | best noise-free fitness - Fopt (6.559900000000e+02) + sum g_i+ | measured fitness | best measured fitness or single-digit g-values | x1 | x2...
1 0 +9.567818708e+01 +7.516681871e+02 +7.516681871e+02 -4.3670e+00 +1.8501e-01 +1.9915e+00
2 0 +2.734509912e+01 +6.833350991e+02 +6.833350991e+02 +2.9346e+00 -2.7263e+00 -3.1910e+00
9 0 +2.254989548e+01 +6.785398955e+02 +6.785398955e+02 -5.8210e-01 -2.2633e+00 -4.1687e+00
52 0 +1.659433226e+01 +6.725843323e+02 +6.725843323e+02 -6.5394e-01 -2.5425e+00 -4.6831e+00
62 0 +1.294266964e+01 +6.689326696e+02 +6.689326696e+02 -9.5418e-01 -2.8428e+00 -4.9833e+00
128 0 +9.768152404e+00 +6.657581524e+02 +6.657581524e+02 -1.5324e+00 -4.6541e+00 -4.7858e+00
147 0 +9.118694730e+00 +6.651086947e+02 +6.651086947e+02 -1.5487e+00 -4.7037e+00 -4.8367e+00
162 0 +8.136691203e+00 +6.641266912e+02 +6.641266912e+02 -1.6294e+00 -4.7844e+00 -4.9175e+00
199 0 +8.055748472e+00 +6.640457485e+02 +6.640457485e+02 -1.6377e+00 -4.8105e+00 -4.9181e+00
231 0 +7.547732810e+00 +6.635377328e+02 +6.635377328e+02 -1.6811e+00 -4.8507e+00 -4.9606e+00
242 0 +7.184621276e+00 +6.631746213e+02 +6.631746213e+02 -1.6907e+00 -4.8785e+00 -4.9890e+00
455 0 +7.065239659e+00 +6.630552397e+02 +6.630552397e+02 -1.7005e+00 -4.8883e+00 -4.9989e+00
2572 0 +6.880249837e+00 +6.628702498e+02 +6.628702498e+02 -1.7252e+00 -4.9568e+00 -4.9981e+00
2896 0 +6.760721729e+00 +6.627507217e+02 +6.627507217e+02 -1.7417e+00 -4.9972e+00 -4.9990e+00
22851 0 +6.746434380e+00 +6.627364344e+02 +6.627364344e+02 -1.7429e+00 -4.9989e+00 -5.0000e+00
% f evaluations | g evaluations | best noise-free fitness - Fopt (6.671000000000e+01) + sum g_i+ | measured fitness | best measured fitness or single-digit g-values | x1 | x2...
1 0 +6.855674762e+01 +1.352667476e+02 +1.352667476e+02 +2.0455e+00 -4.9558e-01 -2.7330e-01
5 0 +4.576966047e+01 +1.124796605e+02 +1.124796605e+02 -2.5922e+00 +1.6653e+00 -2.7716e+00
8 0 +4.291394359e+01 +1.096239436e+02 +1.096239436e+02 -2.6192e+00 -3.5768e+00 -1.3967e+00
12 0 +3.049977943e+01 +9.720977943e+01 +9.720977943e+01 +2.3573e+00 -3.2521e+00 -3.2385e+00
63 0 +2.035295221e+01 +8.706295221e+01 +8.706295221e+01 +1.6641e+00 -3.9704e+00 -3.9567e+00
70 0 +1.166749383e+01 +7.837749383e+01 +7.837749383e+01 +1.0508e+00 -4.5837e+00 -4.5700e+00
75 0 +8.213407006e+00 +7.492340701e+01 +7.492340701e+01 -1.4455e+00 -4.6961e+00 -4.6302e+00
114 0 +7.419333703e+00 +7.412933370e+01 +7.412933370e+01 -1.5515e+00 -4.7493e+00 -4.6822e+00
148 0 +6.979088114e+00 +7.368908811e+01 +7.368908811e+01 -1.4740e+00 -4.7887e+00 -4.7215e+00
197 0 +4.217156754e+00 +7.092715675e+01 +7.092715675e+01 -2.9613e+00 -4.9095e+00 -4.8108e+00
242 0 +3.866083195e+00 +7.057608320e+01 +7.057608320e+01 -2.9769e+00 -4.9354e+00 -4.8361e+00
322 0 +3.728394853e+00 +7.043839485e+01 +7.043839485e+01 -2.9777e+00 -4.9396e+00 -4.8485e+00
338 0 +3.036526890e+00 +6.974652689e+01 +6.974652689e+01 -3.0138e+00 -4.9965e+00 -4.8961e+00
546 0 +2.977552165e+00 +6.968755217e+01 +6.968755217e+01 -3.0312e+00 -4.9548e+00 -4.9134e+00
578 0 +2.373326389e+00 +6.908332639e+01 +6.908332639e+01 -3.0840e+00 -4.9623e+00 -4.9662e+00
580 0 +2.095159364e+00 +6.880515936e+01 +6.880515936e+01 -3.0940e+00 -4.9725e+00 -4.9898e+00
593 0 +1.671318164e+00 +6.838131816e+01 +6.838131816e+01 -3.6499e+00 -4.9773e+00 -4.9751e+00
672 0 +1.605569449e+00 +6.831556945e+01 +6.831556945e+01 -3.6935e+00 -4.9777e+00 -4.9771e+00
769 0 +1.423549875e+00 +6.813354988e+01 +6.813354988e+01 -3.8405e+00 -4.9790e+00 -4.9802e+00
770 0 +1.363250121e+00 +6.807325012e+01 +6.807325012e+01 -3.8041e+00 -4.9829e+00 -4.9887e+00
830 0 +1.343182940e+00 +6.805318294e+01 +6.805318294e+01 -3.8055e+00 -4.9844e+00 -4.9901e+00
864 0 +1.205985490e+00 +6.791598549e+01 +6.791598549e+01 -3.8579e+00 -4.9923e+00 -4.9960e+00
865 0 +1.130866315e+00 +6.784086631e+01 +6.784086631e+01 -3.9062e+00 -4.9889e+00 -4.9998e+00
1547 0 +1.106094482e+00 +6.781609448e+01 +6.781609448e+01 -3.9063e+00 -4.9966e+00 -4.9998e+00
22851 0 +1.100095970e+00 +6.781009597e+01 +6.781009597e+01 -3.9068e+00 -4.9978e+00 -5.0000e+00
% f evaluations | g evaluations | best noise-free fitness - Fopt (9.416700000000e+02) + sum g_i+ | measured fitness | best measured fitness or single-digit g-values | x1 | x2...
1 0 +3.470570482e+01 +9.763757048e+02 +9.763757048e+02 -7.1066e-01 -4.1349e-01 +3.4087e+00
3 0 +2.747169346e+01 +9.691416935e+02 +9.691416935e+02 -2.4584e+00 +1.4124e+00 +4.5348e+00
7 0 +2.532148795e+01 +9.669914879e+02 +9.669914879e+02 -1.2137e+00 +7.4578e-01 +4.6635e+00
20 0 +1.655541159e+01 +9.582254116e+02 +9.582254116e+02 +3.8298e+00 -4.0806e+00 +4.5182e+00
52 0 +1.416365390e+01 +9.558336539e+02 +9.558336539e+02 +4.2395e+00 -3.6709e+00 +4.9279e+00
107 0 +8.573491692e+00 +9.502434917e+02 +9.502434917e+02 -2.0497e+00 -3.3297e+00 +4.9659e+00
199 0 +5.460484425e+00 +9.471304844e+02 +9.471304844e+02 -2.8254e+00 -4.1054e+00 +4.9543e+00
263 0 +5.240253658e+00 +9.469102537e+02 +9.469102537e+02 -2.7877e+00 -4.0677e+00 +4.9920e+00
293 0 +4.996821284e+00 +9.466668213e+02 +9.466668213e+02 -2.8683e+00 -4.1387e+00 +4.9858e+00
306 0 +4.258270909e+00 +9.459282709e+02 +9.459282709e+02 -4.0531e+00 -4.1386e+00 +4.9413e+00
387 0 +3.391208848e+00 +9.450612088e+02 +9.450612088e+02 -4.8959e+00 -4.1511e+00 +4.9397e+00
432 0 +2.978619920e+00 +9.446486199e+02 +9.446486199e+02 -4.9259e+00 -4.1765e+00 +4.9700e+00
530 0 +2.384381013e+00 +9.440543810e+02 +9.440543810e+02 -4.9927e+00 -4.7010e+00 +4.8568e+00
537 0 +1.731926946e+00 +9.434019269e+02 +9.434019269e+02 -4.8809e+00 -4.5892e+00 +4.9686e+00
541 0 +1.694633623e+00 +9.433646336e+02 +9.433646336e+02 -4.8745e+00 -4.5828e+00 +4.9750e+00
548 0 +1.606438196e+00 +9.432764382e+02 +9.432764382e+02 -4.8594e+00 -4.5677e+00 +4.9901e+00
579 0 +1.212353927e+00 +9.428823539e+02 +9.428823539e+02 -4.8644e+00 -4.7137e+00 +4.9828e+00
672 0 +6.961473997e-01 +9.423661474e+02 +9.423661474e+02 -4.8963e+00 -4.9536e+00 +4.9554e+00
731 0 +5.772740264e-01 +9.422472740e+02 +9.422472740e+02 -4.8759e+00 -4.9333e+00 +4.9758e+00
769 0 +5.536056006e-01 +9.422236056e+02 +9.422236056e+02 -4.8821e+00 -4.9474e+00 +4.9731e+00
867 0 +4.980485516e-01 +9.421680486e+02 +9.421680486e+02 -4.8726e+00 -4.9379e+00 +4.9826e+00
873 0 +4.492832003e-01 +9.421192832e+02 +9.421192832e+02 -4.8833e+00 -4.9828e+00 +4.9722e+00
918 0 +3.886793927e-01 +9.420586794e+02 +9.420586794e+02 -4.8729e+00 -4.9724e+00 +4.9826e+00
961 0 +3.456364116e-01 +9.420156364e+02 +9.420156364e+02 -4.8672e+00 -4.9670e+00 +4.9891e+00
1056 0 +3.338989170e-01 +9.420038989e+02 +9.420038989e+02 -4.8656e+00 -4.9638e+00 +4.9915e+00
1064 0 +2.875012052e-01 +9.419575012e+02 +9.419575012e+02 -4.8675e+00 -4.9854e+00 +4.9891e+00
1109 0 +2.756006539e-01 +9.419456007e+02 +9.419456007e+02 -4.8655e+00 -4.9833e+00 +4.9912e+00
1150 0 +2.246689407e-01 +9.418946689e+02 +9.418946689e+02 -4.8587e+00 -4.9794e+00 +4.9982e+00
1297 0 +2.234790638e-01 +9.418934791e+02 +9.418934791e+02 -4.8585e+00 -4.9792e+00 +4.9984e+00
1395 0 +2.185727135e-01 +9.418885727e+02 +9.418885727e+02 -4.8576e+00 -4.9784e+00 +4.9992e+00
1446 0 +1.992180063e-01 +9.418692180e+02 +9.418692180e+02 -4.8620e+00 -4.9967e+00 +4.9949e+00
1489 0 +1.715880118e-01 +9.418415880e+02 +9.418415880e+02 -4.8572e+00 -4.9919e+00 +4.9997e+00
1530 0 +1.636252661e-01 +9.418336253e+02 +9.418336253e+02 -4.8576e+00 -4.9955e+00 +4.9993e+00
1624 0 +1.607790574e-01 +9.418307791e+02 +9.418307791e+02 -4.8572e+00 -4.9954e+00 +4.9996e+00
1718 0 +1.552332585e-01 +9.418252333e+02 +9.418252333e+02 -4.8596e+00 -4.9977e+00 +4.9992e+00
1772 0 +1.528729700e-01 +9.418228730e+02 +9.418228730e+02 -4.8592e+00 -4.9973e+00 +4.9996e+00
1815 0 +1.425283812e-01 +9.418125284e+02 +9.418125284e+02 -4.8617e+00 -4.9998e+00 +4.9996e+00
1868 0 +1.407196526e-01 +9.418107197e+02 +9.418107197e+02 -4.8614e+00 -4.9995e+00 +4.9999e+00
22851 0 +1.380926680e-01 +9.418080927e+02 +9.418080927e+02 -4.8619e+00 -5.0000e+00 +5.0000e+00
% f evaluations | g evaluations | best noise-free fitness - Fopt (-3.745000000000e+01) + sum g_i+ | measured fitness | best measured fitness or single-digit g-values | x1 | x2...
1 0 +9.628761627e+01 +5.883761627e+01 +5.883761627e+01 +2.1643e+00 -1.3290e+00 -2.3438e+00
2 0 +3.481029147e+01 -2.639708532e+00 -2.639708532e+00 +3.3534e+00 +4.8171e+00 +1.7415e+00
10 0 +3.418688922e+01 -3.263110782e+00 -3.263110782e+00 +4.6920e+00 -3.9897e+00 +4.4549e+00
22 0 +1.111026556e+01 -2.633973444e+01 -2.633973444e+01 -3.0196e+00 +4.5772e+00 +4.8246e+00
52 0 +1.082090210e+01 -2.662909790e+01 -2.662909790e+01 -3.0343e+00 +4.5994e+00 +4.8480e+00
77 0 +9.054157592e+00 -2.839584241e+01 -2.839584241e+01 -2.9095e+00 +4.7242e+00 +4.9728e+00
107 0 +7.948383444e+00 -2.950161656e+01 -2.950161656e+01 -2.7011e+00 +4.9630e+00 +4.9870e+00
203 0 +7.847027427e+00 -2.960297257e+01 -2.960297257e+01 -2.6955e+00 +4.9719e+00 +4.9937e+00
500 0 +7.737028808e+00 -2.971297119e+01 -2.971297119e+01 -2.6740e+00 +4.9822e+00 +4.9993e+00
1362 0 +5.195284009e+00 -3.225471599e+01 -3.225471599e+01 +3.4424e+00 +4.7082e+00 +4.7285e+00
1382 0 +4.621753954e+00 -3.282824605e+01 -3.282824605e+01 +3.4725e+00 +4.7494e+00 +4.7698e+00
1445 0 +4.108191107e+00 -3.334180889e+01 -3.334180889e+01 +2.9512e+00 +4.8289e+00 +4.8482e+00
1446 0 +2.355348046e+00 -3.509465195e+01 -3.509465195e+01 +4.9897e+00 +4.8070e+00 +4.8265e+00
1478 0 +2.219896900e+00 -3.523010310e+01 -3.523010310e+01 +4.4248e+00 +4.8601e+00 +4.8798e+00
1479 0 +2.140879544e+00 -3.530912046e+01 -3.530912046e+01 +4.6385e+00 +4.8525e+00 +4.8687e+00
1542 0 +1.440551652e+00 -3.600944835e+01 -3.600944835e+01 +4.9484e+00 +4.8821e+00 +4.8984e+00
1572 0 +1.121007414e+00 -3.632899259e+01 -3.632899259e+01 +4.9711e+00 +4.9046e+00 +4.9210e+00
1667 0 +8.257271023e-01 -3.662427290e+01 -3.662427290e+01 +4.9922e+00 +4.9253e+00 +4.9418e+00
1668 0 +5.943923052e-01 -3.685560769e+01 -3.685560769e+01 +4.9005e+00 +4.9498e+00 +4.9664e+00
1773 0 +3.844936095e-01 -3.706550639e+01 -3.706550639e+01 +4.9153e+00 +4.9646e+00 +4.9812e+00
1814 0 +1.857821700e-01 -3.726421783e+01 -3.726421783e+01 +4.9410e+00 +4.9778e+00 +4.9943e+00
1912 0 +1.496225968e-01 -3.730037740e+01 -3.730037740e+01 +4.9468e+00 +4.9801e+00 +4.9967e+00
1914 0 +1.378393118e-01 -3.731216069e+01 -3.731216069e+01 +4.9663e+00 +4.9795e+00 +4.9961e+00
1970 0 +1.320039934e-01 -3.731799601e+01 -3.731799601e+01 +4.9668e+00 +4.9799e+00 +4.9965e+00
2002 0 +1.108031119e-01 -3.733919689e+01 -3.733919689e+01 +4.9769e+00 +4.9807e+00 +4.9973e+00
2004 0 +1.078824937e-01 -3.734211751e+01 -3.734211751e+01 +4.9685e+00 +4.9816e+00 +4.9982e+00
2098 0 +8.095925345e-02 -3.736904075e+01 -3.736904075e+01 +4.9733e+00 +4.9833e+00 +4.9999e+00
2306 0 +7.882691841e-02 -3.737117308e+01 -3.737117308e+01 +4.9745e+00 +4.9834e+00 +4.9999e+00
2507 0 +7.692854504e-02 -3.737307145e+01 -3.737307145e+01 +4.9761e+00 +4.9834e+00 +4.9999e+00
2668 0 +7.435158157e-02 -3.737564842e+01 -3.737564842e+01 +4.9781e+00 +4.9834e+00 +5.0000e+00
2763 0 +7.371819098e-02 -3.737628181e+01 -3.737628181e+01 +4.9787e+00 +4.9834e+00 +5.0000e+00
11345 0 +7.229710317e-02 -3.737770290e+01 -3.737770290e+01 +4.9801e+00 +4.9834e+00 +5.0000e+00
11447 0 +7.078702651e-02 -3.737921297e+01 -3.737921297e+01 +4.9816e+00 +4.9834e+00 +5.0000e+00
11507 0 +6.877200513e-02 -3.738122799e+01 -3.738122799e+01 +4.9836e+00 +4.9834e+00 +5.0000e+00
11608 0 +6.450723091e-02 -3.738549277e+01 -3.738549277e+01 +4.9878e+00 +4.9834e+00 +5.0000e+00
11628 0 +5.953371696e-02 -3.739046628e+01 -3.739046628e+01 +4.9928e+00 +4.9834e+00 +5.0000e+00
11705 0 +5.838382194e-02 -3.739161618e+01 -3.739161618e+01 +4.9940e+00 +4.9834e+00 +5.0000e+00
11716 0 +5.392015933e-02 -3.739607984e+01 -3.739607984e+01 +4.9984e+00 +4.9834e+00 +5.0000e+00
11787 0 +5.358296795e-02 -3.739641703e+01 -3.739641703e+01 +4.9988e+00 +4.9834e+00 +5.0000e+00
12072 0 +5.245445457e-02 -3.739754555e+01 -3.739754555e+01 +4.9999e+00 +4.9834e+00 +5.0000e+00
22851 0 +5.235077792e-02 -3.739764922e+01 -3.739764922e+01 +5.0000e+00 +4.9834e+00 +5.0000e+00
% f evaluations | g evaluations | best noise-free fitness - Fopt (-9.210000000000e+00) + sum g_i+ | measured fitness | best measured fitness or single-digit g-values | x1 | x2...
1 0 +7.712998560e+01 +6.791998560e+01 +6.791998560e+01 -2.3693e+00 +4.7042e+00 -1.8825e+00
2 0 +4.994752828e+01 +4.073752828e+01 +4.073752828e+01 -4.5768e+00 -2.5567e+00 +3.3526e+00
3 0 +2.560181426e+01 +1.639181426e+01 +1.639181426e+01 +3.9304e+00 -1.8261e-01 +4.1857e+00
37 0 +1.363844553e+01 +4.428445530e+00 +4.428445530e+00 +4.2442e+00 +3.8418e+00 +4.0780e+00
52 0 +1.288569082e+01 +3.675690817e+00 +3.675690817e+00 +4.3001e+00 +3.8924e+00 +4.1317e+00
67 0 +3.668962396e+00 -5.541037604e+00 -5.541037604e+00 +4.9509e+00 +4.5432e+00 +4.7825e+00
148 0 +3.007067230e+00 -6.202932770e+00 -6.202932770e+00 +4.9976e+00 +4.5899e+00 +4.8292e+00
244 0 +2.013011321e+00 -7.196988679e+00 -7.196988679e+00 +4.9548e+00 +4.6637e+00 +4.9096e+00
302 0 +1.295597724e+00 -7.914402276e+00 -7.914402276e+00 +4.9920e+00 +4.7131e+00 +4.9620e+00
442 0 +1.130149162e+00 -8.079850838e+00 -8.079850838e+00 +4.7506e+00 +4.7440e+00 +4.9929e+00
537 0 +1.067668949e+00 -8.142331051e+00 -8.142331051e+00 +4.7550e+00 +4.7484e+00 +4.9973e+00
594 0 +1.034700487e+00 -8.175299513e+00 -8.175299513e+00 +4.7565e+00 +4.7499e+00 +5.0000e+00
1167 0 +9.742289950e-01 -8.235771005e+00 -8.235771005e+00 +4.7607e+00 +4.7970e+00 +4.9907e+00
1243 0 +8.824063964e-01 -8.327593604e+00 -8.327593604e+00 +4.7623e+00 +4.8148e+00 +4.9941e+00
1254 0 +7.691383777e-01 -8.440861622e+00 -8.440861622e+00 +4.7649e+00 +4.8377e+00 +4.9979e+00
1256 0 +7.322560844e-01 -8.477743916e+00 -8.477743916e+00 +4.7668e+00 +4.8472e+00 +4.9984e+00
1347 0 +7.090641342e-01 -8.500935866e+00 -8.500935866e+00 +4.7675e+00 +4.8539e+00 +4.9985e+00
1350 0 +6.169524773e-01 -8.593047523e+00 -8.593047523e+00 +4.7707e+00 +4.8809e+00 +4.9989e+00
1356 0 +5.920808189e-01 -8.617919181e+00 -8.617919181e+00 +4.7714e+00 +4.8888e+00 +4.9988e+00
1366 0 +4.238807295e-01 -8.786119271e+00 -8.786119271e+00 +4.9209e+00 +4.8954e+00 +4.9986e+00
1435 0 +2.669409638e-01 -8.943059036e+00 -8.943059036e+00 +4.9993e+00 +4.9200e+00 +4.9987e+00
1550 0 +2.505250055e-01 -8.959474995e+00 -8.959474995e+00 +4.9962e+00 +4.9256e+00 +4.9988e+00
1812 0 +2.405739242e-01 -8.969426076e+00 -8.969426076e+00 +4.9988e+00 +4.9273e+00 +4.9991e+00
1815 0 +2.350046836e-01 -8.974995316e+00 -8.974995316e+00 +4.9984e+00 +4.9295e+00 +4.9990e+00
1817 0 +2.147584536e-01 -8.995241546e+00 -8.995241546e+00 +4.9996e+00 +4.9337e+00 +4.9995e+00
2009 0 +2.130323771e-01 -8.996967623e+00 -8.996967623e+00 +4.9997e+00 +4.9340e+00 +4.9996e+00
2293 0 +2.088640237e-01 -9.001135976e+00 -9.001135976e+00 +5.0000e+00 +4.9343e+00 +4.9999e+00
11601 0 +2.034376773e-01 -9.006562323e+00 -9.006562323e+00 +5.0000e+00 +4.9360e+00 +4.9999e+00
11699 0 +1.985569890e-01 -9.011443011e+00 -9.011443011e+00 +5.0000e+00 +4.9375e+00 +4.9999e+00
11733 0 +1.927238608e-01 -9.017276139e+00 -9.017276139e+00 +5.0000e+00 +4.9394e+00 +4.9999e+00
11787 0 +1.825199706e-01 -9.027480029e+00 -9.027480029e+00 +5.0000e+00 +4.9426e+00 +4.9999e+00
11788 0 +1.814231152e-01 -9.028576885e+00 -9.028576885e+00 +5.0000e+00 +4.9430e+00 +4.9999e+00
11816 0 +1.760584634e-01 -9.033941537e+00 -9.033941537e+00 +5.0000e+00 +4.9447e+00 +4.9999e+00
11819 0 +1.673693534e-01 -9.042630647e+00 -9.042630647e+00 +5.0000e+00 +4.9474e+00 +4.9999e+00
11883 0 +1.620278411e-01 -9.047972159e+00 -9.047972159e+00 +5.0000e+00 +4.9491e+00 +4.9999e+00
11884 0 +1.498861598e-01 -9.060113840e+00 -9.060113840e+00 +5.0000e+00 +4.9529e+00 +4.9999e+00
11892 0 +1.372925776e-01 -9.072707422e+00 -9.072707422e+00 +5.0000e+00 +4.9569e+00 +4.9999e+00
11895 0 +1.310425547e-01 -9.078957445e+00 -9.078957445e+00 +5.0000e+00 +4.9589e+00 +4.9999e+00
11899 0 +1.167561857e-01 -9.093243814e+00 -9.093243814e+00 +5.0000e+00 +4.9634e+00 +4.9999e+00
11903 0 +1.126373224e-01 -9.097362678e+00 -9.097362678e+00 +5.0000e+00 +4.9647e+00 +4.9999e+00
11906 0 +1.111723098e-01 -9.098827690e+00 -9.098827690e+00 +5.0000e+00 +4.9652e+00 +4.9999e+00
11977 0 +8.673394389e-02 -9.123266056e+00 -9.123266056e+00 +5.0000e+00 +4.9729e+00 +4.9999e+00
11980 0 +7.020381549e-02 -9.139796185e+00 -9.139796185e+00 +5.0000e+00 +4.9781e+00 +4.9999e+00
11981 0 +1.623670260e-02 -9.193763297e+00 -9.193763297e+00 +5.0000e+00 +4.9952e+00 +4.9999e+00
12005 0 +1.562719712e-02 -9.194372803e+00 -9.194372803e+00 +5.0000e+00 +4.9954e+00 +4.9999e+00
12072 0 +4.260012119e-03 -9.205739988e+00 -9.205739988e+00 +5.0000e+00 +4.9990e+00 +4.9999e+00
12185 0 +2.380566167e-03 -9.207619434e+00 -9.207619434e+00 +5.0000e+00 +4.9996e+00 +4.9999e+00
12262 0 +1.636713509e-03 -9.208363286e+00 -9.208363286e+00 +5.0000e+00 +4.9998e+00 +4.9999e+00
12452 0 +1.103233276e-03 -9.208896767e+00 -9.208896767e+00 +5.0000e+00 +5.0000e+00 +4.9999e+00
12741 0 +1.085271974e-03 -9.208914728e+00 -9.208914728e+00 +5.0000e+00 +5.0000e+00 +4.9999e+00
13307 0 +1.063373847e-03 -9.208936626e+00 -9.208936626e+00 +5.0000e+00 +5.0000e+00 +4.9999e+00
22851 0 +1.063083067e-03 -9.208936917e+00 -9.208936917e+00 +5.0000e+00 +5.0000e+00 +4.9999e+00
% f evaluations | g evaluations | best noise-free fitness - Fopt (6.559900000000e+02) + sum g_i+ | measured fitness | best measured fitness or single-digit g-values | x1 | x2...
1 0 +3.668801197e+01 +6.926780120e+02 +6.926780120e+02 +8.4698e-01 -7.4536e-01 -3.0919e+00
23 0 +2.916063503e+01 +6.851506350e+02 +6.851506350e+02 +1.5702e-01 -3.1117e+00 -3.1654e+00
27 0 +1.476728260e+01 +6.707572826e+02 +6.707572826e+02 +3.4197e+00 -2.2741e+00 -4.5433e+00
67 0 +1.374462496e+01 +6.697346250e+02 +6.697346250e+02 +3.3356e+00 -2.3582e+00 -4.6274e+00
109 0 +8.173421561e+00 +6.641634216e+02 +6.641634216e+02 +6.1525e-01 -4.7585e+00 -4.6975e+00
147 0 +6.404585210e+00 +6.623945852e+02 +6.623945852e+02 +6.3262e-01 -4.8929e+00 -4.8301e+00
159 0 +5.687641342e+00 +6.616776413e+02 +6.616776413e+02 +5.7368e-01 -4.9519e+00 -4.8891e+00
244 0 +5.369995127e+00 +6.613599951e+02 +6.613599951e+02 +9.5185e-01 -4.7950e+00 -4.9326e+00
297 0 +4.561898477e+00 +6.605518985e+02 +6.605518985e+02 +8.8541e-01 -4.8614e+00 -4.9991e+00
22851 0 +4.538447724e+00 +6.605284477e+02 +6.605284477e+02 +8.8422e-01 -4.8663e+00 -5.0000e+00
% f evaluations | g evaluations | best noise-free fitness - Fopt (6.671000000000e+01) + sum g_i+ | measured fitness | best measured fitness or single-digit g-values | x1 | x2...
1 0 +9.677069029e+01 +1.634806903e+02 +1.634806903e+02 -3.1052e+00 -2.7880e-01 +2.9946e+00
4 0 +8.734929106e+01 +1.540592911e+02 +1.540592911e+02 -4.1091e+00 +1.7302e+00 +1.5176e+00
5 0 +7.970223109e+01 +1.464122311e+02 +1.464122311e+02 -2.9936e+00 -2.2684e+00 +1.9058e+00
7 0 +7.163242376e+01 +1.383424238e+02 +1.383424238e+02 +3.7363e+00 -4.3013e+00 +1.0687e+00
8 0 +4.954844476e+01 +1.162584448e+02 +1.162584448e+02 -3.7808e+00 +3.3798e+00 -2.8170e+00
9 0 +2.191283565e+01 +8.862283565e+01 +8.862283565e+01 +1.5565e+00 -2.6367e+00 -4.2117e+00
29 0 +2.028195921e+01 +8.699195921e+01 +8.699195921e+01 -1.5265e+00 -3.7038e+00 -3.7290e+00
52 0 +1.737196937e+01 +8.408196937e+01 +8.408196937e+01 -1.6144e+00 -3.9171e+00 -3.9438e+00
62 0 +3.946850709e+00 +7.065685071e+01 +7.065685071e+01 -2.5623e+00 -4.8651e+00 -4.8917e+00
111 0 +3.568565833e+00 +7.027856583e+01 +7.027856583e+01 -2.6116e+00 -4.8970e+00 -4.9145e+00
147 0 +2.811000998e+00 +6.952100100e+01 +6.952100100e+01 -2.6411e+00 -4.9522e+00 -4.9699e+00
255 0 +2.435683527e+00 +6.914568353e+01 +6.914568353e+01 -2.6676e+00 -4.9787e+00 -4.9964e+00
676 0 +2.384918249e+00 +6.909491825e+01 +6.909491825e+01 -2.6714e+00 -4.9824e+00 -4.9999e+00
22851 0 +2.383928870e+00 +6.909392887e+01 +6.909392887e+01 -2.6714e+00 -4.9825e+00 -5.0000e+00
% f evaluations | g evaluations | best noise-free fitness - Fopt (9.416700000000e+02) + sum g_i+ | measured fitness | best measured fitness or single-digit g-values | x1 | x2...
1 0 +1.389115372e+02 +1.080581537e+03 +1.080581537e+03 +3.2765e+00 +4.7408e+00 -4.9832e+00
2 0 +7.750774067e+01 +1.019177741e+03 +1.019177741e+03 +4.2899e+00 -2.1814e+00 -9.3046e-01
4 0 +3.837340572e+01 +9.800434057e+02 +9.800434057e+02 +2.8826e-01 -1.1018e+00 +2.9242e+00
6 0 +2.288597853e+01 +9.645559785e+02 +9.645559785e+02 -2.2708e+00 +3.3802e-01 +4.6724e+00
23 0 +1.295312829e+01 +9.546231283e+02 +9.546231283e+02 -4.3635e+00 -3.4673e+00 +4.2530e+00
52 0 +1.038741989e+01 +9.520574199e+02 +9.520574199e+02 -4.5570e+00 -3.6210e+00 +4.4416e+00
68 0 +9.379202192e+00 +9.510492022e+02 +9.510492022e+02 -4.3843e+00 -3.4483e+00 +4.6143e+00
70 0 +8.714690367e+00 +9.503846904e+02 +9.503846904e+02 -4.2705e+00 -3.3345e+00 +4.7282e+00
103 0 +8.564006763e+00 +9.502340068e+02 +9.502340068e+02 -4.6227e+00 -3.3492e+00 +4.7033e+00
106 0 +8.188370676e+00 +9.498583707e+02 +9.498583707e+02 -4.1941e+00 -3.2581e+00 +4.8126e+00
109 0 +6.780361705e+00 +9.484503617e+02 +9.484503617e+02 -4.5672e+00 -3.9031e+00 +4.7121e+00
113 0 +4.850808173e+00 +9.465208082e+02 +9.465208082e+02 -4.3393e+00 -4.6167e+00 +4.7022e+00
147 0 +3.882367426e+00 +9.455523674e+02 +9.455523674e+02 -4.4030e+00 -4.6845e+00 +4.7712e+00
169 0 +3.670354211e+00 +9.453403542e+02 +9.453403542e+02 -4.3666e+00 -4.6482e+00 +4.8075e+00
171 0 +3.032252039e+00 +9.447022520e+02 +9.447022520e+02 -4.2573e+00 -4.5389e+00 +4.9169e+00
197 0 +2.977105099e+00 +9.446471051e+02 +9.446471051e+02 -4.2611e+00 -4.5572e+00 +4.9162e+00
205 0 +2.898642430e+00 +9.445686424e+02 +9.445686424e+02 -4.3021e+00 -4.7040e+00 +4.8735e+00
293 0 +2.863684969e+00 +9.445336850e+02 +9.445336850e+02 -4.2961e+00 -4.6980e+00 +4.8795e+00
296 0 +2.622178977e+00 +9.442921790e+02 +9.442921790e+02 -4.2595e+00 -4.6672e+00 +4.9171e+00
337 0 +1.989568123e+00 +9.436595681e+02 +9.436595681e+02 -4.3091e+00 -4.7412e+00 +4.9520e+00
338 0 +1.830440350e+00 +9.435004403e+02 +9.435004403e+02 -4.3089e+00 -4.7214e+00 +4.9742e+00
391 0 +1.626819092e+00 +9.432968191e+02 +9.432968191e+02 -4.3059e+00 -4.7158e+00 +4.9966e+00
403 0 +1.073876921e+00 +9.427438769e+02 +9.427438769e+02 -4.4267e+00 -4.9935e+00 +4.9520e+00
446 0 +8.864625611e-01 +9.425564626e+02 +9.425564626e+02 -4.3946e+00 -4.9614e+00 +4.9841e+00
582 0 +8.539499366e-01 +9.425239499e+02 +9.425239499e+02 -4.4031e+00 -4.9827e+00 +4.9798e+00
591 0 +7.966734878e-01 +9.424666735e+02 +9.424666735e+02 -4.3906e+00 -4.9519e+00 +4.9965e+00
677 0 +7.922502474e-01 +9.424622502e+02 +9.424622502e+02 -4.3899e+00 -4.9511e+00 +4.9972e+00
682 0 +7.743559477e-01 +9.424443559e+02 +9.424443559e+02 -4.3948e+00 -4.9642e+00 +4.9944e+00
686 0 +7.435408089e-01 +9.424135408e+02 +9.424135408e+02 -4.3980e+00 -4.9727e+00 +4.9945e+00
730 0 +7.351788417e-01 +9.424051788e+02 +9.424051788e+02 -4.3966e+00 -4.9713e+00 +4.9959e+00
732 0 +7.170619596e-01 +9.423870620e+02 +9.423870620e+02 -4.3935e+00 -4.9682e+00 +4.9990e+00
768 0 +6.845672729e-01 +9.423545673e+02 +9.423545673e+02 -4.3954e+00 -4.9832e+00 +4.9973e+00
822 0 +6.732180647e-01 +9.423432181e+02 +9.423432181e+02 -4.3935e+00 -4.9812e+00 +4.9993e+00
865 0 +6.335939812e-01 +9.423035940e+02 +9.423035940e+02 -4.3935e+00 -4.9946e+00 +4.9990e+00
962 0 +6.279816543e-01 +9.422979817e+02 +9.422979817e+02 -4.3935e+00 -4.9967e+00 +4.9989e+00
1207 0 +6.148805822e-01 +9.422848806e+02 +9.422848806e+02 -4.3927e+00 -4.9984e+00 +4.9998e+00
22851 0 +6.075005871e-01 +9.422775006e+02 +9.422775006e+02 -4.3925e+00 -5.0000e+00 +5.0000e+00
% f evaluations | g evaluations | best noise-free fitness - Fopt (-3.745000000000e+01) + sum g_i+ | measured fitness | best measured fitness or single-digit g-values | x1 | x2...
1 0 +9.727079258e+01 +5.982079258e+01 +5.982079258e+01 -1.6123e+00 -1.7332e+00 -1.9366e+00
2 0 +6.352261292e+01 +2.607261292e+01 +2.607261292e+01 +3.2883e+00 -1.0645e+00 +7.3667e-01
6 0 +2.990777228e+01 -7.542227718e+00 -7.542227718e+00 -2.3651e+00 +3.6134e+00 +3.1842e+00
7 0 +9.622496292e+00 -2.782750371e+01 -2.782750371e+01 +2.5294e+00 +3.5034e+00 +4.7581e+00
68 0 +8.619251428e+00 -2.883074857e+01 -2.883074857e+01 +2.6002e+00 +3.5742e+00 +4.8289e+00
121 0 +7.159747459e+00 -3.029025254e+01 -3.029025254e+01 +2.6426e+00 +3.6496e+00 +4.9468e+00
150 0 +6.574410976e+00 -3.087558902e+01 -3.087558902e+01 +2.7020e+00 +3.7434e+00 +4.9697e+00
165 0 +6.328966482e+00 -3.112103352e+01 -3.112103352e+01 +3.2088e+00 +4.2502e+00 +4.7833e+00
197 0 +3.676860735e+00 -3.377313927e+01 -3.377313927e+01 +4.6839e+00 +4.4106e+00 +4.8503e+00
202 0 +3.146385011e+00 -3.430361499e+01 -3.430361499e+01 +3.7238e+00 +4.7868e+00 +4.8804e+00
244 0 +2.560042260e+00 -3.488995774e+01 -3.488995774e+01 +3.9013e+00 +4.8305e+00 +4.9074e+00
262 0 +1.389489416e+00 -3.606051058e+01 -3.606051058e+01 +3.9840e+00 +4.9132e+00 +4.9901e+00
304 0 +1.143037773e+00 -3.630696223e+01 -3.630696223e+01 +4.0359e+00 +4.9589e+00 +4.9951e+00
483 0 +1.114446724e+00 -3.633555328e+01 -3.633555328e+01 +4.0393e+00 +4.9621e+00 +4.9966e+00
493 0 +1.079363295e+00 -3.637063671e+01 -3.637063671e+01 +4.0404e+00 +4.9634e+00 +4.9996e+00
22851 0 +1.073701844e+00 -3.637629816e+01 -3.637629816e+01 +4.0408e+00 +4.9638e+00 +5.0000e+00
