% f evaluations | g evaluations | best noise-free fitness - Fopt (7.135000000000e+01) + sum g_i+ | measured fitness | best measured fitness or single-digit g-values | x1 | x2...
1 0 +1.694586010e+02 +2.408086010e+02 +2.408086010e+02 +1.2701e+00 -3.7580e+00 +4.9105e+00
2 0 +4.630229082e+01 +1.176522908e+02 +1.176522908e+02 -7.9763e-01 -2.4846e+00 -2.4300e+00
9 0 +4.273375554e+00 +7.562337555e+01 +7.562337555e+01 -1.9459e+00 -4.3117e+00 +3.9197e+00
82 0 +2.909276463e+00 +7.425927646e+01 +7.425927646e+01 -5.0000e+00 -5.0000e+00 -4.5941e+00
149 0 +2.001416331e+00 +7.335141633e+01 +7.335141633e+01 -5.0000e+00 -5.0000e+00 -4.5435e+00
150 0 +1.576920700e+00 +7.292692070e+01 +7.292692070e+01 -4.9528e+00 -4.9914e+00 -4.5076e+00
228 0 +1.530252814e+00 +7.288025281e+01 +7.288025281e+01 -4.9533e+00 -4.9915e+00 -4.5133e+00
272 0 +1.364237366e+00 +7.271423737e+01 +7.271423737e+01 -4.9507e+00 -4.9910e+00 -4.5066e+00
388 0 +1.338227189e+00 +7.268822719e+01 +7.268822719e+01 -4.9506e+00 -4.9910e+00 -4.5075e+00
679 0 +1.292847372e+00 +7.264284737e+01 +7.264284737e+01 -4.9510e+00 -4.9910e+00 -4.5082e+00
738 0 +1.285670432e+00 +7.263567043e+01 +7.263567043e+01 -4.9512e+00 -4.9911e+00 -4.5086e+00
12051 0 +1.265624825e+00 +7.261562482e+01 +7.261562482e+01 -4.9512e+00 -4.9911e+00 -4.5087e+00
% f evaluations | g evaluations | best noise-free fitness - Fopt (-3.552200000000e+02) + sum g_i+ | measured fitness | best measured fitness or single-digit g-values | x1 | x2...
1 0 +1.476428263e+01 -3.404557174e+02 -3.404557174e+02 +1.6295e+00 +1.2583e+00 -4.6185e+00
30 0 +2.648656092e+00 -3.525713439e+02 -3.525713439e+02 +3.1649e+00 +2.4482e+00 +1.3463e+00
134 0 +2.497432920e+00 -3.527225671e+02 -3.527225671e+02 +3.2011e+00 +2.5160e+00 +1.4683e+00
186 0 +2.311569807e+00 -3.529084302e+02 -3.529084302e+02 +3.2087e+00 +2.5358e+00 +1.4882e+00
190 0 +2.086928428e+00 -3.531330716e+02 -3.531330716e+02 +3.1827e+00 +2.4771e+00 +1.4320e+00
203 0 +1.407089769e+00 -3.538129102e+02 -3.538129102e+02 -1.0669e-01 -5.0000e+00 -5.0000e+00
224 0 +1.303933093e+00 -3.539160669e+02 -3.539160669e+02 +3.1764e+00 +2.4228e+00 +1.2890e+00
402 0 +1.283316696e+00 -3.539366833e+02 -3.539366833e+02 +3.1845e+00 +2.4398e+00 +1.2983e+00
502 0 +1.187869253e+00 -3.540321307e+02 -3.540321307e+02 +3.1858e+00 +2.4400e+00 +1.2989e+00
539 0 +1.147720057e+00 -3.540722799e+02 -3.540722799e+02 +3.1858e+00 +2.4401e+00 +1.2994e+00
619 0 +1.049233744e+00 -3.541707663e+02 -3.541707663e+02 +3.1823e+00 +2.4347e+00 +1.2974e+00
641 0 +2.705233706e-01 -3.549494766e+02 -3.549494766e+02 +3.1806e+00 +2.2899e+00 +1.2891e+00
664 0 +2.031922381e-01 -3.550168078e+02 -3.550168078e+02 +3.1810e+00 +2.3350e+00 +1.2910e+00
669 0 +1.816551797e-01 -3.550383448e+02 -3.550383448e+02 +3.1795e+00 +2.2010e+00 +1.2840e+00
716 0 +1.757653647e-01 -3.550442346e+02 -3.550442346e+02 +3.1803e+00 +2.2419e+00 +1.2849e+00
741 0 +1.377746537e-01 -3.550822253e+02 -3.550822253e+02 +3.1798e+00 +2.2246e+00 +1.2854e+00
766 0 +1.257781913e-01 -3.550942218e+02 -3.550942218e+02 +3.1800e+00 +2.2303e+00 +1.2855e+00
858 0 +1.159539559e-01 -3.551040460e+02 -3.551040460e+02 +3.1801e+00 +2.2303e+00 +1.2856e+00
880 0 +1.089168523e-01 -3.551110831e+02 -3.551110831e+02 +3.1803e+00 +2.2304e+00 +1.2856e+00
950 0 +9.867757888e-02 -3.551213224e+02 -3.551213224e+02 +3.1787e+00 +2.1968e+00 +1.2699e+00
991 0 +8.203295227e-02 -3.551379670e+02 -3.551379670e+02 +3.1779e+00 +2.1777e+00 +1.2604e+00
998 0 +8.116592999e-02 -3.551388341e+02 -3.551388341e+02 +3.1801e+00 +2.1989e+00 +1.2737e+00
1064 0 +7.319273718e-02 -3.551468073e+02 -3.551468073e+02 +3.1801e+00 +2.1983e+00 +1.2737e+00
1137 0 +6.921955975e-02 -3.551507804e+02 -3.551507804e+02 +3.1802e+00 +2.1987e+00 +1.2737e+00
1173 0 +6.802049203e-02 -3.551519795e+02 -3.551519795e+02 +3.1785e+00 +2.1771e+00 +1.2624e+00
1186 0 +6.276571454e-02 -3.551572343e+02 -3.551572343e+02 +3.1806e+00 +2.1989e+00 +1.2738e+00
1237 0 +6.149009866e-02 -3.551585099e+02 -3.551585099e+02 +3.1817e+00 +2.1995e+00 +1.2740e+00
1264 0 +4.651071907e-02 -3.551734893e+02 -3.551734893e+02 +3.1815e+00 +2.2000e+00 +1.2740e+00
1395 0 +4.415352267e-02 -3.551758465e+02 -3.551758465e+02 +3.1815e+00 +2.2000e+00 +1.2740e+00
1498 0 +4.336787356e-02 -3.551766321e+02 -3.551766321e+02 +3.1815e+00 +2.2000e+00 +1.2740e+00
2812 0 +4.265609209e-02 -3.551773439e+02 -3.551773439e+02 +3.1815e+00 +2.2000e+00 +1.2739e+00
12051 0 +4.261379355e-02 -3.551773862e+02 -3.551773862e+02 +3.1815e+00 +2.2000e+00 +1.2739e+00
% f evaluations | g evaluations | best noise-free fitness - Fopt (9.917000000000e+01) + sum g_i+ | measured fitness | best measured fitness or single-digit g-values | x1 | x2...
1 0 +8.921008175e+01 +1.883800818e+02 +1.883800818e+02 -2.1548e+00 -3.5014e+00 -1.2797e+00
5 0 +6.067215816e+01 +1.598421582e+02 +1.598421582e+02 -3.0159e+00 +3.8057e+00 -1.1803e+00
6 0 +5.977882291e+01 +1.589488229e+02 +1.589488229e+02 -2.5980e+00 +2.7196e+00 +4.6430e+00
7 0 +3.091204205e+01 +1.300820420e+02 +1.300820420e+02 -4.1806e+00 +4.9267e+00 +1.7523e+00
8 0 +2.870669436e+01 +1.278766944e+02 +1.278766944e+02 +3.1796e+00 +3.8601e+00 +9.2218e-02
22 0 +1.778838305e+01 +1.169583830e+02 +1.169583830e+02 -3.6084e+00 -2.2727e+00 -4.2551e+00
29 0 +1.436116371e+01 +1.135311637e+02 +1.135311637e+02 -2.7307e+00 -1.4468e+00 +2.0851e+00
44 0 +9.699224350e+00 +1.088692243e+02 +1.088692243e+02 +9.3810e-01 -9.0991e-01 -1.5961e+00
60 0 +8.661091218e+00 +1.078310912e+02 +1.078310912e+02 +1.0559e+00 -8.1523e-01 -1.5669e+00
81 0 +7.593780863e+00 +1.067637809e+02 +1.067637809e+02 +9.5494e-01 -8.4951e-01 -1.4451e+00
139 0 +6.897570008e+00 +1.060675700e+02 +1.060675700e+02 +9.7632e-01 -8.4426e-01 -1.4190e+00
160 0 +6.274610066e+00 +1.054446101e+02 +1.054446101e+02 +9.7991e-01 -8.4357e-01 -1.4146e+00
213 0 +6.060515910e+00 +1.052305159e+02 +1.052305159e+02 +9.5392e-01 -8.7982e-01 -1.4238e+00
242 0 +5.860762559e+00 +1.050307626e+02 +1.050307626e+02 +1.1685e+00 -7.7925e-01 -1.3111e+00
271 0 +5.395301020e+00 +1.045653010e+02 +1.045653010e+02 +1.1545e+00 -7.8401e-01 -1.3186e+00
273 0 +5.268479817e+00 +1.044384798e+02 +1.044384798e+02 +1.2260e+00 -7.6608e-01 -1.1509e+00
331 0 +4.772636948e+00 +1.039426369e+02 +1.039426369e+02 +1.2275e+00 -7.6576e-01 -1.1462e+00
367 0 +4.564255715e+00 +1.037342557e+02 +1.037342557e+02 +1.2289e+00 -7.5588e-01 -1.1385e+00
418 0 +4.031943650e+00 +1.032019437e+02 +1.032019437e+02 +1.2271e+00 -7.5796e-01 -1.1398e+00
468 0 +3.873758182e+00 +1.030437582e+02 +1.030437582e+02 +1.2249e+00 -7.5803e-01 -1.1407e+00
623 0 +3.708413416e+00 +1.028784134e+02 +1.028784134e+02 +1.2256e+00 -7.5526e-01 -1.1382e+00
749 0 +3.560892600e+00 +1.027308926e+02 +1.027308926e+02 +1.2258e+00 -7.5467e-01 -1.1377e+00
1256 0 +1.932969368e+00 +1.011029694e+02 +1.011029694e+02 -5.0000e+00 -1.3316e+00 -3.9787e+00
1343 0 +1.255051621e+00 +1.004250516e+02 +1.004250516e+02 -5.0000e+00 -1.3452e+00 -4.0454e+00
1414 0 +9.785231820e-01 +1.001485232e+02 +1.001485232e+02 -5.0000e+00 -1.3697e+00 -4.0684e+00
1505 0 +9.628719946e-01 +1.001328720e+02 +1.001328720e+02 -5.0000e+00 -1.3690e+00 -4.0627e+00
1614 0 +9.404018294e-01 +1.001104018e+02 +1.001104018e+02 -5.0000e+00 -1.3687e+00 -4.0605e+00
1656 0 +9.037279975e-01 +1.000737280e+02 +1.000737280e+02 -5.0000e+00 -1.3741e+00 -4.0724e+00
1678 0 +7.485491277e-01 +9.991854913e+01 +9.991854913e+01 -4.9850e+00 -1.3601e+00 -4.0461e+00
1743 0 +6.690811071e-01 +9.983908111e+01 +9.983908111e+01 -4.9834e+00 -1.3590e+00 -4.0436e+00
1835 0 +6.220986765e-01 +9.979209868e+01 +9.979209868e+01 -4.9703e+00 -1.3506e+00 -4.0057e+00
1893 0 +5.335362353e-01 +9.970353624e+01 +9.970353624e+01 -4.9589e+00 -1.3434e+00 -3.9730e+00
2078 0 +5.169078627e-01 +9.968690786e+01 +9.968690786e+01 -4.9583e+00 -1.3430e+00 -3.9712e+00
2114 0 +4.837389531e-01 +9.965373895e+01 +9.965373895e+01 -4.9586e+00 -1.3431e+00 -3.9719e+00
2193 0 +4.786291171e-01 +9.964862912e+01 +9.964862912e+01 -4.9585e+00 -1.3431e+00 -3.9719e+00
2752 0 +4.638343408e-01 +9.963383434e+01 +9.963383434e+01 -4.9582e+00 -1.3431e+00 -3.9721e+00
12051 0 +4.592813046e-01 +9.962928130e+01 +9.962928130e+01 -4.9582e+00 -1.3431e+00 -3.9721e+00
% f evaluations | g evaluations | best noise-free fitness - Fopt (-5.179100000000e+02) + sum g_i+ | measured fitness | best measured fitness or single-digit g-values | x1 | x2...
1 0 +2.925496776e+01 -4.886550322e+02 -4.886550322e+02 +7.4673e-01 -1.5440e+00 -1.1884e+00
2 0 +1.578677064e+01 -5.021232294e+02 -5.021232294e+02 -4.2570e-01 +4.7007e+00 +4.8681e+00
25 0 +9.810067435e+00 -5.080999326e+02 -5.080999326e+02 +3.4684e+00 -1.1979e+00 -2.9084e+00
44 0 +7.718444892e+00 -5.101915551e+02 -5.101915551e+02 +2.8887e+00 -3.3244e-01 +8.0841e-01
105 0 +6.088461063e+00 -5.118215389e+02 -5.118215389e+02 +2.9943e+00 -3.0219e-01 +8.8947e-01
108 0 +2.937858528e+00 -5.149721415e+02 -5.149721415e+02 +2.9089e+00 -4.1386e-02 +1.1102e+00
204 0 +2.704156259e+00 -5.152058437e+02 -5.152058437e+02 +2.9159e+00 -3.8230e-02 +1.1153e+00
258 0 +2.689157369e+00 -5.152208426e+02 -5.152208426e+02 +2.9118e+00 -4.0064e-02 +1.1124e+00
268 0 +2.526910521e+00 -5.153830895e+02 -5.153830895e+02 +2.9124e+00 -4.0688e-02 +1.1114e+00
288 0 +2.346589477e+00 -5.155634105e+02 -5.155634105e+02 +2.9109e+00 -4.1535e-02 +1.1109e+00
336 0 +2.307195574e+00 -5.156028044e+02 -5.156028044e+02 +2.9112e+00 -4.1448e-02 +1.1111e+00
388 0 +2.285417515e+00 -5.156245825e+02 -5.156245825e+02 +2.9111e+00 -4.1478e-02 +1.1110e+00
1531 0 +1.969940449e+00 -5.159400596e+02 -5.159400596e+02 +2.9612e+00 -3.7702e-02 +1.1383e+00
1654 0 +1.929368001e+00 -5.159806320e+02 -5.159806320e+02 +2.9617e+00 -3.7698e-02 +1.1385e+00
1770 0 +1.905278158e+00 -5.160047218e+02 -5.160047218e+02 +2.9617e+00 -3.7722e-02 +1.1385e+00
12051 0 +1.878099069e+00 -5.160319009e+02 -5.160319009e+02 +2.9617e+00 -3.7702e-02 +1.1385e+00
% f evaluations | g evaluations | best noise-free fitness - Fopt (-5.721000000000e+01) + sum g_i+ | measured fitness | best measured fitness or single-digit g-values | x1 | x2...
1 0 +2.335951831e+01 -3.385048169e+01 -3.385048169e+01 -2.1630e+00 +3.0446e+00 +4.8757e+00
6 0 +1.550391656e+01 -4.170608344e+01 -4.170608344e+01 -6.2187e-01 -4.6268e+00 +1.9540e+00
33 0 +1.545455620e+01 -4.175544380e+01 -4.175544380e+01 -1.5188e+00 +3.6304e+00 +4.8397e+00
74 0 +2.441493733e+00 -5.476850627e+01 -5.476850627e+01 -4.4683e+00 +6.9810e-01 +2.5582e+00
105 0 +2.149148272e+00 -5.506085173e+01 -5.506085173e+01 -5.0000e+00 +6.3688e-01 +2.2055e+00
152 0 +2.097793419e+00 -5.511220658e+01 -5.511220658e+01 -4.9927e+00 +6.5247e-01 +2.2078e+00
205 0 +1.408473387e+00 -5.580152661e+01 -5.580152661e+01 -4.8294e+00 +6.6964e-01 +2.2786e+00
234 0 +8.414787541e-01 -5.636852125e+01 -5.636852125e+01 -4.8474e+00 +6.6394e-01 +2.2645e+00
252 0 +6.512336133e-01 -5.655876639e+01 -5.655876639e+01 -4.7958e+00 +6.6801e-01 +2.2847e+00
297 0 +4.991992390e-01 -5.671080076e+01 -5.671080076e+01 -4.7364e+00 +6.7844e-01 +2.3657e+00
361 0 +1.721854622e-01 -5.703781454e+01 -5.703781454e+01 -4.8022e+00 +6.3705e-01 +2.3505e+00
425 0 +1.657072767e-01 -5.704429272e+01 -5.704429272e+01 -4.7940e+00 +6.3990e-01 +2.3693e+00
455 0 +1.155061881e-01 -5.709449381e+01 -5.709449381e+01 -4.7936e+00 +6.4926e-01 +2.3871e+00
511 0 +5.825186210e-02 -5.715174814e+01 -5.715174814e+01 -4.7906e+00 +6.5360e-01 +2.4001e+00
621 0 +5.152236148e-02 -5.715847764e+01 -5.715847764e+01 -4.7898e+00 +6.5428e-01 +2.4021e+00
654 0 +4.895087421e-02 -5.716104913e+01 -5.716104913e+01 -4.7898e+00 +6.5421e-01 +2.4018e+00
674 0 +4.023993039e-02 -5.716976007e+01 -5.716976007e+01 -4.7869e+00 +6.5690e-01 +2.4040e+00
905 0 +3.587696720e-02 -5.717412303e+01 -5.717412303e+01 -4.7878e+00 +6.5584e-01 +2.4016e+00
975 0 +3.111882470e-02 -5.717888118e+01 -5.717888118e+01 -4.7876e+00 +6.5605e-01 +2.4020e+00
993 0 +2.914291064e-02 -5.718085709e+01 -5.718085709e+01 -4.7812e+00 +6.5693e-01 +2.4059e+00
1005 0 +2.297748973e-02 -5.718702251e+01 -5.718702251e+01 -4.7789e+00 +6.5731e-01 +2.4074e+00
1018 0 +2.290803445e-02 -5.718709197e+01 -5.718709197e+01 -4.7737e+00 +6.5907e-01 +2.4075e+00
1028 0 +1.944296903e-02 -5.719055703e+01 -5.719055703e+01 -4.7797e+00 +6.5698e-01 +2.4066e+00
1029 0 +1.491183527e-02 -5.719508816e+01 -5.719508816e+01 -4.7787e+00 +6.5700e-01 +2.4066e+00
1109 0 +1.459708385e-02 -5.719540292e+01 -5.719540292e+01 -4.7772e+00 +6.5702e-01 +2.4069e+00
1112 0 +1.136559049e-02 -5.719863441e+01 -5.719863441e+01 -4.7779e+00 +6.5718e-01 +2.4072e+00
1159 0 +9.427529737e-03 -5.720057247e+01 -5.720057247e+01 -4.7775e+00 +6.5727e-01 +2.4073e+00
1181 0 +8.448395003e-03 -5.720155160e+01 -5.720155160e+01 -4.7770e+00 +6.5729e-01 +2.4076e+00
1343 0 +8.203376425e-03 -5.720179662e+01 -5.720179662e+01 -4.7772e+00 +6.5728e-01 +2.4075e+00
1382 0 +8.079360481e-03 -5.720192064e+01 -5.720192064e+01 -4.7771e+00 +6.5729e-01 +2.4076e+00
1532 0 +7.935582621e-03 -5.720206442e+01 -5.720206442e+01 -4.7772e+00 +6.5728e-01 +2.4075e+00
1542 0 +7.684437739e-03 -5.720231556e+01 -5.720231556e+01 -4.7773e+00 +6.5728e-01 +2.4075e+00
2557 0 +7.573980993e-03 -5.720242602e+01 -5.720242602e+01 -4.7773e+00 +6.5727e-01 +2.4075e+00
2657 0 +7.394546819e-03 -5.720260545e+01 -5.720260545e+01 -4.7773e+00 +6.5726e-01 +2.4075e+00
12051 0 +7.285110593e-03 -5.720271489e+01 -5.720271489e+01 -4.7773e+00 +6.5726e-01 +2.4075e+00
% f evaluations | g evaluations | best noise-free fitness - Fopt (7.135000000000e+01) + sum g_i+ | measured fitness | best measured fitness or single-digit g-values | x1 | x2...
1 0 +2.339786467e+02 +3.053286467e+02 +3.053286467e+02 +2.2713e+00 -4.8074e+00 -3.9114e+00
2 0 +1.048987128e+02 +1.762487128e+02 +1.762487128e+02 +2.5547e+00 +4.8149e+00 +4.9037e+00
3 0 +2.701160634e+01 +9.836160634e+01 +9.836160634e+01 -4.5562e+00 +9.7031e-01 +4.3517e+00
8 0 +1.988302539e+01 +9.123302539e+01 +9.123302539e+01 +2.1593e+00 +2.1366e+00 +4.7628e+00
20 0 +1.749164943e+01 +8.884164943e+01 +8.884164943e+01 -4.6929e+00 +1.7387e+00 -4.0582e+00
37 0 +1.196453324e+01 +8.331453324e+01 +8.331453324e+01 -2.7718e+00 -1.2982e+00 +4.2004e+00
84 0 +4.375931018e+00 +7.572593102e+01 +7.572593102e+01 -4.4709e+00 -3.3580e+00 +5.9624e-01
296 0 +3.614257784e+00 +7.496425778e+01 +7.496425778e+01 -4.4815e+00 -3.3909e+00 +4.8411e-01
484 0 +2.822217267e+00 +7.417221727e+01 +7.417221727e+01 -4.4834e+00 -3.3968e+00 +4.6411e-01
675 0 +2.708884905e+00 +7.405888490e+01 +7.405888490e+01 -4.4838e+00 -3.3973e+00 +4.6362e-01
943 0 +2.684802873e+00 +7.403480287e+01 +7.403480287e+01 -4.4838e+00 -3.3973e+00 +4.6353e-01
1274 0 +2.612675291e+00 +7.396267529e+01 +7.396267529e+01 -4.4828e+00 -3.3966e+00 +4.6362e-01
1296 0 +2.554226652e+00 +7.390422665e+01 +7.390422665e+01 -4.4831e+00 -3.3975e+00 +4.6030e-01
1320 0 +2.505546514e+00 +7.385554651e+01 +7.385554651e+01 -4.4830e+00 -3.3974e+00 +4.6065e-01
1425 0 +2.427765618e+00 +7.377776562e+01 +7.377776562e+01 -4.4828e+00 -3.3974e+00 +4.6147e-01
1945 0 +2.396017683e+00 +7.374601768e+01 +7.374601768e+01 -4.4828e+00 -3.3974e+00 +4.6142e-01
11176 0 +1.254226709e+00 +7.260422671e+01 +7.260422671e+01 -4.9866e+00 -4.9584e+00 -4.3878e+00
11224 0 +1.208818757e+00 +7.255881876e+01 +7.255881876e+01 -4.9134e+00 -4.9402e+00 -4.2254e+00
11258 0 +8.891770530e-01 +7.223917705e+01 +7.223917705e+01 -4.9238e+00 -4.9516e+00 -4.2301e+00
11309 0 +7.870962809e-01 +7.213709628e+01 +7.213709628e+01 -4.9245e+00 -4.9540e+00 -4.2370e+00
11348 0 +6.877377798e-01 +7.203773778e+01 +7.203773778e+01 -4.9260e+00 -4.9517e+00 -4.2396e+00
11359 0 +5.703305356e-01 +7.192033054e+01 +7.192033054e+01 -4.9268e+00 -4.9530e+00 -4.2411e+00
11452 0 +4.975404863e-01 +7.184754049e+01 +7.184754049e+01 -4.9269e+00 -4.9539e+00 -4.2441e+00
11592 0 +4.808874632e-01 +7.183088746e+01 +7.183088746e+01 -4.9269e+00 -4.9538e+00 -4.2436e+00
11639 0 +4.743941484e-01 +7.182439415e+01 +7.182439415e+01 -4.9269e+00 -4.9539e+00 -4.2439e+00
12051 0 +4.690356268e-01 +7.181903563e+01 +7.181903563e+01 -4.9269e+00 -4.9539e+00 -4.2439e+00
% f evaluations | g evaluations | best noise-free fitness - Fopt (-3.552200000000e+02) + sum g_i+ | measured fitness | best measured fitness or single-digit g-values | x1 | x2...
1 0 +1.816073589e+02 -1.736126411e+02 -1.736126411e+02 +2.3407e-01 +1.2576e+00 -7.2313e-01
2 0 +1.253415094e+02 -2.298784906e+02 -2.298784906e+02 -9.5458e-01 -4.5360e+00 +3.9479e+00
4 0 +3.472521134e+01 -3.204947887e+02 -3.204947887e+02 -1.5138e+00 +4.0438e+00 -1.4374e+00
15 0 +1.947513989e+01 -3.357448601e+02 -3.357448601e+02 +1.2804e+00 -1.3931e-01 +2.3775e+00
16 0 +7.742765588e+00 -3.474772344e+02 -3.474772344e+02 -2.7313e+00 +6.3529e-01 +4.4977e+00
93 0 +5.131760113e+00 -3.500882399e+02 -3.500882399e+02 -2.6971e+00 +6.5534e-01 +4.6787e+00
126 0 +3.115525474e+00 -3.521044745e+02 -3.521044745e+02 -2.7654e+00 +6.3979e-01 +4.5716e+00
213 0 +2.059675146e+00 -3.531603249e+02 -3.531603249e+02 -2.7718e+00 +6.3840e-01 +4.5596e+00
282 0 +1.843166120e+00 -3.533768339e+02 -3.533768339e+02 -2.7707e+00 +6.4755e-01 +4.5668e+00
596 0 +1.716343188e+00 -3.535036568e+02 -3.535036568e+02 -2.7703e+00 +6.4759e-01 +4.5670e+00
706 0 +6.708301730e-01 -3.545491698e+02 -3.545491698e+02 -2.7943e+00 +3.9203e-01 +4.3713e+00
762 0 +6.372898870e-01 -3.545827101e+02 -3.545827101e+02 -2.7961e+00 +3.8511e-01 +4.3676e+00
764 0 +4.732384006e-01 -3.547467616e+02 -3.547467616e+02 -2.7961e+00 +3.9101e-01 +4.3706e+00
770 0 +4.986014350e-02 -3.551701399e+02 -3.551701399e+02 -2.8038e+00 +2.8109e-01 +4.2871e+00
830 0 +3.760871931e-02 -3.551823913e+02 -3.551823913e+02 -2.8072e+00 +2.7363e-01 +4.2817e+00
858 0 +2.773818075e-02 -3.551922618e+02 -3.551922618e+02 -2.8061e+00 +2.8976e-01 +4.2939e+00
899 0 +2.608505344e-02 -3.551939149e+02 -3.551939149e+02 -2.8052e+00 +2.7849e-01 +4.2823e+00
912 0 +2.434129906e-02 -3.551956587e+02 -3.551956587e+02 -2.8051e+00 +2.7892e-01 +4.2825e+00
990 0 +1.800756542e-02 -3.552019924e+02 -3.552019924e+02 -2.8174e+00 +2.5361e-01 +4.2758e+00
991 0 +1.714799338e-02 -3.552028520e+02 -3.552028520e+02 -2.8050e+00 +2.8052e-01 +4.2837e+00
1008 0 +1.104395076e-02 -3.552089560e+02 -3.552089560e+02 -2.8046e+00 +2.8378e-01 +4.2873e+00
1122 0 +9.545451108e-03 -3.552104545e+02 -3.552104545e+02 -2.8044e+00 +2.8419e-01 +4.2876e+00
1185 0 +8.811958651e-03 -3.552111880e+02 -3.552111880e+02 -2.8107e+00 +2.7480e-01 +4.2838e+00
1233 0 +8.012060319e-03 -3.552119879e+02 -3.552119879e+02 -2.8114e+00 +2.7331e-01 +4.2830e+00
1238 0 +2.185029337e-03 -3.552178150e+02 -3.552178150e+02 -2.8138e+00 +2.6598e-01 +4.2813e+00
1296 0 +1.371292618e-03 -3.552186287e+02 -3.552186287e+02 -2.8142e+00 +2.6441e-01 +4.2806e+00
1338 0 +1.114825465e-03 -3.552188852e+02 -3.552188852e+02 -2.8141e+00 +2.6488e-01 +4.2808e+00
1355 0 +1.040965630e-03 -3.552189590e+02 -3.552189590e+02 -2.8141e+00 +2.6474e-01 +4.2807e+00
1401 0 +7.118263887e-04 -3.552192882e+02 -3.552192882e+02 -2.8143e+00 +2.6467e-01 +4.2807e+00
1531 0 +6.812795286e-04 -3.552193187e+02 -3.552193187e+02 -2.8143e+00 +2.6467e-01 +4.2807e+00
1580 0 +6.728757895e-04 -3.552193271e+02 -3.552193271e+02 -2.8144e+00 +2.6466e-01 +4.2807e+00
1791 0 +6.544426328e-04 -3.552193456e+02 -3.552193456e+02 -2.8144e+00 +2.6466e-01 +4.2807e+00
1939 0 +6.382458196e-04 -3.552193618e+02 -3.552193618e+02 -2.8144e+00 +2.6465e-01 +4.2807e+00
2246 0 +6.263253380e-04 -3.552193737e+02 -3.552193737e+02 -2.8144e+00 +2.6465e-01 +4.2807e+00
2247 0 +4.696584295e-04 -3.552195303e+02 -3.552195303e+02 -2.8144e+00 +2.6445e-01 +4.2806e+00
2333 0 +4.485388939e-04 -3.552195515e+02 -3.552195515e+02 -2.8144e+00 +2.6447e-01 +4.2806e+00
2602 0 +4.466327878e-04 -3.552195534e+02 -3.552195534e+02 -2.8144e+00 +2.6446e-01 +4.2806e+00
12051 0 +4.456631355e-04 -3.552195543e+02 -3.552195543e+02 -2.8144e+00 +2.6446e-01 +4.2806e+00
% f evaluations | g evaluations | best noise-free fitness - Fopt (9.917000000000e+01) + sum g_i+ | measured fitness | best measured fitness or single-digit g-values | x1 | x2...
1 0 +1.533694340e+01 +1.145069434e+02 +1.145069434e+02 -5.6527e-01 +2.7205e+00 -3.9114e+00
4 0 +1.297390880e+01 +1.121439088e+02 +1.121439088e+02 +2.3473e+00 +2.2225e+00 +3.7110e+00
97 0 +1.090686046e+01 +1.100768605e+02 +1.100768605e+02 +2.3920e+00 +2.2242e+00 +3.7489e+00
104 0 +1.025849685e+01 +1.094284969e+02 +1.094284969e+02 +2.3929e+00 +2.2242e+00 +3.7497e+00
205 0 +4.140616054e+00 +1.033106161e+02 +1.033106161e+02 +2.4975e+00 +2.8049e+00 +3.8881e+00
258 0 +2.957073388e+00 +1.021270734e+02 +1.021270734e+02 +2.4936e+00 +2.8032e+00 +3.8869e+00
404 0 +7.772421418e-01 +9.994724214e+01 +9.994724214e+01 +2.4746e+00 +2.6942e+00 +3.8610e+00
455 0 +5.389302753e-01 +9.970893028e+01 +9.970893028e+01 +2.4718e+00 +2.6765e+00 +3.8569e+00
539 0 +4.566089080e-01 +9.962660891e+01 +9.962660891e+01 +2.4703e+00 +2.6743e+00 +3.8562e+00
690 0 +4.131771237e-01 +9.958317712e+01 +9.958317712e+01 +2.4703e+00 +2.6752e+00 +3.8562e+00
1089 0 +3.992459015e-01 +9.956924590e+01 +9.956924590e+01 +2.4704e+00 +2.6757e+00 +3.8563e+00
1385 0 +3.974838401e-01 +9.956748384e+01 +9.956748384e+01 +2.4704e+00 +2.6757e+00 +3.8563e+00
1736 0 +3.883329338e-01 +9.955833293e+01 +9.955833293e+01 +2.4704e+00 +2.6757e+00 +3.8563e+00
12051 0 +3.877891645e-01 +9.955778916e+01 +9.955778916e+01 +2.4704e+00 +2.6757e+00 +3.8563e+00
% f evaluations | g evaluations | best noise-free fitness - Fopt (-5.179100000000e+02) + sum g_i+ | measured fitness | best measured fitness or single-digit g-values | x1 | x2...
1 0 +2.375116382e+01 -4.941588362e+02 -4.941588362e+02 +3.7503e+00 +3.6200e+00 -3.2928e+00
28 0 +2.287585977e+01 -4.950341402e+02 -4.950341402e+02 -3.9860e-03 -4.2957e+00 +3.1845e+00
29 0 +1.616508630e+01 -5.017449137e+02 -5.017449137e+02 +2.7643e+00 -7.1943e-01 -4.2034e+00
49 0 +1.457590082e+01 -5.033340992e+02 -5.033340992e+02 -3.0329e+00 -1.4666e+00 -3.7801e+00
64 0 +5.211016551e+00 -5.126989834e+02 -5.126989834e+02 -2.9086e+00 -9.7196e-01 -2.8956e+00
80 0 +2.919408773e+00 -5.149905912e+02 -5.149905912e+02 -2.7401e+00 -1.3696e+00 -2.9795e+00
104 0 +2.827342830e+00 -5.150826572e+02 -5.150826572e+02 -2.7950e+00 -1.3811e+00 -3.0946e+00
132 0 +2.486016005e+00 -5.154239840e+02 -5.154239840e+02 -2.7126e+00 -1.2956e+00 -2.9695e+00
140 0 +1.967698293e+00 -5.159423017e+02 -5.159423017e+02 -2.6959e+00 -1.3531e+00 -2.9399e+00
232 0 +1.658062958e+00 -5.162519370e+02 -5.162519370e+02 -2.6951e+00 -1.3502e+00 -2.9385e+00
241 0 +7.581497186e-01 -5.171518503e+02 -5.171518503e+02 -2.6294e+00 -1.3217e+00 -2.7792e+00
314 0 +7.398542815e-01 -5.171701457e+02 -5.171701457e+02 -2.6570e+00 -1.3268e+00 -2.8593e+00
561 0 +6.613403906e-01 -5.172486596e+02 -5.172486596e+02 -2.6712e+00 -1.3903e+00 -2.9522e+00
621 0 +6.339289205e-01 -5.172760711e+02 -5.172760711e+02 -2.6695e+00 -1.3862e+00 -2.9460e+00
642 0 +5.291666565e-01 -5.173808333e+02 -5.173808333e+02 -2.6711e+00 -1.3880e+00 -2.9490e+00
771 0 +5.223477901e-01 -5.173876522e+02 -5.173876522e+02 -2.6711e+00 -1.3880e+00 -2.9490e+00
859 0 +4.793407025e-01 -5.174306593e+02 -5.174306593e+02 -2.6710e+00 -1.3875e+00 -2.9485e+00
976 0 +4.767861033e-01 -5.174332139e+02 -5.174332139e+02 -2.6710e+00 -1.3875e+00 -2.9485e+00
1537 0 +4.672194013e-01 -5.174427806e+02 -5.174427806e+02 -2.6710e+00 -1.3877e+00 -2.9487e+00
7480 0 +4.559298999e-01 -5.174540701e+02 -5.174540701e+02 -2.6710e+00 -1.3874e+00 -2.9480e+00
12051 0 +4.499838287e-01 -5.174600162e+02 -5.174600162e+02 -2.6710e+00 -1.3875e+00 -2.9480e+00
% f evaluations | g evaluations | best noise-free fitness - Fopt (-5.721000000000e+01) + sum g_i+ | measured fitness | best measured fitness or single-digit g-values | x1 | x2...
1 0 +1.639757878e+02 +1.067657878e+02 +1.067657878e+02 -1.9900e+00 +2.9108e+00 -2.2600e-01
2 0 +8.844096541e+01 +3.123096541e+01 +3.123096541e+01 +2.7847e+00 -1.9092e+00 +1.1988e+00
3 0 +3.900224367e+01 -1.820775633e+01 -1.820775633e+01 -3.7754e-01 -2.7459e+00 +4.1090e+00
4 0 +1.494112377e+01 -4.226887623e+01 -4.226887623e+01 -3.4540e+00 +1.7779e+00 -3.0233e-01
52 0 +1.227527794e+01 -4.493472206e+01 -4.493472206e+01 -4.3933e+00 +1.2228e+00 -5.2834e-01
83 0 +7.861680569e+00 -4.934831943e+01 -4.934831943e+01 -4.5036e+00 +8.9628e-01 -3.5778e-01
207 0 +7.620480338e+00 -4.958951966e+01 -4.958951966e+01 -4.3147e+00 +1.1573e+00 -3.4735e-01
308 0 +4.319164489e+00 -5.289083551e+01 -5.289083551e+01 -4.1534e+00 +1.2805e+00 -3.3223e-01
326 0 +2.002361213e+00 -5.520763879e+01 -5.520763879e+01 -1.6055e+00 +1.6767e+00 +6.3808e-01
412 0 +4.027027241e-01 -5.680729728e+01 -5.680729728e+01 -1.4301e+00 +1.7237e+00 +6.9821e-01
552 0 +3.944577004e-01 -5.681554230e+01 -5.681554230e+01 -1.4157e+00 +1.7279e+00 +7.0331e-01
727 0 +2.908226345e-01 -5.691917737e+01 -5.691917737e+01 -1.3898e+00 +1.7576e+00 +7.4247e-01
770 0 +1.633792812e-01 -5.704662072e+01 -5.704662072e+01 -1.3891e+00 +1.7639e+00 +7.5070e-01
839 0 +1.303480067e-01 -5.707965199e+01 -5.707965199e+01 -1.3901e+00 +1.7587e+00 +7.4804e-01
924 0 +1.248667967e-01 -5.708513320e+01 -5.708513320e+01 -1.3881e+00 +1.7604e+00 +7.5047e-01
955 0 +1.069763159e-01 -5.710302368e+01 -5.710302368e+01 -1.3879e+00 +1.7610e+00 +7.5067e-01
992 0 +1.019105689e-01 -5.710808943e+01 -5.710808943e+01 -1.3966e+00 +1.7578e+00 +7.4705e-01
1025 0 +9.678339016e-02 -5.711321661e+01 -5.711321661e+01 -1.3966e+00 +1.7585e+00 +7.4775e-01
1043 0 +7.861927309e-02 -5.713138073e+01 -5.713138073e+01 -1.3950e+00 +1.7591e+00 +7.4708e-01
1069 0 +7.615894083e-02 -5.713384106e+01 -5.713384106e+01 -1.3917e+00 +1.7602e+00 +7.4826e-01
1095 0 +6.883652425e-02 -5.714116348e+01 -5.714116348e+01 -1.3919e+00 +1.7598e+00 +7.4861e-01
1119 0 +6.333485902e-02 -5.714666514e+01 -5.714666514e+01 -1.3915e+00 +1.7604e+00 +7.4917e-01
1130 0 +5.631210761e-02 -5.715368789e+01 -5.715368789e+01 -1.3915e+00 +1.7602e+00 +7.4941e-01
1195 0 +5.474304248e-02 -5.715525696e+01 -5.715525696e+01 -1.3915e+00 +1.7603e+00 +7.4961e-01
1374 0 +5.338738103e-02 -5.715661262e+01 -5.715661262e+01 -1.3915e+00 +1.7603e+00 +7.4959e-01
1664 0 +5.222166932e-02 -5.715777833e+01 -5.715777833e+01 -1.3914e+00 +1.7604e+00 +7.4976e-01
1786 0 +5.107319841e-02 -5.715892680e+01 -5.715892680e+01 -1.3914e+00 +1.7604e+00 +7.4976e-01
12051 0 +5.021933618e-02 -5.715978066e+01 -5.715978066e+01 -1.3914e+00 +1.7604e+00 +7.4977e-01
% f evaluations | g evaluations | best noise-free fitness - Fopt (7.135000000000e+01) + sum g_i+ | measured fitness | best measured fitness or single-digit g-values | x1 | x2...
1 0 +4.651489037e+01 +1.178648904e+02 +1.178648904e+02 -3.8134e+00 -1.2895e+00 +1.7052e+00
2 0 +4.168377952e+01 +1.130337795e+02 +1.130337795e+02 -3.7110e+00 -1.2081e+00 +2.1196e+00
15 0 +3.991736561e+01 +1.112673656e+02 +1.112673656e+02 +1.9577e+00 -4.3515e+00 +2.8212e+00
18 0 +2.555023795e+01 +9.690023795e+01 +9.690023795e+01 +1.7682e+00 -9.6871e-01 -2.8786e+00
22 0 +2.078057240e+01 +9.213057240e+01 +9.213057240e+01 -4.8574e+00 -1.0341e+00 -2.5410e-01
43 0 +1.047644837e+01 +8.182644837e+01 +8.182644837e+01 +3.5053e+00 -2.4268e+00 +1.7339e+00
59 0 +6.524529708e+00 +7.787452971e+01 +7.787452971e+01 +5.0000e+00 -3.0789e-01 +5.0000e+00
225 0 +6.168624619e+00 +7.751862462e+01 +7.751862462e+01 +5.0000e+00 -3.0745e-01 +5.0000e+00
227 0 +6.050631188e+00 +7.740063119e+01 +7.740063119e+01 +5.0000e+00 -3.0694e-01 +5.0000e+00
290 0 +5.089806786e+00 +7.643980679e+01 +7.643980679e+01 +4.9607e+00 -3.2306e-01 +4.9607e+00
392 0 +4.815388706e+00 +7.616538871e+01 +7.616538871e+01 +4.9611e+00 -3.0334e-01 +4.9611e+00
404 0 +4.623734038e+00 +7.597373404e+01 +7.597373404e+01 +4.9613e+00 -3.0331e-01 +4.9613e+00
414 0 +3.812644124e+00 +7.516264412e+01 +7.516264412e+01 +4.9566e+00 -3.0662e-01 +4.9517e+00
440 0 +3.609080390e+00 +7.495908039e+01 +7.495908039e+01 +4.9614e+00 -2.8792e-01 +4.9614e+00
492 0 +3.517903338e+00 +7.486790334e+01 +7.486790334e+01 +4.9617e+00 -2.8771e-01 +4.9617e+00
620 0 +3.225496018e+00 +7.457549602e+01 +7.457549602e+01 +4.9472e+00 -2.9100e-01 +4.9472e+00
860 0 +3.088082599e+00 +7.443808260e+01 +7.443808260e+01 +4.9475e+00 -2.9140e-01 +4.9475e+00
1680 0 +2.726043295e+00 +7.407604329e+01 +7.407604329e+01 -5.0000e+00 -5.0000e+00 -4.5222e+00
1919 0 +7.318850575e-01 +7.208188506e+01 +7.208188506e+01 +5.0000e+00 +2.4703e+00 +2.2556e+00
2070 0 +3.911673000e-01 +7.174116730e+01 +7.174116730e+01 +4.9995e+00 +2.4268e+00 +2.2129e+00
2122 0 +3.741604518e-01 +7.172416045e+01 +7.172416045e+01 +4.9979e+00 +2.4265e+00 +2.2126e+00
2255 0 +3.240492704e-01 +7.167404927e+01 +7.167404927e+01 +5.0000e+00 +2.4305e+00 +2.2167e+00
2497 0 +3.184917564e-01 +7.166849176e+01 +7.166849176e+01 +4.9999e+00 +2.4293e+00 +2.2155e+00
2548 0 +3.023169559e-01 +7.165231696e+01 +7.165231696e+01 +4.9999e+00 +2.4298e+00 +2.2160e+00
2605 0 +3.006972680e-01 +7.165069727e+01 +7.165069727e+01 +4.9999e+00 +2.4299e+00 +2.2160e+00
2848 0 +2.941151712e-01 +7.164411517e+01 +7.164411517e+01 +4.9999e+00 +2.4300e+00 +2.2162e+00
2997 0 +2.864606661e-01 +7.163646067e+01 +7.163646067e+01 +4.9999e+00 +2.4300e+00 +2.2162e+00
5984 0 +2.320409154e-01 +7.158204092e+01 +7.158204092e+01 +5.0000e+00 +2.5206e+00 +2.2448e+00
6026 0 +1.418912672e-01 +7.149189127e+01 +7.149189127e+01 +5.0000e+00 +2.5290e+00 +2.2475e+00
6092 0 +1.344125462e-01 +7.148441255e+01 +7.148441255e+01 +4.9998e+00 +2.5282e+00 +2.2472e+00
6126 0 +1.307490297e-01 +7.148074903e+01 +7.148074903e+01 +4.9998e+00 +2.5282e+00 +2.2472e+00
6288 0 +1.284820002e-01 +7.147848200e+01 +7.147848200e+01 +4.9998e+00 +2.5283e+00 +2.2472e+00
6335 0 +1.258747865e-01 +7.147587479e+01 +7.147587479e+01 +4.9998e+00 +2.5284e+00 +2.2472e+00
6676 0 +1.226829967e-01 +7.147268300e+01 +7.147268300e+01 +4.9998e+00 +2.5283e+00 +2.2472e+00
12051 0 +1.215465486e-01 +7.147154655e+01 +7.147154655e+01 +4.9998e+00 +2.5283e+00 +2.2472e+00
% f evaluations | g evaluations | best noise-free fitness - Fopt (-3.552200000000e+02) + sum g_i+ | measured fitness | best measured fitness or single-digit g-values | x1 | x2...
1 0 +1.425027333e+02 -2.127172667e+02 -2.127172667e+02 +3.2480e+00 +2.3859e+00 -1.6003e+00
2 0 +1.353727000e+02 -2.198473000e+02 -2.198473000e+02 +3.8906e+00 -4.6058e-01 +8.2151e-01
3 0 +1.252013661e+02 -2.300186339e+02 -2.300186339e+02 +1.0911e+00 +1.7664e+00 -3.8433e-01
4 0 +1.668074826e+01 -3.385392517e+02 -3.385392517e+02 -3.1294e+00 +3.5572e+00 +2.9454e-01
7 0 +9.278797566e+00 -3.459412024e+02 -3.459412024e+02 -4.9850e+00 -3.2155e+00 +2.5841e+00
70 0 +6.020499835e+00 -3.491995002e+02 -3.491995002e+02 -4.9341e+00 -2.6188e+00 +4.6349e+00
126 0 +3.160604613e+00 -3.520593954e+02 -3.520593954e+02 -4.8606e+00 -2.2037e+00 +5.0000e+00
155 0 +1.911801494e+00 -3.533081985e+02 -3.533081985e+02 -4.9275e+00 -2.6381e+00 +4.3502e+00
203 0 +1.904221525e+00 -3.533157785e+02 -3.533157785e+02 -4.9553e+00 -2.7558e+00 +4.3107e+00
208 0 +6.809086813e-01 -3.545390913e+02 -3.545390913e+02 -4.9336e+00 -2.6453e+00 +4.3200e+00
238 0 +4.773967066e-01 -3.547426033e+02 -3.547426033e+02 -4.9175e+00 -2.4904e+00 +4.4302e+00
345 0 +2.411734029e-01 -3.549788266e+02 -3.549788266e+02 -4.9026e+00 -2.3753e+00 +4.4654e+00
355 0 +9.557541181e-02 -3.551244246e+02 -3.551244246e+02 -4.8994e+00 -2.3442e+00 +4.4782e+00
399 0 +7.172736253e-02 -3.551482726e+02 -3.551482726e+02 -4.8936e+00 -2.3405e+00 +4.4672e+00
405 0 +4.788049720e-02 -3.551721195e+02 -3.551721195e+02 -4.8919e+00 -2.3394e+00 +4.4705e+00
421 0 +1.882797172e-02 -3.552011720e+02 -3.552011720e+02 -4.8894e+00 -2.3357e+00 +4.4678e+00
452 0 +9.123584190e-03 -3.552108764e+02 -3.552108764e+02 -4.8922e+00 -2.3536e+00 +4.4190e+00
505 0 +6.926428431e-03 -3.552130736e+02 -3.552130736e+02 -4.8924e+00 -2.3578e+00 +4.4036e+00
572 0 +5.081044516e-03 -3.552149190e+02 -3.552149190e+02 -4.8925e+00 -2.3619e+00 +4.3833e+00
606 0 +1.845308207e-03 -3.552181547e+02 -3.552181547e+02 -4.8915e+00 -2.3539e+00 +4.3946e+00
708 0 +1.762747542e-03 -3.552182373e+02 -3.552182373e+02 -4.8916e+00 -2.3545e+00 +4.3942e+00
731 0 +1.074766892e-03 -3.552189252e+02 -3.552189252e+02 -4.8953e+00 -2.3800e+00 +4.3884e+00
756 0 +1.060585381e-03 -3.552189394e+02 -3.552189394e+02 -4.8948e+00 -2.3766e+00 +4.3892e+00
778 0 +8.753218373e-04 -3.552191247e+02 -3.552191247e+02 -4.8939e+00 -2.3698e+00 +4.3939e+00
788 0 +6.141215198e-04 -3.552193859e+02 -3.552193859e+02 -4.8937e+00 -2.3699e+00 +4.3961e+00
805 0 +5.088014128e-04 -3.552194912e+02 -3.552194912e+02 -4.8938e+00 -2.3707e+00 +4.3956e+00
837 0 +2.769718450e-04 -3.552197230e+02 -3.552197230e+02 -4.8937e+00 -2.3702e+00 +4.3948e+00
927 0 +5.662787703e-05 -3.552199434e+02 -3.552199434e+02 -4.8939e+00 -2.3715e+00 +4.3906e+00
956 0 +1.585915788e-05 -3.552199841e+02 -3.552199841e+02 -4.8940e+00 -2.3718e+00 +4.3889e+00
959 0 +9.680062419e-06 -3.552199903e+02 -3.552199903e+02 -4.8941e+00 -2.3723e+00 +4.3891e+00
996 0 +1.964087630e-06 -3.552199980e+02 -3.552199980e+02 -4.8941e+00 -2.3728e+00 +4.3884e+00
1059 0 +1.903941893e-07 -3.552199998e+02 -3.552199998e+02 -4.8941e+00 -2.3726e+00 +4.3887e+00
1148 0 +2.088938800e-08 -3.552200000e+02 -3.552200000e+02 -4.8941e+00 -2.3727e+00 +4.3886e+00
1315 0 +1.780807679e-08 -3.552200000e+02 -3.552200000e+02 -4.8941e+00 -2.3727e+00 +4.3886e+00
1367 0 +1.767119784e-08 -3.552200000e+02 -3.552200000e+02 -4.8941e+00 -2.3727e+00 +4.3886e+00
1421 0 +6.080654202e-09 -3.552200000e+02 -3.552200000e+02 -4.8941e+00 -2.3727e+00 +4.3886e+00
2609 0 +7.958078641e-13 -3.552200000e+02 -3.552200000e+02 -4.8941e+00 -2.3727e+00 +4.3886e+00
2626 0 +0.000000000e+00 -3.552200000e+02 -3.552200000e+02 -4.8941e+00 -2.3727e+00 +4.3886e+00
12051 0 +0.000000000e+00 -3.552200000e+02 -3.552200000e+02 -4.8941e+00 -2.3727e+00 +4.3886e+00
% f evaluations | g evaluations | best noise-free fitness - Fopt (9.917000000000e+01) + sum g_i+ | measured fitness | best measured fitness or single-digit g-values | x1 | x2...
1 0 +7.392147391e+01 +1.730914739e+02 +1.730914739e+02 -4.5146e-01 +2.3472e+00 -5.3743e-03
2 0 +7.185738040e+01 +1.710273804e+02 +1.710273804e+02 -3.0483e+00 -4.1426e+00 -3.9616e+00
3 0 +6.410653388e+00 +1.055806534e+02 +1.055806534e+02 +4.1136e+00 +1.9263e+00 -2.2225e+00
116 0 +3.307092017e+00 +1.024770920e+02 +1.024770920e+02 +4.1839e+00 +2.1388e+00 -2.2156e+00
516 0 +3.212757838e+00 +1.023827578e+02 +1.023827578e+02 +4.1837e+00 +2.1381e+00 -2.2158e+00
1288 0 +2.476298460e+00 +1.016462985e+02 +1.016462985e+02 +5.0000e+00 +2.9529e+00 +2.7281e+00
1401 0 +1.993767882e+00 +1.011637679e+02 +1.011637679e+02 +5.0000e+00 +2.9890e+00 +2.8157e+00
1450 0 +1.045366722e+00 +1.002153667e+02 +1.002153667e+02 +4.9669e+00 +2.9545e+00 +2.6230e+00
1492 0 +7.780116856e-01 +9.994801169e+01 +9.994801169e+01 +4.9556e+00 +2.9026e+00 +2.6145e+00
1600 0 +7.490732484e-01 +9.991907325e+01 +9.991907325e+01 +4.9620e+00 +2.9321e+00 +2.6194e+00
1642 0 +6.855329524e-01 +9.985553295e+01 +9.985553295e+01 +4.9624e+00 +2.9322e+00 +2.6195e+00
1736 0 +6.096078562e-01 +9.977960786e+01 +9.977960786e+01 +4.9626e+00 +2.9325e+00 +2.6206e+00
1841 0 +5.889665804e-01 +9.975896658e+01 +9.975896658e+01 +4.9618e+00 +2.9317e+00 +2.6157e+00
1851 0 +5.152712584e-01 +9.968527126e+01 +9.968527126e+01 +4.9619e+00 +2.9227e+00 +2.6101e+00
2039 0 +4.960286954e-01 +9.966602870e+01 +9.966602870e+01 +4.9641e+00 +2.9286e+00 +2.6164e+00
2230 0 +4.544709365e-01 +9.962447094e+01 +9.962447094e+01 +4.9624e+00 +2.9264e+00 +2.6116e+00
2579 0 +4.437490122e-01 +9.961374901e+01 +9.961374901e+01 +4.9624e+00 +2.9263e+00 +2.6115e+00
3030 0 +4.301950582e-01 +9.960019506e+01 +9.960019506e+01 +4.9626e+00 +2.9274e+00 +2.6120e+00
3070 0 +4.255088041e-01 +9.959550880e+01 +9.959550880e+01 +4.9626e+00 +2.9276e+00 +2.6120e+00
3134 0 +4.153422883e-01 +9.958534229e+01 +9.958534229e+01 +4.9627e+00 +2.9280e+00 +2.6122e+00
6613 0 +4.073731079e-01 +9.957737311e+01 +9.957737311e+01 +4.9626e+00 +2.9279e+00 +2.6121e+00
12051 0 +4.065032273e-01 +9.957650323e+01 +9.957650323e+01 +4.9626e+00 +2.9279e+00 +2.6121e+00
% f evaluations | g evaluations | best noise-free fitness - Fopt (-5.179100000000e+02) + sum g_i+ | measured fitness | best measured fitness or single-digit g-values | x1 | x2...
1 0 +5.446999353e+01 -4.634400065e+02 -4.634400065e+02 +1.0680e+00 -1.1152e+00 +2.5247e+00
6 0 +1.707874927e+01 -5.008312507e+02 -5.008312507e+02 -2.3598e+00 -3.6692e+00 -4.6504e-01
46 0 +6.737000618e+00 -5.111729994e+02 -5.111729994e+02 -3.4446e+00 +2.0115e+00 -2.6645e-01
100 0 +4.713947179e+00 -5.131960528e+02 -5.131960528e+02 -3.4360e+00 +2.0210e+00 -2.4465e-01
144 0 +4.232193701e+00 -5.136778063e+02 -5.136778063e+02 -3.4518e+00 +1.9749e+00 -5.3818e-01
183 0 +3.308664739e+00 -5.146013353e+02 -5.146013353e+02 -3.4464e+00 +1.9842e+00 -5.1754e-01
408 0 +3.234483736e+00 -5.146755163e+02 -5.146755163e+02 -3.4464e+00 +1.9869e+00 -5.1097e-01
438 0 +7.549303172e-01 -5.171550697e+02 -5.171550697e+02 -3.4263e+00 +2.0028e+00 -5.1482e-01
468 0 +7.281582324e-01 -5.171818418e+02 -5.171818418e+02 -3.4264e+00 +2.0024e+00 -5.1499e-01
600 0 +6.866095577e-01 -5.172233904e+02 -5.172233904e+02 -3.4266e+00 +2.0021e+00 -5.1981e-01
691 0 +6.520758095e-01 -5.172579242e+02 -5.172579242e+02 -3.4280e+00 +2.0011e+00 -5.2063e-01
750 0 +6.442503587e-01 -5.172657496e+02 -5.172657496e+02 -3.4275e+00 +2.0015e+00 -5.2033e-01
788 0 +6.257619876e-01 -5.172842380e+02 -5.172842380e+02 -3.4275e+00 +2.0014e+00 -5.2049e-01
799 0 +5.990761380e-01 -5.173109239e+02 -5.173109239e+02 -3.4279e+00 +2.0014e+00 -5.2064e-01
833 0 +5.879880123e-01 -5.173220120e+02 -5.173220120e+02 -3.4279e+00 +2.0014e+00 -5.2067e-01
12051 0 +5.811372325e-01 -5.173288628e+02 -5.173288628e+02 -3.4279e+00 +2.0014e+00 -5.2065e-01
% f evaluations | g evaluations | best noise-free fitness - Fopt (-5.721000000000e+01) + sum g_i+ | measured fitness | best measured fitness or single-digit g-values | x1 | x2...
1 0 +4.073122717e+01 -1.647877283e+01 -1.647877283e+01 +7.7117e-01 +5.2063e-01 +4.3548e+00
4 0 +3.023930662e+01 -2.697069338e+01 -2.697069338e+01 +3.0875e+00 -2.7368e+00 +4.0320e+00
9 0 +1.990300871e+01 -3.730699129e+01 -3.730699129e+01 +6.2520e-01 -1.0866e+00 +2.4345e-03
11 0 +1.929618119e+01 -3.791381881e+01 -3.791381881e+01 +1.0175e+00 +4.3055e+00 -4.2180e+00
19 0 +1.598334753e+01 -4.122665247e+01 -4.122665247e+01 -2.1154e+00 -3.8772e+00 -2.9358e+00
24 0 +1.377268121e+01 -4.343731879e+01 -4.343731879e+01 -4.8914e+00 +3.4593e+00 +3.2009e+00
51 0 +1.122113895e+01 -4.598886105e+01 -4.598886105e+01 -3.1162e+00 -4.5275e+00 -7.0355e-01
54 0 +1.071535607e+01 -4.649464393e+01 -4.649464393e+01 -2.7043e+00 -4.4086e+00 -3.8914e-01
80 0 +4.666951320e+00 -5.254304868e+01 -5.254304868e+01 -5.0000e+00 -4.5950e+00 -2.0692e+00
122 0 +4.365875716e+00 -5.284412428e+01 -5.284412428e+01 -5.0000e+00 -4.5981e+00 -2.1542e+00
132 0 +1.716694774e+00 -5.549330523e+01 -5.549330523e+01 -5.0000e+00 -4.5966e+00 -2.2709e+00
212 0 +1.599115850e+00 -5.561088415e+01 -5.561088415e+01 -5.0000e+00 -4.6040e+00 -2.2750e+00
255 0 +1.525441842e+00 -5.568455816e+01 -5.568455816e+01 -4.9613e+00 -4.5767e+00 -2.2633e+00
290 0 +1.411610195e+00 -5.579838981e+01 -5.579838981e+01 -5.0000e+00 -4.6025e+00 -2.2698e+00
306 0 +1.329437427e+00 -5.588056257e+01 -5.588056257e+01 -5.0000e+00 -4.6030e+00 -2.2704e+00
372 0 +1.302017088e+00 -5.590798291e+01 -5.590798291e+01 -5.0000e+00 -4.6031e+00 -2.2708e+00
597 0 +1.269452379e+00 -5.594054762e+01 -5.594054762e+01 -4.9997e+00 -4.5773e+00 -2.2322e+00
638 0 +1.212565979e+00 -5.599743402e+01 -5.599743402e+01 -5.0000e+00 -4.5775e+00 -2.2324e+00
669 0 +1.090719282e+00 -5.611928072e+01 -5.611928072e+01 -5.0000e+00 -4.5799e+00 -2.2428e+00
686 0 +9.719988361e-01 -5.623800116e+01 -5.623800116e+01 -5.0000e+00 -4.5794e+00 -2.2804e+00
715 0 +9.108002326e-01 -5.629919977e+01 -5.629919977e+01 -4.9998e+00 -4.5584e+00 -2.2640e+00
721 0 +8.640239012e-01 -5.634597610e+01 -5.634597610e+01 -5.0000e+00 -4.5802e+00 -2.3024e+00
738 0 +7.280110412e-01 -5.648198896e+01 -5.648198896e+01 -5.0000e+00 -4.5806e+00 -2.3098e+00
763 0 +6.791825272e-01 -5.653081747e+01 -5.653081747e+01 -5.0000e+00 -4.5810e+00 -2.3105e+00
985 0 +6.729464137e-01 -5.653705359e+01 -5.653705359e+01 -4.9787e+00 -4.5597e+00 -2.2942e+00
1001 0 +6.179748982e-01 -5.659202510e+01 -5.659202510e+01 -5.0000e+00 -4.5808e+00 -2.3077e+00
1054 0 +6.098694986e-01 -5.660013050e+01 -5.660013050e+01 -5.0000e+00 -4.5808e+00 -2.3077e+00
1650 0 +6.021817714e-01 -5.660781823e+01 -5.660781823e+01 -4.9999e+00 -4.5808e+00 -2.3076e+00
12051 0 +5.980601934e-01 -5.661193981e+01 -5.661193981e+01 -4.9999e+00 -4.5808e+00 -2.3076e+00
