% f evaluations | g evaluations | best noise-free fitness - Fopt (-6.211100000000e+02) + sum g_i+ | measured fitness | best measured fitness or single-digit g-values | x1 | x2...
1 0 +1.445290629e+08 +1.445284418e+08 +1.445284418e+08 -4.0383e+00 +1.6824e+00 -4.1766e+00
3 0 +4.223962379e+07 +4.223900268e+07 +4.223900268e+07 -1.8448e+00 -1.4858e+00 +3.9517e+00
4 0 +4.020715948e+07 +4.020653837e+07 +4.020653837e+07 -1.9539e+00 -3.7608e-01 -2.0073e+00
8 0 +1.194354732e+07 +1.194292621e+07 +1.194292621e+07 +4.6458e+00 +1.3927e+00 +1.9118e+00
11 0 +5.367685038e+06 +5.367063928e+06 +5.367063928e+06 -8.5883e-01 +1.0765e+00 -4.1791e-01
30 0 +4.303789305e+06 +4.303168195e+06 +4.303168195e+06 +2.9215e+00 -8.1027e-01 -1.1908e+00
31 0 +2.777213182e+05 +2.771002082e+05 +2.771002082e+05 +3.6894e+00 +1.0486e-01 -4.8859e-01
122 0 +4.230713189e+03 +3.609603189e+03 +3.609603189e+03 +5.0000e+00 -5.3268e-01 -8.4320e-01
770 0 +3.740064412e+03 +3.118954412e+03 +3.118954412e+03 -8.6073e-01 +4.0756e+00 +1.6933e-01
861 0 +8.172553607e+02 +1.961453607e+02 +1.961453607e+02 +1.3025e+00 +2.2392e+00 -5.1047e-01
1162 0 +2.990860218e+02 -3.220239782e+02 -3.220239782e+02 -1.0560e+00 +4.1697e+00 +2.2374e-01
1490 0 +1.703010990e+02 -4.508089010e+02 -4.508089010e+02 +1.1672e+00 +2.3223e+00 -4.7368e-01
1712 0 +3.411577172e+01 -5.869942283e+02 -5.869942283e+02 -5.4314e-01 +3.6986e+00 +3.0864e-02
1979 0 +2.436653707e+00 -6.186733463e+02 -6.186733463e+02 -4.4998e-01 +3.6161e+00 -1.4514e-02
2936 0 +4.105317115e-01 -6.206994683e+02 -6.206994683e+02 -1.1811e+00 +4.2500e+00 +2.6017e-01
6456 0 +2.498145897e-01 -6.208601854e+02 -6.208601854e+02 -1.1464e+00 +4.2188e+00 +2.4958e-01
7456 0 +2.111512393e-01 -6.208988488e+02 -6.208988488e+02 -1.1030e+00 +4.1799e+00 +2.3687e-01
8273 0 +1.339555115e-01 -6.209760445e+02 -6.209760445e+02 -1.0713e+00 +4.1507e+00 +2.2714e-01
8339 0 +1.114115690e-01 -6.209985884e+02 -6.209985884e+02 -1.1222e+00 +4.1966e+00 +2.4249e-01
8472 0 +1.092291425e-01 -6.210007709e+02 -6.210007709e+02 -6.4575e-01 +3.7816e+00 +6.6218e-02
8987 0 +4.617461613e-02 -6.210638254e+02 -6.210638254e+02 -9.6497e-01 +4.0546e+00 +1.9421e-01
9132 0 +3.394520797e-02 -6.210760548e+02 -6.210760548e+02 -8.4027e-01 +3.9476e+00 +1.5026e-01
10309 0 +2.708512110e-02 -6.210829149e+02 -6.210829149e+02 -1.0121e+00 +4.0970e+00 +2.0864e-01
10627 0 +2.258266891e-02 -6.210874173e+02 -6.210874173e+02 -9.8573e-01 +4.0732e+00 +2.0042e-01
10800 0 +1.841425062e-02 -6.210915857e+02 -6.210915857e+02 -9.5603e-01 +4.0467e+00 +1.9116e-01
10866 0 +8.454560906e-03 -6.211015454e+02 -6.211015454e+02 -9.5648e-01 +4.0472e+00 +1.9143e-01
10890 0 +6.754491820e-03 -6.211032455e+02 -6.211032455e+02 -9.3209e-01 +4.0258e+00 +1.8386e-01
11014 0 +4.858931383e-03 -6.211051411e+02 -6.211051411e+02 -9.3430e-01 +4.0277e+00 +1.8454e-01
11212 0 +3.658421334e-03 -6.211063416e+02 -6.211063416e+02 -9.2252e-01 +4.0173e+00 +1.8085e-01
11390 0 +3.402327591e-03 -6.211065977e+02 -6.211065977e+02 -9.3389e-01 +4.0273e+00 +1.8438e-01
11412 0 +2.816332509e-03 -6.211071837e+02 -6.211071837e+02 -9.2496e-01 +4.0195e+00 +1.8161e-01
11502 0 +2.266244268e-03 -6.211077338e+02 -6.211077338e+02 -9.2489e-01 +4.0194e+00 +1.8155e-01
11562 0 +1.751742711e-03 -6.211082483e+02 -6.211082483e+02 -9.2170e-01 +4.0166e+00 +1.8056e-01
11712 0 +1.519980122e-03 -6.211084800e+02 -6.211084800e+02 -9.1871e-01 +4.0140e+00 +1.7964e-01
11855 0 +1.206932156e-03 -6.211087931e+02 -6.211087931e+02 -9.1356e-01 +4.0096e+00 +1.7803e-01
12051 0 +1.206932156e-03 -6.211087931e+02 -6.211087931e+02 -9.1356e-01 +4.0096e+00 +1.7803e-01
% f evaluations | g evaluations | best noise-free fitness - Fopt (-2.548200000000e+02) + sum g_i+ | measured fitness | best measured fitness or single-digit g-values | x1 | x2...
1 0 +7.059263659e+08 +7.059261110e+08 +7.059261110e+08 -5.0902e-01 -1.0728e+00 +1.7095e+00
2 0 +3.415172178e+07 +3.415146696e+07 +3.415146696e+07 +3.4561e+00 -3.0580e+00 +1.4091e+00
3 0 +1.074976936e+07 +1.074951454e+07 +1.074951454e+07 +5.1532e-01 -3.6610e-03 -6.5754e-01
15 0 +6.925025142e+06 +6.924770322e+06 +6.924770322e+06 +3.4105e+00 -2.7405e+00 -4.6726e-02
16 0 +5.482734033e+06 +5.482479213e+06 +5.482479213e+06 +2.5284e+00 -1.5840e+00 -3.7176e+00
26 0 +2.263751499e+06 +2.263496679e+06 +2.263496679e+06 +8.7257e-01 -4.1174e+00 -3.6138e+00
30 0 +4.532678770e+05 +4.530130570e+05 +4.530130570e+05 +3.6782e+00 +4.4248e+00 +7.7888e-01
76 0 +2.511271073e+05 +2.508722873e+05 +2.508722873e+05 +2.5731e+00 -5.4623e-01 -1.0633e+00
115 0 +2.281674597e+04 +2.256192597e+04 +2.256192597e+04 +3.5407e+00 +3.7149e+00 -4.6726e-02
331 0 +1.224662822e+04 +1.199180822e+04 +1.199180822e+04 +3.2816e+00 +2.8003e+00 -1.7912e-01
398 0 +3.982985108e+03 +3.728165108e+03 +3.728165108e+03 +2.6758e+00 +1.2406e+00 -6.5227e-01
491 0 +2.446511761e+03 +2.191691761e+03 +2.191691761e+03 +3.2764e+00 +2.5403e+00 -3.8133e-01
688 0 +8.863542234e+02 +6.315342234e+02 +6.315342234e+02 +2.0973e+00 -3.8854e-01 -1.1829e+00
726 0 +6.285507083e+01 -1.919649292e+02 -1.919649292e+02 +3.3691e+00 +2.9105e+00 -2.8419e-01
1467 0 +5.941801568e+01 -1.954019843e+02 -1.954019843e+02 +3.0767e+00 +2.1568e+00 -4.5326e-01
1536 0 +3.496063953e+01 -2.198593605e+02 -2.198593605e+02 +2.9209e+00 +1.7779e+00 -5.4070e-01
1595 0 +1.164834820e+01 -2.431716518e+02 -2.431716518e+02 +3.0818e+00 +2.1934e+00 -4.4396e-01
1786 0 +1.143457886e+01 -2.433854211e+02 -2.433854211e+02 +2.9209e+00 +1.7779e+00 -5.4907e-01
1892 0 +1.992387485e+00 -2.528276125e+02 -2.528276125e+02 +3.5142e+00 +3.2356e+00 -2.1224e-01
2762 0 +3.773088306e-01 -2.544426912e+02 -2.544426912e+02 +3.7063e+00 +3.6806e+00 -1.3245e-01
4729 0 +1.377991221e-01 -2.546822009e+02 -2.546822009e+02 +3.7229e+00 +3.7168e+00 -1.2517e-01
6110 0 +8.365033491e-02 -2.547363497e+02 -2.547363497e+02 +3.6812e+00 +3.6203e+00 -1.4366e-01
6249 0 +7.352170474e-02 -2.547464783e+02 -2.547464783e+02 +3.7015e+00 +3.6670e+00 -1.3495e-01
6629 0 +3.178696373e-02 -2.547882130e+02 -2.547882130e+02 +3.6906e+00 +3.6428e+00 -1.3952e-01
6829 0 +2.677759750e-02 -2.547932224e+02 -2.547932224e+02 +3.6775e+00 +3.6127e+00 -1.4495e-01
6954 0 +1.788155988e-02 -2.548021184e+02 -2.548021184e+02 +3.7330e+00 +3.7413e+00 -1.2029e-01
7455 0 +3.424107840e-03 -2.548165759e+02 -2.548165759e+02 +3.7279e+00 +3.7294e+00 -1.2285e-01
7855 0 +2.779785450e-03 -2.548172202e+02 -2.548172202e+02 +3.7293e+00 +3.7327e+00 -1.2227e-01
8430 0 +1.737848912e-03 -2.548182622e+02 -2.548182622e+02 +3.7257e+00 +3.7242e+00 -1.2395e-01
8830 0 +1.543392562e-03 -2.548184566e+02 -2.548184566e+02 +3.7288e+00 +3.7316e+00 -1.2247e-01
8892 0 +1.378058397e-03 -2.548186219e+02 -2.548186219e+02 +3.7325e+00 +3.7405e+00 -1.2057e-01
8903 0 +7.991488235e-04 -2.548192009e+02 -2.548192009e+02 +3.7311e+00 +3.7370e+00 -1.2133e-01
9132 0 +7.681323360e-04 -2.548192319e+02 -2.548192319e+02 +3.7324e+00 +3.7402e+00 -1.2063e-01
9221 0 +5.835279706e-04 -2.548194165e+02 -2.548194165e+02 +3.7323e+00 +3.7400e+00 -1.2070e-01
9377 0 +4.670624043e-04 -2.548195329e+02 -2.548195329e+02 +3.7332e+00 +3.7420e+00 -1.2026e-01
9384 0 +3.574140113e-04 -2.548196426e+02 -2.548196426e+02 +3.7338e+00 +3.7437e+00 -1.1991e-01
9454 0 +2.721051476e-04 -2.548197279e+02 -2.548197279e+02 +3.7348e+00 +3.7459e+00 -1.1942e-01
9598 0 +2.106407632e-04 -2.548197894e+02 -2.548197894e+02 +3.7365e+00 +3.7502e+00 -1.1848e-01
9669 0 +1.664663412e-04 -2.548198335e+02 -2.548198335e+02 +3.7372e+00 +3.7519e+00 -1.1812e-01
9820 0 +1.496525933e-04 -2.548198503e+02 -2.548198503e+02 +3.7365e+00 +3.7502e+00 -1.1848e-01
9874 0 +1.040675564e-04 -2.548198959e+02 -2.548198959e+02 +3.7375e+00 +3.7525e+00 -1.1795e-01
9978 0 +7.096403127e-05 -2.548199290e+02 -2.548199290e+02 +3.7379e+00 +3.7535e+00 -1.1773e-01
10060 0 +5.313360890e-05 -2.548199469e+02 -2.548199469e+02 +3.7388e+00 +3.7557e+00 -1.1721e-01
10254 0 +4.894613747e-05 -2.548199511e+02 -2.548199511e+02 +3.7391e+00 +3.7564e+00 -1.1706e-01
10289 0 +3.624351379e-05 -2.548199638e+02 -2.548199638e+02 +3.7387e+00 +3.7556e+00 -1.1726e-01
10329 0 +3.260375789e-05 -2.548199674e+02 -2.548199674e+02 +3.7397e+00 +3.7581e+00 -1.1667e-01
10406 0 +2.128956334e-05 -2.548199787e+02 -2.548199787e+02 +3.7397e+00 +3.7579e+00 -1.1670e-01
10435 0 +1.758770566e-05 -2.548199824e+02 -2.548199824e+02 +3.7397e+00 +3.7579e+00 -1.1671e-01
10536 0 +7.072207723e-06 -2.548199929e+02 -2.548199929e+02 +3.7399e+00 +3.7584e+00 -1.1659e-01
10673 0 +6.402523240e-06 -2.548199936e+02 -2.548199936e+02 +3.7400e+00 +3.7587e+00 -1.1652e-01
10780 0 +2.824953953e-06 -2.548199972e+02 -2.548199972e+02 +3.7403e+00 +3.7596e+00 -1.1631e-01
11193 0 +1.649378675e-06 -2.548199984e+02 -2.548199984e+02 +3.7404e+00 +3.7597e+00 -1.1626e-01
11233 0 +6.727988193e-07 -2.548199993e+02 -2.548199993e+02 +3.7406e+00 +3.7602e+00 -1.1616e-01
11547 0 +5.736250159e-07 -2.548199994e+02 -2.548199994e+02 +3.7406e+00 +3.7603e+00 -1.1614e-01
11701 0 +3.506105202e-07 -2.548199996e+02 -2.548199996e+02 +3.7407e+00 +3.7605e+00 -1.1608e-01
11811 0 +3.466110172e-07 -2.548199997e+02 -2.548199997e+02 +3.7406e+00 +3.7604e+00 -1.1611e-01
11859 0 +1.735695321e-07 -2.548199998e+02 -2.548199998e+02 +3.7407e+00 +3.7606e+00 -1.1604e-01
11907 0 +9.387554201e-08 -2.548199999e+02 -2.548199999e+02 +3.7407e+00 +3.7606e+00 -1.1606e-01
12051 0 +9.387554201e-08 -2.548199999e+02 -2.548199999e+02 +3.7407e+00 +3.7606e+00 -1.1606e-01
% f evaluations | g evaluations | best noise-free fitness - Fopt (5.661000000000e+01) + sum g_i+ | measured fitness | best measured fitness or single-digit g-values | x1 | x2...
1 0 +2.952560608e+10 +2.952560613e+10 +2.952560613e+10 -3.7644e+00 +4.4560e+00 +2.1070e+00
2 0 +5.946332149e+09 +5.946332206e+09 +5.946332206e+09 +1.6596e-01 +3.4686e+00 +9.9107e-01
3 0 +2.685794696e+09 +2.685794753e+09 +2.685794753e+09 +2.7326e+00 +1.5053e+00 +1.5062e+00
4 0 +1.071512896e+08 +1.071513462e+08 +1.071513462e+08 -3.2242e-01 -3.6488e+00 +2.1187e+00
7 0 +4.437490714e+06 +4.437547324e+06 +4.437547324e+06 -4.2471e+00 -3.4901e+00 -2.1289e+00
24 0 +7.976019412e+05 +7.976585512e+05 +7.976585512e+05 -4.8831e+00 -2.5937e+00 -3.9814e+00
187 0 +5.706284752e+05 +5.706850852e+05 +5.706850852e+05 -1.0470e+00 -4.0532e+00 -5.0000e+00
245 0 +5.274037935e+05 +5.274604035e+05 +5.274604035e+05 -1.1746e+00 -5.0000e+00 -5.0000e+00
251 0 +1.732649555e+05 +1.733215655e+05 +1.733215655e+05 -2.2618e+00 -3.5352e+00 -4.3364e+00
282 0 +3.191540711e+04 +3.197201711e+04 +3.197201711e+04 -1.7329e+00 -3.7028e+00 -5.0000e+00
324 0 +1.131104053e+04 +1.136765053e+04 +1.136765053e+04 -3.2484e+00 -2.7220e+00 -4.2002e+00
365 0 +6.319566759e+03 +6.376176759e+03 +6.376176759e+03 -1.8210e+00 -3.7104e+00 -5.0000e+00
432 0 +5.310608962e+02 +5.876708962e+02 +5.876708962e+02 -1.9271e+00 -3.7028e+00 -4.9270e+00
1035 0 +2.056907576e+02 +2.623007576e+02 +2.623007576e+02 -2.4685e+00 -3.1723e+00 -4.5980e+00
1325 0 +1.348716985e+02 +1.914816985e+02 +1.914816985e+02 -2.1170e+00 -3.5040e+00 -4.8042e+00
1363 0 +4.053892428e+01 +9.714892428e+01 +9.714892428e+01 -2.7161e+00 -2.9750e+00 -4.4418e+00
1673 0 +1.109930449e+01 +6.770930449e+01 +6.770930449e+01 -2.3859e+00 -3.2419e+00 -4.6311e+00
2582 0 +6.227086901e+00 +6.283708690e+01 +6.283708690e+01 -3.0188e+00 -2.7471e+00 -4.2655e+00
2679 0 +4.967947867e+00 +6.157794787e+01 +6.157794787e+01 -2.4266e+00 -3.2094e+00 -4.6094e+00
3831 0 +3.049166394e+00 +5.965916639e+01 +5.965916639e+01 -2.9261e+00 -2.8151e+00 -4.3180e+00
4849 0 +1.983324946e+00 +5.859332495e+01 +5.859332495e+01 -2.7623e+00 -2.9345e+00 -4.4096e+00
5016 0 +9.514062710e-01 +5.756140627e+01 +5.756140627e+01 -3.1616e+00 -2.6550e+00 -4.1926e+00
5461 0 +8.114317364e-01 +5.742143174e+01 +5.742143174e+01 -3.2056e+00 -2.6267e+00 -4.1708e+00
6390 0 +7.649683292e-01 +5.737496833e+01 +5.737496833e+01 -3.1137e+00 -2.6854e+00 -4.2176e+00
6764 0 +7.552387746e-01 +5.736523877e+01 +5.736523877e+01 -3.2776e+00 -2.5822e+00 -4.1346e+00
6930 0 +6.191273337e-01 +5.722912733e+01 +5.722912733e+01 -3.2135e+00 -2.6220e+00 -4.1664e+00
7441 0 +5.148424234e-01 +5.712484242e+01 +5.712484242e+01 -3.2591e+00 -2.5939e+00 -4.1433e+00
7849 0 +5.048615001e-01 +5.711486150e+01 +5.711486150e+01 -3.2625e+00 -2.5914e+00 -4.1414e+00
7950 0 +4.626827382e-01 +5.707268274e+01 +5.707268274e+01 -3.2982e+00 -2.5700e+00 -4.1240e+00
7983 0 +4.511100574e-01 +5.706111006e+01 +5.706111006e+01 -3.2750e+00 -2.5840e+00 -4.1352e+00
8037 0 +4.372093703e-01 +5.704720937e+01 +5.704720937e+01 -3.3228e+00 -2.5555e+00 -4.1119e+00
8398 0 +3.949466616e-01 +5.700494666e+01 +5.700494666e+01 -3.3217e+00 -2.5560e+00 -4.1120e+00
8614 0 +3.878944685e-01 +5.699789447e+01 +5.699789447e+01 -3.3089e+00 -2.5637e+00 -4.1185e+00
8840 0 +3.732595434e-01 +5.698325954e+01 +5.698325954e+01 -3.3180e+00 -2.5582e+00 -4.1140e+00
9052 0 +3.542012861e-01 +5.696420129e+01 +5.696420129e+01 -3.3470e+00 -2.5411e+00 -4.0998e+00
9080 0 +3.400093284e-01 +5.695000933e+01 +5.695000933e+01 -3.3538e+00 -2.5372e+00 -4.0963e+00
9205 0 +3.278108593e-01 +5.693781086e+01 +5.693781086e+01 -3.3590e+00 -2.5344e+00 -4.0940e+00
9230 0 +3.088210132e-01 +5.691882101e+01 +5.691882101e+01 -3.3719e+00 -2.5268e+00 -4.0875e+00
9335 0 +2.889293688e-01 +5.689892937e+01 +5.689892937e+01 -3.3826e+00 -2.5207e+00 -4.0823e+00
9432 0 +2.845439906e-01 +5.689454399e+01 +5.689454399e+01 -3.3800e+00 -2.5223e+00 -4.0836e+00
9568 0 +2.788465114e-01 +5.688884651e+01 +5.688884651e+01 -3.3877e+00 -2.5179e+00 -4.0798e+00
9579 0 +2.643235045e-01 +5.687432350e+01 +5.687432350e+01 -3.3976e+00 -2.5123e+00 -4.0751e+00
9602 0 +2.101943593e-01 +5.682019436e+01 +5.682019436e+01 -3.4613e+00 -2.4767e+00 -4.0447e+00
9664 0 +2.076498953e-01 +5.681764990e+01 +5.681764990e+01 -3.4743e+00 -2.4696e+00 -4.0386e+00
9761 0 +1.977342674e-01 +5.680773427e+01 +5.680773427e+01 -3.4613e+00 -2.4767e+00 -4.0446e+00
9957 0 +1.937669966e-01 +5.680376700e+01 +5.680376700e+01 -3.4876e+00 -2.4623e+00 -4.0322e+00
9958 0 +1.841686946e-01 +5.679416869e+01 +5.679416869e+01 -3.4705e+00 -2.4717e+00 -4.0402e+00
10053 0 +1.725182956e-01 +5.678251830e+01 +5.678251830e+01 -3.4830e+00 -2.4651e+00 -4.0343e+00
10194 0 +1.610918847e-01 +5.677109188e+01 +5.677109188e+01 -3.4908e+00 -2.4608e+00 -4.0307e+00
10219 0 +1.522474795e-01 +5.676224748e+01 +5.676224748e+01 -3.5021e+00 -2.4547e+00 -4.0254e+00
10285 0 +1.460699351e-01 +5.675606994e+01 +5.675606994e+01 -3.5102e+00 -2.4503e+00 -4.0215e+00
10372 0 +1.422628506e-01 +5.675226285e+01 +5.675226285e+01 -3.5137e+00 -2.4486e+00 -4.0200e+00
10414 0 +1.409494336e-01 +5.675094943e+01 +5.675094943e+01 -3.5129e+00 -2.4489e+00 -4.0203e+00
10467 0 +1.299002394e-01 +5.673990024e+01 +5.673990024e+01 -3.5292e+00 -2.4403e+00 -4.0127e+00
10579 0 +1.223475836e-01 +5.673234758e+01 +5.673234758e+01 -3.5376e+00 -2.4358e+00 -4.0088e+00
10605 0 +1.167452498e-01 +5.672674525e+01 +5.672674525e+01 -3.5445e+00 -2.4322e+00 -4.0056e+00
10722 0 +1.131072896e-01 +5.672310729e+01 +5.672310729e+01 -3.5485e+00 -2.4302e+00 -4.0037e+00
10725 0 +1.113028250e-01 +5.672130282e+01 +5.672130282e+01 -3.5533e+00 -2.4277e+00 -4.0014e+00
10753 0 +1.054796208e-01 +5.671547962e+01 +5.671547962e+01 -3.5591e+00 -2.4246e+00 -3.9988e+00
10812 0 +1.042015621e-01 +5.671420156e+01 +5.671420156e+01 -3.5611e+00 -2.4236e+00 -3.9978e+00
10825 0 +1.004034494e-01 +5.671040345e+01 +5.671040345e+01 -3.5715e+00 -2.4181e+00 -3.9930e+00
10876 0 +9.827052888e-02 +5.670827053e+01 +5.670827053e+01 -3.5793e+00 -2.4142e+00 -3.9894e+00
10877 0 +9.255886320e-02 +5.670255886e+01 +5.670255886e+01 -3.5831e+00 -2.4122e+00 -3.9877e+00
10906 0 +8.979996085e-02 +5.669979996e+01 +5.669979996e+01 -3.5922e+00 -2.4076e+00 -3.9835e+00
10941 0 +8.864009645e-02 +5.669864010e+01 +5.669864010e+01 -3.5818e+00 -2.4130e+00 -3.9884e+00
10994 0 +8.165035950e-02 +5.669165036e+01 +5.669165036e+01 -3.5948e+00 -2.4062e+00 -3.9824e+00
11068 0 +7.412164967e-02 +5.668412165e+01 +5.668412165e+01 -3.6054e+00 -2.4009e+00 -3.9775e+00
11117 0 +6.912304526e-02 +5.667912305e+01 +5.667912305e+01 -3.6162e+00 -2.3954e+00 -3.9726e+00
11168 0 +6.237860434e-02 +5.667237860e+01 +5.667237860e+01 -3.6296e+00 -2.3887e+00 -3.9665e+00
11272 0 +5.031851667e-02 +5.666031852e+01 +5.666031852e+01 -3.6490e+00 -2.3791e+00 -3.9577e+00
11356 0 +4.563053787e-02 +5.665563054e+01 +5.665563054e+01 -3.6631e+00 -2.3721e+00 -3.9514e+00
11404 0 +4.424480299e-02 +5.665424480e+01 +5.665424480e+01 -3.6615e+00 -2.3728e+00 -3.9521e+00
11442 0 +4.300762480e-02 +5.665300762e+01 +5.665300762e+01 -3.6627e+00 -2.3723e+00 -3.9516e+00
11514 0 +4.093607511e-02 +5.665093608e+01 +5.665093608e+01 -3.6731e+00 -2.3671e+00 -3.9468e+00
11573 0 +3.937768629e-02 +5.664937769e+01 +5.664937769e+01 -3.6703e+00 -2.3686e+00 -3.9481e+00
11579 0 +3.848462087e-02 +5.664848462e+01 +5.664848462e+01 -3.6715e+00 -2.3680e+00 -3.9476e+00
11639 0 +3.627656116e-02 +5.664627656e+01 +5.664627656e+01 -3.6786e+00 -2.3645e+00 -3.9443e+00
11640 0 +3.528152944e-02 +5.664528153e+01 +5.664528153e+01 -3.6827e+00 -2.3625e+00 -3.9425e+00
11678 0 +3.141784111e-02 +5.664141784e+01 +5.664141784e+01 -3.6941e+00 -2.3569e+00 -3.9374e+00
11712 0 +3.017471688e-02 +5.664017472e+01 +5.664017472e+01 -3.7020e+00 -2.3531e+00 -3.9339e+00
11753 0 +2.311804208e-02 +5.663311804e+01 +5.663311804e+01 -3.7142e+00 -2.3472e+00 -3.9285e+00
11803 0 +2.142993811e-02 +5.663142994e+01 +5.663142994e+01 -3.7197e+00 -2.3445e+00 -3.9260e+00
11821 0 +2.082103408e-02 +5.663082103e+01 +5.663082103e+01 -3.7198e+00 -2.3445e+00 -3.9259e+00
11861 0 +1.977697203e-02 +5.662977697e+01 +5.662977697e+01 -3.7313e+00 -2.3390e+00 -3.9208e+00
11936 0 +1.712023045e-02 +5.662712023e+01 +5.662712023e+01 -3.7320e+00 -2.3386e+00 -3.9205e+00
11973 0 +1.692612585e-02 +5.662692613e+01 +5.662692613e+01 -3.7496e+00 -2.3302e+00 -3.9127e+00
12001 0 +1.537608809e-02 +5.662537609e+01 +5.662537609e+01 -3.7540e+00 -2.3281e+00 -3.9107e+00
12051 0 +1.537608809e-02 +5.662537609e+01 +5.662537609e+01 -3.7540e+00 -2.3281e+00 -3.9107e+00
% f evaluations | g evaluations | best noise-free fitness - Fopt (-1.810000000000e+01) + sum g_i+ | measured fitness | best measured fitness or single-digit g-values | x1 | x2...
1 0 +2.161769950e+08 +2.161769769e+08 +2.161769769e+08 -2.7846e+00 +1.5553e+00 -2.5161e+00
3 0 +1.138887840e+07 +1.138886030e+07 +1.138886030e+07 -2.6552e-01 -1.1371e+00 +1.9573e+00
13 0 +5.559593322e+06 +5.559575222e+06 +5.559575222e+06 +2.0540e+00 +1.7126e+00 +4.3231e+00
26 0 +3.033322558e+05 +3.033141558e+05 +3.033141558e+05 -2.1878e+00 +8.0920e-02 +4.0944e+00
53 0 +1.040458124e+04 +1.038648124e+04 +1.038648124e+04 +1.3557e+00 +1.7121e+00 +1.9573e+00
403 0 +2.166828227e+03 +2.148728227e+03 +2.148728227e+03 +1.3557e+00 +1.7121e+00 +2.0844e+00
907 0 +8.502475316e+02 +8.321475316e+02 +8.321475316e+02 +3.5261e+00 +2.6932e+00 +1.4573e+00
992 0 +4.227045190e+02 +4.046045190e+02 +4.046045190e+02 +2.7805e+00 +2.3586e+00 +1.6349e+00
1294 0 +4.039376676e+02 +3.858376676e+02 +3.858376676e+02 +1.5100e+00 +1.7333e+00 +2.0003e+00
1689 0 +2.301048028e+02 +2.120048028e+02 +2.120048028e+02 +2.1863e+00 +2.0565e+00 +1.7927e+00
1783 0 +2.796699509e+01 +9.866995086e+00 +9.866995086e+00 +1.4079e+00 +1.7116e+00 +2.0228e+00
2288 0 +1.625394401e+01 -1.846055985e+00 -1.846055985e+00 +5.6254e-01 +1.3106e+00 +2.3416e+00
2705 0 +1.832695487e+00 -1.626730451e+01 -1.626730451e+01 -1.1347e-01 +9.7863e-01 +2.6396e+00
5264 0 +8.923168019e-01 -1.720768320e+01 -1.720768320e+01 -2.2883e-01 +9.2123e-01 +2.6945e+00
5996 0 +4.176710577e-01 -1.768232894e+01 -1.768232894e+01 -3.2758e-01 +8.7102e-01 +2.7466e+00
6862 0 +2.204510440e-01 -1.787954896e+01 -1.787954896e+01 -3.5180e-01 +8.5788e-01 +2.7583e+00
7102 0 +1.841879466e-01 -1.791581205e+01 -1.791581205e+01 -3.9789e-01 +8.3428e-01 +2.7832e+00
7339 0 +1.035560812e-01 -1.799644392e+01 -1.799644392e+01 -3.5675e-01 +8.5516e-01 +2.7615e+00
7525 0 +1.010586660e-01 -1.799894133e+01 -1.799894133e+01 -3.5649e-01 +8.5546e-01 +2.7611e+00
7652 0 +8.643175822e-02 -1.801356824e+01 -1.801356824e+01 -3.7712e-01 +8.4472e-01 +2.7721e+00
8090 0 +8.087636738e-02 -1.801912363e+01 -1.801912363e+01 -4.2001e-01 +8.2202e-01 +2.7947e+00
8263 0 +6.352566754e-02 -1.803647433e+01 -1.803647433e+01 -4.1974e-01 +8.2227e-01 +2.7945e+00
8314 0 +5.652628442e-02 -1.804347372e+01 -1.804347372e+01 -4.1777e-01 +8.2349e-01 +2.7935e+00
8356 0 +5.356597960e-02 -1.804643402e+01 -1.804643402e+01 -4.2902e-01 +8.1749e-01 +2.7995e+00
8498 0 +5.212353218e-02 -1.804787647e+01 -1.804787647e+01 -4.4796e-01 +8.0775e-01 +2.8094e+00
8576 0 +4.410164758e-02 -1.805589835e+01 -1.805589835e+01 -5.2084e-01 +7.6931e-01 +2.8485e+00
8584 0 +3.530406982e-02 -1.806469593e+01 -1.806469593e+01 -4.8361e-01 +7.8874e-01 +2.8287e+00
8635 0 +2.610285852e-02 -1.807389714e+01 -1.807389714e+01 -4.9262e-01 +7.8405e-01 +2.8334e+00
8656 0 +1.432690537e-02 -1.808567309e+01 -1.808567309e+01 -5.2272e-01 +7.6810e-01 +2.8494e+00
8808 0 +1.221147850e-02 -1.808778852e+01 -1.808778852e+01 -5.2782e-01 +7.6543e-01 +2.8521e+00
8857 0 +7.966393948e-03 -1.809203361e+01 -1.809203361e+01 -5.4563e-01 +7.5589e-01 +2.8616e+00
9173 0 +6.186254167e-03 -1.809381375e+01 -1.809381375e+01 -5.7180e-01 +7.4196e-01 +2.8753e+00
9328 0 +4.330202163e-03 -1.809566980e+01 -1.809566980e+01 -5.8108e-01 +7.3693e-01 +2.8802e+00
9343 0 +3.920927492e-03 -1.809607907e+01 -1.809607907e+01 -5.6814e-01 +7.4385e-01 +2.8735e+00
9535 0 +3.222586316e-03 -1.809677741e+01 -1.809677741e+01 -5.7372e-01 +7.4094e-01 +2.8764e+00
9585 0 +2.808326274e-03 -1.809719167e+01 -1.809719167e+01 -5.8088e-01 +7.3705e-01 +2.8802e+00
9684 0 +1.918156100e-03 -1.809808184e+01 -1.809808184e+01 -5.7865e-01 +7.3829e-01 +2.8790e+00
9783 0 +1.798231149e-03 -1.809820177e+01 -1.809820177e+01 -5.8388e-01 +7.3550e-01 +2.8817e+00
9869 0 +1.065094331e-03 -1.809893491e+01 -1.809893491e+01 -5.9194e-01 +7.3116e-01 +2.8858e+00
10205 0 +9.077452611e-04 -1.809909225e+01 -1.809909225e+01 -5.9303e-01 +7.3061e-01 +2.8863e+00
10362 0 +6.148044384e-04 -1.809938520e+01 -1.809938520e+01 -5.9640e-01 +7.2880e-01 +2.8881e+00
10474 0 +5.912962391e-04 -1.809940870e+01 -1.809940870e+01 -5.9668e-01 +7.2862e-01 +2.8882e+00
10651 0 +5.765316760e-04 -1.809942347e+01 -1.809942347e+01 -5.9735e-01 +7.2828e-01 +2.8886e+00
10680 0 +5.433243164e-04 -1.809945668e+01 -1.809945668e+01 -5.9567e-01 +7.2917e-01 +2.8877e+00
10687 0 +4.353653733e-04 -1.809956463e+01 -1.809956463e+01 -5.9849e-01 +7.2766e-01 +2.8891e+00
10692 0 +2.617951898e-04 -1.809973820e+01 -1.809973820e+01 -6.0174e-01 +7.2594e-01 +2.8907e+00
10972 0 +1.495532060e-04 -1.809985045e+01 -1.809985045e+01 -6.0519e-01 +7.2410e-01 +2.8924e+00
11150 0 +1.084734532e-04 -1.809989153e+01 -1.809989153e+01 -6.0659e-01 +7.2335e-01 +2.8931e+00
11200 0 +1.014383925e-04 -1.809989856e+01 -1.809989856e+01 -6.0760e-01 +7.2282e-01 +2.8936e+00
11358 0 +8.941394836e-05 -1.809991059e+01 -1.809991059e+01 -6.0716e-01 +7.2305e-01 +2.8934e+00
11427 0 +6.622522754e-05 -1.809993377e+01 -1.809993377e+01 -6.0794e-01 +7.2263e-01 +2.8938e+00
11539 0 +5.991417875e-05 -1.809994009e+01 -1.809994009e+01 -6.0833e-01 +7.2242e-01 +2.8940e+00
11656 0 +3.821691418e-05 -1.809996178e+01 -1.809996178e+01 -6.0983e-01 +7.2163e-01 +2.8947e+00
11659 0 +2.462687537e-05 -1.809997537e+01 -1.809997537e+01 -6.1035e-01 +7.2135e-01 +2.8949e+00
11878 0 +2.146209237e-05 -1.809997854e+01 -1.809997854e+01 -6.1105e-01 +7.2098e-01 +2.8953e+00
11979 0 +1.764308426e-05 -1.809998236e+01 -1.809998236e+01 -6.1116e-01 +7.2092e-01 +2.8953e+00
12024 0 +1.388779674e-05 -1.809998611e+01 -1.809998611e+01 -6.1146e-01 +7.2076e-01 +2.8955e+00
12029 0 +1.318073808e-05 -1.809998682e+01 -1.809998682e+01 -6.1155e-01 +7.2071e-01 +2.8955e+00
12051 0 +1.318073808e-05 -1.809998682e+01 -1.809998682e+01 -6.1155e-01 +7.2071e-01 +2.8955e+00
% f evaluations | g evaluations | best noise-free fitness - Fopt (3.777000000000e+01) + sum g_i+ | measured fitness | best measured fitness or single-digit g-values | x1 | x2...
1 0 +6.151573640e+07 +6.151577417e+07 +6.151577417e+07 -4.7443e+00 +1.0027e+00 -9.5468e-01
2 0 +1.381020743e+06 +1.381058513e+06 +1.381058513e+06 -2.7955e+00 -6.0515e-01 +2.4524e+00
21 0 +1.256490963e+06 +1.256528733e+06 +1.256528733e+06 +1.2253e+00 +2.5916e+00 +4.6680e-01
41 0 +6.917688432e+05 +6.918066132e+05 +6.918066132e+05 +1.5338e+00 +4.7846e+00 -1.6016e-01
63 0 +1.766385476e+05 +1.766763176e+05 +1.766763176e+05 +3.3878e+00 +5.0000e+00 -1.5188e+00
166 0 +7.251465170e+04 +7.255242170e+04 +7.255242170e+04 +3.1072e+00 +5.0000e+00 -1.4266e+00
167 0 +8.076560507e+03 +8.114330507e+03 +8.114330507e+03 -3.1878e-01 +2.4808e+00 +2.6392e-01
417 0 +2.512428205e+02 +2.890128205e+02 +2.890128205e+02 +6.8807e-01 +3.3413e+00 -2.3777e-01
1321 0 +3.683067628e+01 +7.460067628e+01 +7.460067628e+01 +1.6109e+00 +4.0755e+00 -6.3959e-01
1782 0 +3.085201311e+01 +6.862201311e+01 +6.862201311e+01 +7.0985e-01 +3.3828e+00 -2.5722e-01
1803 0 +2.522451065e+01 +6.299451065e+01 +6.299451065e+01 +1.4594e+00 +3.9594e+00 -5.7673e-01
2111 0 +1.375569965e+01 +5.152569965e+01 +5.152569965e+01 -9.5813e-02 +2.7514e+00 +9.0951e-02
2252 0 +3.832306389e+00 +4.160230639e+01 +4.160230639e+01 +3.3568e-01 +3.0855e+00 -9.0403e-02
2849 0 +3.584571516e+00 +4.135457152e+01 +4.135457152e+01 +2.9351e-01 +3.0531e+00 -7.4010e-02
2886 0 +2.607162876e+00 +4.037716288e+01 +4.037716288e+01 +5.0676e-02 +2.8642e+00 +3.1923e-02
3212 0 +2.271332363e+00 +4.004133236e+01 +4.004133236e+01 -5.8062e-02 +2.7774e+00 +7.8727e-02
3275 0 +1.502598380e+00 +3.927259838e+01 +3.927259838e+01 -3.1873e-01 +2.5750e+00 +1.9153e-01
3299 0 +1.062706489e+00 +3.883270649e+01 +3.883270649e+01 -2.5659e-01 +2.6237e+00 +1.6349e-01
3591 0 +8.882866876e-01 +3.865828669e+01 +3.865828669e+01 -2.9795e-01 +2.5914e+00 +1.8179e-01
3662 0 +4.866921229e-01 +3.825669212e+01 +3.825669212e+01 -6.5578e-01 +2.3112e+00 +3.3629e-01
3683 0 +4.406604318e-01 +3.821066043e+01 +3.821066043e+01 -5.7607e-01 +2.3735e+00 +3.0171e-01
3718 0 +7.033264118e-02 +3.784033264e+01 +3.784033264e+01 -7.8445e-01 +2.2113e+00 +3.9125e-01
4258 0 +4.816407527e-02 +3.781816408e+01 +3.781816408e+01 -9.4089e-01 +2.0892e+00 +4.5889e-01
4533 0 +3.968593741e-02 +3.780968594e+01 +3.780968594e+01 -8.4561e-01 +2.1636e+00 +4.1765e-01
4652 0 +1.943362277e-02 +3.778943362e+01 +3.778943362e+01 -9.2411e-01 +2.1022e+00 +4.5134e-01
5172 0 +1.305733618e-02 +3.778305734e+01 +3.778305734e+01 -9.1757e-01 +2.1073e+00 +4.4856e-01
5257 0 +9.325358484e-03 +3.777932536e+01 +3.777932536e+01 -9.2839e-01 +2.0989e+00 +4.5324e-01
5451 0 +4.014856033e-03 +3.777401486e+01 +3.777401486e+01 -9.5779e-01 +2.0760e+00 +4.6594e-01
5790 0 +3.750407580e-03 +3.777375041e+01 +3.777375041e+01 -9.4796e-01 +2.0836e+00 +4.6169e-01
5901 0 +2.578664868e-03 +3.777257866e+01 +3.777257866e+01 -9.8078e-01 +2.0581e+00 +4.7576e-01
5904 0 +1.970425263e-03 +3.777197043e+01 +3.777197043e+01 -9.7046e-01 +2.0660e+00 +4.7148e-01
5943 0 +1.589589379e-03 +3.777158959e+01 +3.777158959e+01 -9.6768e-01 +2.0682e+00 +4.7020e-01
6022 0 +6.915060480e-04 +3.777069151e+01 +3.777069151e+01 -9.6487e-01 +2.0704e+00 +4.6903e-01
6138 0 +4.884509716e-04 +3.777048845e+01 +3.777048845e+01 -9.6758e-01 +2.0683e+00 +4.7020e-01
6157 0 +3.632602452e-04 +3.777036326e+01 +3.777036326e+01 -9.7590e-01 +2.0618e+00 +4.7376e-01
6472 0 +1.382708114e-04 +3.777013827e+01 +3.777013827e+01 -9.7627e-01 +2.0615e+00 +4.7393e-01
6683 0 +7.317493517e-05 +3.777007317e+01 +3.777007317e+01 -9.7959e-01 +2.0589e+00 +4.7537e-01
6732 0 +1.984074645e-05 +3.777001984e+01 +3.777001984e+01 -9.7907e-01 +2.0593e+00 +4.7514e-01
7275 0 +1.948480850e-06 +3.777000195e+01 +3.777000195e+01 -9.7969e-01 +2.0588e+00 +4.7540e-01
7513 0 +9.795296947e-07 +3.777000098e+01 +3.777000098e+01 -9.7959e-01 +2.0589e+00 +4.7536e-01
7621 0 +4.627878525e-08 +3.777000005e+01 +3.777000005e+01 -9.7914e-01 +2.0592e+00 +4.7517e-01
8821 0 +3.236593216e-08 +3.777000003e+01 +3.777000003e+01 -9.7931e-01 +2.0591e+00 +4.7524e-01
8887 0 +8.702293997e-09 +3.777000001e+01 +3.777000001e+01 -9.7918e-01 +2.0592e+00 +4.7519e-01
11928 0 +8.029132914e-13 +3.777000000e+01 +3.777000000e+01 -9.7920e-01 +2.0592e+00 +4.7520e-01
12051 0 +4.476419235e-13 +3.777000000e+01 +3.777000000e+01 -9.7920e-01 +2.0592e+00 +4.7520e-01
% f evaluations | g evaluations | best noise-free fitness - Fopt (-6.211100000000e+02) + sum g_i+ | measured fitness | best measured fitness or single-digit g-values | x1 | x2...
1 0 +1.639559807e+08 +1.639553596e+08 +1.639553596e+08 +6.5608e-01 +1.1103e+00 -4.6928e+00
3 0 +4.937948069e+07 +4.937885958e+07 +4.937885958e+07 +2.4310e+00 -4.2586e+00 +3.9542e+00
4 0 +2.242750432e+07 +2.242688321e+07 +2.242688321e+07 +9.0603e-01 +3.5080e+00 -3.0816e+00
5 0 +1.505407209e+07 +1.505345098e+07 +1.505345098e+07 -4.9938e+00 +2.3198e+00 +7.4930e-01
7 0 +6.572638124e+06 +6.572017014e+06 +6.572017014e+06 +7.4940e-01 +1.2236e-01 +9.0709e-01
8 0 +3.675359401e+06 +3.674738291e+06 +3.674738291e+06 -1.9972e+00 +3.3503e+00 +1.8297e+00
33 0 +1.330471693e+06 +1.329850583e+06 +1.329850583e+06 +4.5100e+00 -1.4899e+00 -5.3958e-01
48 0 +6.487313756e+05 +6.481102656e+05 +6.481102656e+05 +1.1793e+00 +3.3492e+00 -7.5639e-01
182 0 +3.225321795e+05 +3.219110695e+05 +3.219110695e+05 +7.1498e-01 +3.2173e+00 +9.8385e-02
187 0 +2.613714497e+05 +2.607503397e+05 +2.607503397e+05 +5.7689e-01 +2.1588e+00 -4.3424e-01
237 0 +4.032071120e+04 +3.969960120e+04 +3.969960120e+04 +1.1451e+00 +2.5927e+00 -4.3424e-01
254 0 +3.489794946e+03 +2.868684946e+03 +2.868684946e+03 -2.4364e-01 +3.5080e+00 -1.1366e-01
581 0 +2.652674868e+03 +2.031564868e+03 +2.031564868e+03 -1.9847e+00 +4.9926e+00 +5.6280e-01
639 0 +1.467676929e+03 +8.465669286e+02 +8.465669286e+02 -2.7240e-01 +3.4460e+00 -1.1987e-01
735 0 +4.505910788e+02 -1.705189212e+02 -1.705189212e+02 +4.9839e-01 +2.8211e+00 -3.1274e-01
813 0 +4.408219506e+02 -1.802880494e+02 -1.802880494e+02 -1.3863e+00 +4.4103e+00 +3.0696e-01
1221 0 +3.366820737e+02 -2.844279263e+02 -2.844279263e+02 -2.6176e-01 +3.4554e+00 -1.0292e-01
1409 0 +2.358496633e+02 -3.852603367e+02 -3.852603367e+02 +7.3469e-01 +2.6582e+00 -3.8357e-01
1445 0 +2.298739551e+02 -3.912360449e+02 -3.912360449e+02 +3.9988e-01 +2.9430e+00 -2.9075e-01
1683 0 +1.009613981e+02 -5.201486019e+02 -5.201486019e+02 +1.9732e+00 +1.7080e+00 -6.0741e-01
1963 0 +5.484698065e+01 -5.662630193e+02 -5.662630193e+02 -1.4973e+00 +4.5435e+00 +3.6498e-01
2330 0 +4.361108427e+01 -5.774989157e+02 -5.774989157e+02 -8.1108e-02 +3.3117e+00 -1.5098e-01
2368 0 +1.351672207e+01 -6.075932779e+02 -6.075932779e+02 -3.0507e-01 +3.4960e+00 -6.3088e-02
2518 0 +3.432838722e+00 -6.176771613e+02 -6.176771613e+02 -3.0507e-01 +3.4967e+00 -6.5144e-02
3030 0 +2.293367390e+00 -6.188166326e+02 -6.188166326e+02 -1.8666e-01 +3.3978e+00 -1.1006e-01
5127 0 +1.937953276e+00 -6.191720467e+02 -6.191720467e+02 -1.3776e+00 +4.4305e+00 +3.2016e-01
5508 0 +3.377249229e-01 -6.207722751e+02 -6.207722751e+02 -1.2279e+00 +4.2929e+00 +2.7466e-01
7740 0 +2.933187854e-01 -6.208166812e+02 -6.208166812e+02 -1.0019e+00 +4.0876e+00 +2.0599e-01
7793 0 +2.558351792e-01 -6.208541648e+02 -6.208541648e+02 -1.2245e+00 +4.2896e+00 +2.7380e-01
8063 0 +2.087528630e-01 -6.209012471e+02 -6.209012471e+02 -1.1399e+00 +4.2128e+00 +2.4765e-01
8240 0 +1.670849455e-01 -6.209429151e+02 -6.209429151e+02 -9.8372e-01 +4.0712e+00 +2.0020e-01
8263 0 +1.621159250e-01 -6.209478841e+02 -6.209478841e+02 -1.0943e+00 +4.1712e+00 +2.3368e-01
8432 0 +1.197661967e-01 -6.209902338e+02 -6.209902338e+02 -1.0229e+00 +4.1064e+00 +2.1220e-01
8709 0 +9.407253066e-02 -6.210159275e+02 -6.210159275e+02 -1.0752e+00 +4.1543e+00 +2.2822e-01
8991 0 +5.664773749e-02 -6.210533523e+02 -6.210533523e+02 -1.0130e+00 +4.0975e+00 +2.0883e-01
9117 0 +5.445448790e-02 -6.210555455e+02 -6.210555455e+02 -9.6806e-01 +4.0578e+00 +1.9517e-01
9206 0 +5.277154009e-02 -6.210572285e+02 -6.210572285e+02 -1.0555e+00 +4.1362e+00 +2.2205e-01
9276 0 +3.020339178e-02 -6.210797966e+02 -6.210797966e+02 -9.7847e-01 +4.0670e+00 +1.9834e-01
9494 0 +1.146652255e-02 -6.210985335e+02 -6.210985335e+02 -9.2648e-01 +4.0208e+00 +1.8215e-01
9618 0 +5.589270041e-03 -6.211044107e+02 -6.211044107e+02 -9.4691e-01 +4.0388e+00 +1.8842e-01
9848 0 +3.006734835e-03 -6.211069933e+02 -6.211069933e+02 -9.2588e-01 +4.0203e+00 +1.8189e-01
10159 0 +1.945696195e-03 -6.211080543e+02 -6.211080543e+02 -9.1953e-01 +4.0147e+00 +1.7986e-01
10449 0 +1.255103576e-03 -6.211087449e+02 -6.211087449e+02 -9.1110e-01 +4.0074e+00 +1.7723e-01
10640 0 +1.101759407e-03 -6.211088982e+02 -6.211088982e+02 -9.0932e-01 +4.0059e+00 +1.7666e-01
10668 0 +8.709220424e-04 -6.211091291e+02 -6.211091291e+02 -9.0745e-01 +4.0043e+00 +1.7607e-01
10865 0 +4.759037309e-04 -6.211095241e+02 -6.211095241e+02 -9.0668e-01 +4.0036e+00 +1.7585e-01
10933 0 +3.555379014e-04 -6.211096445e+02 -6.211096445e+02 -9.0367e-01 +4.0010e+00 +1.7490e-01
11205 0 +3.535002299e-04 -6.211096465e+02 -6.211096465e+02 -9.0456e-01 +4.0018e+00 +1.7518e-01
11307 0 +2.359563231e-04 -6.211097640e+02 -6.211097640e+02 -9.0266e-01 +4.0002e+00 +1.7459e-01
11378 0 +2.034471237e-04 -6.211097966e+02 -6.211097966e+02 -9.0018e-01 +3.9980e+00 +1.7380e-01
11480 0 +3.799801914e-05 -6.211099620e+02 -6.211099620e+02 -8.9635e-01 +3.9948e+00 +1.7258e-01
11706 0 +3.105768417e-05 -6.211099689e+02 -6.211099689e+02 -8.9489e-01 +3.9936e+00 +1.7212e-01
11769 0 +8.404169307e-06 -6.211099916e+02 -6.211099916e+02 -8.9295e-01 +3.9920e+00 +1.7150e-01
11817 0 +7.618678296e-06 -6.211099924e+02 -6.211099924e+02 -8.9292e-01 +3.9920e+00 +1.7150e-01
11893 0 +5.121956747e-06 -6.211099949e+02 -6.211099949e+02 -8.9232e-01 +3.9915e+00 +1.7130e-01
12047 0 +4.001984053e-06 -6.211099960e+02 -6.211099960e+02 -8.9279e-01 +3.9919e+00 +1.7145e-01
12051 0 +4.001984053e-06 -6.211099960e+02 -6.211099960e+02 -8.9279e-01 +3.9919e+00 +1.7145e-01
% f evaluations | g evaluations | best noise-free fitness - Fopt (-2.548200000000e+02) + sum g_i+ | measured fitness | best measured fitness or single-digit g-values | x1 | x2...
1 0 +1.318730526e+06 +1.318475706e+06 +1.318475706e+06 +2.1939e+00 -2.4960e+00 -9.9818e-01
45 0 +7.890125773e+05 +7.887577573e+05 +7.887577573e+05 +4.0411e+00 +4.4497e+00 +1.0400e+00
109 0 +7.427341529e+05 +7.424793329e+05 +7.424793329e+05 +2.4834e+00 -1.7170e+00 -1.5734e+00
139 0 +5.801706142e+05 +5.799157942e+05 +5.799157942e+05 +2.8821e+00 -3.8791e-01 -8.4685e-01
171 0 +4.522943025e+04 +4.497461025e+04 +4.497461025e+04 +3.0296e+00 +2.6392e+00 -3.7490e-01
249 0 +1.837821584e+04 +1.812339584e+04 +1.812339584e+04 +3.4930e+00 +3.3181e+00 -3.4911e-01
305 0 +4.206795553e+03 +3.951975553e+03 +3.951975553e+03 +1.7278e+00 -1.4476e+00 -1.4918e+00
527 0 +2.685709823e+03 +2.430889823e+03 +2.430889823e+03 +3.0198e+00 +1.8924e+00 -5.0012e-01
549 0 +2.252287590e+03 +1.997467590e+03 +1.997467590e+03 +3.3587e+00 +2.8533e+00 -3.4911e-01
578 0 +1.662794918e+03 +1.407974918e+03 +1.407974918e+03 +3.9301e+00 +4.2379e+00 -5.4440e-03
688 0 +3.278799065e+02 +7.305990650e+01 +7.305990650e+01 +3.3467e+00 +2.8762e+00 -2.9929e-01
793 0 +1.630139492e+02 -9.180605080e+01 -9.180605080e+01 +3.6484e+00 +3.5705e+00 -1.6172e-01
1564 0 +1.102688311e+02 -1.445511689e+02 -1.445511689e+02 +3.1544e+00 +2.3752e+00 -4.0905e-01
1648 0 +1.052555735e+02 -1.495644265e+02 -1.495644265e+02 +3.7718e+00 +3.8119e+00 -8.9649e-02
1783 0 +5.002280593e+01 -2.047971941e+02 -2.047971941e+02 +3.5893e+00 +3.3918e+00 -1.8411e-01
1881 0 +2.278434847e+01 -2.320356515e+02 -2.320356515e+02 +3.2169e+00 +2.5268e+00 -3.5684e-01
2046 0 +1.195166327e+00 -2.536248337e+02 -2.536248337e+02 +3.5906e+00 +3.4145e+00 -1.7900e-01
2825 0 +8.920997119e-01 -2.539279003e+02 -2.539279003e+02 +3.9870e+00 +4.3393e+00 +6.1527e-02
3465 0 +7.963912832e-01 -2.540236087e+02 -2.540236087e+02 +3.3970e+00 +2.9617e+00 -2.6759e-01
5690 0 +3.158782323e-01 -2.545041218e+02 -2.545041218e+02 +3.9312e+00 +4.1959e+00 +2.3833e-02
7441 0 +2.666204445e-01 -2.545533796e+02 -2.545533796e+02 +3.5745e+00 +3.3764e+00 -1.8704e-01
8259 0 +2.608916708e-01 -2.545591083e+02 -2.545591083e+02 +3.5851e+00 +3.4003e+00 -1.8313e-01
8299 0 +2.472530090e-01 -2.545727470e+02 -2.545727470e+02 +3.5572e+00 +3.3364e+00 -1.9476e-01
8319 0 +1.118923259e-01 -2.547081077e+02 -2.547081077e+02 +3.6127e+00 +3.4647e+00 -1.7133e-01
8527 0 +8.994469871e-02 -2.547300553e+02 -2.547300553e+02 +3.6307e+00 +3.5057e+00 -1.6390e-01
8718 0 +5.626676105e-02 -2.547637332e+02 -2.547637332e+02 +3.6637e+00 +3.5809e+00 -1.5046e-01
8793 0 +1.028235947e-02 -2.548097176e+02 -2.548097176e+02 +3.7029e+00 +3.6710e+00 -1.3424e-01
8966 0 +4.735459551e-03 -2.548152645e+02 -2.548152645e+02 +3.7173e+00 +3.7045e+00 -1.2791e-01
9213 0 +3.394375904e-03 -2.548166056e+02 -2.548166056e+02 +3.7355e+00 +3.7479e+00 -1.1895e-01
9419 0 +2.507679742e-03 -2.548174923e+02 -2.548174923e+02 +3.7249e+00 +3.7222e+00 -1.2439e-01
9943 0 +2.284868782e-03 -2.548177151e+02 -2.548177151e+02 +3.7283e+00 +3.7304e+00 -1.2274e-01
9951 0 +1.832644757e-03 -2.548181674e+02 -2.548181674e+02 +3.7291e+00 +3.7324e+00 -1.2227e-01
10394 0 +9.558980784e-04 -2.548190441e+02 -2.548190441e+02 +3.7298e+00 +3.7339e+00 -1.2197e-01
10655 0 +7.825525217e-04 -2.548192174e+02 -2.548192174e+02 +3.7326e+00 +3.7408e+00 -1.2052e-01
10797 0 +4.640307479e-04 -2.548195360e+02 -2.548195360e+02 +3.7346e+00 +3.7455e+00 -1.1950e-01
10825 0 +4.233353113e-04 -2.548195767e+02 -2.548195767e+02 +3.7338e+00 +3.7436e+00 -1.1992e-01
10926 0 +3.558213907e-04 -2.548196442e+02 -2.548196442e+02 +3.7357e+00 +3.7482e+00 -1.1891e-01
10990 0 +3.492240570e-04 -2.548196508e+02 -2.548196508e+02 +3.7359e+00 +3.7486e+00 -1.1882e-01
11109 0 +3.311805631e-04 -2.548196688e+02 -2.548196688e+02 +3.7341e+00 +3.7443e+00 -1.1978e-01
11245 0 +2.168347569e-04 -2.548197832e+02 -2.548197832e+02 +3.7378e+00 +3.7533e+00 -1.1779e-01
11276 0 +1.854205197e-04 -2.548198146e+02 -2.548198146e+02 +3.7362e+00 +3.7494e+00 -1.1867e-01
11367 0 +1.218358221e-04 -2.548198782e+02 -2.548198782e+02 +3.7382e+00 +3.7542e+00 -1.1757e-01
11408 0 +1.091407646e-04 -2.548198909e+02 -2.548198909e+02 +3.7391e+00 +3.7566e+00 -1.1702e-01
11448 0 +1.041382891e-04 -2.548198959e+02 -2.548198959e+02 +3.7374e+00 +3.7522e+00 -1.1803e-01
11456 0 +4.093492041e-05 -2.548199591e+02 -2.548199591e+02 +3.7385e+00 +3.7552e+00 -1.1735e-01
11939 0 +2.226114370e-05 -2.548199777e+02 -2.548199777e+02 +3.7393e+00 +3.7571e+00 -1.1691e-01
12017 0 +2.053712606e-05 -2.548199795e+02 -2.548199795e+02 +3.7394e+00 +3.7574e+00 -1.1684e-01
12051 0 +2.053712606e-05 -2.548199795e+02 -2.548199795e+02 +3.7394e+00 +3.7574e+00 -1.1684e-01
% f evaluations | g evaluations | best noise-free fitness - Fopt (5.661000000000e+01) + sum g_i+ | measured fitness | best measured fitness or single-digit g-values | x1 | x2...
1 0 +3.584140015e+08 +3.584140581e+08 +3.584140581e+08 +5.2870e-02 -3.0755e+00 +3.3635e+00
4 0 +2.742730124e+06 +2.742786734e+06 +2.742786734e+06 -4.6340e+00 -5.8996e-01 -3.0355e+00
27 0 +1.932673333e+06 +1.932729943e+06 +1.932729943e+06 -3.9854e+00 -2.2850e+00 -2.3398e+00
28 0 +8.384073276e+05 +8.384639376e+05 +8.384639376e+05 -3.8631e+00 -1.3684e+00 -4.2534e+00
171 0 +4.153716699e+05 +4.154282799e+05 +4.154282799e+05 -1.9066e+00 -3.0668e+00 -5.0000e+00
228 0 +3.973186687e+05 +3.973752787e+05 +3.973752787e+05 -4.0571e+00 -2.7974e+00 -3.5687e+00
241 0 +2.011472232e+05 +2.012038332e+05 +2.012038332e+05 -1.6879e+00 -3.4771e+00 -5.0000e+00
245 0 +8.905768221e+04 +8.911429221e+04 +8.911429221e+04 -1.6785e+00 -4.2052e+00 -5.0000e+00
373 0 +5.448843098e+04 +5.454504098e+04 +5.454504098e+04 -3.2931e+00 -2.3413e+00 -3.9395e+00
412 0 +5.015415009e+03 +5.072025009e+03 +5.072025009e+03 -2.3414e+00 -3.2372e+00 -4.5881e+00
594 0 +4.058883373e+03 +4.115493373e+03 +4.115493373e+03 -3.6469e+00 -2.4315e+00 -3.9185e+00
614 0 +2.494858676e+03 +2.551468676e+03 +2.551468676e+03 -1.8950e+00 -3.7544e+00 -5.0000e+00
802 0 +8.095845471e+02 +8.661945471e+02 +8.661945471e+02 -2.6073e+00 -3.0445e+00 -4.5250e+00
1002 0 +6.692296594e+02 +7.258396594e+02 +7.258396594e+02 -2.6545e+00 -3.0445e+00 -4.4900e+00
1146 0 +4.339703439e+02 +4.905803439e+02 +4.905803439e+02 -3.8305e+00 -2.3071e+00 -3.8624e+00
1179 0 +1.535282355e+02 +2.101382355e+02 +2.101382355e+02 -2.5786e+00 -3.0813e+00 -4.5299e+00
1365 0 +4.889280553e+01 +1.055028055e+02 +1.055028055e+02 -2.9557e+00 -2.7952e+00 -4.3094e+00
1737 0 +1.864042686e+01 +7.525042686e+01 +7.525042686e+01 -2.5095e+00 -3.1415e+00 -4.5606e+00
2093 0 +4.507735565e+00 +6.111773557e+01 +6.111773557e+01 -3.4575e+00 -2.4768e+00 -4.0448e+00
3189 0 +1.036410276e+00 +5.764641028e+01 +5.764641028e+01 -3.3622e+00 -2.5323e+00 -4.0932e+00
4487 0 +6.507111803e-01 +5.726071118e+01 +5.726071118e+01 -3.2273e+00 -2.6133e+00 -4.1590e+00
4507 0 +4.660013578e-01 +5.707600136e+01 +5.707600136e+01 -3.3586e+00 -2.5351e+00 -4.0941e+00
4720 0 +3.606102233e-01 +5.697061022e+01 +5.697061022e+01 -3.3795e+00 -2.5223e+00 -4.0840e+00
5133 0 +1.831077470e-01 +5.679310775e+01 +5.679310775e+01 -3.4822e+00 -2.4655e+00 -4.0346e+00
5938 0 +1.594344925e-01 +5.676943449e+01 +5.676943449e+01 -3.5190e+00 -2.4455e+00 -4.0174e+00
6588 0 +1.533112638e-01 +5.676331126e+01 +5.676331126e+01 -3.5148e+00 -2.4478e+00 -4.0194e+00
6589 0 +1.185661664e-01 +5.672856617e+01 +5.672856617e+01 -3.5407e+00 -2.4343e+00 -4.0074e+00
6735 0 +1.165357106e-01 +5.672653571e+01 +5.672653571e+01 -3.5642e+00 -2.4220e+00 -3.9966e+00
6909 0 +1.009872819e-01 +5.671098728e+01 +5.671098728e+01 -3.5694e+00 -2.4192e+00 -3.9940e+00
7112 0 +8.804122959e-02 +5.669804123e+01 +5.669804123e+01 -3.5888e+00 -2.4095e+00 -3.9851e+00
7512 0 +8.475734293e-02 +5.669475734e+01 +5.669475734e+01 -3.5899e+00 -2.4089e+00 -3.9846e+00
7549 0 +7.207908997e-02 +5.668207909e+01 +5.668207909e+01 -3.6350e+00 -2.3861e+00 -3.9640e+00
7636 0 +6.632954334e-02 +5.667632954e+01 +5.667632954e+01 -3.6175e+00 -2.3949e+00 -3.9720e+00
7669 0 +5.657057483e-02 +5.666657057e+01 +5.666657057e+01 -3.6482e+00 -2.3796e+00 -3.9581e+00
7823 0 +5.443483098e-02 +5.666443483e+01 +5.666443483e+01 -3.6549e+00 -2.3761e+00 -3.9551e+00
8227 0 +4.843783367e-02 +5.665843783e+01 +5.665843783e+01 -3.6711e+00 -2.3680e+00 -3.9478e+00
8324 0 +4.606606716e-02 +5.665606607e+01 +5.665606607e+01 -3.6686e+00 -2.3694e+00 -3.9489e+00
8374 0 +4.306179666e-02 +5.665306180e+01 +5.665306180e+01 -3.6785e+00 -2.3645e+00 -3.9443e+00
8438 0 +4.245819890e-02 +5.665245820e+01 +5.665245820e+01 -3.6828e+00 -2.3624e+00 -3.9426e+00
8518 0 +3.615893719e-02 +5.664615894e+01 +5.664615894e+01 -3.6865e+00 -2.3607e+00 -3.9409e+00
8600 0 +3.451665801e-02 +5.664451666e+01 +5.664451666e+01 -3.7001e+00 -2.3541e+00 -3.9347e+00
8690 0 +2.369093966e-02 +5.663369094e+01 +5.663369094e+01 -3.7208e+00 -2.3441e+00 -3.9255e+00
8731 0 +1.571023693e-02 +5.662571024e+01 +5.662571024e+01 -3.7424e+00 -2.3337e+00 -3.9159e+00
8862 0 +1.284186223e-02 +5.662284186e+01 +5.662284186e+01 -3.7492e+00 -2.3304e+00 -3.9129e+00
8907 0 +1.230082836e-02 +5.662230083e+01 +5.662230083e+01 -3.7531e+00 -2.3286e+00 -3.9112e+00
8990 0 +1.176456129e-02 +5.662176456e+01 +5.662176456e+01 -3.7926e+00 -2.3098e+00 -3.8936e+00
9021 0 +9.846211189e-03 +5.661984621e+01 +5.661984621e+01 -3.7632e+00 -2.3237e+00 -3.9067e+00
9036 0 +9.594389023e-03 +5.661959439e+01 +5.661959439e+01 -3.8345e+00 -2.2896e+00 -3.8749e+00
9079 0 +8.159099179e-03 +5.661815910e+01 +5.661815910e+01 -3.7838e+00 -2.3140e+00 -3.8975e+00
9150 0 +7.798453506e-03 +5.661779845e+01 +5.661779845e+01 -3.7961e+00 -2.3082e+00 -3.8921e+00
9164 0 +6.159108246e-03 +5.661615911e+01 +5.661615911e+01 -3.8061e+00 -2.3032e+00 -3.8876e+00
9182 0 +1.227663104e-03 +5.661122766e+01 +5.661122766e+01 -3.8343e+00 -2.2896e+00 -3.8750e+00
9578 0 +3.049717137e-04 +5.661030497e+01 +5.661030497e+01 -3.8361e+00 -2.2887e+00 -3.8742e+00
10357 0 +2.988182487e-04 +5.661029882e+01 +5.661029882e+01 -3.8379e+00 -2.2878e+00 -3.8734e+00
10542 0 +2.738351142e-04 +5.661027384e+01 +5.661027384e+01 -3.8376e+00 -2.2879e+00 -3.8735e+00
10662 0 +1.710162815e-04 +5.661017102e+01 +5.661017102e+01 -3.8418e+00 -2.2858e+00 -3.8716e+00
10880 0 +1.550484294e-04 +5.661015505e+01 +5.661015505e+01 -3.8411e+00 -2.2862e+00 -3.8719e+00
10931 0 +1.541631206e-04 +5.661015416e+01 +5.661015416e+01 -3.8412e+00 -2.2861e+00 -3.8719e+00
10935 0 +1.219524193e-04 +5.661012195e+01 +5.661012195e+01 -3.8440e+00 -2.2847e+00 -3.8706e+00
11039 0 +1.029269353e-04 +5.661010293e+01 +5.661010293e+01 -3.8441e+00 -2.2846e+00 -3.8706e+00
11058 0 +8.560038331e-05 +5.661008560e+01 +5.661008560e+01 -3.8436e+00 -2.2849e+00 -3.8708e+00
11160 0 +8.127807087e-05 +5.661008128e+01 +5.661008128e+01 -3.8435e+00 -2.2849e+00 -3.8708e+00
11204 0 +7.880279692e-05 +5.661007880e+01 +5.661007880e+01 -3.8441e+00 -2.2846e+00 -3.8705e+00
11230 0 +6.210412140e-05 +5.661006210e+01 +5.661006210e+01 -3.8448e+00 -2.2843e+00 -3.8702e+00
11326 0 +4.493116033e-05 +5.661004493e+01 +5.661004493e+01 -3.8457e+00 -2.2838e+00 -3.8698e+00
11386 0 +3.769801968e-05 +5.661003770e+01 +5.661003770e+01 -3.8471e+00 -2.2831e+00 -3.8691e+00
11509 0 +3.097834991e-05 +5.661003098e+01 +5.661003098e+01 -3.8465e+00 -2.2834e+00 -3.8694e+00
11658 0 +2.862482559e-05 +5.661002862e+01 +5.661002862e+01 -3.8470e+00 -2.2831e+00 -3.8692e+00
11866 0 +2.276260912e-05 +5.661002276e+01 +5.661002276e+01 -3.8480e+00 -2.2826e+00 -3.8687e+00
11881 0 +1.482617238e-05 +5.661001483e+01 +5.661001483e+01 -3.8483e+00 -2.2824e+00 -3.8686e+00
12051 0 +1.482617238e-05 +5.661001483e+01 +5.661001483e+01 -3.8483e+00 -2.2824e+00 -3.8686e+00
% f evaluations | g evaluations | best noise-free fitness - Fopt (-1.810000000000e+01) + sum g_i+ | measured fitness | best measured fitness or single-digit g-values | x1 | x2...
1 0 +2.703101232e+06 +2.703083132e+06 +2.703083132e+06 -4.8044e+00 +3.1431e-01 +3.9111e+00
11 0 +4.571027176e+05 +4.570846176e+05 +4.570846176e+05 +1.5295e-01 +7.7772e-01 +3.2836e+00
32 0 +3.818376232e+05 +3.818195232e+05 +3.818195232e+05 -4.7674e+00 -2.2002e+00 +4.4897e+00
46 0 +3.450328663e+05 +3.450147663e+05 +3.450147663e+05 +4.7395e-01 +1.9632e+00 +2.3075e+00
67 0 +3.354786431e+05 +3.354605431e+05 +3.354605431e+05 -9.4052e-01 +9.0065e-01 +2.3884e+00
117 0 +8.848908869e+04 +8.847098869e+04 +8.847098869e+04 -9.4052e-01 +1.6888e-01 +2.8977e+00
184 0 +9.741981801e+03 +9.723881801e+03 +9.723881801e+03 +9.1312e-01 +1.4504e+00 +2.2976e+00
345 0 +2.723085833e+03 +2.704985833e+03 +2.704985833e+03 -3.3852e+00 -7.1947e-01 +4.1263e+00
634 0 +4.337852540e+02 +4.156852540e+02 +4.156852540e+02 +9.1312e-01 +1.4504e+00 +2.1927e+00
1045 0 +3.539098856e+02 +3.358098856e+02 +3.358098856e+02 -3.3106e+00 -6.9910e-01 +4.0246e+00
1219 0 +8.832084775e+01 +7.022084775e+01 +7.022084775e+01 -6.6951e-01 +6.7872e-01 +2.9201e+00
1355 0 +5.398444392e+01 +3.588444392e+01 +3.588444392e+01 -4.4395e+00 -1.2867e+00 +4.5174e+00
1392 0 +1.950440431e+01 +1.404404310e+00 +1.404404310e+00 -2.1143e+00 -6.7114e-02 +3.5388e+00
2338 0 +6.465781969e+00 -1.163421803e+01 -1.163421803e+01 -1.2840e+00 +3.6935e-01 +3.1792e+00
2736 0 +3.307973357e+00 -1.479202664e+01 -1.479202664e+01 -6.0418e-01 +7.2289e-01 +2.8907e+00
3204 0 +1.863334978e+00 -1.623666502e+01 -1.623666502e+01 -1.3434e+00 +3.3702e-01 +3.2057e+00
3455 0 +1.182237613e+00 -1.691776239e+01 -1.691776239e+01 -1.1960e+00 +4.1397e-01 +3.1450e+00
3656 0 +1.004554589e+00 -1.709544541e+01 -1.709544541e+01 -1.0564e+00 +4.8642e-01 +3.0845e+00
3868 0 +7.352665917e-01 -1.736473341e+01 -1.736473341e+01 -1.0877e+00 +4.7104e-01 +3.0987e+00
3990 0 +4.735435814e-01 -1.762645642e+01 -1.762645642e+01 -7.3476e-01 +6.5530e-01 +2.9482e+00
4244 0 +1.734833446e-01 -1.792651666e+01 -1.792651666e+01 -7.3240e-01 +6.5746e-01 +2.9466e+00
4249 0 +8.821942104e-02 -1.801178058e+01 -1.801178058e+01 -8.2593e-01 +6.0829e-01 +2.9866e+00
4477 0 +8.459586211e-02 -1.801540414e+01 -1.801540414e+01 -6.2971e-01 +7.1084e-01 +2.9034e+00
4490 0 +1.296847014e-02 -1.808703153e+01 -1.808703153e+01 -6.6999e-01 +6.8997e-01 +2.9204e+00
5275 0 +3.311379061e-03 -1.809668862e+01 -1.809668862e+01 -6.5729e-01 +6.9670e-01 +2.9150e+00
5617 0 +2.891249339e-03 -1.809710875e+01 -1.809710875e+01 -6.4756e-01 +7.0179e-01 +2.9109e+00
5629 0 +2.469017218e-03 -1.809753098e+01 -1.809753098e+01 -6.4420e-01 +7.0352e-01 +2.9095e+00
5759 0 +2.293382404e-03 -1.809770662e+01 -1.809770662e+01 -6.5121e-01 +6.9989e-01 +2.9124e+00
5888 0 +9.755969470e-04 -1.809902440e+01 -1.809902440e+01 -6.1722e-01 +7.1771e-01 +2.8980e+00
6066 0 +2.388518916e-04 -1.809976115e+01 -1.809976115e+01 -6.2249e-01 +7.1494e-01 +2.9002e+00
6380 0 +1.983345793e-04 -1.809980167e+01 -1.809980167e+01 -6.2438e-01 +7.1396e-01 +2.9010e+00
6591 0 +5.008851097e-05 -1.809994991e+01 -1.809994991e+01 -6.1609e-01 +7.1831e-01 +2.8975e+00
6617 0 +2.688597324e-05 -1.809997311e+01 -1.809997311e+01 -6.1290e-01 +7.2000e-01 +2.8961e+00
7131 0 +2.619904161e-05 -1.809997380e+01 -1.809997380e+01 -6.1630e-01 +7.1820e-01 +2.8976e+00
7342 0 +2.629596334e-06 -1.809999737e+01 -1.809999737e+01 -6.1477e-01 +7.1901e-01 +2.8970e+00
7566 0 +1.981208513e-07 -1.809999980e+01 -1.809999980e+01 -6.1473e-01 +7.1903e-01 +2.8969e+00
8352 0 +1.589236298e-07 -1.809999984e+01 -1.809999984e+01 -6.1463e-01 +7.1908e-01 +2.8969e+00
8503 0 +6.308552614e-08 -1.809999994e+01 -1.809999994e+01 -6.1445e-01 +7.1917e-01 +2.8968e+00
8589 0 +4.263502973e-08 -1.809999996e+01 -1.809999996e+01 -6.1431e-01 +7.1925e-01 +2.8968e+00
8773 0 +3.407014049e-08 -1.809999997e+01 -1.809999997e+01 -6.1453e-01 +7.1913e-01 +2.8969e+00
8788 0 +2.778008934e-09 -1.810000000e+01 -1.810000000e+01 -6.1441e-01 +7.1920e-01 +2.8968e+00
11147 0 +5.080380561e-13 -1.810000000e+01 -1.810000000e+01 -6.1440e-01 +7.1920e-01 +2.8968e+00
12051 0 +7.105427358e-15 -1.810000000e+01 -1.810000000e+01 -6.1440e-01 +7.1920e-01 +2.8968e+00
% f evaluations | g evaluations | best noise-free fitness - Fopt (3.777000000000e+01) + sum g_i+ | measured fitness | best measured fitness or single-digit g-values | x1 | x2...
1 0 +1.073710093e+08 +1.073710471e+08 +1.073710471e+08 +4.8010e+00 +6.0128e-01 +3.5911e+00
2 0 +1.486737815e+07 +1.486741592e+07 +1.486741592e+07 -2.2577e+00 +3.5081e+00 -3.0569e+00
4 0 +1.102302080e+07 +1.102305857e+07 +1.102305857e+07 +1.0806e+00 +1.4037e+00 -2.8959e+00
8 0 +6.193363042e+06 +6.193400812e+06 +6.193400812e+06 +2.5388e+00 +1.6304e+00 -4.6091e-01
10 0 +5.147486530e+06 +5.147524300e+06 +5.147524300e+06 -7.1828e-01 +4.7065e+00 +1.1187e+00
16 0 +1.715784620e+06 +1.715822390e+06 +1.715822390e+06 -3.0398e+00 +1.2860e+00 +1.9421e+00
18 0 +9.438997590e+05 +9.439375290e+05 +9.439375290e+05 +1.9800e+00 +3.5840e+00 +1.5489e-01
42 0 +5.936853007e+05 +5.937230707e+05 +5.937230707e+05 -4.0796e+00 -1.0935e+00 +4.4617e+00
48 0 +5.749218512e+05 +5.749596212e+05 +5.749596212e+05 +2.0337e-01 +2.0722e+00 +5.3674e-01
55 0 +2.340920623e+05 +2.341298323e+05 +2.341298323e+05 +2.7770e+00 +5.0000e+00 -6.3380e-01
122 0 +9.297956964e+04 +9.301733964e+04 +9.301733964e+04 +1.2084e+00 +3.5045e+00 -6.4850e-01
222 0 +3.350406788e+04 +3.354183788e+04 +3.354183788e+04 +2.8291e+00 +4.8595e+00 -1.2576e+00
334 0 +1.032543304e+04 +1.036320304e+04 +1.036320304e+04 +2.0301e+00 +4.4583e+00 -9.3073e-01
425 0 +5.546065056e+03 +5.583835056e+03 +5.583835056e+03 +2.6683e+00 +5.0000e+00 -1.1309e+00
555 0 +4.778117961e+03 +4.815887961e+03 +4.815887961e+03 +2.8096e+00 +5.0000e+00 -1.0822e+00
693 0 +1.288270764e+03 +1.326040764e+03 +1.326040764e+03 +1.1450e+00 +3.6738e+00 -4.3922e-01
809 0 +8.202548508e+02 +8.580248508e+02 +8.580248508e+02 +2.2907e+00 +4.6053e+00 -9.6131e-01
1026 0 +8.076387804e+02 +8.454087804e+02 +8.454087804e+02 +2.0320e+00 +4.3959e+00 -8.4610e-01
1080 0 +7.679023952e+02 +8.056723952e+02 +8.056723952e+02 +2.2803e+00 +4.6390e+00 -9.3973e-01
1100 0 +1.851044940e+02 +2.228744940e+02 +2.228744940e+02 +2.2551e+00 +4.5956e+00 -9.3078e-01
1205 0 +6.947865877e+01 +1.072486588e+02 +1.072486588e+02 +2.6207e+00 +4.8764e+00 -1.0822e+00
1423 0 +5.839895371e+01 +9.616895371e+01 +9.616895371e+01 +1.9619e+00 +4.3588e+00 -7.9901e-01
1473 0 +3.991307634e+01 +7.768307634e+01 +7.768307634e+01 +1.9619e+00 +4.3588e+00 -7.9715e-01
1565 0 +3.723329408e+01 +7.500329408e+01 +7.500329408e+01 +1.9463e+00 +4.3463e+00 -7.9020e-01
1828 0 +2.184390084e+01 +5.961390084e+01 +5.961390084e+01 +2.2363e+00 +4.5705e+00 -9.0834e-01
2099 0 +1.128133530e+01 +4.905133530e+01 +4.905133530e+01 +1.0774e+00 +3.6664e+00 -4.1287e-01
2830 0 +1.099098052e+01 +4.876098052e+01 +4.876098052e+01 +9.9838e-01 +3.6014e+00 -3.7763e-01
3003 0 +7.964022204e+00 +4.573402220e+01 +4.573402220e+01 +1.0788e+00 +3.6660e+00 -4.1082e-01
3034 0 +6.568025562e+00 +4.433802556e+01 +4.433802556e+01 +9.2460e-01 +3.5460e+00 -3.4530e-01
3252 0 +3.576663778e+00 +4.134666378e+01 +4.134666378e+01 +3.9352e-01 +3.1310e+00 -1.1664e-01
3328 0 +2.186785019e+00 +3.995678502e+01 +3.995678502e+01 +7.2882e-02 +2.8807e+00 +2.1471e-02
3518 0 +9.092228735e-01 +3.867922287e+01 +3.867922287e+01 -1.0100e+00 +2.0384e+00 +4.8606e-01
3575 0 +6.810873840e-01 +3.845108738e+01 +3.845108738e+01 -6.7820e-01 +2.2949e+00 +3.4485e-01
3762 0 +5.794383659e-01 +3.834943837e+01 +3.834943837e+01 -9.8757e-01 +2.0526e+00 +4.7901e-01
3797 0 +3.402197528e-01 +3.811021975e+01 +3.811021975e+01 -7.2232e-01 +2.2600e+00 +3.6495e-01
4060 0 +1.548198958e-01 +3.792481990e+01 +3.792481990e+01 -7.2235e-01 +2.2599e+00 +3.6434e-01
4166 0 +1.139173451e-01 +3.788391735e+01 +3.788391735e+01 -7.5533e-01 +2.2339e+00 +3.7862e-01
4468 0 +1.027420895e-01 +3.787274209e+01 +3.787274209e+01 -8.9808e-01 +2.1229e+00 +4.4011e-01
4553 0 +9.217148812e-02 +3.786217149e+01 +3.786217149e+01 -9.4513e-01 +2.0855e+00 +4.6039e-01
4565 0 +6.808756076e-02 +3.783808756e+01 +3.783808756e+01 -8.7288e-01 +2.1423e+00 +4.2961e-01
4662 0 +4.507564507e-02 +3.781507565e+01 +3.781507565e+01 -9.2852e-01 +2.0987e+00 +4.5316e-01
4891 0 +4.623694163e-03 +3.777462369e+01 +3.777462369e+01 -9.6501e-01 +2.0704e+00 +4.6910e-01
5514 0 +3.667196319e-03 +3.777366720e+01 +3.777366720e+01 -9.8000e-01 +2.0586e+00 +4.7558e-01
5798 0 +2.275961692e-03 +3.777227596e+01 +3.777227596e+01 -9.6460e-01 +2.0706e+00 +4.6896e-01
5951 0 +1.550761185e-03 +3.777155076e+01 +3.777155076e+01 -9.6263e-01 +2.0722e+00 +4.6803e-01
5980 0 +8.981574738e-04 +3.777089816e+01 +3.777089816e+01 -9.7727e-01 +2.0607e+00 +4.7437e-01
6414 0 +7.332308001e-04 +3.777073323e+01 +3.777073323e+01 -9.6328e-01 +2.0716e+00 +4.6833e-01
6461 0 +2.515207495e-04 +3.777025152e+01 +3.777025152e+01 -9.7938e-01 +2.0591e+00 +4.7528e-01
6518 0 +1.480047458e-04 +3.777014800e+01 +3.777014800e+01 -9.8130e-01 +2.0577e+00 +4.7600e-01
6721 0 +4.985770571e-05 +3.777004986e+01 +3.777004986e+01 -9.7974e-01 +2.0588e+00 +4.7542e-01
7091 0 +3.080550809e-05 +3.777003081e+01 +3.777003081e+01 -9.7785e-01 +2.0602e+00 +4.7462e-01
7456 0 +2.457270027e-05 +3.777002457e+01 +3.777002457e+01 -9.7582e-01 +2.0618e+00 +4.7374e-01
7491 0 +1.014091691e-05 +3.777001014e+01 +3.777001014e+01 -9.7760e-01 +2.0604e+00 +4.7451e-01
7584 0 +1.941919599e-06 +3.777000194e+01 +3.777000194e+01 -9.7844e-01 +2.0598e+00 +4.7487e-01
8204 0 +6.358023086e-07 +3.777000064e+01 +3.777000064e+01 -9.7910e-01 +2.0593e+00 +4.7516e-01
8579 0 +1.909456131e-07 +3.777000019e+01 +3.777000019e+01 -9.7904e-01 +2.0593e+00 +4.7513e-01
8719 0 +7.383417966e-08 +3.777000007e+01 +3.777000007e+01 -9.7926e-01 +2.0592e+00 +4.7523e-01
8879 0 +6.221436166e-08 +3.777000006e+01 +3.777000006e+01 -9.7917e-01 +2.0592e+00 +4.7519e-01
8897 0 +4.592118330e-08 +3.777000005e+01 +3.777000005e+01 -9.7917e-01 +2.0592e+00 +4.7519e-01
9403 0 +3.182887554e-08 +3.777000003e+01 +3.777000003e+01 -9.7925e-01 +2.0592e+00 +4.7522e-01
9408 0 +1.103659741e-08 +3.777000001e+01 +3.777000001e+01 -9.7916e-01 +2.0592e+00 +4.7518e-01
9462 0 +6.433367616e-09 +3.777000001e+01 +3.777000001e+01 -9.7915e-01 +2.0592e+00 +4.7518e-01
11970 0 +1.350031198e-13 +3.777000000e+01 +3.777000000e+01 -9.7920e-01 +2.0592e+00 +4.7520e-01
12051 0 +1.350031198e-13 +3.777000000e+01 +3.777000000e+01 -9.7920e-01 +2.0592e+00 +4.7520e-01
% f evaluations | g evaluations | best noise-free fitness - Fopt (-6.211100000000e+02) + sum g_i+ | measured fitness | best measured fitness or single-digit g-values | x1 | x2...
1 0 +4.277886767e+07 +4.277824656e+07 +4.277824656e+07 +1.4016e+00 -1.2161e+00 -2.5037e+00
2 0 +7.618091383e+06 +7.617470273e+06 +7.617470273e+06 -1.3078e-01 +4.2051e+00 +2.8231e+00
8 0 +3.528556634e+06 +3.527935524e+06 +3.527935524e+06 +2.3785e+00 +5.5083e-01 +7.8362e-01
17 0 +1.478728686e+06 +1.478107576e+06 +1.478107576e+06 -3.5462e+00 +4.8292e+00 +1.4929e+00
34 0 +3.780570313e+05 +3.774359213e+05 +3.774359213e+05 +1.6967e+00 +2.7402e+00 -7.6087e-01
80 0 +2.602017262e+05 +2.595806162e+05 +2.595806162e+05 -1.9467e+00 +4.1993e+00 +3.2462e-01
130 0 +7.855079098e+03 +7.233969098e+03 +7.233969098e+03 -1.2676e+00 +4.1993e+00 +3.2462e-01
369 0 +7.640188756e+01 -5.447081124e+02 -5.447081124e+02 -1.3086e+00 +4.3505e+00 +2.9689e-01
963 0 +1.932528227e+01 -6.017847177e+02 -6.017847177e+02 -7.1050e-01 +3.8334e+00 +9.7212e-02
1670 0 +1.027999679e+01 -6.108300032e+02 -6.108300032e+02 -5.8933e-01 +3.7380e+00 +4.3611e-02
1787 0 +2.086722198e+00 -6.190232778e+02 -6.190232778e+02 -1.0644e+00 +4.1439e+00 +2.2322e-01
2634 0 +1.031379716e+00 -6.200786203e+02 -6.200786203e+02 -1.3434e+00 +4.3977e+00 +3.1140e-01
2707 0 +7.889372494e-01 -6.203210628e+02 -6.203210628e+02 -1.0948e+00 +4.1734e+00 +2.3377e-01
2997 0 +6.324680304e-01 -6.204775320e+02 -6.204775320e+02 -1.2129e+00 +4.2803e+00 +2.6995e-01
3120 0 +3.477198916e-01 -6.207622801e+02 -6.207622801e+02 -1.2817e+00 +4.3422e+00 +2.9177e-01
3157 0 +2.037703795e-01 -6.209062296e+02 -6.209062296e+02 -1.1889e+00 +4.2577e+00 +2.6285e-01
3644 0 +1.943795511e-01 -6.209156204e+02 -6.209156204e+02 -1.1420e+00 +4.2143e+00 +2.4854e-01
3654 0 +1.703815682e-01 -6.209396184e+02 -6.209396184e+02 -1.0619e+00 +4.1427e+00 +2.2392e-01
3854 0 +1.252657772e-01 -6.209847342e+02 -6.209847342e+02 -1.0627e+00 +4.1427e+00 +2.2392e-01
3955 0 +3.850268473e-02 -6.210714973e+02 -6.210714973e+02 -1.0350e+00 +4.1177e+00 +2.1566e-01
4132 0 +3.119805173e-02 -6.210788019e+02 -6.210788019e+02 -9.5854e-01 +4.0492e+00 +1.9218e-01
4205 0 +1.707725197e-02 -6.210929227e+02 -6.210929227e+02 -9.7183e-01 +4.0608e+00 +1.9613e-01
4499 0 +8.193546285e-03 -6.211018065e+02 -6.211018065e+02 -9.4755e-01 +4.0392e+00 +1.8862e-01
4934 0 +5.077402011e-03 -6.211049226e+02 -6.211049226e+02 -9.2963e-01 +4.0235e+00 +1.8305e-01
5171 0 +4.309583026e-03 -6.211056904e+02 -6.211056904e+02 -9.4012e-01 +4.0328e+00 +1.8632e-01
5204 0 +2.987983544e-03 -6.211070120e+02 -6.211070120e+02 -9.2673e-01 +4.0211e+00 +1.8214e-01
5572 0 +2.889051377e-03 -6.211071109e+02 -6.211071109e+02 -9.2790e-01 +4.0220e+00 +1.8252e-01
5642 0 +1.976736686e-03 -6.211080233e+02 -6.211080233e+02 -9.2078e-01 +4.0158e+00 +1.8025e-01
5810 0 +1.572581631e-03 -6.211084274e+02 -6.211084274e+02 -9.1646e-01 +4.0121e+00 +1.7893e-01
5831 0 +9.416681388e-04 -6.211090583e+02 -6.211090583e+02 -9.1374e-01 +4.0097e+00 +1.7806e-01
5851 0 +6.641081782e-04 -6.211093359e+02 -6.211093359e+02 -9.0488e-01 +4.0020e+00 +1.7529e-01
6183 0 +4.095492343e-04 -6.211095905e+02 -6.211095905e+02 -9.0703e-01 +4.0039e+00 +1.7596e-01
6472 0 +3.958482159e-04 -6.211096042e+02 -6.211096042e+02 -9.0654e-01 +4.0035e+00 +1.7580e-01
6605 0 +3.128345825e-04 -6.211096872e+02 -6.211096872e+02 -9.0296e-01 +4.0004e+00 +1.7468e-01
6755 0 +2.088681281e-04 -6.211097911e+02 -6.211097911e+02 -9.0225e-01 +3.9998e+00 +1.7445e-01
7137 0 +2.004643050e-04 -6.211097995e+02 -6.211097995e+02 -9.0151e-01 +3.9992e+00 +1.7422e-01
7145 0 +1.905294482e-04 -6.211098095e+02 -6.211098095e+02 -8.9954e-01 +3.9975e+00 +1.7360e-01
7156 0 +1.740940612e-04 -6.211098259e+02 -6.211098259e+02 -9.0171e-01 +3.9994e+00 +1.7428e-01
7163 0 +1.536514943e-04 -6.211098463e+02 -6.211098463e+02 -8.9831e-01 +3.9965e+00 +1.7321e-01
7236 0 +1.137219434e-04 -6.211098863e+02 -6.211098863e+02 -8.9900e-01 +3.9971e+00 +1.7342e-01
7314 0 +9.722188929e-05 -6.211099028e+02 -6.211099028e+02 -8.9772e-01 +3.9960e+00 +1.7302e-01
7425 0 +9.237874417e-05 -6.211099076e+02 -6.211099076e+02 -8.9840e-01 +3.9965e+00 +1.7324e-01
7449 0 +7.794540204e-05 -6.211099221e+02 -6.211099221e+02 -8.9803e-01 +3.9962e+00 +1.7312e-01
7525 0 +4.940262590e-05 -6.211099506e+02 -6.211099506e+02 -8.9659e-01 +3.9950e+00 +1.7266e-01
7594 0 +4.399386444e-05 -6.211099560e+02 -6.211099560e+02 -8.9654e-01 +3.9950e+00 +1.7264e-01
7627 0 +3.715961554e-05 -6.211099628e+02 -6.211099628e+02 -8.9654e-01 +3.9950e+00 +1.7264e-01
7763 0 +1.334665285e-05 -6.211099867e+02 -6.211099867e+02 -8.9431e-01 +3.9931e+00 +1.7194e-01
7927 0 +7.678842280e-06 -6.211099923e+02 -6.211099923e+02 -8.9404e-01 +3.9929e+00 +1.7185e-01
8119 0 +6.589476357e-06 -6.211099934e+02 -6.211099934e+02 -8.9362e-01 +3.9925e+00 +1.7172e-01
8197 0 +6.106732485e-06 -6.211099939e+02 -6.211099939e+02 -8.9361e-01 +3.9925e+00 +1.7171e-01
8323 0 +2.614915843e-06 -6.211099974e+02 -6.211099974e+02 -8.9294e-01 +3.9920e+00 +1.7150e-01
8430 0 +2.026112043e-06 -6.211099980e+02 -6.211099980e+02 -8.9277e-01 +3.9918e+00 +1.7144e-01
8552 0 +1.790936494e-06 -6.211099982e+02 -6.211099982e+02 -8.9275e-01 +3.9918e+00 +1.7144e-01
8602 0 +9.853430356e-07 -6.211099990e+02 -6.211099990e+02 -8.9269e-01 +3.9918e+00 +1.7142e-01
8626 0 +9.061348010e-07 -6.211099991e+02 -6.211099991e+02 -8.9258e-01 +3.9917e+00 +1.7138e-01
8665 0 +5.354190762e-07 -6.211099995e+02 -6.211099995e+02 -8.9230e-01 +3.9914e+00 +1.7130e-01
8798 0 +4.688548643e-07 -6.211099995e+02 -6.211099995e+02 -8.9205e-01 +3.9912e+00 +1.7122e-01
8878 0 +4.554960924e-07 -6.211099995e+02 -6.211099995e+02 -8.9206e-01 +3.9913e+00 +1.7122e-01
8900 0 +3.803555728e-07 -6.211099996e+02 -6.211099996e+02 -8.9208e-01 +3.9913e+00 +1.7123e-01
8933 0 +2.455516324e-07 -6.211099998e+02 -6.211099998e+02 -8.9215e-01 +3.9913e+00 +1.7125e-01
8937 0 +2.383925448e-07 -6.211099998e+02 -6.211099998e+02 -8.9212e-01 +3.9913e+00 +1.7124e-01
8988 0 +1.527474751e-07 -6.211099998e+02 -6.211099998e+02 -8.9227e-01 +3.9914e+00 +1.7129e-01
9128 0 +1.422217792e-07 -6.211099999e+02 -6.211099999e+02 -8.9201e-01 +3.9912e+00 +1.7120e-01
9154 0 +6.112429674e-08 -6.211099999e+02 -6.211099999e+02 -8.9206e-01 +3.9913e+00 +1.7122e-01
9324 0 +4.260812148e-08 -6.211100000e+02 -6.211100000e+02 -8.9196e-01 +3.9912e+00 +1.7119e-01
9373 0 +1.177807007e-08 -6.211100000e+02 -6.211100000e+02 -8.9200e-01 +3.9912e+00 +1.7120e-01
9658 0 +1.624698598e-09 -6.211100000e+02 -6.211100000e+02 -8.9201e-01 +3.9912e+00 +1.7120e-01
11930 0 +7.958078641e-13 -6.211100000e+02 -6.211100000e+02 -8.9200e-01 +3.9912e+00 +1.7120e-01
12051 0 +2.273736754e-13 -6.211100000e+02 -6.211100000e+02 -8.9200e-01 +3.9912e+00 +1.7120e-01
% f evaluations | g evaluations | best noise-free fitness - Fopt (-2.548200000000e+02) + sum g_i+ | measured fitness | best measured fitness or single-digit g-values | x1 | x2...
1 0 +1.258168079e+10 +1.258168054e+10 +1.258168054e+10 -3.1198e+00 +1.6550e+00 +3.6758e+00
2 0 +7.527780905e+06 +7.527526085e+06 +7.527526085e+06 +3.3410e+00 -4.1187e+00 -3.2150e+00
24 0 +6.479774319e+06 +6.479519499e+06 +6.479519499e+06 +3.8335e+00 -2.4777e+00 -2.6002e+00
27 0 +2.339264178e+06 +2.339009358e+06 +2.339009358e+06 +2.4562e+00 -2.8965e+00 -2.7413e+00
58 0 +9.395228592e+05 +9.392680392e+05 +9.392680392e+05 +6.1352e-01 -2.5606e+00 -1.9923e+00
78 0 +1.878783152e+05 +1.876234952e+05 +1.876234952e+05 +1.3068e+00 -3.0548e+00 -2.3151e+00
161 0 +2.045657766e+04 +2.020175766e+04 +2.020175766e+04 +1.8250e+00 -1.6550e+00 -1.5470e+00
428 0 +1.316284965e+04 +1.290802965e+04 +1.290802965e+04 +1.3068e+00 -3.0548e+00 -1.9813e+00
592 0 +8.994908669e+03 +8.740088669e+03 +8.740088669e+03 +2.5253e+00 +8.5813e-01 -8.8625e-01
689 0 +4.420015506e+03 +4.165195506e+03 +4.165195506e+03 +2.5275e+00 +5.5539e-01 -8.9472e-01
748 0 +3.861625529e+03 +3.606805529e+03 +3.606805529e+03 +1.5933e+00 -1.9826e+00 -1.7318e+00
758 0 +1.126437238e+03 +8.716172377e+02 +8.716172377e+02 +3.6747e+00 +3.5640e+00 -1.9716e-01
1054 0 +9.151694987e+02 +6.603494987e+02 +6.603494987e+02 +3.4960e+00 +3.1192e+00 -2.2613e-01
1205 0 +4.656164312e+02 +2.107964312e+02 +2.107964312e+02 +2.1569e+00 -3.0304e-01 -1.1675e+00
1231 0 +3.942434675e+02 +1.394234675e+02 +1.394234675e+02 +2.9998e+00 +2.0336e+00 -4.8723e-01
1457 0 +1.055393577e+02 -1.492806423e+02 -1.492806423e+02 +2.1228e+00 -4.2296e-01 -1.1837e+00
1493 0 +3.774239090e+01 -2.170776091e+02 -2.170776091e+02 +1.6808e+00 -1.6706e+00 -1.5944e+00
2079 0 +2.567345736e+01 -2.291465426e+02 -2.291465426e+02 +2.1691e+00 -2.6367e-01 -1.1404e+00
2656 0 +2.126440888e+01 -2.335555911e+02 -2.335555911e+02 +2.5288e+00 +7.2733e-01 -8.3976e-01
3071 0 +1.955216855e+01 -2.352678315e+02 -2.352678315e+02 +2.3518e+00 +2.5137e-01 -9.8109e-01
3080 0 +1.873483047e+01 -2.360851695e+02 -2.360851695e+02 +2.8340e+00 +1.5410e+00 -6.0984e-01
3480 0 +1.266785674e+01 -2.421521433e+02 -2.421521433e+02 +2.8299e+00 +1.5410e+00 -6.1184e-01
3768 0 +9.072393887e+00 -2.457476061e+02 -2.457476061e+02 +2.6345e+00 +1.0205e+00 -7.5342e-01
4155 0 +4.987636696e+00 -2.498323633e+02 -2.498323633e+02 +2.9069e+00 +1.7418e+00 -5.5571e-01
5047 0 +4.381112798e+00 -2.504388872e+02 -2.504388872e+02 +3.0160e+00 +2.0230e+00 -4.8265e-01
5488 0 +3.900997659e+00 -2.509190023e+02 -2.509190023e+02 +2.9969e+00 +1.9723e+00 -4.9614e-01
5605 0 +3.788613513e+00 -2.510313865e+02 -2.510313865e+02 +3.0180e+00 +2.0257e+00 -4.8269e-01
6105 0 +3.670617826e+00 -2.511493822e+02 -2.511493822e+02 +3.0177e+00 +2.0255e+00 -4.8275e-01
6265 0 +3.321516822e+00 -2.514984832e+02 -2.514984832e+02 +3.0459e+00 +2.0985e+00 -4.6477e-01
6280 0 +3.270089804e+00 -2.515499102e+02 -2.515499102e+02 +3.0666e+00 +2.1504e+00 -4.5128e-01
6377 0 +3.095410331e+00 -2.517245897e+02 -2.517245897e+02 +3.0663e+00 +2.1494e+00 -4.5204e-01
6540 0 +2.944971341e+00 -2.518750287e+02 -2.518750287e+02 +3.0831e+00 +2.1919e+00 -4.4150e-01
6637 0 +2.634226446e+00 -2.521857736e+02 -2.521857736e+02 +3.1786e+00 +2.4311e+00 -3.8349e-01
6662 0 +2.374763218e+00 -2.524452368e+02 -2.524452368e+02 +3.1463e+00 +2.3507e+00 -4.0323e-01
6675 0 +2.266004165e+00 -2.525539958e+02 -2.525539958e+02 +3.1654e+00 +2.3992e+00 -3.9198e-01
6692 0 +2.224863791e+00 -2.525951362e+02 -2.525951362e+02 +3.1711e+00 +2.4120e+00 -3.8890e-01
6824 0 +1.973281658e+00 -2.528467183e+02 -2.528467183e+02 +3.2056e+00 +2.4988e+00 -3.6877e-01
7023 0 +1.773379949e+00 -2.530466201e+02 -2.530466201e+02 +3.2247e+00 +2.5457e+00 -3.5766e-01
7049 0 +1.719924636e+00 -2.531000754e+02 -2.531000754e+02 +3.2404e+00 +2.5839e+00 -3.4947e-01
7215 0 +1.676154666e+00 -2.531438453e+02 -2.531438453e+02 +3.2665e+00 +2.6482e+00 -3.3416e-01
7299 0 +1.484635155e+00 -2.533353648e+02 -2.533353648e+02 +3.2759e+00 +2.6707e+00 -3.2935e-01
7357 0 +1.445777539e+00 -2.533742225e+02 -2.533742225e+02 +3.2942e+00 +2.7140e+00 -3.2008e-01
7432 0 +1.362876807e+00 -2.534571232e+02 -2.534571232e+02 +3.3031e+00 +2.7367e+00 -3.1476e-01
7477 0 +1.169137572e+00 -2.536508624e+02 -2.536508624e+02 +3.3181e+00 +2.7728e+00 -3.0746e-01
7665 0 +1.062892965e+00 -2.537571070e+02 -2.537571070e+02 +3.3459e+00 +2.8400e+00 -2.9265e-01
7676 0 +1.034401593e+00 -2.537855984e+02 -2.537855984e+02 +3.3410e+00 +2.8286e+00 -2.9544e-01
7808 0 +1.004344365e+00 -2.538156556e+02 -2.538156556e+02 +3.3510e+00 +2.8527e+00 -2.9022e-01
7825 0 +9.542858083e-01 -2.538657142e+02 -2.538657142e+02 +3.3574e+00 +2.8680e+00 -2.8692e-01
7867 0 +9.278262141e-01 -2.538921738e+02 -2.538921738e+02 +3.3842e+00 +2.9328e+00 -2.7333e-01
7894 0 +8.934464980e-01 -2.539265535e+02 -2.539265535e+02 +3.3708e+00 +2.9000e+00 -2.8016e-01
7938 0 +7.203058070e-01 -2.540996942e+02 -2.540996942e+02 +3.4074e+00 +2.9872e+00 -2.6231e-01
8006 0 +7.012603537e-01 -2.541187396e+02 -2.541187396e+02 +3.4081e+00 +2.9886e+00 -2.6199e-01
8044 0 +6.258220838e-01 -2.541941779e+02 -2.541941779e+02 +3.4382e+00 +3.0592e+00 -2.4790e-01
8086 0 +5.374518695e-01 -2.542825481e+02 -2.542825481e+02 +3.4578e+00 +3.1062e+00 -2.3833e-01
8233 0 +4.057189466e-01 -2.544142811e+02 -2.544142811e+02 +3.5141e+00 +3.2372e+00 -2.1278e-01
8400 0 +3.919423051e-01 -2.544280577e+02 -2.544280577e+02 +3.4997e+00 +3.2036e+00 -2.1939e-01
8530 0 +3.786857425e-01 -2.544413143e+02 -2.544413143e+02 +3.4967e+00 +3.1968e+00 -2.2092e-01
8580 0 +3.028250412e-01 -2.545171750e+02 -2.545171750e+02 +3.5254e+00 +3.2638e+00 -2.0799e-01
8696 0 +2.968072979e-01 -2.545231927e+02 -2.545231927e+02 +3.5385e+00 +3.2944e+00 -2.0226e-01
8820 0 +2.782298651e-01 -2.545417701e+02 -2.545417701e+02 +3.5464e+00 +3.3122e+00 -1.9882e-01
8862 0 +2.250879532e-01 -2.545949120e+02 -2.545949120e+02 +3.5643e+00 +3.3538e+00 -1.9122e-01
8945 0 +2.103804266e-01 -2.546096196e+02 -2.546096196e+02 +3.5758e+00 +3.3798e+00 -1.8642e-01
8994 0 +1.971240268e-01 -2.546228760e+02 -2.546228760e+02 +3.5691e+00 +3.3644e+00 -1.8936e-01
9010 0 +1.615832216e-01 -2.546584168e+02 -2.546584168e+02 +3.5826e+00 +3.3953e+00 -1.8392e-01
9119 0 +1.391875797e-01 -2.546808124e+02 -2.546808124e+02 +3.5976e+00 +3.4298e+00 -1.7748e-01
9144 0 +1.261067076e-01 -2.546938933e+02 -2.546938933e+02 +3.6072e+00 +3.4522e+00 -1.7349e-01
9165 0 +1.200670671e-01 -2.546999329e+02 -2.546999329e+02 +3.6080e+00 +3.4536e+00 -1.7346e-01
9206 0 +7.153062685e-02 -2.547484694e+02 -2.547484694e+02 +3.6871e+00 +3.6341e+00 -1.4133e-01
9217 0 +2.527344643e-02 -2.547947266e+02 -2.547947266e+02 +3.6786e+00 +3.6151e+00 -1.4451e-01
9346 0 +2.210277626e-02 -2.547978972e+02 -2.547978972e+02 +3.7100e+00 +3.6873e+00 -1.3106e-01
9362 0 +1.772147016e-02 -2.548022785e+02 -2.548022785e+02 +3.7261e+00 +3.7254e+00 -1.2358e-01
9460 0 +6.984493787e-03 -2.548130155e+02 -2.548130155e+02 +3.7133e+00 +3.6950e+00 -1.2974e-01
9902 0 +3.564240193e-03 -2.548164358e+02 -2.548164358e+02 +3.7196e+00 +3.7099e+00 -1.2685e-01
9930 0 +2.131411150e-03 -2.548178686e+02 -2.548178686e+02 +3.7255e+00 +3.7237e+00 -1.2410e-01
10004 0 +6.302860230e-04 -2.548193697e+02 -2.548193697e+02 +3.7344e+00 +3.7451e+00 -1.1960e-01
10814 0 +4.925417276e-04 -2.548195075e+02 -2.548195075e+02 +3.7327e+00 +3.7409e+00 -1.2049e-01
10992 0 +3.078577766e-04 -2.548196921e+02 -2.548196921e+02 +3.7348e+00 +3.7460e+00 -1.1940e-01
11312 0 +2.908382191e-04 -2.548197092e+02 -2.548197092e+02 +3.7357e+00 +3.7483e+00 -1.1890e-01
11351 0 +1.618369358e-04 -2.548198382e+02 -2.548198382e+02 +3.7365e+00 +3.7502e+00 -1.1847e-01
11568 0 +1.384748663e-04 -2.548198615e+02 -2.548198615e+02 +3.7374e+00 +3.7522e+00 -1.1802e-01
11571 0 +1.379224453e-04 -2.548198621e+02 -2.548198621e+02 +3.7379e+00 +3.7536e+00 -1.1772e-01
11639 0 +8.086072799e-05 -2.548199191e+02 -2.548199191e+02 +3.7381e+00 +3.7541e+00 -1.1760e-01
11744 0 +3.943509631e-05 -2.548199606e+02 -2.548199606e+02 +3.7386e+00 +3.7553e+00 -1.1733e-01
12051 0 +3.943509631e-05 -2.548199606e+02 -2.548199606e+02 +3.7386e+00 +3.7553e+00 -1.1733e-01
% f evaluations | g evaluations | best noise-free fitness - Fopt (5.661000000000e+01) + sum g_i+ | measured fitness | best measured fitness or single-digit g-values | x1 | x2...
1 0 +6.857017950e+08 +6.857018516e+08 +6.857018516e+08 +3.1067e+00 -3.5472e+00 +4.2953e+00
2 0 +2.075981164e+08 +2.075981730e+08 +2.075981730e+08 -2.9313e+00 -7.0190e-01 +5.7600e-01
4 0 +3.842718133e+07 +3.842723794e+07 +3.842723794e+07 -2.2142e+00 +1.3488e+00 -3.7193e+00
14 0 +1.014202505e+05 +1.014768605e+05 +1.014768605e+05 -2.5446e+00 -3.0706e+00 -4.1809e+00
114 0 +7.975645617e+04 +7.981306617e+04 +7.981306617e+04 -2.5446e+00 -2.9663e+00 -4.7776e+00
229 0 +1.098270712e+04 +1.103931712e+04 +1.103931712e+04 -1.9536e+00 -3.7475e+00 -5.0000e+00
563 0 +6.996827726e+03 +7.053437726e+03 +7.053437726e+03 -2.4466e+00 -3.1607e+00 -4.5022e+00
616 0 +5.047058772e+03 +5.103668772e+03 +5.103668772e+03 -3.0239e+00 -2.7852e+00 -4.2064e+00
683 0 +4.652391846e+03 +4.709001846e+03 +4.709001846e+03 -3.3976e+00 -2.4515e+00 -4.0128e+00
703 0 +3.428766687e+03 +3.485376687e+03 +3.485376687e+03 -2.7010e+00 -3.0468e+00 -4.4691e+00
809 0 +7.582114144e+02 +8.148214144e+02 +8.148214144e+02 -2.1992e+00 -3.3855e+00 -4.7511e+00
901 0 +7.263052643e+02 +7.829152643e+02 +7.829152643e+02 -3.6138e+00 -2.4034e+00 -4.0038e+00
978 0 +2.714945325e+02 +3.281045325e+02 +3.281045325e+02 -3.1829e+00 -2.6531e+00 -4.1708e+00
1116 0 +8.656763425e+01 +1.431776342e+02 +1.431776342e+02 -3.0689e+00 -2.7225e+00 -4.2500e+00
1572 0 +2.054589470e+01 +7.715589470e+01 +7.715589470e+01 -2.3996e+00 -3.2364e+00 -4.6276e+00
1757 0 +1.039251026e+01 +6.700251026e+01 +6.700251026e+01 -2.7342e+00 -2.9594e+00 -4.4260e+00
2024 0 +2.499261645e+00 +5.910926164e+01 +5.910926164e+01 -3.0133e+00 -2.7525e+00 -4.2719e+00
2367 0 +1.973761848e+00 +5.858376185e+01 +5.858376185e+01 -3.1454e+00 -2.6636e+00 -4.2013e+00
2624 0 +1.913223563e+00 +5.852322356e+01 +5.852322356e+01 -2.8542e+00 -2.8651e+00 -4.3578e+00
3480 0 +1.876396342e+00 +5.848639634e+01 +5.848639634e+01 -2.9110e+00 -2.8249e+00 -4.3269e+00
4083 0 +1.277514012e+00 +5.788751401e+01 +5.788751401e+01 -2.9541e+00 -2.7937e+00 -4.3029e+00
5074 0 +8.780563357e-01 +5.748805634e+01 +5.748805634e+01 -3.1208e+00 -2.6809e+00 -4.2136e+00
5492 0 +7.359562612e-01 +5.734595626e+01 +5.734595626e+01 -3.1478e+00 -2.6633e+00 -4.2002e+00
5680 0 +6.789296497e-01 +5.728892965e+01 +5.728892965e+01 -3.1669e+00 -2.6509e+00 -4.1899e+00
5720 0 +6.088347369e-01 +5.721883474e+01 +5.721883474e+01 -3.2499e+00 -2.5993e+00 -4.1483e+00
5973 0 +5.292873822e-01 +5.713928738e+01 +5.713928738e+01 -3.2382e+00 -2.6065e+00 -4.1539e+00
6323 0 +5.218995301e-01 +5.713189953e+01 +5.713189953e+01 -3.2373e+00 -2.6069e+00 -4.1544e+00
6329 0 +4.814881432e-01 +5.709148814e+01 +5.709148814e+01 -3.2683e+00 -2.5881e+00 -4.1385e+00
6716 0 +4.635398270e-01 +5.707353983e+01 +5.707353983e+01 -3.2618e+00 -2.5920e+00 -4.1420e+00
6731 0 +4.288842549e-01 +5.703888425e+01 +5.703888425e+01 -3.2855e+00 -2.5777e+00 -4.1301e+00
6761 0 +4.195365750e-01 +5.702953658e+01 +5.702953658e+01 -3.2987e+00 -2.5696e+00 -4.1236e+00
6912 0 +4.099600149e-01 +5.701996001e+01 +5.701996001e+01 -3.2975e+00 -2.5704e+00 -4.1240e+00
6977 0 +3.967799601e-01 +5.700677996e+01 +5.700677996e+01 -3.3191e+00 -2.5575e+00 -4.1133e+00
7111 0 +3.761265431e-01 +5.698612654e+01 +5.698612654e+01 -3.3170e+00 -2.5589e+00 -4.1145e+00
7245 0 +3.489413355e-01 +5.695894134e+01 +5.695894134e+01 -3.3389e+00 -2.5459e+00 -4.1037e+00
7423 0 +3.413616420e-01 +5.695136164e+01 +5.695136164e+01 -3.3437e+00 -2.5432e+00 -4.1013e+00
7536 0 +3.321839882e-01 +5.694218399e+01 +5.694218399e+01 -3.3567e+00 -2.5357e+00 -4.0948e+00
7554 0 +3.204708205e-01 +5.693047082e+01 +5.693047082e+01 -3.3558e+00 -2.5361e+00 -4.0953e+00
7582 0 +3.144451003e-01 +5.692444510e+01 +5.692444510e+01 -3.3630e+00 -2.5320e+00 -4.0918e+00
7608 0 +3.049719740e-01 +5.691497197e+01 +5.691497197e+01 -3.3657e+00 -2.5304e+00 -4.0905e+00
7741 0 +3.008265051e-01 +5.691082651e+01 +5.691082651e+01 -3.3712e+00 -2.5272e+00 -4.0878e+00
7765 0 +2.931563676e-01 +5.690315637e+01 +5.690315637e+01 -3.3733e+00 -2.5261e+00 -4.0869e+00
7784 0 +2.879965469e-01 +5.689799655e+01 +5.689799655e+01 -3.3790e+00 -2.5229e+00 -4.0841e+00
7802 0 +2.729912830e-01 +5.688299128e+01 +5.688299128e+01 -3.3923e+00 -2.5153e+00 -4.0777e+00
7881 0 +2.627131417e-01 +5.687271314e+01 +5.687271314e+01 -3.3978e+00 -2.5122e+00 -4.0750e+00
7997 0 +2.537616991e-01 +5.686376170e+01 +5.686376170e+01 -3.4128e+00 -2.5036e+00 -4.0678e+00
8126 0 +2.481288262e-01 +5.685812883e+01 +5.685812883e+01 -3.4092e+00 -2.5057e+00 -4.0695e+00
8152 0 +2.350872723e-01 +5.684508727e+01 +5.684508727e+01 -3.4228e+00 -2.4981e+00 -4.0630e+00
8179 0 +2.306906683e-01 +5.684069067e+01 +5.684069067e+01 -3.4240e+00 -2.4974e+00 -4.0624e+00
8324 0 +2.242481817e-01 +5.683424818e+01 +5.683424818e+01 -3.4327e+00 -2.4926e+00 -4.0582e+00
8405 0 +2.216132786e-01 +5.683161328e+01 +5.683161328e+01 -3.4418e+00 -2.4876e+00 -4.0540e+00
8456 0 +2.152929344e-01 +5.682529293e+01 +5.682529293e+01 -3.4416e+00 -2.4876e+00 -4.0540e+00
8485 0 +2.019530400e-01 +5.681195304e+01 +5.681195304e+01 -3.4588e+00 -2.4781e+00 -4.0457e+00
8609 0 +1.912452390e-01 +5.680124524e+01 +5.680124524e+01 -3.4649e+00 -2.4749e+00 -4.0428e+00
8637 0 +1.887469112e-01 +5.679874691e+01 +5.679874691e+01 -3.4648e+00 -2.4748e+00 -4.0430e+00
8651 0 +1.843238447e-01 +5.679432384e+01 +5.679432384e+01 -3.4721e+00 -2.4708e+00 -4.0395e+00
8677 0 +1.755334848e-01 +5.678553348e+01 +5.678553348e+01 -3.4870e+00 -2.4627e+00 -4.0325e+00
8706 0 +1.733623588e-01 +5.678336236e+01 +5.678336236e+01 -3.4780e+00 -2.4677e+00 -4.0367e+00
8730 0 +1.666549650e-01 +5.677665497e+01 +5.677665497e+01 -3.4959e+00 -2.4580e+00 -4.0283e+00
8759 0 +1.615714954e-01 +5.677157150e+01 +5.677157150e+01 -3.5148e+00 -2.4478e+00 -4.0194e+00
8857 0 +1.512604442e-01 +5.676126044e+01 +5.676126044e+01 -3.5257e+00 -2.4420e+00 -4.0143e+00
9038 0 +1.415143794e-01 +5.675151438e+01 +5.675151438e+01 -3.5145e+00 -2.4482e+00 -4.0196e+00
9057 0 +1.392896386e-01 +5.674928964e+01 +5.674928964e+01 -3.5368e+00 -2.4362e+00 -4.0092e+00
9090 0 +1.344171785e-01 +5.674441718e+01 +5.674441718e+01 -3.5220e+00 -2.4441e+00 -4.0161e+00
9127 0 +1.229861561e-01 +5.673298616e+01 +5.673298616e+01 -3.5357e+00 -2.4368e+00 -4.0096e+00
9199 0 +1.186731658e-01 +5.672867317e+01 +5.672867317e+01 -3.5424e+00 -2.4333e+00 -4.0065e+00
9257 0 +1.118670554e-01 +5.672186706e+01 +5.672186706e+01 -3.5556e+00 -2.4264e+00 -4.0004e+00
9377 0 +1.093675602e-01 +5.671936756e+01 +5.671936756e+01 -3.5576e+00 -2.4255e+00 -3.9995e+00
9436 0 +1.065596528e-01 +5.671655965e+01 +5.671655965e+01 -3.5579e+00 -2.4253e+00 -3.9994e+00
9505 0 +1.000515185e-01 +5.671005152e+01 +5.671005152e+01 -3.5770e+00 -2.4153e+00 -3.9905e+00
9579 0 +9.475978462e-02 +5.670475978e+01 +5.670475978e+01 -3.5725e+00 -2.4177e+00 -3.9926e+00
9648 0 +8.797785136e-02 +5.669797785e+01 +5.669797785e+01 -3.5865e+00 -2.4105e+00 -3.9861e+00
9724 0 +7.301898982e-02 +5.668301899e+01 +5.668301899e+01 -3.6057e+00 -2.4008e+00 -3.9774e+00
9837 0 +7.114812770e-02 +5.668114813e+01 +5.668114813e+01 -3.6134e+00 -2.3968e+00 -3.9739e+00
9859 0 +7.078899496e-02 +5.668078899e+01 +5.668078899e+01 -3.6132e+00 -2.3969e+00 -3.9740e+00
9892 0 +6.655997014e-02 +5.667655997e+01 +5.667655997e+01 -3.6170e+00 -2.3950e+00 -3.9723e+00
9971 0 +6.560011594e-02 +5.667560012e+01 +5.667560012e+01 -3.6221e+00 -2.3925e+00 -3.9699e+00
9989 0 +5.217731493e-02 +5.666217731e+01 +5.666217731e+01 -3.6488e+00 -2.3791e+00 -3.9578e+00
10075 0 +4.993473952e-02 +5.665993474e+01 +5.665993474e+01 -3.6521e+00 -2.3775e+00 -3.9563e+00
10176 0 +4.686400524e-02 +5.665686401e+01 +5.665686401e+01 -3.6597e+00 -2.3738e+00 -3.9528e+00
10253 0 +4.600048939e-02 +5.665600049e+01 +5.665600049e+01 -3.6599e+00 -2.3738e+00 -3.9528e+00
10290 0 +4.563956200e-02 +5.665563956e+01 +5.665563956e+01 -3.6822e+00 -2.3626e+00 -3.9427e+00
10291 0 +3.962100249e-02 +5.664962100e+01 +5.664962100e+01 -3.6728e+00 -2.3673e+00 -3.9470e+00
10370 0 +3.859031960e-02 +5.664859032e+01 +5.664859032e+01 -3.6744e+00 -2.3665e+00 -3.9462e+00
10395 0 +3.728482158e-02 +5.664728482e+01 +5.664728482e+01 -3.6824e+00 -2.3626e+00 -3.9426e+00
10419 0 +3.701441240e-02 +5.664701441e+01 +5.664701441e+01 -3.6779e+00 -2.3649e+00 -3.9447e+00
10467 0 +3.440464703e-02 +5.664440465e+01 +5.664440465e+01 -3.6879e+00 -2.3599e+00 -3.9402e+00
10518 0 +3.041468192e-02 +5.664041468e+01 +5.664041468e+01 -3.6934e+00 -2.3573e+00 -3.9377e+00
10611 0 +2.807821955e-02 +5.663807822e+01 +5.663807822e+01 -3.6998e+00 -2.3542e+00 -3.9349e+00
10678 0 +2.723878636e-02 +5.663723879e+01 +5.663723879e+01 -3.7120e+00 -2.3482e+00 -3.9295e+00
10760 0 +2.523656857e-02 +5.663523657e+01 +5.663523657e+01 -3.7227e+00 -2.3430e+00 -3.9246e+00
10768 0 +2.475313425e-02 +5.663475313e+01 +5.663475313e+01 -3.7112e+00 -2.3487e+00 -3.9298e+00
10805 0 +2.393273206e-02 +5.663393273e+01 +5.663393273e+01 -3.7189e+00 -2.3449e+00 -3.9264e+00
10863 0 +2.344140612e-02 +5.663344141e+01 +5.663344141e+01 -3.7122e+00 -2.3481e+00 -3.9293e+00
10910 0 +1.994279654e-02 +5.662994280e+01 +5.662994280e+01 -3.7257e+00 -2.3416e+00 -3.9233e+00
10997 0 +1.702191413e-02 +5.662702191e+01 +5.662702191e+01 -3.7357e+00 -2.3368e+00 -3.9189e+00
11042 0 +1.640631134e-02 +5.662640631e+01 +5.662640631e+01 -3.7395e+00 -2.3351e+00 -3.9172e+00
11072 0 +1.528749133e-02 +5.662528749e+01 +5.662528749e+01 -3.7426e+00 -2.3336e+00 -3.9158e+00
11102 0 +1.182307467e-02 +5.662182307e+01 +5.662182307e+01 -3.7663e+00 -2.3222e+00 -3.9053e+00
11121 0 +1.019884277e-02 +5.662019884e+01 +5.662019884e+01 -3.7605e+00 -2.3250e+00 -3.9078e+00
11241 0 +9.719074470e-03 +5.661971907e+01 +5.661971907e+01 -3.8236e+00 -2.2949e+00 -3.8798e+00
11254 0 +8.521805758e-03 +5.661852181e+01 +5.661852181e+01 -3.7719e+00 -2.3196e+00 -3.9028e+00
11268 0 +6.765514877e-03 +5.661676551e+01 +5.661676551e+01 -3.8000e+00 -2.3062e+00 -3.8903e+00
11306 0 +5.809680993e-03 +5.661580968e+01 +5.661580968e+01 -3.7827e+00 -2.3145e+00 -3.8981e+00
11308 0 +5.655354949e-03 +5.661565535e+01 +5.661565535e+01 -3.7961e+00 -2.3081e+00 -3.8922e+00
11330 0 +3.521346850e-03 +5.661352135e+01 +5.661352135e+01 -3.8132e+00 -2.3000e+00 -3.8845e+00
11357 0 +1.597677427e-03 +5.661159768e+01 +5.661159768e+01 -3.8267e+00 -2.2934e+00 -3.8784e+00
11494 0 +1.210033099e-03 +5.661121003e+01 +5.661121003e+01 -3.8288e+00 -2.2923e+00 -3.8775e+00
11496 0 +1.185979399e-03 +5.661118598e+01 +5.661118598e+01 -3.8230e+00 -2.2951e+00 -3.8801e+00
11526 0 +7.823381134e-04 +5.661078234e+01 +5.661078234e+01 -3.8325e+00 -2.2905e+00 -3.8759e+00
11720 0 +6.667575545e-04 +5.661066676e+01 +5.661066676e+01 -3.8304e+00 -2.2915e+00 -3.8768e+00
12051 0 +6.635975609e-04 +5.661066360e+01 +5.661066360e+01 -3.8285e+00 -2.2924e+00 -3.8776e+00
% f evaluations | g evaluations | best noise-free fitness - Fopt (-1.810000000000e+01) + sum g_i+ | measured fitness | best measured fitness or single-digit g-values | x1 | x2...
1 0 +1.519540927e+06 +1.519522827e+06 +1.519522827e+06 -4.3581e-01 -1.1069e-01 +4.0233e+00
4 0 +1.438750938e+05 +1.438569938e+05 +1.438569938e+05 -1.9313e+00 -1.2930e-01 +3.8614e+00
118 0 +1.327544878e+04 +1.325734878e+04 +1.325734878e+04 +9.0259e-01 +1.3078e+00 +2.2111e+00
524 0 +4.126465546e+02 +3.945465546e+02 +3.945465546e+02 -1.2623e+00 +3.9572e-01 +3.1845e+00
895 0 +3.280883795e+02 +3.099883795e+02 +3.099883795e+02 -2.1546e+00 -9.5226e-02 +3.5713e+00
1144 0 +1.186140376e+02 +1.005140376e+02 +1.005140376e+02 -1.5262e+00 +2.5281e-01 +3.2844e+00
1291 0 +5.286841560e+01 +3.476841560e+01 +3.476841560e+01 -2.1742e+00 -1.0718e-01 +3.5615e+00
1326 0 +4.564380764e+01 +2.754380764e+01 +2.754380764e+01 -1.0885e+00 +4.6601e-01 +3.1050e+00
1682 0 +4.924219331e+00 -1.317578067e+01 -1.317578067e+01 -1.4826e+00 +2.6420e-01 +3.2639e+00
2694 0 +1.852336471e+00 -1.624766353e+01 -1.624766353e+01 -1.6623e+00 +1.6963e-01 +3.3429e+00
2771 0 +1.478203601e+00 -1.662179640e+01 -1.662179640e+01 -1.5857e+00 +2.0929e-01 +3.3102e+00
3294 0 +5.990824554e-01 -1.750091754e+01 -1.750091754e+01 -9.1309e-01 +5.6170e-01 +3.0240e+00
3465 0 +5.496193704e-01 -1.755038063e+01 -1.755038063e+01 -1.0945e+00 +4.6697e-01 +3.1006e+00
3516 0 +4.584480295e-01 -1.764155197e+01 -1.764155197e+01 -6.1459e-01 +7.1931e-01 +2.8975e+00
3652 0 +6.932941145e-02 -1.803067059e+01 -1.803067059e+01 -6.2482e-01 +7.1346e-01 +2.9014e+00
4092 0 +3.756931702e-02 -1.806243068e+01 -1.806243068e+01 -6.6851e-01 +6.9081e-01 +2.9200e+00
4315 0 +3.343331477e-02 -1.806656669e+01 -1.806656669e+01 -7.1368e-01 +6.6695e-01 +2.9391e+00
4682 0 +4.851396638e-03 -1.809514860e+01 -1.809514860e+01 -6.4166e-01 +7.0485e-01 +2.9084e+00
5127 0 +2.745122706e-03 -1.809725488e+01 -1.809725488e+01 -6.2071e-01 +7.1588e-01 +2.8994e+00
5335 0 +5.378211317e-04 -1.809946218e+01 -1.809946218e+01 -6.3260e-01 +7.0966e-01 +2.9045e+00
5609 0 +5.322274559e-04 -1.809946777e+01 -1.809946777e+01 -6.2839e-01 +7.1184e-01 +2.9027e+00
5955 0 +1.621515164e-04 -1.809983785e+01 -1.809983785e+01 -6.2390e-01 +7.1422e-01 +2.9008e+00
6123 0 +1.145125969e-04 -1.809988549e+01 -1.809988549e+01 -6.1754e-01 +7.1756e-01 +2.8981e+00
6289 0 +8.514272480e-06 -1.809999149e+01 -1.809999149e+01 -6.1409e-01 +7.1936e-01 +2.8967e+00
6941 0 +1.896942230e-06 -1.809999810e+01 -1.809999810e+01 -6.1479e-01 +7.1899e-01 +2.8970e+00
7227 0 +1.250196078e-06 -1.809999875e+01 -1.809999875e+01 -6.1400e-01 +7.1941e-01 +2.8966e+00
7436 0 +2.091889328e-08 -1.809999998e+01 -1.809999998e+01 -6.1435e-01 +7.1923e-01 +2.8968e+00
8172 0 +1.183738974e-08 -1.809999999e+01 -1.809999999e+01 -6.1432e-01 +7.1924e-01 +2.8968e+00
8981 0 +9.862112904e-09 -1.809999999e+01 -1.809999999e+01 -6.1443e-01 +7.1918e-01 +2.8968e+00
11444 0 +4.938272014e-13 -1.810000000e+01 -1.810000000e+01 -6.1440e-01 +7.1920e-01 +2.8968e+00
12051 0 +1.456612608e-13 -1.810000000e+01 -1.810000000e+01 -6.1440e-01 +7.1920e-01 +2.8968e+00
% f evaluations | g evaluations | best noise-free fitness - Fopt (3.777000000000e+01) + sum g_i+ | measured fitness | best measured fitness or single-digit g-values | x1 | x2...
1 0 +5.618587870e+06 +5.618625640e+06 +5.618625640e+06 +2.5247e+00 +2.5644e+00 +1.1514e+00
5 0 +1.811274503e+06 +1.811312273e+06 +1.811312273e+06 -1.0571e+00 +5.5839e-01 +1.0574e-01
8 0 +4.006834428e+05 +4.007212128e+05 +4.007212128e+05 -9.3790e-01 +1.3449e+00 +3.0221e-01
74 0 +3.299989330e+05 +3.300367030e+05 +3.300367030e+05 +9.4025e-01 +3.7040e+00 +2.1211e-01
157 0 +2.962685761e+05 +2.963063461e+05 +2.963063461e+05 +8.1200e-01 +4.1265e+00 -5.8017e-01
238 0 +6.076838047e+04 +6.080615047e+04 +6.080615047e+04 +2.5851e+00 +5.0000e+00 -1.3182e+00
379 0 +5.448694003e+04 +5.452471003e+04 +5.452471003e+04 +7.9634e-01 +3.7353e+00 -4.0206e-01
405 0 +2.147038718e+04 +2.150815718e+04 +2.150815718e+04 +3.3595e-01 +2.9686e+00 -1.8665e-01
446 0 +1.793890914e+04 +1.797667914e+04 +1.797667914e+04 -1.8914e-01 +2.5855e+00 +3.4099e-02
496 0 +1.776705303e+04 +1.780482303e+04 +1.780482303e+04 -1.9487e-01 +2.5856e+00 +3.4099e-02
595 0 +8.396553875e+03 +8.434323875e+03 +8.434323875e+03 +1.3715e+00 +4.0061e+00 -5.3298e-01
708 0 +6.281130406e+03 +6.318900406e+03 +6.318900406e+03 +2.1755e+00 +4.4326e+00 -8.2823e-01
744 0 +4.558549916e+03 +4.596319916e+03 +4.596319916e+03 +2.5779e+00 +4.9171e+00 -1.0496e+00
880 0 +1.668451755e+03 +1.706221755e+03 +1.706221755e+03 +2.8435e+00 +5.0000e+00 -1.1842e+00
914 0 +5.636778511e+02 +6.014478511e+02 +6.014478511e+02 +2.1404e-01 +2.9652e+00 -4.6411e-02
971 0 +2.952355178e+01 +6.729355178e+01 +6.729355178e+01 +1.5683e+00 +4.0451e+00 -6.1824e-01
1755 0 +2.640767577e+01 +6.417767577e+01 +6.417767577e+01 +1.1271e+00 +3.7057e+00 -4.2834e-01
1915 0 +2.562560740e+01 +6.339560740e+01 +6.339560740e+01 +9.1896e-02 +2.8997e+00 +1.6698e-02
2280 0 +2.445900400e+01 +6.222900400e+01 +6.222900400e+01 +1.6518e-01 +2.9484e+00 -1.3587e-02
2364 0 +5.462349386e+00 +4.323234939e+01 +4.323234939e+01 -9.4424e-03 +2.8155e+00 +5.5711e-02
2603 0 +5.090705016e+00 +4.286070502e+01 +4.286070502e+01 +4.4525e-01 +3.1708e+00 -1.3948e-01
2780 0 +4.149651381e+00 +4.191965138e+01 +4.191965138e+01 -4.5583e-01 +2.4700e+00 +2.4824e-01
2880 0 +3.420988789e+00 +4.119098879e+01 +4.119098879e+01 -1.6883e-01 +2.6921e+00 +1.2446e-01
2932 0 +1.413734934e+00 +3.918373493e+01 +3.918373493e+01 -4.1082e-01 +2.5029e+00 +2.2938e-01
3458 0 +8.791456243e-01 +3.864914562e+01 +3.864914562e+01 -3.7517e-01 +2.5315e+00 +2.1494e-01
3803 0 +6.722846847e-01 +3.844228468e+01 +3.844228468e+01 -5.6413e-01 +2.3829e+00 +2.9700e-01
3852 0 +5.477566628e-01 +3.831775666e+01 +3.831775666e+01 -7.5318e-01 +2.2355e+00 +3.7718e-01
3921 0 +1.484712502e-01 +3.791847125e+01 +3.791847125e+01 -7.2118e-01 +2.2608e+00 +3.6417e-01
4350 0 +1.119567674e-01 +3.788195677e+01 +3.788195677e+01 -7.9004e-01 +2.2072e+00 +3.9375e-01
4647 0 +8.896786454e-03 +3.777889679e+01 +3.777889679e+01 -9.4359e-01 +2.0871e+00 +4.5978e-01
5428 0 +5.936331440e-03 +3.777593633e+01 +3.777593633e+01 -9.7704e-01 +2.0608e+00 +4.7428e-01
5618 0 +5.459490221e-03 +3.777545949e+01 +3.777545949e+01 -9.2775e-01 +2.0994e+00 +4.5301e-01
5818 0 +3.583432341e-03 +3.777358343e+01 +3.777358343e+01 -9.5053e-01 +2.0816e+00 +4.6281e-01
5871 0 +9.338329326e-04 +3.777093383e+01 +3.777093383e+01 -9.7946e-01 +2.0590e+00 +4.7528e-01
5915 0 +6.472004464e-04 +3.777064720e+01 +3.777064720e+01 -9.7344e-01 +2.0637e+00 +4.7270e-01
6228 0 +1.073623789e-04 +3.777010736e+01 +3.777010736e+01 -9.7892e-01 +2.0594e+00 +4.7508e-01
6794 0 +2.370472824e-05 +3.777002370e+01 +3.777002370e+01 -9.7950e-01 +2.0590e+00 +4.7532e-01
7138 0 +1.752558524e-05 +3.777001753e+01 +3.777001753e+01 -9.7903e-01 +2.0593e+00 +4.7512e-01
7185 0 +1.656651987e-05 +3.777001657e+01 +3.777001657e+01 -9.8054e-01 +2.0582e+00 +4.7572e-01
7247 0 +3.427392429e-06 +3.777000343e+01 +3.777000343e+01 -9.7867e-01 +2.0596e+00 +4.7497e-01
7861 0 +1.767748252e-06 +3.777000177e+01 +3.777000177e+01 -9.7911e-01 +2.0593e+00 +4.7516e-01
8301 0 +7.900383991e-07 +3.777000079e+01 +3.777000079e+01 -9.7893e-01 +2.0594e+00 +4.7508e-01
8509 0 +7.505762341e-07 +3.777000075e+01 +3.777000075e+01 -9.7909e-01 +2.0593e+00 +4.7515e-01
8527 0 +3.679026293e-07 +3.777000037e+01 +3.777000037e+01 -9.7895e-01 +2.0594e+00 +4.7509e-01
8567 0 +2.844986611e-07 +3.777000028e+01 +3.777000028e+01 -9.7925e-01 +2.0592e+00 +4.7522e-01
8823 0 +1.103646028e-07 +3.777000011e+01 +3.777000011e+01 -9.7898e-01 +2.0594e+00 +4.7511e-01
8829 0 +2.886738315e-08 +3.777000003e+01 +3.777000003e+01 -9.7931e-01 +2.0591e+00 +4.7524e-01
9178 0 +2.624428674e-08 +3.777000003e+01 +3.777000003e+01 -9.7931e-01 +2.0591e+00 +4.7525e-01
9432 0 +2.105152674e-08 +3.777000002e+01 +3.777000002e+01 -9.7920e-01 +2.0592e+00 +4.7520e-01
9483 0 +1.239006053e-08 +3.777000001e+01 +3.777000001e+01 -9.7923e-01 +2.0592e+00 +4.7521e-01
9736 0 +6.629669258e-09 +3.777000001e+01 +3.777000001e+01 -9.7921e-01 +2.0592e+00 +4.7520e-01
11935 0 +4.405364962e-13 +3.777000000e+01 +3.777000000e+01 -9.7920e-01 +2.0592e+00 +4.7520e-01
12051 0 +4.405364962e-13 +3.777000000e+01 +3.777000000e+01 -9.7920e-01 +2.0592e+00 +4.7520e-01
