% f evaluations | g evaluations | best noise-free fitness - Fopt (7.135000000000e+01) + sum g_i+ | measured fitness | best measured fitness or single-digit g-values | x1 | x2...
1 0 +7.040812124e+01 +1.417581212e+02 +1.417581212e+02 +2.7396e+00 -6.1122e-01 +3.5860e+00 +1.9737e+00 -4.0582e+00 +4.7562e+00 +2.6114e+00 +2.8606e+00 -3.7189e+00 -4.9614e-01 -1.2920e+00 +4.2676e+00 +1.4387e+00 +3.2276e+00 -5.6586e-01 -2.7276e+00 +5.4585e-01 -4.3618e+00 +3.2763e+00 +1.3166e+00
5 0 +7.040811286e+01 +1.417581129e+02 +1.417581129e+02 +2.7396e+00 -6.1122e-01 +3.5860e+00 +1.9737e+00 -4.0582e+00 +4.7562e+00 +2.6114e+00 +2.8606e+00 -3.7189e+00 -4.9614e-01 -1.2920e+00 +4.2676e+00 +1.4387e+00 +3.2276e+00 -5.6586e-01 -2.7276e+00 +5.4585e-01 -4.3618e+00 +3.2763e+00 +1.3166e+00
190 0 +6.791036329e+01 +1.392603633e+02 +1.392603633e+02 +2.7093e+00 -6.2715e-01 +3.5532e+00 +1.9859e+00 -4.0624e+00 +4.7556e+00 +2.5818e+00 +2.8669e+00 -3.7240e+00 -4.7749e-01 -1.2659e+00 +4.2330e+00 +1.4504e+00 +3.2333e+00 -5.8126e-01 -2.7349e+00 +5.2185e-01 -4.3636e+00 +3.2433e+00 +1.2940e+00
484 0 +6.755777961e+01 +1.389077796e+02 +1.389077796e+02 +2.7100e+00 -6.2673e-01 +3.5533e+00 +1.9859e+00 -4.0625e+00 +4.7555e+00 +2.5819e+00 +2.8666e+00 -3.7238e+00 -4.7803e-01 -1.2657e+00 +4.2336e+00 +1.4496e+00 +3.2333e+00 -5.8081e-01 -2.7347e+00 +5.2140e-01 -4.3633e+00 +3.2432e+00 +1.2947e+00
2205 0 +6.716527822e+01 +1.385152782e+02 +1.385152782e+02 +2.7099e+00 -6.2682e-01 +3.5531e+00 +1.9858e+00 -4.0623e+00 +4.7556e+00 +2.5818e+00 +2.8667e+00 -3.7238e+00 -4.7784e-01 -1.2657e+00 +4.2333e+00 +1.4498e+00 +3.2335e+00 -5.8103e-01 -2.7348e+00 +5.2161e-01 -4.3634e+00 +3.2432e+00 +1.2945e+00
% f evaluations | g evaluations | best noise-free fitness - Fopt (-3.552200000000e+02) + sum g_i+ | measured fitness | best measured fitness or single-digit g-values | x1 | x2...
1 0 +8.285634859e+01 -2.723636514e+02 -2.723636514e+02 +2.7396e+00 -6.1122e-01 +3.5860e+00 +1.9737e+00 -4.0582e+00 +4.7562e+00 +2.6114e+00 +2.8606e+00 -3.7189e+00 -4.9614e-01 -1.2920e+00 +4.2676e+00 +1.4387e+00 +3.2276e+00 -5.6586e-01 -2.7276e+00 +5.4585e-01 -4.3618e+00 +3.2763e+00 +1.3166e+00
3 0 +8.285633042e+01 -2.723636696e+02 -2.723636696e+02 +2.7396e+00 -6.1122e-01 +3.5860e+00 +1.9737e+00 -4.0582e+00 +4.7562e+00 +2.6114e+00 +2.8606e+00 -3.7189e+00 -4.9614e-01 -1.2920e+00 +4.2676e+00 +1.4387e+00 +3.2276e+00 -5.6586e-01 -2.7276e+00 +5.4585e-01 -4.3618e+00 +3.2763e+00 +1.3166e+00
43 0 +7.525232128e+01 -2.799676787e+02 -2.799676787e+02 +1.6007e-01 +1.2589e+00 +4.0573e+00 -3.5055e-01 -1.0392e+00 +1.5046e+00 +3.4075e+00 +3.5737e+00 -4.1458e+00 +1.3356e+00 +8.0502e-01 +1.1789e+00 +2.6256e+00 +4.8547e-01 -2.0437e+00 -3.4850e+00 +2.0304e+00 -1.2417e+00 +5.1793e-01 -7.8860e-01
2541 0 +7.509382854e+01 -2.801261715e+02 -2.801261715e+02 +2.7312e+00 -6.0503e-01 +3.5875e+00 +1.9663e+00 -4.0491e+00 +4.7458e+00 +2.6142e+00 +2.8631e+00 -3.7199e+00 -4.9009e-01 -1.2855e+00 +4.2577e+00 +1.4427e+00 +3.2191e+00 -5.7062e-01 -2.7298e+00 +5.5059e-01 -4.3516e+00 +3.2675e+00 +1.3099e+00
% f evaluations | g evaluations | best noise-free fitness - Fopt (9.917000000000e+01) + sum g_i+ | measured fitness | best measured fitness or single-digit g-values | x1 | x2...
1 0 +5.714336234e+01 +1.563133623e+02 +1.563133623e+02 +2.7396e+00 -6.1122e-01 +3.5860e+00 +1.9737e+00 -4.0582e+00 +4.7562e+00 +2.6114e+00 +2.8606e+00 -3.7189e+00 -4.9614e-01 -1.2920e+00 +4.2676e+00 +1.4387e+00 +3.2276e+00 -5.6586e-01 -2.7276e+00 +5.4585e-01 -4.3618e+00 +3.2763e+00 +1.3166e+00
3 0 +5.714334826e+01 +1.563133483e+02 +1.563133483e+02 +2.7396e+00 -6.1122e-01 +3.5860e+00 +1.9737e+00 -4.0582e+00 +4.7562e+00 +2.6114e+00 +2.8606e+00 -3.7189e+00 -4.9614e-01 -1.2920e+00 +4.2676e+00 +1.4387e+00 +3.2276e+00 -5.6586e-01 -2.7276e+00 +5.4585e-01 -4.3618e+00 +3.2763e+00 +1.3166e+00
148 0 +5.409394482e+01 +1.532639448e+02 +1.532639448e+02 +2.7261e+00 -6.0147e-01 +3.5711e+00 +1.9616e+00 -4.0599e+00 +4.7393e+00 +2.6155e+00 +2.8470e+00 -3.7211e+00 -4.8659e-01 -1.2985e+00 +4.2516e+00 +1.4275e+00 +3.2307e+00 -5.5619e-01 -2.7142e+00 +5.5359e-01 -4.3456e+00 +3.2793e+00 +1.3230e+00
2394 0 +5.387045982e+01 +1.530404598e+02 +1.530404598e+02 +2.7265e+00 -6.0222e-01 +3.5726e+00 +1.9619e+00 -4.0599e+00 +4.7398e+00 +2.6152e+00 +2.8471e+00 -3.7211e+00 -4.8724e-01 -1.2973e+00 +4.2521e+00 +1.4278e+00 +3.2305e+00 -5.5622e-01 -2.7153e+00 +5.5313e-01 -4.3458e+00 +3.2796e+00 +1.3225e+00
% f evaluations | g evaluations | best noise-free fitness - Fopt (-5.179100000000e+02) + sum g_i+ | measured fitness | best measured fitness or single-digit g-values | x1 | x2...
1 0 +1.072559959e+02 -4.106540041e+02 -4.106540041e+02 +2.7396e+00 -6.1122e-01 +3.5860e+00 +1.9737e+00 -4.0582e+00 +4.7562e+00 +2.6114e+00 +2.8606e+00 -3.7189e+00 -4.9614e-01 -1.2920e+00 +4.2676e+00 +1.4387e+00 +3.2276e+00 -5.6586e-01 -2.7276e+00 +5.4585e-01 -4.3618e+00 +3.2763e+00 +1.3166e+00
2 0 +1.072559927e+02 -4.106540073e+02 -4.106540073e+02 +2.7396e+00 -6.1122e-01 +3.5860e+00 +1.9737e+00 -4.0582e+00 +4.7562e+00 +2.6114e+00 +2.8606e+00 -3.7189e+00 -4.9614e-01 -1.2920e+00 +4.2676e+00 +1.4387e+00 +3.2276e+00 -5.6586e-01 -2.7276e+00 +5.4585e-01 -4.3618e+00 +3.2763e+00 +1.3166e+00
22 0 +8.898098945e+01 -4.289290105e+02 -4.289290105e+02 +5.0000e+00 -5.0000e+00 -5.0000e+00 -5.0000e+00 -5.0000e+00 +5.0000e+00 +5.0000e+00 +5.0000e+00 +5.0000e+00 +5.0000e+00 +5.0000e+00 +5.0000e+00 +5.0000e+00 -5.0000e+00 +5.0000e+00 -5.0000e+00 -5.0000e+00 -5.0000e+00 +5.0000e+00 -5.0000e+00
43 0 +5.330762922e+01 -4.646023708e+02 -4.646023708e+02 +3.4922e+00 -2.0725e+00 +7.2715e-01 -3.4831e-01 -4.3718e+00 +4.8374e+00 +3.4067e+00 +3.5730e+00 -8.1579e-01 +1.3339e+00 +8.0300e-01 +4.5115e+00 +2.6245e+00 +4.8811e-01 +1.2874e+00 -3.4842e+00 -1.3007e+00 -4.5743e+00 +3.8502e+00 -7.8657e-01
106 0 +5.011253001e+01 -4.677974700e+02 -4.677974700e+02 +3.5205e+00 -2.3283e+00 +2.5158e-01 -6.4996e-01 -4.4096e+00 +4.8334e+00 +3.5806e+00 +3.7287e+00 -5.4684e-01 +1.5278e+00 +1.1764e+00 +4.5538e+00 +2.8240e+00 +1.1776e-01 +1.3969e+00 -3.5762e+00 -1.5063e+00 -4.5744e+00 +3.8272e+00 -1.0403e+00
232 0 +4.779898601e+01 -4.701110140e+02 -4.701110140e+02 +3.5274e+00 -2.3409e+00 +2.2685e-01 -6.7045e-01 -4.4124e+00 +4.8326e+00 +3.5873e+00 +3.7347e+00 -5.2071e-01 +1.5442e+00 +1.1944e+00 +4.5559e+00 +2.8343e+00 +9.3656e-02 +1.4138e+00 -3.5829e+00 -1.5228e+00 -4.5764e+00 +3.8278e+00 -1.0589e+00
526 0 +4.055878068e+01 -4.773512193e+02 -4.773512193e+02 +3.3822e+00 -2.0451e+00 +7.9170e-01 -2.5674e-01 -4.3584e+00 +4.8555e+00 +3.4080e+00 +3.5740e+00 -9.7960e-01 +1.2417e+00 +7.6669e-01 +4.5069e+00 +2.5985e+00 +5.8928e-01 +1.0909e+00 -3.4517e+00 -1.2122e+00 -4.5286e+00 +3.9811e+00 -6.9451e-01
673 0 +3.870116467e+01 -4.792088353e+02 -4.792088353e+02 +3.3707e+00 -2.0182e+00 +8.3948e-01 -2.2074e-01 -4.3579e+00 +4.8524e+00 +3.3890e+00 +3.5589e+00 -1.0111e+00 +1.2195e+00 +7.3120e-01 +4.5024e+00 +2.5788e+00 +6.3069e-01 +1.0639e+00 -3.4457e+00 -1.1815e+00 -4.5242e+00 +3.9964e+00 -6.6632e-01
715 0 +3.675538275e+01 -4.811546173e+02 -4.811546173e+02 +3.3685e+00 -2.0128e+00 +8.4898e-01 -2.1362e-01 -4.3577e+00 +4.8519e+00 +3.3853e+00 +3.5560e+00 -1.0175e+00 +1.2150e+00 +7.2411e-01 +4.5016e+00 +2.5749e+00 +6.3892e-01 +1.0586e+00 -3.4444e+00 -1.1755e+00 -4.5233e+00 +3.9994e+00 -6.6067e-01
1429 0 +3.627714995e+01 -4.816328500e+02 -4.816328500e+02 +3.3693e+00 -2.0142e+00 +8.4688e-01 -2.1521e-01 -4.3570e+00 +4.8519e+00 +3.3865e+00 +3.5569e+00 -1.0170e+00 +1.2157e+00 +7.2556e-01 +4.5019e+00 +2.5759e+00 +6.3743e-01 +1.0599e+00 -3.4440e+00 -1.1772e+00 -4.5236e+00 +3.9974e+00 -6.6138e-01
3276 0 +3.590137259e+01 -4.820086274e+02 -4.820086274e+02 +3.3702e+00 -2.0144e+00 +8.4707e-01 -2.1512e-01 -4.3560e+00 +4.8529e+00 +3.3870e+00 +3.5572e+00 -1.0183e+00 +1.2149e+00 +7.2505e-01 +4.5021e+00 +2.5760e+00 +6.3806e-01 +1.0606e+00 -3.4431e+00 -1.1778e+00 -4.5240e+00 +3.9954e+00 -6.6036e-01
% f evaluations | g evaluations | best noise-free fitness - Fopt (-5.721000000000e+01) + sum g_i+ | measured fitness | best measured fitness or single-digit g-values | x1 | x2...
1 0 +8.361516122e+01 +2.640516122e+01 +2.640516122e+01 +2.7396e+00 -6.1122e-01 +3.5860e+00 +1.9737e+00 -4.0582e+00 +4.7562e+00 +2.6114e+00 +2.8606e+00 -3.7189e+00 -4.9614e-01 -1.2920e+00 +4.2676e+00 +1.4387e+00 +3.2276e+00 -5.6586e-01 -2.7276e+00 +5.4585e-01 -4.3618e+00 +3.2763e+00 +1.3166e+00
2 0 +8.361513787e+01 +2.640513787e+01 +2.640513787e+01 +2.7396e+00 -6.1122e-01 +3.5860e+00 +1.9737e+00 -4.0582e+00 +4.7562e+00 +2.6114e+00 +2.8606e+00 -3.7189e+00 -4.9614e-01 -1.2920e+00 +4.2676e+00 +1.4387e+00 +3.2276e+00 -5.6586e-01 -2.7276e+00 +5.4585e-01 -4.3618e+00 +3.2763e+00 +1.3166e+00
22 0 +6.645672842e+01 +9.246728418e+00 +9.246728418e+00 +5.0000e+00 +5.0000e+00 +5.0000e+00 -5.0000e+00 -5.0000e+00 -5.0000e+00 +5.0000e+00 +5.0000e+00 +5.0000e+00 -5.0000e+00 -5.0000e+00 +5.0000e+00 +5.0000e+00 -5.0000e+00 -5.0000e+00 -5.0000e+00 +5.0000e+00 +5.0000e+00 -5.0000e+00 +5.0000e+00
85 0 +6.289111640e+01 +5.681116398e+00 +5.681116398e+00 +2.8569e+00 -3.2004e-01 +3.6594e+00 +1.6118e+00 -4.1071e+00 +4.2500e+00 +2.7353e+00 +2.9717e+00 -3.2664e+00 -7.2985e-01 -1.4844e+00 +4.3057e+00 +1.6235e+00 +2.8007e+00 -7.9595e-01 -2.8455e+00 +7.7698e-01 -3.8760e+00 +2.8468e+00 +1.5078e+00
127 0 +5.729187867e+01 +8.187867033e-02 +8.187867033e-02 +2.9159e+00 -1.1030e-01 +3.7151e+00 +1.2519e+00 -4.1560e+00 +3.8189e+00 +2.8249e+00 +3.1091e+00 -2.8935e+00 -9.4933e-01 -1.6272e+00 +4.2766e+00 +1.7969e+00 +2.5626e+00 -8.5023e-01 -2.8948e+00 +1.0365e+00 -3.5412e+00 +2.5730e+00 +1.6530e+00
1009 0 +5.623179035e+01 -9.782096458e-01 -9.782096458e-01 +2.9163e+00 -1.0879e-01 +3.7159e+00 +1.2494e+00 -4.1566e+00 +3.8155e+00 +2.8258e+00 +3.1104e+00 -2.8909e+00 -9.5222e-01 -1.6298e+00 +4.2757e+00 +1.7973e+00 +2.5578e+00 -8.5283e-01 -2.8955e+00 +1.0383e+00 -3.5391e+00 +2.5680e+00 +1.6538e+00
2016 0 +5.612901212e+01 -1.080987879e+00 -1.080987879e+00 +2.9163e+00 -1.0878e-01 +3.7159e+00 +1.2494e+00 -4.1566e+00 +3.8155e+00 +2.8258e+00 +3.1104e+00 -2.8909e+00 -9.5222e-01 -1.6298e+00 +4.2757e+00 +1.7973e+00 +2.5578e+00 -8.5285e-01 -2.8955e+00 +1.0383e+00 -3.5391e+00 +2.5680e+00 +1.6538e+00
% f evaluations | g evaluations | best noise-free fitness - Fopt (7.135000000000e+01) + sum g_i+ | measured fitness | best measured fitness or single-digit g-values | x1 | x2...
1 0 +7.040812124e+01 +1.417581212e+02 +1.417581212e+02 +2.7396e+00 -6.1122e-01 +3.5860e+00 +1.9737e+00 -4.0582e+00 +4.7562e+00 +2.6114e+00 +2.8606e+00 -3.7189e+00 -4.9614e-01 -1.2920e+00 +4.2676e+00 +1.4387e+00 +3.2276e+00 -5.6586e-01 -2.7276e+00 +5.4585e-01 -4.3618e+00 +3.2763e+00 +1.3166e+00
5 0 +7.040811286e+01 +1.417581129e+02 +1.417581129e+02 +2.7396e+00 -6.1122e-01 +3.5860e+00 +1.9737e+00 -4.0582e+00 +4.7562e+00 +2.6114e+00 +2.8606e+00 -3.7189e+00 -4.9614e-01 -1.2920e+00 +4.2676e+00 +1.4387e+00 +3.2276e+00 -5.6586e-01 -2.7276e+00 +5.4585e-01 -4.3618e+00 +3.2763e+00 +1.3166e+00
190 0 +6.791036329e+01 +1.392603633e+02 +1.392603633e+02 +2.7093e+00 -6.2715e-01 +3.5532e+00 +1.9859e+00 -4.0624e+00 +4.7556e+00 +2.5818e+00 +2.8669e+00 -3.7240e+00 -4.7749e-01 -1.2659e+00 +4.2330e+00 +1.4504e+00 +3.2333e+00 -5.8126e-01 -2.7349e+00 +5.2185e-01 -4.3636e+00 +3.2433e+00 +1.2940e+00
484 0 +6.755777961e+01 +1.389077796e+02 +1.389077796e+02 +2.7100e+00 -6.2673e-01 +3.5533e+00 +1.9859e+00 -4.0625e+00 +4.7555e+00 +2.5819e+00 +2.8666e+00 -3.7238e+00 -4.7803e-01 -1.2657e+00 +4.2336e+00 +1.4496e+00 +3.2333e+00 -5.8081e-01 -2.7347e+00 +5.2140e-01 -4.3633e+00 +3.2432e+00 +1.2947e+00
2205 0 +6.716527822e+01 +1.385152782e+02 +1.385152782e+02 +2.7099e+00 -6.2682e-01 +3.5531e+00 +1.9858e+00 -4.0623e+00 +4.7556e+00 +2.5818e+00 +2.8667e+00 -3.7238e+00 -4.7784e-01 -1.2657e+00 +4.2333e+00 +1.4498e+00 +3.2335e+00 -5.8103e-01 -2.7348e+00 +5.2161e-01 -4.3634e+00 +3.2432e+00 +1.2945e+00
% f evaluations | g evaluations | best noise-free fitness - Fopt (-3.552200000000e+02) + sum g_i+ | measured fitness | best measured fitness or single-digit g-values | x1 | x2...
1 0 +8.285634859e+01 -2.723636514e+02 -2.723636514e+02 +2.7396e+00 -6.1122e-01 +3.5860e+00 +1.9737e+00 -4.0582e+00 +4.7562e+00 +2.6114e+00 +2.8606e+00 -3.7189e+00 -4.9614e-01 -1.2920e+00 +4.2676e+00 +1.4387e+00 +3.2276e+00 -5.6586e-01 -2.7276e+00 +5.4585e-01 -4.3618e+00 +3.2763e+00 +1.3166e+00
3 0 +8.285633042e+01 -2.723636696e+02 -2.723636696e+02 +2.7396e+00 -6.1122e-01 +3.5860e+00 +1.9737e+00 -4.0582e+00 +4.7562e+00 +2.6114e+00 +2.8606e+00 -3.7189e+00 -4.9614e-01 -1.2920e+00 +4.2676e+00 +1.4387e+00 +3.2276e+00 -5.6586e-01 -2.7276e+00 +5.4585e-01 -4.3618e+00 +3.2763e+00 +1.3166e+00
43 0 +7.525232128e+01 -2.799676787e+02 -2.799676787e+02 +1.6007e-01 +1.2589e+00 +4.0573e+00 -3.5055e-01 -1.0392e+00 +1.5046e+00 +3.4075e+00 +3.5737e+00 -4.1458e+00 +1.3356e+00 +8.0502e-01 +1.1789e+00 +2.6256e+00 +4.8547e-01 -2.0437e+00 -3.4850e+00 +2.0304e+00 -1.2417e+00 +5.1793e-01 -7.8860e-01
2541 0 +7.509382854e+01 -2.801261715e+02 -2.801261715e+02 +2.7312e+00 -6.0503e-01 +3.5875e+00 +1.9663e+00 -4.0491e+00 +4.7458e+00 +2.6142e+00 +2.8631e+00 -3.7199e+00 -4.9009e-01 -1.2855e+00 +4.2577e+00 +1.4427e+00 +3.2191e+00 -5.7062e-01 -2.7298e+00 +5.5059e-01 -4.3516e+00 +3.2675e+00 +1.3099e+00
% f evaluations | g evaluations | best noise-free fitness - Fopt (9.917000000000e+01) + sum g_i+ | measured fitness | best measured fitness or single-digit g-values | x1 | x2...
1 0 +5.714336234e+01 +1.563133623e+02 +1.563133623e+02 +2.7396e+00 -6.1122e-01 +3.5860e+00 +1.9737e+00 -4.0582e+00 +4.7562e+00 +2.6114e+00 +2.8606e+00 -3.7189e+00 -4.9614e-01 -1.2920e+00 +4.2676e+00 +1.4387e+00 +3.2276e+00 -5.6586e-01 -2.7276e+00 +5.4585e-01 -4.3618e+00 +3.2763e+00 +1.3166e+00
3 0 +5.714334826e+01 +1.563133483e+02 +1.563133483e+02 +2.7396e+00 -6.1122e-01 +3.5860e+00 +1.9737e+00 -4.0582e+00 +4.7562e+00 +2.6114e+00 +2.8606e+00 -3.7189e+00 -4.9614e-01 -1.2920e+00 +4.2676e+00 +1.4387e+00 +3.2276e+00 -5.6586e-01 -2.7276e+00 +5.4585e-01 -4.3618e+00 +3.2763e+00 +1.3166e+00
148 0 +5.409394482e+01 +1.532639448e+02 +1.532639448e+02 +2.7261e+00 -6.0147e-01 +3.5711e+00 +1.9616e+00 -4.0599e+00 +4.7393e+00 +2.6155e+00 +2.8470e+00 -3.7211e+00 -4.8659e-01 -1.2985e+00 +4.2516e+00 +1.4275e+00 +3.2307e+00 -5.5619e-01 -2.7142e+00 +5.5359e-01 -4.3456e+00 +3.2793e+00 +1.3230e+00
2394 0 +5.387045982e+01 +1.530404598e+02 +1.530404598e+02 +2.7265e+00 -6.0222e-01 +3.5726e+00 +1.9619e+00 -4.0599e+00 +4.7398e+00 +2.6152e+00 +2.8471e+00 -3.7211e+00 -4.8724e-01 -1.2973e+00 +4.2521e+00 +1.4278e+00 +3.2305e+00 -5.5622e-01 -2.7153e+00 +5.5313e-01 -4.3458e+00 +3.2796e+00 +1.3225e+00
% f evaluations | g evaluations | best noise-free fitness - Fopt (-5.179100000000e+02) + sum g_i+ | measured fitness | best measured fitness or single-digit g-values | x1 | x2...
1 0 +1.072559959e+02 -4.106540041e+02 -4.106540041e+02 +2.7396e+00 -6.1122e-01 +3.5860e+00 +1.9737e+00 -4.0582e+00 +4.7562e+00 +2.6114e+00 +2.8606e+00 -3.7189e+00 -4.9614e-01 -1.2920e+00 +4.2676e+00 +1.4387e+00 +3.2276e+00 -5.6586e-01 -2.7276e+00 +5.4585e-01 -4.3618e+00 +3.2763e+00 +1.3166e+00
2 0 +1.072559927e+02 -4.106540073e+02 -4.106540073e+02 +2.7396e+00 -6.1122e-01 +3.5860e+00 +1.9737e+00 -4.0582e+00 +4.7562e+00 +2.6114e+00 +2.8606e+00 -3.7189e+00 -4.9614e-01 -1.2920e+00 +4.2676e+00 +1.4387e+00 +3.2276e+00 -5.6586e-01 -2.7276e+00 +5.4585e-01 -4.3618e+00 +3.2763e+00 +1.3166e+00
22 0 +8.898098945e+01 -4.289290105e+02 -4.289290105e+02 +5.0000e+00 -5.0000e+00 -5.0000e+00 -5.0000e+00 -5.0000e+00 +5.0000e+00 +5.0000e+00 +5.0000e+00 +5.0000e+00 +5.0000e+00 +5.0000e+00 +5.0000e+00 +5.0000e+00 -5.0000e+00 +5.0000e+00 -5.0000e+00 -5.0000e+00 -5.0000e+00 +5.0000e+00 -5.0000e+00
43 0 +5.330762922e+01 -4.646023708e+02 -4.646023708e+02 +3.4922e+00 -2.0725e+00 +7.2715e-01 -3.4831e-01 -4.3718e+00 +4.8374e+00 +3.4067e+00 +3.5730e+00 -8.1579e-01 +1.3339e+00 +8.0300e-01 +4.5115e+00 +2.6245e+00 +4.8811e-01 +1.2874e+00 -3.4842e+00 -1.3007e+00 -4.5743e+00 +3.8502e+00 -7.8657e-01
106 0 +5.011253001e+01 -4.677974700e+02 -4.677974700e+02 +3.5205e+00 -2.3283e+00 +2.5158e-01 -6.4996e-01 -4.4096e+00 +4.8334e+00 +3.5806e+00 +3.7287e+00 -5.4684e-01 +1.5278e+00 +1.1764e+00 +4.5538e+00 +2.8240e+00 +1.1776e-01 +1.3969e+00 -3.5762e+00 -1.5063e+00 -4.5744e+00 +3.8272e+00 -1.0403e+00
232 0 +4.779898601e+01 -4.701110140e+02 -4.701110140e+02 +3.5274e+00 -2.3409e+00 +2.2685e-01 -6.7045e-01 -4.4124e+00 +4.8326e+00 +3.5873e+00 +3.7347e+00 -5.2071e-01 +1.5442e+00 +1.1944e+00 +4.5559e+00 +2.8343e+00 +9.3656e-02 +1.4138e+00 -3.5829e+00 -1.5228e+00 -4.5764e+00 +3.8278e+00 -1.0589e+00
526 0 +4.055878068e+01 -4.773512193e+02 -4.773512193e+02 +3.3822e+00 -2.0451e+00 +7.9170e-01 -2.5674e-01 -4.3584e+00 +4.8555e+00 +3.4080e+00 +3.5740e+00 -9.7960e-01 +1.2417e+00 +7.6669e-01 +4.5069e+00 +2.5985e+00 +5.8928e-01 +1.0909e+00 -3.4517e+00 -1.2122e+00 -4.5286e+00 +3.9811e+00 -6.9451e-01
673 0 +3.870116467e+01 -4.792088353e+02 -4.792088353e+02 +3.3707e+00 -2.0182e+00 +8.3948e-01 -2.2074e-01 -4.3579e+00 +4.8524e+00 +3.3890e+00 +3.5589e+00 -1.0111e+00 +1.2195e+00 +7.3120e-01 +4.5024e+00 +2.5788e+00 +6.3069e-01 +1.0639e+00 -3.4457e+00 -1.1815e+00 -4.5242e+00 +3.9964e+00 -6.6632e-01
715 0 +3.675538275e+01 -4.811546173e+02 -4.811546173e+02 +3.3685e+00 -2.0128e+00 +8.4898e-01 -2.1362e-01 -4.3577e+00 +4.8519e+00 +3.3853e+00 +3.5560e+00 -1.0175e+00 +1.2150e+00 +7.2411e-01 +4.5016e+00 +2.5749e+00 +6.3892e-01 +1.0586e+00 -3.4444e+00 -1.1755e+00 -4.5233e+00 +3.9994e+00 -6.6067e-01
1429 0 +3.627714995e+01 -4.816328500e+02 -4.816328500e+02 +3.3693e+00 -2.0142e+00 +8.4688e-01 -2.1521e-01 -4.3570e+00 +4.8519e+00 +3.3865e+00 +3.5569e+00 -1.0170e+00 +1.2157e+00 +7.2556e-01 +4.5019e+00 +2.5759e+00 +6.3743e-01 +1.0599e+00 -3.4440e+00 -1.1772e+00 -4.5236e+00 +3.9974e+00 -6.6138e-01
3276 0 +3.590137259e+01 -4.820086274e+02 -4.820086274e+02 +3.3702e+00 -2.0144e+00 +8.4707e-01 -2.1512e-01 -4.3560e+00 +4.8529e+00 +3.3870e+00 +3.5572e+00 -1.0183e+00 +1.2149e+00 +7.2505e-01 +4.5021e+00 +2.5760e+00 +6.3806e-01 +1.0606e+00 -3.4431e+00 -1.1778e+00 -4.5240e+00 +3.9954e+00 -6.6036e-01
% f evaluations | g evaluations | best noise-free fitness - Fopt (-5.721000000000e+01) + sum g_i+ | measured fitness | best measured fitness or single-digit g-values | x1 | x2...
1 0 +8.361516122e+01 +2.640516122e+01 +2.640516122e+01 +2.7396e+00 -6.1122e-01 +3.5860e+00 +1.9737e+00 -4.0582e+00 +4.7562e+00 +2.6114e+00 +2.8606e+00 -3.7189e+00 -4.9614e-01 -1.2920e+00 +4.2676e+00 +1.4387e+00 +3.2276e+00 -5.6586e-01 -2.7276e+00 +5.4585e-01 -4.3618e+00 +3.2763e+00 +1.3166e+00
2 0 +8.361513787e+01 +2.640513787e+01 +2.640513787e+01 +2.7396e+00 -6.1122e-01 +3.5860e+00 +1.9737e+00 -4.0582e+00 +4.7562e+00 +2.6114e+00 +2.8606e+00 -3.7189e+00 -4.9614e-01 -1.2920e+00 +4.2676e+00 +1.4387e+00 +3.2276e+00 -5.6586e-01 -2.7276e+00 +5.4585e-01 -4.3618e+00 +3.2763e+00 +1.3166e+00
22 0 +6.645672842e+01 +9.246728418e+00 +9.246728418e+00 +5.0000e+00 +5.0000e+00 +5.0000e+00 -5.0000e+00 -5.0000e+00 -5.0000e+00 +5.0000e+00 +5.0000e+00 +5.0000e+00 -5.0000e+00 -5.0000e+00 +5.0000e+00 +5.0000e+00 -5.0000e+00 -5.0000e+00 -5.0000e+00 +5.0000e+00 +5.0000e+00 -5.0000e+00 +5.0000e+00
85 0 +6.289111640e+01 +5.681116398e+00 +5.681116398e+00 +2.8569e+00 -3.2004e-01 +3.6594e+00 +1.6118e+00 -4.1071e+00 +4.2500e+00 +2.7353e+00 +2.9717e+00 -3.2664e+00 -7.2985e-01 -1.4844e+00 +4.3057e+00 +1.6235e+00 +2.8007e+00 -7.9595e-01 -2.8455e+00 +7.7698e-01 -3.8760e+00 +2.8468e+00 +1.5078e+00
127 0 +5.729187867e+01 +8.187867033e-02 +8.187867033e-02 +2.9159e+00 -1.1030e-01 +3.7151e+00 +1.2519e+00 -4.1560e+00 +3.8189e+00 +2.8249e+00 +3.1091e+00 -2.8935e+00 -9.4933e-01 -1.6272e+00 +4.2766e+00 +1.7969e+00 +2.5626e+00 -8.5023e-01 -2.8948e+00 +1.0365e+00 -3.5412e+00 +2.5730e+00 +1.6530e+00
1009 0 +5.623179035e+01 -9.782096458e-01 -9.782096458e-01 +2.9163e+00 -1.0879e-01 +3.7159e+00 +1.2494e+00 -4.1566e+00 +3.8155e+00 +2.8258e+00 +3.1104e+00 -2.8909e+00 -9.5222e-01 -1.6298e+00 +4.2757e+00 +1.7973e+00 +2.5578e+00 -8.5283e-01 -2.8955e+00 +1.0383e+00 -3.5391e+00 +2.5680e+00 +1.6538e+00
2016 0 +5.612901212e+01 -1.080987879e+00 -1.080987879e+00 +2.9163e+00 -1.0878e-01 +3.7159e+00 +1.2494e+00 -4.1566e+00 +3.8155e+00 +2.8258e+00 +3.1104e+00 -2.8909e+00 -9.5222e-01 -1.6298e+00 +4.2757e+00 +1.7973e+00 +2.5578e+00 -8.5285e-01 -2.8955e+00 +1.0383e+00 -3.5391e+00 +2.5680e+00 +1.6538e+00
% f evaluations | g evaluations | best noise-free fitness - Fopt (7.135000000000e+01) + sum g_i+ | measured fitness | best measured fitness or single-digit g-values | x1 | x2...
1 0 +7.040812124e+01 +1.417581212e+02 +1.417581212e+02 +2.7396e+00 -6.1122e-01 +3.5860e+00 +1.9737e+00 -4.0582e+00 +4.7562e+00 +2.6114e+00 +2.8606e+00 -3.7189e+00 -4.9614e-01 -1.2920e+00 +4.2676e+00 +1.4387e+00 +3.2276e+00 -5.6586e-01 -2.7276e+00 +5.4585e-01 -4.3618e+00 +3.2763e+00 +1.3166e+00
5 0 +7.040811286e+01 +1.417581129e+02 +1.417581129e+02 +2.7396e+00 -6.1122e-01 +3.5860e+00 +1.9737e+00 -4.0582e+00 +4.7562e+00 +2.6114e+00 +2.8606e+00 -3.7189e+00 -4.9614e-01 -1.2920e+00 +4.2676e+00 +1.4387e+00 +3.2276e+00 -5.6586e-01 -2.7276e+00 +5.4585e-01 -4.3618e+00 +3.2763e+00 +1.3166e+00
190 0 +6.791036329e+01 +1.392603633e+02 +1.392603633e+02 +2.7093e+00 -6.2715e-01 +3.5532e+00 +1.9859e+00 -4.0624e+00 +4.7556e+00 +2.5818e+00 +2.8669e+00 -3.7240e+00 -4.7749e-01 -1.2659e+00 +4.2330e+00 +1.4504e+00 +3.2333e+00 -5.8126e-01 -2.7349e+00 +5.2185e-01 -4.3636e+00 +3.2433e+00 +1.2940e+00
484 0 +6.755777961e+01 +1.389077796e+02 +1.389077796e+02 +2.7100e+00 -6.2673e-01 +3.5533e+00 +1.9859e+00 -4.0625e+00 +4.7555e+00 +2.5819e+00 +2.8666e+00 -3.7238e+00 -4.7803e-01 -1.2657e+00 +4.2336e+00 +1.4496e+00 +3.2333e+00 -5.8081e-01 -2.7347e+00 +5.2140e-01 -4.3633e+00 +3.2432e+00 +1.2947e+00
2205 0 +6.716527822e+01 +1.385152782e+02 +1.385152782e+02 +2.7099e+00 -6.2682e-01 +3.5531e+00 +1.9858e+00 -4.0623e+00 +4.7556e+00 +2.5818e+00 +2.8667e+00 -3.7238e+00 -4.7784e-01 -1.2657e+00 +4.2333e+00 +1.4498e+00 +3.2335e+00 -5.8103e-01 -2.7348e+00 +5.2161e-01 -4.3634e+00 +3.2432e+00 +1.2945e+00
% f evaluations | g evaluations | best noise-free fitness - Fopt (-3.552200000000e+02) + sum g_i+ | measured fitness | best measured fitness or single-digit g-values | x1 | x2...
1 0 +8.285634859e+01 -2.723636514e+02 -2.723636514e+02 +2.7396e+00 -6.1122e-01 +3.5860e+00 +1.9737e+00 -4.0582e+00 +4.7562e+00 +2.6114e+00 +2.8606e+00 -3.7189e+00 -4.9614e-01 -1.2920e+00 +4.2676e+00 +1.4387e+00 +3.2276e+00 -5.6586e-01 -2.7276e+00 +5.4585e-01 -4.3618e+00 +3.2763e+00 +1.3166e+00
3 0 +8.285633042e+01 -2.723636696e+02 -2.723636696e+02 +2.7396e+00 -6.1122e-01 +3.5860e+00 +1.9737e+00 -4.0582e+00 +4.7562e+00 +2.6114e+00 +2.8606e+00 -3.7189e+00 -4.9614e-01 -1.2920e+00 +4.2676e+00 +1.4387e+00 +3.2276e+00 -5.6586e-01 -2.7276e+00 +5.4585e-01 -4.3618e+00 +3.2763e+00 +1.3166e+00
43 0 +7.525232128e+01 -2.799676787e+02 -2.799676787e+02 +1.6007e-01 +1.2589e+00 +4.0573e+00 -3.5055e-01 -1.0392e+00 +1.5046e+00 +3.4075e+00 +3.5737e+00 -4.1458e+00 +1.3356e+00 +8.0502e-01 +1.1789e+00 +2.6256e+00 +4.8547e-01 -2.0437e+00 -3.4850e+00 +2.0304e+00 -1.2417e+00 +5.1793e-01 -7.8860e-01
2541 0 +7.509382854e+01 -2.801261715e+02 -2.801261715e+02 +2.7312e+00 -6.0503e-01 +3.5875e+00 +1.9663e+00 -4.0491e+00 +4.7458e+00 +2.6142e+00 +2.8631e+00 -3.7199e+00 -4.9009e-01 -1.2855e+00 +4.2577e+00 +1.4427e+00 +3.2191e+00 -5.7062e-01 -2.7298e+00 +5.5059e-01 -4.3516e+00 +3.2675e+00 +1.3099e+00
% f evaluations | g evaluations | best noise-free fitness - Fopt (9.917000000000e+01) + sum g_i+ | measured fitness | best measured fitness or single-digit g-values | x1 | x2...
1 0 +5.714336234e+01 +1.563133623e+02 +1.563133623e+02 +2.7396e+00 -6.1122e-01 +3.5860e+00 +1.9737e+00 -4.0582e+00 +4.7562e+00 +2.6114e+00 +2.8606e+00 -3.7189e+00 -4.9614e-01 -1.2920e+00 +4.2676e+00 +1.4387e+00 +3.2276e+00 -5.6586e-01 -2.7276e+00 +5.4585e-01 -4.3618e+00 +3.2763e+00 +1.3166e+00
3 0 +5.714334826e+01 +1.563133483e+02 +1.563133483e+02 +2.7396e+00 -6.1122e-01 +3.5860e+00 +1.9737e+00 -4.0582e+00 +4.7562e+00 +2.6114e+00 +2.8606e+00 -3.7189e+00 -4.9614e-01 -1.2920e+00 +4.2676e+00 +1.4387e+00 +3.2276e+00 -5.6586e-01 -2.7276e+00 +5.4585e-01 -4.3618e+00 +3.2763e+00 +1.3166e+00
148 0 +5.409394482e+01 +1.532639448e+02 +1.532639448e+02 +2.7261e+00 -6.0147e-01 +3.5711e+00 +1.9616e+00 -4.0599e+00 +4.7393e+00 +2.6155e+00 +2.8470e+00 -3.7211e+00 -4.8659e-01 -1.2985e+00 +4.2516e+00 +1.4275e+00 +3.2307e+00 -5.5619e-01 -2.7142e+00 +5.5359e-01 -4.3456e+00 +3.2793e+00 +1.3230e+00
2394 0 +5.387045982e+01 +1.530404598e+02 +1.530404598e+02 +2.7265e+00 -6.0222e-01 +3.5726e+00 +1.9619e+00 -4.0599e+00 +4.7398e+00 +2.6152e+00 +2.8471e+00 -3.7211e+00 -4.8724e-01 -1.2973e+00 +4.2521e+00 +1.4278e+00 +3.2305e+00 -5.5622e-01 -2.7153e+00 +5.5313e-01 -4.3458e+00 +3.2796e+00 +1.3225e+00
% f evaluations | g evaluations | best noise-free fitness - Fopt (-5.179100000000e+02) + sum g_i+ | measured fitness | best measured fitness or single-digit g-values | x1 | x2...
1 0 +1.072559959e+02 -4.106540041e+02 -4.106540041e+02 +2.7396e+00 -6.1122e-01 +3.5860e+00 +1.9737e+00 -4.0582e+00 +4.7562e+00 +2.6114e+00 +2.8606e+00 -3.7189e+00 -4.9614e-01 -1.2920e+00 +4.2676e+00 +1.4387e+00 +3.2276e+00 -5.6586e-01 -2.7276e+00 +5.4585e-01 -4.3618e+00 +3.2763e+00 +1.3166e+00
2 0 +1.072559927e+02 -4.106540073e+02 -4.106540073e+02 +2.7396e+00 -6.1122e-01 +3.5860e+00 +1.9737e+00 -4.0582e+00 +4.7562e+00 +2.6114e+00 +2.8606e+00 -3.7189e+00 -4.9614e-01 -1.2920e+00 +4.2676e+00 +1.4387e+00 +3.2276e+00 -5.6586e-01 -2.7276e+00 +5.4585e-01 -4.3618e+00 +3.2763e+00 +1.3166e+00
22 0 +8.898098945e+01 -4.289290105e+02 -4.289290105e+02 +5.0000e+00 -5.0000e+00 -5.0000e+00 -5.0000e+00 -5.0000e+00 +5.0000e+00 +5.0000e+00 +5.0000e+00 +5.0000e+00 +5.0000e+00 +5.0000e+00 +5.0000e+00 +5.0000e+00 -5.0000e+00 +5.0000e+00 -5.0000e+00 -5.0000e+00 -5.0000e+00 +5.0000e+00 -5.0000e+00
43 0 +5.330762922e+01 -4.646023708e+02 -4.646023708e+02 +3.4922e+00 -2.0725e+00 +7.2715e-01 -3.4831e-01 -4.3718e+00 +4.8374e+00 +3.4067e+00 +3.5730e+00 -8.1579e-01 +1.3339e+00 +8.0300e-01 +4.5115e+00 +2.6245e+00 +4.8811e-01 +1.2874e+00 -3.4842e+00 -1.3007e+00 -4.5743e+00 +3.8502e+00 -7.8657e-01
106 0 +5.011253001e+01 -4.677974700e+02 -4.677974700e+02 +3.5205e+00 -2.3283e+00 +2.5158e-01 -6.4996e-01 -4.4096e+00 +4.8334e+00 +3.5806e+00 +3.7287e+00 -5.4684e-01 +1.5278e+00 +1.1764e+00 +4.5538e+00 +2.8240e+00 +1.1776e-01 +1.3969e+00 -3.5762e+00 -1.5063e+00 -4.5744e+00 +3.8272e+00 -1.0403e+00
232 0 +4.779898601e+01 -4.701110140e+02 -4.701110140e+02 +3.5274e+00 -2.3409e+00 +2.2685e-01 -6.7045e-01 -4.4124e+00 +4.8326e+00 +3.5873e+00 +3.7347e+00 -5.2071e-01 +1.5442e+00 +1.1944e+00 +4.5559e+00 +2.8343e+00 +9.3656e-02 +1.4138e+00 -3.5829e+00 -1.5228e+00 -4.5764e+00 +3.8278e+00 -1.0589e+00
526 0 +4.055878068e+01 -4.773512193e+02 -4.773512193e+02 +3.3822e+00 -2.0451e+00 +7.9170e-01 -2.5674e-01 -4.3584e+00 +4.8555e+00 +3.4080e+00 +3.5740e+00 -9.7960e-01 +1.2417e+00 +7.6669e-01 +4.5069e+00 +2.5985e+00 +5.8928e-01 +1.0909e+00 -3.4517e+00 -1.2122e+00 -4.5286e+00 +3.9811e+00 -6.9451e-01
673 0 +3.870116467e+01 -4.792088353e+02 -4.792088353e+02 +3.3707e+00 -2.0182e+00 +8.3948e-01 -2.2074e-01 -4.3579e+00 +4.8524e+00 +3.3890e+00 +3.5589e+00 -1.0111e+00 +1.2195e+00 +7.3120e-01 +4.5024e+00 +2.5788e+00 +6.3069e-01 +1.0639e+00 -3.4457e+00 -1.1815e+00 -4.5242e+00 +3.9964e+00 -6.6632e-01
715 0 +3.675538275e+01 -4.811546173e+02 -4.811546173e+02 +3.3685e+00 -2.0128e+00 +8.4898e-01 -2.1362e-01 -4.3577e+00 +4.8519e+00 +3.3853e+00 +3.5560e+00 -1.0175e+00 +1.2150e+00 +7.2411e-01 +4.5016e+00 +2.5749e+00 +6.3892e-01 +1.0586e+00 -3.4444e+00 -1.1755e+00 -4.5233e+00 +3.9994e+00 -6.6067e-01
1429 0 +3.627714995e+01 -4.816328500e+02 -4.816328500e+02 +3.3693e+00 -2.0142e+00 +8.4688e-01 -2.1521e-01 -4.3570e+00 +4.8519e+00 +3.3865e+00 +3.5569e+00 -1.0170e+00 +1.2157e+00 +7.2556e-01 +4.5019e+00 +2.5759e+00 +6.3743e-01 +1.0599e+00 -3.4440e+00 -1.1772e+00 -4.5236e+00 +3.9974e+00 -6.6138e-01
3276 0 +3.590137259e+01 -4.820086274e+02 -4.820086274e+02 +3.3702e+00 -2.0144e+00 +8.4707e-01 -2.1512e-01 -4.3560e+00 +4.8529e+00 +3.3870e+00 +3.5572e+00 -1.0183e+00 +1.2149e+00 +7.2505e-01 +4.5021e+00 +2.5760e+00 +6.3806e-01 +1.0606e+00 -3.4431e+00 -1.1778e+00 -4.5240e+00 +3.9954e+00 -6.6036e-01
% f evaluations | g evaluations | best noise-free fitness - Fopt (-5.721000000000e+01) + sum g_i+ | measured fitness | best measured fitness or single-digit g-values | x1 | x2...
1 0 +8.361516122e+01 +2.640516122e+01 +2.640516122e+01 +2.7396e+00 -6.1122e-01 +3.5860e+00 +1.9737e+00 -4.0582e+00 +4.7562e+00 +2.6114e+00 +2.8606e+00 -3.7189e+00 -4.9614e-01 -1.2920e+00 +4.2676e+00 +1.4387e+00 +3.2276e+00 -5.6586e-01 -2.7276e+00 +5.4585e-01 -4.3618e+00 +3.2763e+00 +1.3166e+00
2 0 +8.361513787e+01 +2.640513787e+01 +2.640513787e+01 +2.7396e+00 -6.1122e-01 +3.5860e+00 +1.9737e+00 -4.0582e+00 +4.7562e+00 +2.6114e+00 +2.8606e+00 -3.7189e+00 -4.9614e-01 -1.2920e+00 +4.2676e+00 +1.4387e+00 +3.2276e+00 -5.6586e-01 -2.7276e+00 +5.4585e-01 -4.3618e+00 +3.2763e+00 +1.3166e+00
22 0 +6.645672842e+01 +9.246728418e+00 +9.246728418e+00 +5.0000e+00 +5.0000e+00 +5.0000e+00 -5.0000e+00 -5.0000e+00 -5.0000e+00 +5.0000e+00 +5.0000e+00 +5.0000e+00 -5.0000e+00 -5.0000e+00 +5.0000e+00 +5.0000e+00 -5.0000e+00 -5.0000e+00 -5.0000e+00 +5.0000e+00 +5.0000e+00 -5.0000e+00 +5.0000e+00
85 0 +6.289111640e+01 +5.681116398e+00 +5.681116398e+00 +2.8569e+00 -3.2004e-01 +3.6594e+00 +1.6118e+00 -4.1071e+00 +4.2500e+00 +2.7353e+00 +2.9717e+00 -3.2664e+00 -7.2985e-01 -1.4844e+00 +4.3057e+00 +1.6235e+00 +2.8007e+00 -7.9595e-01 -2.8455e+00 +7.7698e-01 -3.8760e+00 +2.8468e+00 +1.5078e+00
127 0 +5.729187867e+01 +8.187867033e-02 +8.187867033e-02 +2.9159e+00 -1.1030e-01 +3.7151e+00 +1.2519e+00 -4.1560e+00 +3.8189e+00 +2.8249e+00 +3.1091e+00 -2.8935e+00 -9.4933e-01 -1.6272e+00 +4.2766e+00 +1.7969e+00 +2.5626e+00 -8.5023e-01 -2.8948e+00 +1.0365e+00 -3.5412e+00 +2.5730e+00 +1.6530e+00
1009 0 +5.623179035e+01 -9.782096458e-01 -9.782096458e-01 +2.9163e+00 -1.0879e-01 +3.7159e+00 +1.2494e+00 -4.1566e+00 +3.8155e+00 +2.8258e+00 +3.1104e+00 -2.8909e+00 -9.5222e-01 -1.6298e+00 +4.2757e+00 +1.7973e+00 +2.5578e+00 -8.5283e-01 -2.8955e+00 +1.0383e+00 -3.5391e+00 +2.5680e+00 +1.6538e+00
2016 0 +5.612901212e+01 -1.080987879e+00 -1.080987879e+00 +2.9163e+00 -1.0878e-01 +3.7159e+00 +1.2494e+00 -4.1566e+00 +3.8155e+00 +2.8258e+00 +3.1104e+00 -2.8909e+00 -9.5222e-01 -1.6298e+00 +4.2757e+00 +1.7973e+00 +2.5578e+00 -8.5285e-01 -2.8955e+00 +1.0383e+00 -3.5391e+00 +2.5680e+00 +1.6538e+00
