% f evaluations | g evaluations | best noise-free fitness - Fopt (-6.211100000000e+02) + sum g_i+ | measured fitness | best measured fitness or single-digit g-values | x1 | x2...
1 0 +1.243347296e+08 +1.243341085e+08 +1.243341085e+08 -1.6514e+00 -4.7429e+00 -1.3333e+00 +1.0477e+00 +2.3953e+00
3 0 +1.589690876e+07 +1.589628765e+07 +1.589628765e+07 -1.2693e+00 +4.8982e+00 +6.5308e-01 -1.7519e+00 +2.1409e+00
33 0 +1.272962723e+07 +1.272900612e+07 +1.272900612e+07 -1.5574e+00 +3.5149e+00 +1.3334e+00 -1.3304e+00 -4.0248e-01
39 0 +8.012931456e+06 +8.012310346e+06 +8.012310346e+06 -5.4960e-01 +2.1130e+00 -4.4512e+00 -1.9434e+00 -3.2766e+00
53 0 +4.190531416e+06 +4.189910306e+06 +4.189910306e+06 -1.0381e+00 +3.6269e+00 -4.1504e+00 -3.4289e+00 -9.0916e-01
89 0 +2.210308265e+06 +2.209687155e+06 +2.209687155e+06 -2.2796e+00 +4.0292e+00 -2.6840e+00 -3.6812e+00 -2.5283e+00
104 0 +1.651039266e+06 +1.650418156e+06 +1.650418156e+06 -1.3241e+00 +4.8837e+00 -3.2205e+00 -3.8771e+00 -3.0144e+00
155 0 +1.301560996e+06 +1.300939886e+06 +1.300939886e+06 -1.0173e+00 +3.7814e+00 -9.2146e-01 -4.4162e+00 -1.7724e-01
161 0 +1.261389338e+06 +1.260768228e+06 +1.260768228e+06 -7.1323e-01 +4.0097e+00 -4.9946e+00 -2.5509e+00 -3.2208e+00
233 0 +1.141920373e+06 +1.141299263e+06 +1.141299263e+06 -6.6268e-01 +4.5678e+00 -4.4047e+00 -2.9239e+00 -3.7061e+00
293 0 +5.707318947e+05 +5.701107847e+05 +5.701107847e+05 -1.4813e+00 +4.5023e+00 -3.8534e+00 -2.6072e+00 -3.5541e+00
366 0 +1.579131914e+05 +1.572920814e+05 +1.572920814e+05 -1.4203e+00 +4.5423e+00 -4.3225e+00 -2.3141e+00 -3.3643e+00
493 0 +1.284755989e+05 +1.278544889e+05 +1.278544889e+05 -1.3333e+00 +4.5507e+00 -4.6860e+00 -2.2208e+00 -3.4381e+00
582 0 +1.025746700e+05 +1.019535600e+05 +1.019535600e+05 -1.4476e+00 +4.6052e+00 -4.8382e+00 -2.3188e+00 -3.2940e+00
586 0 +4.558847075e+04 +4.496736075e+04 +4.496736075e+04 -1.3372e+00 +4.7130e+00 -4.8585e+00 -2.2410e+00 -3.5095e+00
649 0 +3.335067219e+04 +3.272956219e+04 +3.272956219e+04 -1.2214e+00 +4.7681e+00 -4.9935e+00 -2.3021e+00 -3.5249e+00
718 0 +1.156708745e+04 +1.094597745e+04 +1.094597745e+04 -1.3421e+00 +4.8532e+00 -4.8947e+00 -2.3611e+00 -3.4523e+00
818 0 +7.485269805e+03 +6.864159805e+03 +6.864159805e+03 -1.3073e+00 +4.8918e+00 -4.9350e+00 -2.3753e+00 -3.4503e+00
982 0 +5.810578989e+03 +5.189468989e+03 +5.189468989e+03 -1.2735e+00 +4.9190e+00 -4.9696e+00 -2.3848e+00 -3.3820e+00
1032 0 +5.455336617e+03 +4.834226617e+03 +4.834226617e+03 -1.2665e+00 +4.9235e+00 -4.9780e+00 -2.3806e+00 -3.3989e+00
1054 0 +3.662590732e+03 +3.041480732e+03 +3.041480732e+03 -1.2556e+00 +4.9094e+00 -4.9820e+00 -2.3732e+00 -3.3626e+00
1104 0 +3.241877202e+03 +2.620767202e+03 +2.620767202e+03 -1.2477e+00 +4.9072e+00 -4.9839e+00 -2.3773e+00 -3.3619e+00
1132 0 +3.079773366e+03 +2.458663366e+03 +2.458663366e+03 -1.2518e+00 +4.8954e+00 -4.9838e+00 -2.3732e+00 -3.3431e+00
1138 0 +1.838974819e+03 +1.217864819e+03 +1.217864819e+03 -1.2602e+00 +4.8990e+00 -4.9831e+00 -2.3299e+00 -3.4012e+00
1168 0 +9.792865517e+02 +3.581765517e+02 +3.581765517e+02 -1.2543e+00 +4.8918e+00 -4.9942e+00 -2.3474e+00 -3.4186e+00
1277 0 +5.630895836e+02 -5.802041639e+01 -5.802041639e+01 -1.2651e+00 +4.8783e+00 -4.9916e+00 -2.3360e+00 -3.4301e+00
1338 0 +1.105365008e+02 -5.105734992e+02 -5.105734992e+02 -1.2592e+00 +4.8605e+00 -4.9961e+00 -2.3389e+00 -3.4115e+00
1482 0 +7.258205501e+01 -5.485279450e+02 -5.485279450e+02 -1.2605e+00 +4.8664e+00 -4.9967e+00 -2.3473e+00 -3.4067e+00
1532 0 +6.200152563e+01 -5.591084744e+02 -5.591084744e+02 -1.2604e+00 +4.8662e+00 -4.9969e+00 -2.3448e+00 -3.4084e+00
1568 0 +5.753325064e+01 -5.635767494e+02 -5.635767494e+02 -1.2597e+00 +4.8658e+00 -4.9967e+00 -2.3449e+00 -3.3987e+00
1682 0 +4.461085825e+01 -5.764991418e+02 -5.764991418e+02 -1.2596e+00 +4.8657e+00 -4.9966e+00 -2.3454e+00 -3.4029e+00
1738 0 +4.257289253e+01 -5.785371075e+02 -5.785371075e+02 -1.2583e+00 +4.8661e+00 -4.9966e+00 -2.3440e+00 -3.4027e+00
1849 0 +4.154547503e+01 -5.795645250e+02 -5.795645250e+02 -1.2587e+00 +4.8653e+00 -4.9965e+00 -2.3424e+00 -3.4019e+00
1868 0 +3.994820724e+01 -5.811617928e+02 -5.811617928e+02 -1.2585e+00 +4.8643e+00 -4.9965e+00 -2.3426e+00 -3.4028e+00
1954 0 +3.893177089e+01 -5.821782291e+02 -5.821782291e+02 -1.2589e+00 +4.8649e+00 -4.9983e+00 -2.3425e+00 -3.4039e+00
2216 0 +3.884929796e+01 -5.822607020e+02 -5.822607020e+02 -1.2591e+00 +4.8652e+00 -4.9983e+00 -2.3425e+00 -3.4042e+00
14681 0 +3.800650092e+01 -5.831034991e+02 -5.831034991e+02 -1.2587e+00 +4.8593e+00 -4.9597e+00 -2.3529e+00 -3.3813e+00
20051 0 +3.759053977e+01 -5.835194602e+02 -5.835194602e+02 -1.2578e+00 +4.8460e+00 -4.8669e+00 -2.3786e+00 -3.3260e+00
% f evaluations | g evaluations | best noise-free fitness - Fopt (-2.548200000000e+02) + sum g_i+ | measured fitness | best measured fitness or single-digit g-values | x1 | x2...
1 0 +4.923342818e+08 +4.923340270e+08 +4.923340270e+08 +4.8000e+00 +4.9938e+00 +3.3375e+00 +2.8907e+00 +4.2994e+00
3 0 +1.278876275e+08 +1.278873726e+08 +1.278873726e+08 -2.6564e-03 +3.4971e+00 -6.8589e-01 -3.6528e+00 +2.9751e+00
7 0 +9.695508491e+07 +9.695483009e+07 +9.695483009e+07 -1.0386e+00 +3.5179e+00 -3.8385e+00 +3.5601e+00 -6.4464e-01
9 0 +5.352127592e+07 +5.352102110e+07 +5.352102110e+07 -6.2570e-01 -1.4068e+00 +8.4716e-01 -4.7671e+00 -4.4960e+00
14 0 +2.542337717e+07 +2.542312235e+07 +2.542312235e+07 -2.1964e-01 +1.7151e+00 +1.3053e+00 -9.0804e-01 -2.2740e+00
25 0 +2.244838494e+07 +2.244813012e+07 +2.244813012e+07 -1.1773e+00 +4.1722e+00 +2.2659e+00 +1.3069e+00 -3.4884e+00
47 0 +6.842747531e+06 +6.842492711e+06 +6.842492711e+06 +4.4264e+00 +1.7429e+00 +2.4193e-01 +8.7930e-01 -2.6802e+00
60 0 +1.195021688e+06 +1.194766868e+06 +1.194766868e+06 +1.8389e+00 +2.6454e+00 +1.2545e+00 +2.1751e-01 -4.0898e+00
92 0 +7.870546714e+05 +7.867998514e+05 +7.867998514e+05 +2.9982e+00 +3.9540e+00 -4.6614e-02 +2.2216e-01 -3.1311e+00
170 0 +2.020777738e+05 +2.018229538e+05 +2.018229538e+05 +2.8475e+00 +3.3860e+00 +2.2886e-01 -1.4953e-01 -4.4297e+00
242 0 +1.102900408e+05 +1.100352208e+05 +1.100352208e+05 +3.0651e+00 +3.3977e+00 +2.2914e-01 -3.7019e-01 -3.9815e+00
339 0 +7.837651510e+04 +7.812169510e+04 +7.812169510e+04 +2.6425e+00 +3.2395e+00 +1.2505e-01 -9.1907e-02 -3.6985e+00
392 0 +6.272773644e+04 +6.247291644e+04 +6.247291644e+04 +2.9142e+00 +3.3485e+00 +2.1939e-01 +3.9242e-02 -4.0294e+00
408 0 +3.992392030e+04 +3.966910030e+04 +3.966910030e+04 +2.8896e+00 +3.3592e+00 +3.1947e-01 -2.0394e-01 -3.5337e+00
414 0 +1.812900721e+04 +1.787418721e+04 +1.787418721e+04 +2.8878e+00 +3.2479e+00 +1.1730e-01 -2.7732e-01 -3.7640e+00
468 0 +1.514413687e+04 +1.488931687e+04 +1.488931687e+04 +2.9061e+00 +3.3306e+00 +9.6454e-02 -2.1208e-01 -3.6558e+00
492 0 +1.371507225e+04 +1.346025225e+04 +1.346025225e+04 +2.8888e+00 +3.2755e+00 +1.7180e-01 -1.1255e-01 -3.7400e+00
570 0 +4.380267292e+03 +4.125447292e+03 +4.125447292e+03 +2.8856e+00 +3.3019e+00 +1.6696e-01 -1.7435e-01 -3.7672e+00
625 0 +2.867009039e+03 +2.612189039e+03 +2.612189039e+03 +2.9135e+00 +3.2834e+00 +2.0158e-01 -2.6708e-01 -3.7300e+00
730 0 +2.739905040e+03 +2.485085040e+03 +2.485085040e+03 +2.9369e+00 +3.3426e+00 +2.2015e-01 -2.8054e-01 -3.7402e+00
739 0 +1.354632547e+03 +1.099812547e+03 +1.099812547e+03 +2.9328e+00 +3.3188e+00 +1.9086e-01 -2.6775e-01 -3.7282e+00
795 0 +2.803160261e+02 +2.549602614e+01 +2.549602614e+01 +2.9474e+00 +3.3354e+00 +2.0035e-01 -2.6158e-01 -3.7032e+00
930 0 +1.218982385e+02 -1.329217615e+02 -1.329217615e+02 +2.9450e+00 +3.3328e+00 +2.0164e-01 -2.5541e-01 -3.6751e+00
936 0 +6.350867336e+01 -1.913113266e+02 -1.913113266e+02 +2.9389e+00 +3.3424e+00 +1.9777e-01 -2.5965e-01 -3.6915e+00
989 0 +3.104271491e+01 -2.237772851e+02 -2.237772851e+02 +2.9456e+00 +3.3444e+00 +1.9873e-01 -2.5706e-01 -3.6829e+00
1136 0 +2.768324229e+01 -2.271367577e+02 -2.271367577e+02 +2.9458e+00 +3.3437e+00 +1.9891e-01 -2.5672e-01 -3.6832e+00
1163 0 +2.103154317e+01 -2.337884568e+02 -2.337884568e+02 +2.9466e+00 +3.3396e+00 +2.0071e-01 -2.5608e-01 -3.6854e+00
1195 0 +1.864773752e+01 -2.361722625e+02 -2.361722625e+02 +2.9460e+00 +3.3432e+00 +1.9925e-01 -2.5982e-01 -3.6837e+00
1210 0 +6.809927497e+00 -2.480100725e+02 -2.480100725e+02 +2.9439e+00 +3.3408e+00 +1.9893e-01 -2.5764e-01 -3.6835e+00
1260 0 +5.375708949e+00 -2.494442911e+02 -2.494442911e+02 +2.9435e+00 +3.3409e+00 +2.0010e-01 -2.5927e-01 -3.6835e+00
1317 0 +5.212266108e+00 -2.496077339e+02 -2.496077339e+02 +2.9437e+00 +3.3379e+00 +1.9991e-01 -2.5845e-01 -3.6830e+00
1324 0 +4.855513350e+00 -2.499644866e+02 -2.499644866e+02 +2.9438e+00 +3.3398e+00 +2.0055e-01 -2.6022e-01 -3.6826e+00
1360 0 +4.119714207e+00 -2.507002858e+02 -2.507002858e+02 +2.9439e+00 +3.3399e+00 +2.0056e-01 -2.5977e-01 -3.6825e+00
1385 0 +3.199807196e+00 -2.516201928e+02 -2.516201928e+02 +2.9442e+00 +3.3390e+00 +1.9965e-01 -2.5855e-01 -3.6833e+00
1571 0 +3.156966637e+00 -2.516630334e+02 -2.516630334e+02 +2.9436e+00 +3.3388e+00 +1.9973e-01 -2.5831e-01 -3.6842e+00
1587 0 +3.033923022e+00 -2.517860770e+02 -2.517860770e+02 +2.9437e+00 +3.3390e+00 +1.9967e-01 -2.5877e-01 -3.6836e+00
1621 0 +2.995064639e+00 -2.518249354e+02 -2.518249354e+02 +2.9434e+00 +3.3387e+00 +2.0030e-01 -2.5807e-01 -3.6844e+00
1649 0 +2.943766196e+00 -2.518762338e+02 -2.518762338e+02 +2.9431e+00 +3.3391e+00 +1.9993e-01 -2.5825e-01 -3.6839e+00
1752 0 +2.858694230e+00 -2.519613058e+02 -2.519613058e+02 +2.9435e+00 +3.3391e+00 +2.0019e-01 -2.5817e-01 -3.6842e+00
1852 0 +2.810404122e+00 -2.520095959e+02 -2.520095959e+02 +2.9431e+00 +3.3390e+00 +2.0019e-01 -2.5813e-01 -3.6843e+00
20051 0 +2.786068940e+00 -2.520339311e+02 -2.520339311e+02 +2.9466e+00 +3.3409e+00 +1.9888e-01 -2.6107e-01 -3.6793e+00
% f evaluations | g evaluations | best noise-free fitness - Fopt (5.661000000000e+01) + sum g_i+ | measured fitness | best measured fitness or single-digit g-values | x1 | x2...
1 0 +1.084563585e+08 +1.084564151e+08 +1.084564151e+08 -1.9226e+00 -4.2279e+00 +1.3191e+00 -2.1197e+00 +4.8987e+00
2 0 +1.016154160e+08 +1.016154726e+08 +1.016154726e+08 -1.8474e+00 -2.0138e+00 +2.0123e+00 +2.7623e+00 +4.6105e+00
4 0 +4.837848026e+07 +4.837853687e+07 +4.837853687e+07 -1.3319e+00 -3.8556e-01 -2.7428e+00 +3.9848e+00 -4.7538e+00
5 0 +4.082113239e+06 +4.082169849e+06 +4.082169849e+06 -4.0357e+00 -2.7822e+00 -2.1043e+00 +2.0440e-01 -1.9403e+00
42 0 +2.972483509e+06 +2.972540119e+06 +2.972540119e+06 -1.2320e+00 -4.4348e+00 -3.5837e+00 +1.5114e+00 -2.4858e+00
87 0 +1.391561918e+06 +1.391618528e+06 +1.391618528e+06 -2.9113e+00 -2.5917e+00 -2.8363e+00 +1.0349e+00 -2.2817e+00
110 0 +8.722344859e+05 +8.722910959e+05 +8.722910959e+05 -2.4447e+00 -3.7958e+00 -3.1087e+00 +1.8631e+00 -1.8210e+00
211 0 +3.043267502e+05 +3.043833602e+05 +3.043833602e+05 -2.5305e+00 -4.4391e+00 -3.5674e+00 +1.9201e+00 -1.7757e+00
222 0 +2.860312152e+05 +2.860878252e+05 +2.860878252e+05 -4.2900e+00 -2.2568e+00 -3.9686e+00 +1.0135e+00 -3.0368e+00
265 0 +2.459719034e+05 +2.460285134e+05 +2.460285134e+05 -3.3598e+00 -2.1583e+00 -3.9022e+00 +1.0098e+00 -2.5605e+00
284 0 +1.508970191e+05 +1.509536291e+05 +1.509536291e+05 -3.5627e+00 -2.0219e+00 -4.0876e+00 +5.9032e-01 -2.7467e+00
315 0 +1.371754477e+05 +1.372320577e+05 +1.372320577e+05 -4.1414e+00 -1.6976e+00 -3.5950e+00 +3.7861e-01 -3.4550e+00
337 0 +7.264026263e+04 +7.269687263e+04 +7.269687263e+04 -3.6847e+00 -2.2333e+00 -4.1575e+00 +6.8129e-01 -2.9931e+00
444 0 +6.235674782e+04 +6.241335782e+04 +6.241335782e+04 -4.0519e+00 -2.1705e+00 -3.8039e+00 +3.9998e-01 -3.0779e+00
480 0 +1.752401463e+04 +1.758062463e+04 +1.758062463e+04 -3.7367e+00 -2.3258e+00 -3.8514e+00 +8.3530e-01 -2.9216e+00
508 0 +6.689565576e+03 +6.746175576e+03 +6.746175576e+03 -3.6960e+00 -2.5423e+00 -3.9119e+00 +8.6629e-01 -2.7943e+00
652 0 +6.263905433e+03 +6.320515433e+03 +6.320515433e+03 -3.7693e+00 -2.4276e+00 -3.8533e+00 +6.5042e-01 -2.8188e+00
723 0 +3.546722321e+03 +3.603332321e+03 +3.603332321e+03 -3.6804e+00 -2.4928e+00 -3.8718e+00 +7.2045e-01 -2.7757e+00
852 0 +1.446490091e+03 +1.503100091e+03 +1.503100091e+03 -3.6719e+00 -2.5355e+00 -3.8798e+00 +7.9654e-01 -2.7045e+00
853 0 +1.323811851e+03 +1.380421851e+03 +1.380421851e+03 -3.6749e+00 -2.5473e+00 -3.8705e+00 +7.5937e-01 -2.7652e+00
868 0 +5.266083929e+02 +5.832183929e+02 +5.832183929e+02 -3.5061e+00 -2.8102e+00 -3.8845e+00 +9.1439e-01 -2.5916e+00
1193 0 +4.839576511e+02 +5.405676511e+02 +5.405676511e+02 -3.5083e+00 -2.7856e+00 -3.8850e+00 +8.8164e-01 -2.5685e+00
1331 0 +4.109499140e+02 +4.675599140e+02 +4.675599140e+02 -3.5138e+00 -2.7759e+00 -3.8769e+00 +8.8809e-01 -2.5740e+00
1372 0 +3.391630116e+02 +3.957730116e+02 +3.957730116e+02 -3.5131e+00 -2.7916e+00 -3.8804e+00 +9.0877e-01 -2.5641e+00
1459 0 +2.999885472e+02 +3.565985472e+02 +3.565985472e+02 -3.5155e+00 -2.8030e+00 -3.8869e+00 +9.1515e-01 -2.5634e+00
1481 0 +2.188093080e+02 +2.754193080e+02 +2.754193080e+02 -3.5129e+00 -2.7973e+00 -3.8847e+00 +9.0700e-01 -2.5623e+00
1509 0 +1.912936264e+02 +2.479036264e+02 +2.479036264e+02 -3.5089e+00 -2.8119e+00 -3.8893e+00 +9.1832e-01 -2.5676e+00
1550 0 +7.009529811e+01 +1.267052981e+02 +1.267052981e+02 -3.5163e+00 -2.7803e+00 -3.8864e+00 +8.9371e-01 -2.5936e+00
1593 0 +4.914086223e+01 +1.057508622e+02 +1.057508622e+02 -3.5133e+00 -2.7871e+00 -3.8874e+00 +9.0272e-01 -2.5775e+00
1600 0 +2.746857240e+01 +8.407857240e+01 +8.407857240e+01 -3.5134e+00 -2.7831e+00 -3.8888e+00 +8.9778e-01 -2.5829e+00
1770 0 +2.096574038e+01 +7.757574038e+01 +7.757574038e+01 -3.5137e+00 -2.7898e+00 -3.8885e+00 +8.9808e-01 -2.5849e+00
1816 0 +1.999916709e+01 +7.660916709e+01 +7.660916709e+01 -3.5148e+00 -2.7929e+00 -3.8881e+00 +8.9694e-01 -2.5767e+00
1839 0 +1.929147933e+01 +7.590147933e+01 +7.590147933e+01 -3.5136e+00 -2.7842e+00 -3.8892e+00 +8.9696e-01 -2.5843e+00
1868 0 +1.710911137e+01 +7.371911137e+01 +7.371911137e+01 -3.5142e+00 -2.7832e+00 -3.8899e+00 +8.9771e-01 -2.5839e+00
1870 0 +1.531851951e+01 +7.192851951e+01 +7.192851951e+01 -3.5139e+00 -2.7870e+00 -3.8891e+00 +8.9670e-01 -2.5847e+00
1916 0 +1.060803702e+01 +6.721803702e+01 +6.721803702e+01 -3.5144e+00 -2.7849e+00 -3.8908e+00 +8.9650e-01 -2.5826e+00
1940 0 +9.611330519e+00 +6.622133052e+01 +6.622133052e+01 -3.5139e+00 -2.7883e+00 -3.8907e+00 +8.9584e-01 -2.5821e+00
2021 0 +7.706072585e+00 +6.431607258e+01 +6.431607258e+01 -3.5120e+00 -2.7897e+00 -3.8913e+00 +8.9896e-01 -2.5820e+00
2100 0 +6.570471372e+00 +6.318047137e+01 +6.318047137e+01 -3.5120e+00 -2.7894e+00 -3.8913e+00 +9.0018e-01 -2.5807e+00
2127 0 +4.061874602e+00 +6.067187460e+01 +6.067187460e+01 -3.5118e+00 -2.7933e+00 -3.8917e+00 +9.0172e-01 -2.5768e+00
2151 0 +3.774217948e+00 +6.038421795e+01 +6.038421795e+01 -3.5148e+00 -2.7908e+00 -3.8910e+00 +8.9953e-01 -2.5821e+00
2206 0 +2.254499621e+00 +5.886449962e+01 +5.886449962e+01 -3.5146e+00 -2.7897e+00 -3.8909e+00 +8.9982e-01 -2.5805e+00
2209 0 +1.522706521e+00 +5.813270652e+01 +5.813270652e+01 -3.5171e+00 -2.7882e+00 -3.8912e+00 +8.9753e-01 -2.5823e+00
2372 0 +1.301312337e+00 +5.791131234e+01 +5.791131234e+01 -3.5174e+00 -2.7877e+00 -3.8916e+00 +8.9747e-01 -2.5825e+00
2422 0 +1.051864049e+00 +5.766186405e+01 +5.766186405e+01 -3.5171e+00 -2.7876e+00 -3.8916e+00 +8.9793e-01 -2.5825e+00
2442 0 +9.757370355e-01 +5.758573704e+01 +5.758573704e+01 -3.5166e+00 -2.7877e+00 -3.8914e+00 +8.9707e-01 -2.5825e+00
2443 0 +9.191309487e-01 +5.752913095e+01 +5.752913095e+01 -3.5172e+00 -2.7862e+00 -3.8914e+00 +8.9694e-01 -2.5827e+00
2466 0 +9.115373370e-01 +5.752153734e+01 +5.752153734e+01 -3.5168e+00 -2.7867e+00 -3.8915e+00 +8.9770e-01 -2.5823e+00
2493 0 +7.656079697e-01 +5.737560797e+01 +5.737560797e+01 -3.5171e+00 -2.7863e+00 -3.8914e+00 +8.9713e-01 -2.5827e+00
2543 0 +7.175721575e-01 +5.732757216e+01 +5.732757216e+01 -3.5170e+00 -2.7864e+00 -3.8914e+00 +8.9721e-01 -2.5827e+00
2593 0 +7.004979014e-01 +5.731049790e+01 +5.731049790e+01 -3.5170e+00 -2.7864e+00 -3.8914e+00 +8.9724e-01 -2.5827e+00
2628 0 +6.565230561e-01 +5.726652306e+01 +5.726652306e+01 -3.5169e+00 -2.7864e+00 -3.8922e+00 +8.9719e-01 -2.5830e+00
2689 0 +5.506517194e-01 +5.716065172e+01 +5.716065172e+01 -3.5164e+00 -2.7874e+00 -3.8919e+00 +8.9799e-01 -2.5825e+00
2890 0 +5.414547051e-01 +5.715145471e+01 +5.715145471e+01 -3.5163e+00 -2.7875e+00 -3.8918e+00 +8.9795e-01 -2.5823e+00
2896 0 +5.194051958e-01 +5.712940520e+01 +5.712940520e+01 -3.5164e+00 -2.7876e+00 -3.8918e+00 +8.9783e-01 -2.5824e+00
2918 0 +5.092973332e-01 +5.711929733e+01 +5.711929733e+01 -3.5162e+00 -2.7877e+00 -3.8918e+00 +8.9789e-01 -2.5822e+00
3200 0 +5.008253369e-01 +5.711082534e+01 +5.711082534e+01 -3.5162e+00 -2.7878e+00 -3.8918e+00 +8.9783e-01 -2.5822e+00
18433 0 +4.897692223e-01 +5.709976922e+01 +5.709976922e+01 -3.5190e+00 -2.7834e+00 -3.8917e+00 +8.9609e-01 -2.5852e+00
20051 0 +4.891453464e-01 +5.709914535e+01 +5.709914535e+01 -3.5190e+00 -2.7834e+00 -3.8917e+00 +8.9606e-01 -2.5852e+00
% f evaluations | g evaluations | best noise-free fitness - Fopt (-1.810000000000e+01) + sum g_i+ | measured fitness | best measured fitness or single-digit g-values | x1 | x2...
1 0 +1.452459997e+08 +1.452459816e+08 +1.452459816e+08 +3.0276e+00 -2.6698e-02 +1.4060e+00 -3.8759e+00 -2.2656e+00
2 0 +5.372277368e+07 +5.372275558e+07 +5.372275558e+07 -2.1875e-01 -1.0852e+00 +3.4561e+00 -3.4860e+00 +9.4241e-01
5 0 +2.723420362e+07 +2.723418552e+07 +2.723418552e+07 +2.1339e+00 +4.1775e+00 +2.4779e+00 +4.7600e+00 -2.7787e-01
19 0 +2.298877637e+07 +2.298875827e+07 +2.298875827e+07 +1.0874e+00 +4.1087e+00 +3.3602e+00 +2.1768e+00 -9.6685e-01
33 0 +3.819367619e+06 +3.819349519e+06 +3.819349519e+06 +3.7323e-01 -2.1811e-01 +2.2605e+00 +4.4597e+00 +1.2420e+00
59 0 +3.781494027e+06 +3.781475927e+06 +3.781475927e+06 -5.2223e-01 +5.3299e-01 +2.2885e+00 +1.6753e+00 +1.3563e+00
79 0 +3.238512681e+06 +3.238494581e+06 +3.238494581e+06 -2.6093e+00 +1.1089e+00 +4.3290e+00 +1.3242e+00 +1.2739e-01
169 0 +7.243921733e+05 +7.243740733e+05 +7.243740733e+05 -1.6510e+00 +9.8433e-01 +4.7975e+00 +1.7595e+00 +2.2435e+00
377 0 +6.215995569e+05 +6.215814569e+05 +6.215814569e+05 -1.3654e+00 +5.1496e-01 +4.9094e+00 +1.9449e+00 +1.9316e+00
427 0 +1.575878608e+05 +1.575697608e+05 +1.575697608e+05 -1.5384e+00 +8.6699e-01 +4.8982e+00 +1.8233e+00 +1.4279e+00
477 0 +1.512475253e+05 +1.512294253e+05 +1.512294253e+05 -1.6076e+00 +1.0078e+00 +4.8938e+00 +1.7747e+00 +1.2265e+00
555 0 +9.023058711e+04 +9.021248711e+04 +9.021248711e+04 -1.8199e+00 +1.1563e+00 +4.9820e+00 +1.7965e+00 +1.1803e+00
705 0 +8.736585689e+04 +8.734775689e+04 +8.734775689e+04 -1.8535e+00 +1.2175e+00 +4.9813e+00 +1.7903e+00 +1.1927e+00
719 0 +7.117820530e+04 +7.116010530e+04 +7.116010530e+04 -1.9490e+00 +1.1914e+00 +4.9922e+00 +1.8127e+00 +1.3537e+00
736 0 +5.271115254e+04 +5.269305254e+04 +5.269305254e+04 -1.7741e+00 +1.1567e+00 +4.8990e+00 +1.8453e+00 +1.3432e+00
769 0 +3.899267849e+04 +3.897457849e+04 +3.897457849e+04 -1.6333e+00 +1.1994e+00 +4.9186e+00 +1.8622e+00 +1.4924e+00
807 0 +2.863514462e+04 +2.861704462e+04 +2.861704462e+04 -1.6764e+00 +1.1515e+00 +4.9719e+00 +1.8984e+00 +1.5373e+00
855 0 +2.322928078e+04 +2.321118078e+04 +2.321118078e+04 -1.6304e+00 +1.1432e+00 +4.9407e+00 +1.9361e+00 +1.5297e+00
919 0 +1.685785200e+04 +1.683975200e+04 +1.683975200e+04 -1.6132e+00 +1.1734e+00 +4.9325e+00 +2.0028e+00 +1.5558e+00
936 0 +1.599477859e+04 +1.597667859e+04 +1.597667859e+04 -1.6195e+00 +1.1498e+00 +4.9549e+00 +1.9568e+00 +1.5083e+00
957 0 +1.413587802e+04 +1.411777802e+04 +1.411777802e+04 -1.5605e+00 +1.1507e+00 +4.9410e+00 +2.0430e+00 +1.5276e+00
969 0 +9.959345957e+03 +9.941245957e+03 +9.941245957e+03 -1.6093e+00 +1.1394e+00 +4.9658e+00 +2.0110e+00 +1.5108e+00
1005 0 +8.969552360e+03 +8.951452360e+03 +8.951452360e+03 -1.6029e+00 +1.1347e+00 +4.9810e+00 +2.0311e+00 +1.5026e+00
1007 0 +5.335813311e+03 +5.317713311e+03 +5.317713311e+03 -1.5881e+00 +1.1349e+00 +4.9376e+00 +2.0733e+00 +1.4934e+00
1054 0 +2.601022814e+03 +2.582922814e+03 +2.582922814e+03 -1.6266e+00 +1.1226e+00 +4.9456e+00 +2.0694e+00 +1.4401e+00
1069 0 +1.559338416e+03 +1.541238416e+03 +1.541238416e+03 -1.6044e+00 +1.1287e+00 +4.9003e+00 +2.1030e+00 +1.4863e+00
1107 0 +1.187340560e+03 +1.169240560e+03 +1.169240560e+03 -1.6060e+00 +1.1263e+00 +4.8929e+00 +2.1062e+00 +1.4790e+00
1117 0 +4.992711367e+02 +4.811711367e+02 +4.811711367e+02 -1.6046e+00 +1.1255e+00 +4.8479e+00 +2.1187e+00 +1.4825e+00
1157 0 +2.987684273e+02 +2.806684273e+02 +2.806684273e+02 -1.6067e+00 +1.1237e+00 +4.8355e+00 +2.1401e+00 +1.4817e+00
1204 0 +1.780081244e+02 +1.599081244e+02 +1.599081244e+02 -1.6016e+00 +1.1253e+00 +4.8147e+00 +2.1496e+00 +1.4944e+00
1254 0 +1.447837809e+02 +1.266837809e+02 +1.266837809e+02 -1.5990e+00 +1.1304e+00 +4.8017e+00 +2.1544e+00 +1.4916e+00
1319 0 +1.205856721e+02 +1.024856721e+02 +1.024856721e+02 -1.5979e+00 +1.1346e+00 +4.7971e+00 +2.1599e+00 +1.4959e+00
1352 0 +1.007802657e+02 +8.268026574e+01 +8.268026574e+01 -1.5866e+00 +1.1350e+00 +4.7959e+00 +2.1553e+00 +1.5031e+00
1389 0 +9.645486502e+01 +7.835486502e+01 +7.835486502e+01 -1.5926e+00 +1.1396e+00 +4.8057e+00 +2.1491e+00 +1.4996e+00
1415 0 +5.026057103e+01 +3.216057103e+01 +3.216057103e+01 -1.5921e+00 +1.1355e+00 +4.7988e+00 +2.1602e+00 +1.5008e+00
1457 0 +4.634557336e+01 +2.824557336e+01 +2.824557336e+01 -1.5895e+00 +1.1377e+00 +4.7989e+00 +2.1582e+00 +1.5008e+00
1465 0 +3.210498877e+01 +1.400498877e+01 +1.400498877e+01 -1.5916e+00 +1.1364e+00 +4.8022e+00 +2.1587e+00 +1.4996e+00
1507 0 +1.935667954e+01 +1.256679535e+00 +1.256679535e+00 -1.5911e+00 +1.1348e+00 +4.8041e+00 +2.1600e+00 +1.4982e+00
1565 0 +1.857761309e+01 +4.776130891e-01 +4.776130891e-01 -1.5911e+00 +1.1349e+00 +4.8044e+00 +2.1605e+00 +1.4977e+00
1596 0 +1.081286266e+01 -7.287137344e+00 -7.287137344e+00 -1.5892e+00 +1.1349e+00 +4.8036e+00 +2.1607e+00 +1.4968e+00
1646 0 +8.730525138e+00 -9.369474862e+00 -9.369474862e+00 -1.5888e+00 +1.1348e+00 +4.8015e+00 +2.1615e+00 +1.4957e+00
1752 0 +8.441089379e+00 -9.658910621e+00 -9.658910621e+00 -1.5885e+00 +1.1353e+00 +4.8019e+00 +2.1614e+00 +1.4963e+00
1820 0 +7.932185542e+00 -1.016781446e+01 -1.016781446e+01 -1.5876e+00 +1.1355e+00 +4.8023e+00 +2.1604e+00 +1.4960e+00
1832 0 +7.580950873e+00 -1.051904913e+01 -1.051904913e+01 -1.5884e+00 +1.1346e+00 +4.8005e+00 +2.1610e+00 +1.4966e+00
1944 0 +7.076482775e+00 -1.102351722e+01 -1.102351722e+01 -1.5881e+00 +1.1348e+00 +4.8005e+00 +2.1611e+00 +1.4963e+00
2102 0 +6.903113569e+00 -1.119688643e+01 -1.119688643e+01 -1.5874e+00 +1.1347e+00 +4.7997e+00 +2.1613e+00 +1.4963e+00
4415 0 +6.759130036e+00 -1.134086996e+01 -1.134086996e+01 -1.5861e+00 +1.1345e+00 +4.7975e+00 +2.1630e+00 +1.4971e+00
20051 0 +6.738473359e+00 -1.136152664e+01 -1.136152664e+01 -1.5847e+00 +1.1339e+00 +4.7946e+00 +2.1649e+00 +1.4981e+00
% f evaluations | g evaluations | best noise-free fitness - Fopt (3.777000000000e+01) + sum g_i+ | measured fitness | best measured fitness or single-digit g-values | x1 | x2...
1 0 +3.182892678e+07 +3.182896455e+07 +3.182896455e+07 +2.0401e+00 -4.4243e-02 -1.9452e+00 +7.6369e-02 +2.7352e+00
5 0 +5.114382092e+06 +5.114419862e+06 +5.114419862e+06 +3.7707e+00 +1.0282e+00 +4.8016e+00 -2.9365e+00 -1.9810e+00
46 0 +3.826035858e+06 +3.826073628e+06 +3.826073628e+06 +1.5936e+00 +1.6701e+00 +1.1663e+00 -1.7244e-01 -7.3338e-02
60 0 +2.432331111e+06 +2.432368881e+06 +2.432368881e+06 +8.2959e-01 +2.0645e+00 +1.3994e+00 -2.6125e+00 -5.7329e-01
96 0 +2.318100373e+06 +2.318138143e+06 +2.318138143e+06 +1.8297e-01 +3.1214e+00 +1.7391e+00 -1.5043e+00 +1.1092e+00
124 0 +1.209768462e+06 +1.209806232e+06 +1.209806232e+06 +1.5650e+00 +1.6092e+00 +3.0344e+00 -3.4418e+00 +2.9601e-01
152 0 +9.216017143e+05 +9.216394843e+05 +9.216394843e+05 +1.4959e+00 +1.8487e+00 +3.1366e+00 -2.6856e+00 +4.4120e-01
170 0 +7.848239074e+05 +7.848616774e+05 +7.848616774e+05 +1.9154e+00 +1.4436e+00 +3.4421e+00 -3.2188e+00 +9.7088e-02
246 0 +6.560028421e+05 +6.560406121e+05 +6.560406121e+05 +1.9763e+00 +1.1445e+00 +3.4786e+00 -2.8765e+00 -1.0801e-01
288 0 +6.061695910e+05 +6.062073610e+05 +6.062073610e+05 +2.0068e+00 +1.0916e+00 +4.0937e+00 -3.3673e+00 -1.9442e-01
297 0 +5.492036611e+05 +5.492414311e+05 +5.492414311e+05 +1.3167e+00 +1.5130e+00 +4.4574e+00 -3.8321e+00 -6.4442e-01
312 0 +1.946642602e+05 +1.947020302e+05 +1.947020302e+05 +1.7061e+00 +1.5562e+00 +4.1047e+00 -3.3424e+00 -1.1514e+00
338 0 +1.486437144e+05 +1.486814844e+05 +1.486814844e+05 +1.9755e+00 +1.4039e+00 +4.1516e+00 -4.0231e+00 -8.0385e-01
346 0 +1.159728247e+05 +1.160105947e+05 +1.160105947e+05 +1.7706e+00 +1.3887e+00 +4.1158e+00 -3.3827e+00 -5.3185e-01
388 0 +1.133526795e+05 +1.133904495e+05 +1.133904495e+05 +1.6372e+00 +1.5138e+00 +4.1680e+00 -3.2816e+00 -7.1244e-01
399 0 +1.014965353e+05 +1.015343053e+05 +1.015343053e+05 +2.2163e+00 +1.2691e+00 +4.2241e+00 -3.6175e+00 -1.0485e+00
421 0 +5.596275771e+04 +5.600052771e+04 +5.600052771e+04 +1.7317e+00 +1.1454e+00 +4.0432e+00 -3.5939e+00 -6.9133e-01
446 0 +1.335706101e+04 +1.339483101e+04 +1.339483101e+04 +2.0455e+00 +1.1872e+00 +4.5229e+00 -3.9375e+00 -1.1979e+00
699 0 +4.476188069e+03 +4.513958069e+03 +4.513958069e+03 +2.0780e+00 +1.1911e+00 +4.4878e+00 -3.9857e+00 -1.1791e+00
746 0 +3.524016711e+03 +3.561786711e+03 +3.561786711e+03 +2.0883e+00 +1.1922e+00 +4.4826e+00 -3.9605e+00 -1.1704e+00
777 0 +2.563628525e+03 +2.601398525e+03 +2.601398525e+03 +2.0592e+00 +1.1797e+00 +4.4434e+00 -3.9317e+00 -1.1310e+00
796 0 +2.264049820e+03 +2.301819820e+03 +2.301819820e+03 +2.1054e+00 +1.1942e+00 +4.4664e+00 -3.9697e+00 -1.1594e+00
823 0 +1.562888096e+03 +1.600658096e+03 +1.600658096e+03 +2.1127e+00 +1.2083e+00 +4.5420e+00 -4.0123e+00 -1.1606e+00
851 0 +1.268607236e+03 +1.306377236e+03 +1.306377236e+03 +2.0785e+00 +1.2077e+00 +4.4378e+00 -3.9754e+00 -1.1128e+00
961 0 +1.035483310e+03 +1.073253310e+03 +1.073253310e+03 +2.0642e+00 +1.2149e+00 +4.4179e+00 -3.9400e+00 -1.1079e+00
1003 0 +1.126754241e+02 +1.504454241e+02 +1.504454241e+02 +2.0700e+00 +1.2041e+00 +4.4333e+00 -3.9309e+00 -1.0889e+00
1153 0 +1.044709790e+02 +1.422409790e+02 +1.422409790e+02 +2.0698e+00 +1.2084e+00 +4.4302e+00 -3.9296e+00 -1.0880e+00
1185 0 +7.320713285e+01 +1.109771329e+02 +1.109771329e+02 +2.0681e+00 +1.2066e+00 +4.4380e+00 -3.9253e+00 -1.0896e+00
1203 0 +6.904639203e+01 +1.068163920e+02 +1.068163920e+02 +2.0678e+00 +1.2091e+00 +4.4385e+00 -3.9246e+00 -1.0905e+00
1211 0 +5.652469633e+01 +9.429469633e+01 +9.429469633e+01 +2.0697e+00 +1.2118e+00 +4.4380e+00 -3.9298e+00 -1.0882e+00
1372 0 +5.322556985e+01 +9.099556985e+01 +9.099556985e+01 +2.0702e+00 +1.2110e+00 +4.4389e+00 -3.9318e+00 -1.0903e+00
1497 0 +5.234991998e+01 +9.011991998e+01 +9.011991998e+01 +2.0692e+00 +1.2105e+00 +4.4377e+00 -3.9287e+00 -1.0881e+00
1511 0 +5.121471881e+01 +8.898471881e+01 +8.898471881e+01 +2.0696e+00 +1.2104e+00 +4.4385e+00 -3.9307e+00 -1.0894e+00
1644 0 +5.008911358e+01 +8.785911358e+01 +8.785911358e+01 +2.0695e+00 +1.2098e+00 +4.4388e+00 -3.9303e+00 -1.0904e+00
20051 0 +4.966043426e+01 +8.743043426e+01 +8.743043426e+01 +2.0643e+00 +1.2111e+00 +4.4325e+00 -3.9232e+00 -1.0859e+00
% f evaluations | g evaluations | best noise-free fitness - Fopt (-6.211100000000e+02) + sum g_i+ | measured fitness | best measured fitness or single-digit g-values | x1 | x2...
1 0 +3.501547933e+07 +3.501485822e+07 +3.501485822e+07 -3.0178e+00 +2.7989e+00 -3.6696e+00 -2.8179e-01 -6.1476e-01
16 0 +2.000295725e+07 +2.000233614e+07 +2.000233614e+07 +1.8547e+00 +1.1086e+00 -1.1441e-01 -4.1159e+00 +1.9840e+00
24 0 +1.270374534e+07 +1.270312423e+07 +1.270312423e+07 -1.2405e+00 +6.2337e-01 +2.8397e+00 -3.3653e+00 +2.7344e-01
58 0 +9.441621966e+06 +9.441000856e+06 +9.441000856e+06 -1.1540e+00 +2.0207e+00 +2.9345e+00 -2.6749e+00 +3.6772e-01
74 0 +5.092657210e+06 +5.092036100e+06 +5.092036100e+06 -3.5404e-01 +2.0250e+00 +4.5104e+00 -4.1747e+00 +1.5055e+00
81 0 +2.055719215e+06 +2.055098105e+06 +2.055098105e+06 -8.1458e-01 +2.3631e+00 +2.8626e+00 -4.9896e+00 +1.3617e+00
121 0 +1.167912773e+06 +1.167291663e+06 +1.167291663e+06 -7.9771e-01 +3.3582e+00 +2.9172e+00 -4.5573e+00 +1.8003e+00
259 0 +6.063921302e+05 +6.057710202e+05 +6.057710202e+05 -7.4881e-01 +4.0337e+00 +3.7180e+00 -4.5940e+00 +1.3684e+00
324 0 +3.629475429e+05 +3.623264329e+05 +3.623264329e+05 -5.9250e-01 +3.7907e+00 +2.9339e+00 -4.3442e+00 +1.0983e+00
348 0 +3.026888746e+05 +3.020677646e+05 +3.020677646e+05 -6.3452e-01 +4.1363e+00 +2.6008e+00 -4.7203e+00 +9.6567e-01
448 0 +2.198275598e+05 +2.192064498e+05 +2.192064498e+05 -4.6562e-01 +4.0300e+00 +2.5883e+00 -4.7343e+00 +8.3708e-01
471 0 +1.616874365e+05 +1.610663265e+05 +1.610663265e+05 -4.8401e-01 +3.9787e+00 +2.6264e+00 -4.6237e+00 +7.5635e-01
518 0 +1.491180656e+05 +1.484969556e+05 +1.484969556e+05 -9.5031e-01 +3.9203e+00 +2.3872e+00 -4.5082e+00 +7.4126e-01
520 0 +9.494833326e+04 +9.432722326e+04 +9.432722326e+04 -6.7268e-01 +3.8991e+00 +2.7237e+00 -4.6933e+00 +7.3100e-01
521 0 +6.208908916e+04 +6.146797916e+04 +6.146797916e+04 -5.1161e-01 +3.8182e+00 +2.5871e+00 -4.6265e+00 +8.1350e-01
570 0 +3.563406485e+04 +3.501295485e+04 +3.501295485e+04 -5.6150e-01 +3.6340e+00 +2.9982e+00 -4.6247e+00 +9.6935e-01
649 0 +2.481136479e+04 +2.419025479e+04 +2.419025479e+04 -6.0703e-01 +3.4581e+00 +2.8611e+00 -4.7065e+00 +9.1368e-01
672 0 +1.916659265e+04 +1.854548265e+04 +1.854548265e+04 -6.2945e-01 +3.5174e+00 +2.8525e+00 -4.7566e+00 +9.7779e-01
739 0 +1.225988007e+04 +1.163877007e+04 +1.163877007e+04 -6.4163e-01 +3.5833e+00 +3.0159e+00 -4.7832e+00 +9.2385e-01
852 0 +7.619736690e+03 +6.998626690e+03 +6.998626690e+03 -6.3925e-01 +3.6088e+00 +2.9927e+00 -4.7535e+00 +9.1015e-01
878 0 +6.757389585e+03 +6.136279585e+03 +6.136279585e+03 -5.9449e-01 +3.5760e+00 +2.8620e+00 -4.7712e+00 +9.4911e-01
901 0 +5.926280156e+03 +5.305170156e+03 +5.305170156e+03 -5.6851e-01 +3.5360e+00 +3.0483e+00 -4.8115e+00 +1.0028e+00
922 0 +4.092990257e+03 +3.471880257e+03 +3.471880257e+03 -5.8221e-01 +3.5909e+00 +3.1005e+00 -4.8288e+00 +1.0097e+00
931 0 +3.317218207e+03 +2.696108207e+03 +2.696108207e+03 -5.3391e-01 +3.5536e+00 +3.1315e+00 -4.8314e+00 +1.0607e+00
939 0 +2.909497240e+03 +2.288387240e+03 +2.288387240e+03 -5.5310e-01 +3.6023e+00 +3.0582e+00 -4.8223e+00 +1.0269e+00
972 0 +2.542976734e+03 +1.921866734e+03 +1.921866734e+03 -5.4762e-01 +3.6065e+00 +3.1177e+00 -4.8390e+00 +1.0458e+00
985 0 +1.741257061e+03 +1.120147061e+03 +1.120147061e+03 -5.4312e-01 +3.5638e+00 +3.0236e+00 -4.7752e+00 +9.5454e-01
1031 0 +1.677233580e+03 +1.056123580e+03 +1.056123580e+03 -5.4616e-01 +3.5678e+00 +3.1168e+00 -4.8230e+00 +1.0401e+00
1081 0 +1.271669584e+03 +6.505595843e+02 +6.505595843e+02 -5.5106e-01 +3.5734e+00 +3.1110e+00 -4.8197e+00 +1.0319e+00
1131 0 +1.149378151e+03 +5.282681508e+02 +5.282681508e+02 -5.5302e-01 +3.5757e+00 +3.1086e+00 -4.8184e+00 +1.0286e+00
1181 0 +1.106842465e+03 +4.857324654e+02 +4.857324654e+02 -5.5380e-01 +3.5766e+00 +3.1077e+00 -4.8178e+00 +1.0273e+00
1222 0 +3.501449344e+02 -2.709650656e+02 -2.709650656e+02 -5.3841e-01 +3.5782e+00 +3.1373e+00 -4.8226e+00 +1.0208e+00
1282 0 +1.560109510e+02 -4.650990490e+02 -4.650990490e+02 -5.3402e-01 +3.5782e+00 +3.1580e+00 -4.8170e+00 +1.0305e+00
1374 0 +1.287713150e+02 -4.923386850e+02 -4.923386850e+02 -5.3409e-01 +3.5873e+00 +3.1616e+00 -4.8190e+00 +1.0189e+00
1381 0 +7.853866939e+01 -5.425713306e+02 -5.425713306e+02 -5.3523e-01 +3.5823e+00 +3.1487e+00 -4.8164e+00 +1.0269e+00
1389 0 +6.076978753e+01 -5.603402125e+02 -5.603402125e+02 -5.3270e-01 +3.5848e+00 +3.1791e+00 -4.8242e+00 +1.0399e+00
1450 0 +3.560284215e+01 -5.855071578e+02 -5.855071578e+02 -5.3056e-01 +3.5850e+00 +3.1893e+00 -4.8297e+00 +1.0419e+00
1539 0 +2.520953977e+01 -5.959004602e+02 -5.959004602e+02 -5.2850e-01 +3.5850e+00 +3.1884e+00 -4.8308e+00 +1.0427e+00
1587 0 +2.468978111e+01 -5.964202189e+02 -5.964202189e+02 -5.2498e-01 +3.5852e+00 +3.1983e+00 -4.8349e+00 +1.0443e+00
1589 0 +2.285383742e+01 -5.982561626e+02 -5.982561626e+02 -5.2692e-01 +3.5847e+00 +3.1899e+00 -4.8315e+00 +1.0430e+00
1811 0 +2.057979537e+01 -6.005302046e+02 -6.005302046e+02 -5.2689e-01 +3.5861e+00 +3.1892e+00 -4.8298e+00 +1.0419e+00
1859 0 +2.014306062e+01 -6.009669394e+02 -6.009669394e+02 -5.2708e-01 +3.5859e+00 +3.1901e+00 -4.8301e+00 +1.0418e+00
1884 0 +1.914857754e+01 -6.019614225e+02 -6.019614225e+02 -5.2648e-01 +3.5861e+00 +3.1903e+00 -4.8309e+00 +1.0417e+00
2020 0 +1.894289108e+01 -6.021671089e+02 -6.021671089e+02 -5.2718e-01 +3.5863e+00 +3.1870e+00 -4.8303e+00 +1.0410e+00
2144 0 +1.850989316e+01 -6.026001068e+02 -6.026001068e+02 -5.2721e-01 +3.5863e+00 +3.1891e+00 -4.8308e+00 +1.0418e+00
20051 0 +1.820273943e+01 -6.029072606e+02 -6.029072606e+02 -5.3028e-01 +3.5875e+00 +3.1746e+00 -4.8254e+00 +1.0352e+00
% f evaluations | g evaluations | best noise-free fitness - Fopt (-2.548200000000e+02) + sum g_i+ | measured fitness | best measured fitness or single-digit g-values | x1 | x2...
1 0 +6.576166815e+07 +6.576141333e+07 +6.576141333e+07 -3.6032e+00 -4.6562e-01 +1.1223e+00 -3.2482e+00 -3.9689e+00
3 0 +5.545162450e+07 +5.545136968e+07 +5.545136968e+07 -5.3933e-01 +3.6660e-01 +2.0257e+00 -1.3235e+00 -2.0549e+00
8 0 +2.547456066e+07 +2.547430584e+07 +2.547430584e+07 +1.3848e+00 +3.2852e+00 -4.3879e+00 -1.8744e+00 -3.1419e+00
20 0 +1.733143698e+07 +1.733118216e+07 +1.733118216e+07 -4.4980e-01 +4.9200e+00 +2.2994e+00 +2.1520e+00 -4.0461e+00
24 0 +6.389145263e+06 +6.388890443e+06 +6.388890443e+06 +4.0184e+00 +4.2173e+00 -4.6287e-01 -3.1270e+00 +9.7386e-01
58 0 +2.956565397e+06 +2.956310577e+06 +2.956310577e+06 +4.5033e+00 +4.2586e+00 -1.1601e-02 -2.2202e+00 -3.3450e+00
113 0 +2.067222545e+06 +2.066967725e+06 +2.066967725e+06 +3.3012e+00 +4.5399e+00 -3.1880e-01 -1.8392e+00 -3.1755e+00
124 0 +1.563865517e+06 +1.563610697e+06 +1.563610697e+06 +4.9323e+00 +4.0761e+00 +1.9935e-01 -2.4688e+00 -1.5678e+00
193 0 +1.038774061e+06 +1.038519241e+06 +1.038519241e+06 +3.3070e+00 +4.3082e+00 +1.8964e-01 -1.4481e+00 -3.0718e+00
208 0 +9.585075322e+05 +9.582527122e+05 +9.582527122e+05 +2.8760e+00 +4.2168e+00 +5.4550e-01 -7.8805e-01 -2.9992e+00
313 0 +8.917553724e+05 +8.915005524e+05 +8.915005524e+05 +2.8086e+00 +4.0162e+00 +5.6368e-01 -9.2094e-01 -2.9504e+00
369 0 +4.053793268e+05 +4.051245068e+05 +4.051245068e+05 +3.3591e+00 +3.7624e+00 +6.5566e-01 -6.3694e-01 -2.8366e+00
419 0 +3.557436147e+05 +3.554887947e+05 +3.554887947e+05 +3.8788e+00 +3.8185e+00 +5.2626e-01 -6.6516e-01 -2.8436e+00
435 0 +1.455444554e+05 +1.452896354e+05 +1.452896354e+05 +3.4685e+00 +3.5818e+00 -1.5632e-01 -4.5534e-01 -2.5844e+00
482 0 +3.969958110e+04 +3.944476110e+04 +3.944476110e+04 +3.5316e+00 +3.6764e+00 -2.1129e-01 -7.0782e-01 -2.6753e+00
585 0 +1.478983995e+04 +1.453501995e+04 +1.453501995e+04 +3.5349e+00 +3.6845e+00 -1.6322e-01 -7.9253e-01 -2.7139e+00
613 0 +1.353283651e+04 +1.327801651e+04 +1.327801651e+04 +3.5047e+00 +3.7518e+00 -6.3232e-02 -8.4548e-01 -2.7510e+00
635 0 +1.095292902e+04 +1.069810902e+04 +1.069810902e+04 +3.4876e+00 +3.6674e+00 -8.4903e-02 -8.4982e-01 -2.7750e+00
638 0 +8.915683776e+03 +8.660863776e+03 +8.660863776e+03 +3.4421e+00 +3.6808e+00 -4.5144e-02 -7.7406e-01 -2.8957e+00
669 0 +8.840718557e+03 +8.585898557e+03 +8.585898557e+03 +3.5788e+00 +3.7417e+00 -1.2400e-01 -7.8905e-01 -2.6754e+00
753 0 +6.508927737e+03 +6.254107737e+03 +6.254107737e+03 +3.6034e+00 +3.7579e+00 -1.2792e-01 -8.5965e-01 -2.6266e+00
757 0 +3.000086950e+03 +2.745266950e+03 +2.745266950e+03 +3.5614e+00 +3.7021e+00 -2.3364e-02 -7.8258e-01 -2.8057e+00
829 0 +1.679281018e+03 +1.424461018e+03 +1.424461018e+03 +3.5828e+00 +3.6732e+00 -8.0703e-02 -7.7801e-01 -2.7173e+00
869 0 +4.701273370e+02 +2.153073370e+02 +2.153073370e+02 +3.5666e+00 +3.6774e+00 -3.1219e-02 -7.7927e-01 -2.7716e+00
957 0 +4.195594510e+02 +1.647394510e+02 +1.647394510e+02 +3.5678e+00 +3.6758e+00 -4.7656e-02 -7.7316e-01 -2.7494e+00
1085 0 +3.131917213e+02 +5.837172132e+01 +5.837172132e+01 +3.5580e+00 +3.6688e+00 -4.1902e-02 -7.7783e-01 -2.7459e+00
1107 0 +2.928149503e+02 +3.799495030e+01 +3.799495030e+01 +3.5596e+00 +3.6681e+00 -4.4077e-02 -7.7845e-01 -2.7447e+00
1112 0 +1.720516012e+02 -8.276839880e+01 -8.276839880e+01 +3.5619e+00 +3.6692e+00 -4.1142e-02 -7.7828e-01 -2.7525e+00
1173 0 +1.626865641e+02 -9.213343586e+01 -9.213343586e+01 +3.5646e+00 +3.6582e+00 -5.0896e-02 -7.8068e-01 -2.7580e+00
1181 0 +1.081580639e+02 -1.466619361e+02 -1.466619361e+02 +3.5527e+00 +3.6695e+00 -4.7760e-02 -7.8237e-01 -2.7752e+00
1238 0 +6.125280036e+01 -1.935671996e+02 -1.935671996e+02 +3.5554e+00 +3.6654e+00 -4.1053e-02 -7.8389e-01 -2.7782e+00
1319 0 +4.473580950e+01 -2.100841905e+02 -2.100841905e+02 +3.5508e+00 +3.6624e+00 -3.5533e-02 -7.7682e-01 -2.7830e+00
1364 0 +3.361013301e+01 -2.212098670e+02 -2.212098670e+02 +3.5480e+00 +3.6638e+00 -3.9872e-02 -7.7546e-01 -2.7833e+00
1383 0 +1.187324397e+01 -2.429467560e+02 -2.429467560e+02 +3.5491e+00 +3.6587e+00 -3.7211e-02 -7.7398e-01 -2.7830e+00
1501 0 +1.849989270e+00 -2.529700107e+02 -2.529700107e+02 +3.5454e+00 +3.6572e+00 -3.7507e-02 -7.7483e-01 -2.7838e+00
1601 0 +1.575207426e+00 -2.532447926e+02 -2.532447926e+02 +3.5441e+00 +3.6569e+00 -3.7987e-02 -7.7420e-01 -2.7842e+00
1676 0 +1.459906990e+00 -2.533600930e+02 -2.533600930e+02 +3.5460e+00 +3.6576e+00 -3.8218e-02 -7.7486e-01 -2.7820e+00
1694 0 +1.271181770e+00 -2.535488182e+02 -2.535488182e+02 +3.5449e+00 +3.6568e+00 -3.9047e-02 -7.7356e-01 -2.7840e+00
1900 0 +1.199333825e+00 -2.536206662e+02 -2.536206662e+02 +3.5453e+00 +3.6581e+00 -3.9124e-02 -7.7461e-01 -2.7844e+00
1901 0 +1.085538576e+00 -2.537344614e+02 -2.537344614e+02 +3.5456e+00 +3.6567e+00 -3.8357e-02 -7.7360e-01 -2.7840e+00
1910 0 +9.941091539e-01 -2.538258908e+02 -2.538258908e+02 +3.5452e+00 +3.6570e+00 -3.8511e-02 -7.7350e-01 -2.7837e+00
1928 0 +3.738527923e-01 -2.544461472e+02 -2.544461472e+02 +3.5449e+00 +3.6570e+00 -3.8266e-02 -7.7373e-01 -2.7844e+00
2011 0 +2.895011154e-01 -2.545304989e+02 -2.545304989e+02 +3.5449e+00 +3.6573e+00 -3.8235e-02 -7.7360e-01 -2.7845e+00
2092 0 +2.732747727e-01 -2.545467252e+02 -2.545467252e+02 +3.5448e+00 +3.6574e+00 -3.8398e-02 -7.7368e-01 -2.7845e+00
2110 0 +2.514961988e-01 -2.545685038e+02 -2.545685038e+02 +3.5447e+00 +3.6574e+00 -3.8364e-02 -7.7372e-01 -2.7848e+00
2146 0 +1.860438607e-01 -2.546339561e+02 -2.546339561e+02 +3.5450e+00 +3.6573e+00 -3.8336e-02 -7.7367e-01 -2.7848e+00
2194 0 +1.798839472e-01 -2.546401161e+02 -2.546401161e+02 +3.5450e+00 +3.6573e+00 -3.8359e-02 -7.7377e-01 -2.7846e+00
2242 0 +1.756562415e-01 -2.546443438e+02 -2.546443438e+02 +3.5450e+00 +3.6573e+00 -3.8368e-02 -7.7381e-01 -2.7848e+00
2260 0 +1.719634683e-01 -2.546480365e+02 -2.546480365e+02 +3.5451e+00 +3.6573e+00 -3.8403e-02 -7.7382e-01 -2.7847e+00
2376 0 +1.697560634e-01 -2.546502439e+02 -2.546502439e+02 +3.5450e+00 +3.6573e+00 -3.8430e-02 -7.7387e-01 -2.7846e+00
20051 0 +1.677928960e-01 -2.546522071e+02 -2.546522071e+02 +3.5462e+00 +3.6579e+00 -3.8867e-02 -7.7490e-01 -2.7828e+00
% f evaluations | g evaluations | best noise-free fitness - Fopt (5.661000000000e+01) + sum g_i+ | measured fitness | best measured fitness or single-digit g-values | x1 | x2...
1 0 +1.575288208e+09 +1.575288265e+09 +1.575288265e+09 +3.3569e+00 +4.6430e+00 +2.1301e+00 +3.5822e+00 -1.5921e+00
2 0 +6.037253687e+08 +6.037254253e+08 +6.037254253e+08 +1.9532e+00 -7.6704e-02 +1.4933e+00 +3.3650e+00 +4.9266e+00
3 0 +7.730678593e+07 +7.730684254e+07 +7.730684254e+07 -1.7297e+00 +2.0035e+00 -3.4337e+00 +5.3259e-01 -3.6750e+00
4 0 +6.291369887e+07 +6.291375548e+07 +6.291375548e+07 +7.7434e-01 -4.3495e+00 -1.2379e+00 +6.6314e-01 +4.6365e+00
7 0 +7.536645462e+06 +7.536702072e+06 +7.536702072e+06 -2.4141e+00 -4.2582e+00 -2.2714e+00 +7.8530e-01 +9.8664e-01
58 0 +7.285189894e+06 +7.285246504e+06 +7.285246504e+06 -4.3782e+00 -2.7252e+00 -1.4678e+00 +8.2782e-01 -1.5785e+00
84 0 +1.845411822e+06 +1.845468432e+06 +1.845468432e+06 -2.6183e+00 -2.2912e+00 -4.1796e+00 -3.6826e-02 -2.4792e+00
140 0 +1.461680744e+06 +1.461737354e+06 +1.461737354e+06 -3.6971e+00 -3.3519e+00 -4.1437e+00 -1.1026e-01 -2.2418e+00
149 0 +1.183376264e+06 +1.183432874e+06 +1.183432874e+06 -3.2332e+00 -1.7781e+00 -4.1696e+00 +5.6525e-01 -2.1418e+00
173 0 +7.171900997e+05 +7.172467097e+05 +7.172467097e+05 -2.7685e+00 -4.6383e+00 -3.9636e+00 +2.1024e+00 -1.7570e+00
200 0 +4.750578945e+05 +4.751145045e+05 +4.751145045e+05 -3.3686e+00 -2.9453e+00 -4.0490e+00 +2.5307e-01 -2.3243e+00
290 0 +2.282841275e+05 +2.283407375e+05 +2.283407375e+05 -3.4316e+00 -3.0834e+00 -4.2784e+00 +6.8159e-01 -2.3504e+00
334 0 +1.491701200e+05 +1.492267300e+05 +1.492267300e+05 -3.3909e+00 -2.7047e+00 -4.1926e+00 +6.8368e-01 -2.4716e+00
407 0 +1.142986979e+05 +1.143553079e+05 +1.143553079e+05 -3.2265e+00 -2.9548e+00 -3.8289e+00 +1.2179e+00 -2.1379e+00
469 0 +5.125346676e+04 +5.131007676e+04 +5.131007676e+04 -3.1661e+00 -3.1100e+00 -3.6743e+00 +1.0335e+00 -2.3909e+00
472 0 +2.026743365e+04 +2.032404365e+04 +2.032404365e+04 -3.3641e+00 -2.9974e+00 -3.8064e+00 +9.1828e-01 -2.5746e+00
507 0 +1.805715889e+04 +1.811376889e+04 +1.811376889e+04 -3.4020e+00 -3.0028e+00 -3.7576e+00 +9.0145e-01 -2.3952e+00
623 0 +1.509252726e+04 +1.514913726e+04 +1.514913726e+04 -3.4928e+00 -3.0560e+00 -3.8584e+00 +9.0416e-01 -2.4497e+00
670 0 +1.456127380e+04 +1.461788380e+04 +1.461788380e+04 -3.4196e+00 -2.9628e+00 -3.8232e+00 +8.7960e-01 -2.3813e+00
671 0 +8.907032660e+03 +8.963642660e+03 +8.963642660e+03 -3.5026e+00 -2.9317e+00 -3.8279e+00 +8.9157e-01 -2.4515e+00
707 0 +7.290419754e+03 +7.347029754e+03 +7.347029754e+03 -3.4578e+00 -2.9697e+00 -3.8457e+00 +8.8253e-01 -2.5117e+00
753 0 +3.932221983e+03 +3.988831983e+03 +3.988831983e+03 -3.4020e+00 -2.9154e+00 -3.8907e+00 +8.9959e-01 -2.5224e+00
806 0 +2.636026473e+03 +2.692636473e+03 +2.692636473e+03 -3.4514e+00 -2.8942e+00 -3.8539e+00 +8.9967e-01 -2.4884e+00
860 0 +1.931435990e+03 +1.988045990e+03 +1.988045990e+03 -3.4407e+00 -2.8670e+00 -3.8988e+00 +9.1858e-01 -2.4835e+00
869 0 +1.582956240e+03 +1.639566240e+03 +1.639566240e+03 -3.4240e+00 -2.9149e+00 -3.8625e+00 +9.1923e-01 -2.4880e+00
870 0 +1.048730885e+03 +1.105340885e+03 +1.105340885e+03 -3.4676e+00 -2.8919e+00 -3.9046e+00 +9.0352e-01 -2.5253e+00
923 0 +1.029682484e+03 +1.086292484e+03 +1.086292484e+03 -3.4460e+00 -2.8713e+00 -3.8712e+00 +9.1629e-01 -2.5073e+00
957 0 +5.615606176e+02 +6.181706176e+02 +6.181706176e+02 -3.4875e+00 -2.8607e+00 -3.9036e+00 +9.1925e-01 -2.5170e+00
968 0 +2.660766804e+02 +3.226866804e+02 +3.226866804e+02 -3.4653e+00 -2.8800e+00 -3.8942e+00 +9.3482e-01 -2.5047e+00
1037 0 +1.136213588e+02 +1.702313588e+02 +1.702313588e+02 -3.4517e+00 -2.8711e+00 -3.8878e+00 +9.3771e-01 -2.5215e+00
1172 0 +9.414681301e+01 +1.507568130e+02 +1.507568130e+02 -3.4534e+00 -2.8719e+00 -3.8869e+00 +9.3808e-01 -2.5246e+00
1178 0 +5.888870609e+01 +1.154987061e+02 +1.154987061e+02 -3.4621e+00 -2.8745e+00 -3.8862e+00 +9.2790e-01 -2.5220e+00
1216 0 +3.192855896e+01 +8.853855896e+01 +8.853855896e+01 -3.4601e+00 -2.8754e+00 -3.8881e+00 +9.3278e-01 -2.5206e+00
1258 0 +2.880334784e+01 +8.541334784e+01 +8.541334784e+01 -3.4586e+00 -2.8765e+00 -3.8931e+00 +9.3223e-01 -2.5170e+00
1278 0 +2.072097463e+01 +7.733097463e+01 +7.733097463e+01 -3.4600e+00 -2.8760e+00 -3.8911e+00 +9.3422e-01 -2.5193e+00
1337 0 +6.507895279e+00 +6.311789528e+01 +6.311789528e+01 -3.4566e+00 -2.8759e+00 -3.8946e+00 +9.3450e-01 -2.5230e+00
1506 0 +5.917276075e+00 +6.252727607e+01 +6.252727607e+01 -3.4611e+00 -2.8769e+00 -3.8950e+00 +9.3148e-01 -2.5239e+00
1508 0 +5.205778552e+00 +6.181577855e+01 +6.181577855e+01 -3.4569e+00 -2.8761e+00 -3.8948e+00 +9.3422e-01 -2.5224e+00
1524 0 +1.754454206e+00 +5.836445421e+01 +5.836445421e+01 -3.4584e+00 -2.8762e+00 -3.8932e+00 +9.3355e-01 -2.5233e+00
1607 0 +1.441210460e+00 +5.805121046e+01 +5.805121046e+01 -3.4599e+00 -2.8756e+00 -3.8928e+00 +9.3291e-01 -2.5237e+00
1608 0 +1.392670455e+00 +5.800267046e+01 +5.800267046e+01 -3.4591e+00 -2.8762e+00 -3.8936e+00 +9.3263e-01 -2.5237e+00
1624 0 +1.241788920e+00 +5.785178892e+01 +5.785178892e+01 -3.4591e+00 -2.8761e+00 -3.8932e+00 +9.3329e-01 -2.5229e+00
1707 0 +9.108644508e-01 +5.752086445e+01 +5.752086445e+01 -3.4593e+00 -2.8759e+00 -3.8936e+00 +9.3342e-01 -2.5236e+00
1774 0 +7.913669869e-01 +5.740136699e+01 +5.740136699e+01 -3.4593e+00 -2.8759e+00 -3.8937e+00 +9.3329e-01 -2.5234e+00
1837 0 +7.581146884e-01 +5.736811469e+01 +5.736811469e+01 -3.4594e+00 -2.8758e+00 -3.8940e+00 +9.3334e-01 -2.5235e+00
1907 0 +7.238324862e-01 +5.733383249e+01 +5.733383249e+01 -3.4596e+00 -2.8758e+00 -3.8940e+00 +9.3324e-01 -2.5236e+00
1979 0 +7.018299697e-01 +5.731182997e+01 +5.731182997e+01 -3.4596e+00 -2.8758e+00 -3.8938e+00 +9.3317e-01 -2.5236e+00
2157 0 +6.894640465e-01 +5.729946405e+01 +5.729946405e+01 -3.4597e+00 -2.8758e+00 -3.8939e+00 +9.3314e-01 -2.5236e+00
20051 0 +6.766366750e-01 +5.728663668e+01 +5.728663668e+01 -3.4627e+00 -2.8712e+00 -3.8938e+00 +9.3128e-01 -2.5266e+00
% f evaluations | g evaluations | best noise-free fitness - Fopt (-1.810000000000e+01) + sum g_i+ | measured fitness | best measured fitness or single-digit g-values | x1 | x2...
1 0 +7.990806061e+07 +7.990804251e+07 +7.990804251e+07 -4.4854e+00 -1.7818e+00 +2.7769e+00 -4.3996e+00 +1.0540e+00
4 0 +2.659893418e+07 +2.659891608e+07 +2.659891608e+07 -4.9555e+00 -9.3329e-01 +3.3135e+00 -2.3398e-01 +2.8936e+00
8 0 +2.129269589e+07 +2.129267779e+07 +2.129267779e+07 -3.4353e+00 -2.0768e+00 +4.4702e+00 +1.9319e+00 -2.1437e-01
19 0 +1.337244639e+07 +1.337242829e+07 +1.337242829e+07 -3.0908e+00 +1.5651e+00 +4.0305e+00 +1.0851e+00 -1.9084e+00
36 0 +9.707335484e+06 +9.707317384e+06 +9.707317384e+06 +1.1319e-01 +3.0999e+00 +1.5222e+00 +2.8174e+00 +9.4773e-01
95 0 +5.294481240e+06 +5.294463140e+06 +5.294463140e+06 +3.6028e-01 +2.3615e+00 +2.4800e+00 +3.3274e+00 +8.6150e-01
108 0 +1.732404802e+06 +1.732386702e+06 +1.732386702e+06 -7.9282e-01 -5.7064e-01 +2.5333e+00 +4.0867e+00 +2.0170e+00
174 0 +4.647552147e+05 +4.647371147e+05 +4.647371147e+05 -1.1547e+00 +9.5669e-01 +2.5030e+00 +3.5762e+00 +1.9795e+00
283 0 +4.262405143e+05 +4.262224143e+05 +4.262224143e+05 -1.2740e+00 +4.3048e-01 +2.9417e+00 +3.5146e+00 +2.1895e+00
298 0 +2.217180306e+05 +2.216999306e+05 +2.216999306e+05 -2.9209e-01 +7.7513e-01 +2.7520e+00 +3.6697e+00 +1.7055e+00
327 0 +1.214739215e+04 +1.212929215e+04 +1.212929215e+04 -3.9800e-01 +5.3338e-01 +2.4156e+00 +3.6349e+00 +2.1465e+00
460 0 +5.372075009e+03 +5.353975009e+03 +5.353975009e+03 -4.4191e-01 +5.3528e-01 +2.4410e+00 +3.6680e+00 +2.1710e+00
560 0 +4.445090481e+03 +4.426990481e+03 +4.426990481e+03 -4.7525e-01 +5.5164e-01 +2.4286e+00 +3.6960e+00 +2.1822e+00
577 0 +3.645201543e+03 +3.627101543e+03 +3.627101543e+03 -4.4457e-01 +5.2840e-01 +2.4153e+00 +3.7256e+00 +2.1917e+00
608 0 +2.290979125e+03 +2.272879125e+03 +2.272879125e+03 -4.4139e-01 +6.3076e-01 +2.4473e+00 +3.7328e+00 +2.2138e+00
677 0 +1.019030701e+03 +1.000930701e+03 +1.000930701e+03 -4.3368e-01 +5.7194e-01 +2.4432e+00 +3.7363e+00 +2.2130e+00
729 0 +9.913598597e+02 +9.732598597e+02 +9.732598597e+02 -4.2824e-01 +5.9810e-01 +2.3918e+00 +3.7367e+00 +2.2054e+00
758 0 +6.709538038e+02 +6.528538038e+02 +6.528538038e+02 -4.3157e-01 +5.8643e-01 +2.3995e+00 +3.7357e+00 +2.2024e+00
777 0 +2.787721553e+02 +2.606721553e+02 +2.606721553e+02 -4.2447e-01 +5.8294e-01 +2.4318e+00 +3.7375e+00 +2.2037e+00
808 0 +2.732804905e+02 +2.551804905e+02 +2.551804905e+02 -4.2232e-01 +5.7557e-01 +2.4114e+00 +3.7392e+00 +2.2023e+00
812 0 +2.000143191e+02 +1.819143191e+02 +1.819143191e+02 -4.2251e-01 +5.9121e-01 +2.4145e+00 +3.7307e+00 +2.1852e+00
827 0 +1.213499866e+02 +1.032499866e+02 +1.032499866e+02 -4.2078e-01 +5.8734e-01 +2.4273e+00 +3.7379e+00 +2.2000e+00
877 0 +8.791079661e+01 +6.981079661e+01 +6.981079661e+01 -4.1931e-01 +5.8911e-01 +2.4255e+00 +3.7381e+00 +2.1985e+00
879 0 +1.237427537e+01 -5.725724633e+00 -5.725724633e+00 -4.1779e-01 +5.8585e-01 +2.4208e+00 +3.7386e+00 +2.1887e+00
962 0 +8.020463653e+00 -1.007953635e+01 -1.007953635e+01 -4.1317e-01 +5.8395e-01 +2.4242e+00 +3.7355e+00 +2.1901e+00
1012 0 +7.664016097e+00 -1.043598390e+01 -1.043598390e+01 -4.1261e-01 +5.8584e-01 +2.4243e+00 +3.7362e+00 +2.1897e+00
1029 0 +6.888115193e+00 -1.121188481e+01 -1.121188481e+01 -4.1694e-01 +5.8423e-01 +2.4265e+00 +3.7335e+00 +2.1875e+00
1062 0 +5.613750518e+00 -1.248624948e+01 -1.248624948e+01 -4.1713e-01 +5.8613e-01 +2.4280e+00 +3.7316e+00 +2.1866e+00
1108 0 +1.424190990e+00 -1.667580901e+01 -1.667580901e+01 -4.2045e-01 +5.8828e-01 +2.4337e+00 +3.7296e+00 +2.1862e+00
1208 0 +1.313768018e+00 -1.678623198e+01 -1.678623198e+01 -4.2165e-01 +5.8909e-01 +2.4364e+00 +3.7285e+00 +2.1861e+00
1312 0 +1.268103768e+00 -1.683189623e+01 -1.683189623e+01 -4.2185e-01 +5.8917e-01 +2.4368e+00 +3.7283e+00 +2.1863e+00
1343 0 +1.058551871e+00 -1.704144813e+01 -1.704144813e+01 -4.2325e-01 +5.8950e-01 +2.4411e+00 +3.7245e+00 +2.1850e+00
1414 0 +7.088528882e-01 -1.739114711e+01 -1.739114711e+01 -4.2401e-01 +5.8996e-01 +2.4428e+00 +3.7235e+00 +2.1855e+00
1548 0 +6.315533742e-01 -1.746844663e+01 -1.746844663e+01 -4.2409e-01 +5.9019e-01 +2.4431e+00 +3.7237e+00 +2.1851e+00
1610 0 +4.937925449e-01 -1.760620746e+01 -1.760620746e+01 -4.2395e-01 +5.9031e-01 +2.4428e+00 +3.7237e+00 +2.1850e+00
1664 0 +4.398761845e-01 -1.766012382e+01 -1.766012382e+01 -4.2407e-01 +5.9069e-01 +2.4429e+00 +3.7238e+00 +2.1851e+00
1736 0 +3.134260980e-01 -1.778657390e+01 -1.778657390e+01 -4.2391e-01 +5.9064e-01 +2.4426e+00 +3.7236e+00 +2.1851e+00
1772 0 +3.018358691e-01 -1.779816413e+01 -1.779816413e+01 -4.2398e-01 +5.9064e-01 +2.4423e+00 +3.7238e+00 +2.1853e+00
1836 0 +2.937034788e-01 -1.780629652e+01 -1.780629652e+01 -4.2401e-01 +5.9068e-01 +2.4424e+00 +3.7236e+00 +2.1853e+00
1857 0 +2.596145813e-01 -1.784038542e+01 -1.784038542e+01 -4.2380e-01 +5.9057e-01 +2.4426e+00 +3.7236e+00 +2.1854e+00
2090 0 +2.537335023e-01 -1.784626650e+01 -1.784626650e+01 -4.2381e-01 +5.9056e-01 +2.4425e+00 +3.7237e+00 +2.1854e+00
2123 0 +2.474746253e-01 -1.785252537e+01 -1.785252537e+01 -4.2385e-01 +5.9055e-01 +2.4423e+00 +3.7237e+00 +2.1855e+00
2180 0 +2.437417236e-01 -1.785625828e+01 -1.785625828e+01 -4.2384e-01 +5.9056e-01 +2.4424e+00 +3.7237e+00 +2.1854e+00
20051 0 +2.422909256e-01 -1.785770907e+01 -1.785770907e+01 -4.2418e-01 +5.9076e-01 +2.4432e+00 +3.7231e+00 +2.1853e+00
% f evaluations | g evaluations | best noise-free fitness - Fopt (3.777000000000e+01) + sum g_i+ | measured fitness | best measured fitness or single-digit g-values | x1 | x2...
1 0 +2.674327564e+07 +2.674331341e+07 +2.674331341e+07 -3.1087e+00 +1.1088e+00 +1.2248e+00 -1.7370e+00 -3.4395e+00
4 0 +1.089780342e+07 +1.089784119e+07 +1.089784119e+07 -8.7615e-01 +1.8449e+00 +3.2271e+00 -4.4837e+00 +1.5168e+00
14 0 +8.019700699e+06 +8.019738469e+06 +8.019738469e+06 -1.5210e-01 +2.5434e+00 +1.7915e+00 -4.2935e+00 -1.1039e+00
45 0 +5.847019144e+06 +5.847056914e+06 +5.847056914e+06 +4.7862e-01 +2.2270e+00 +4.4090e-01 +1.9628e+00 +1.9042e+00
64 0 +1.742770955e+06 +1.742808725e+06 +1.742808725e+06 -1.0555e+00 +2.0830e+00 -7.9580e-01 +2.4011e+00 +1.6879e+00
134 0 +1.567159168e+06 +1.567196938e+06 +1.567196938e+06 -1.5031e+00 +2.1951e+00 -2.3919e-01 +1.5931e+00 +3.1845e+00
145 0 +8.751060016e+05 +8.751437716e+05 +8.751437716e+05 -1.0027e+00 +2.6984e+00 -3.8351e-01 +1.8271e+00 +1.9960e+00
184 0 +7.028540924e+05 +7.028918624e+05 +7.028918624e+05 -2.3268e+00 +2.3549e+00 -1.0121e+00 +1.8219e+00 +1.4077e+00
195 0 +5.002350394e+05 +5.002728094e+05 +5.002728094e+05 -1.5952e+00 +2.8870e+00 -7.1327e-01 +1.7729e+00 +2.0327e+00
203 0 +1.433431303e+05 +1.433809003e+05 +1.433809003e+05 -2.3888e+00 +2.4665e+00 -9.5333e-01 +2.0843e+00 +2.5309e+00
402 0 +8.417292891e+04 +8.421069891e+04 +8.421069891e+04 -2.0522e+00 +2.5696e+00 -8.5032e-01 +2.1576e+00 +2.3703e+00
462 0 +4.589875372e+04 +4.593652372e+04 +4.593652372e+04 -2.2686e+00 +2.6092e+00 -9.7935e-01 +2.1577e+00 +2.4196e+00
499 0 +3.857009406e+04 +3.860786406e+04 +3.860786406e+04 -2.0516e+00 +2.5483e+00 -7.9821e-01 +2.0022e+00 +2.1136e+00
568 0 +2.356360673e+04 +2.360137673e+04 +2.360137673e+04 -2.0006e+00 +2.3605e+00 -7.5946e-01 +1.7372e+00 +1.9080e+00
702 0 +1.851477264e+04 +1.855254264e+04 +1.855254264e+04 -1.9780e+00 +2.3618e+00 -7.5201e-01 +1.7876e+00 +1.9293e+00
747 0 +1.237241941e+04 +1.241018941e+04 +1.241018941e+04 -1.9265e+00 +2.2969e+00 -7.7459e-01 +1.6707e+00 +1.9613e+00
768 0 +5.732753791e+03 +5.770523791e+03 +5.770523791e+03 -1.9703e+00 +2.3448e+00 -7.8810e-01 +1.7331e+00 +1.9940e+00
818 0 +4.164233740e+03 +4.202003740e+03 +4.202003740e+03 -1.9582e+00 +2.3385e+00 -7.9956e-01 +1.7315e+00 +2.0284e+00
852 0 +2.346171499e+03 +2.383941499e+03 +2.383941499e+03 -1.9682e+00 +2.3532e+00 -8.0172e-01 +1.7455e+00 +2.0517e+00
902 0 +1.100628096e+03 +1.138398096e+03 +1.138398096e+03 -1.9740e+00 +2.3712e+00 -8.0094e-01 +1.7610e+00 +2.0655e+00
937 0 +4.700039192e+02 +5.077739192e+02 +5.077739192e+02 -1.9789e+00 +2.3734e+00 -7.9678e-01 +1.8024e+00 +2.0905e+00
990 0 +4.043405199e+02 +4.421105199e+02 +4.421105199e+02 -1.9877e+00 +2.3878e+00 -8.2384e-01 +1.8104e+00 +2.0777e+00
1100 0 +2.287638177e+02 +2.665338177e+02 +2.665338177e+02 -2.0059e+00 +2.3976e+00 -8.1118e-01 +1.8064e+00 +2.0844e+00
1120 0 +2.071320816e+02 +2.449020816e+02 +2.449020816e+02 -2.0055e+00 +2.3901e+00 -8.1218e-01 +1.8188e+00 +2.0997e+00
1150 0 +7.102622467e+01 +1.087962247e+02 +1.087962247e+02 -2.0016e+00 +2.3938e+00 -8.1577e-01 +1.8105e+00 +2.0851e+00
1200 0 +5.557993567e+01 +9.334993567e+01 +9.334993567e+01 -1.9999e+00 +2.3922e+00 -8.1760e-01 +1.8122e+00 +2.0854e+00
1215 0 +5.112256341e+01 +8.889256341e+01 +8.889256341e+01 -2.0082e+00 +2.3941e+00 -8.2514e-01 +1.8289e+00 +2.0959e+00
1320 0 +2.285039291e+01 +6.062039291e+01 +6.062039291e+01 -2.0093e+00 +2.3983e+00 -8.2186e-01 +1.8278e+00 +2.0932e+00
1420 0 +2.214202980e+01 +5.991202980e+01 +5.991202980e+01 -2.0094e+00 +2.3986e+00 -8.2297e-01 +1.8284e+00 +2.0922e+00
1455 0 +1.498813912e+01 +5.275813912e+01 +5.275813912e+01 -2.0064e+00 +2.3990e+00 -8.2209e-01 +1.8265e+00 +2.0906e+00
1465 0 +1.213456561e+01 +4.990456561e+01 +4.990456561e+01 -2.0097e+00 +2.3985e+00 -8.2480e-01 +1.8283e+00 +2.0942e+00
1540 0 +9.942751310e+00 +4.771275131e+01 +4.771275131e+01 -2.0097e+00 +2.3993e+00 -8.2569e-01 +1.8280e+00 +2.0942e+00
1583 0 +8.140211364e+00 +4.591021136e+01 +4.591021136e+01 -2.0100e+00 +2.4010e+00 -8.2634e-01 +1.8306e+00 +2.0955e+00
1690 0 +7.271657857e+00 +4.504165786e+01 +4.504165786e+01 -2.0101e+00 +2.4001e+00 -8.2661e-01 +1.8313e+00 +2.0964e+00
1716 0 +7.104934818e+00 +4.487493482e+01 +4.487493482e+01 -2.0103e+00 +2.4000e+00 -8.2710e-01 +1.8315e+00 +2.0961e+00
1766 0 +6.548635908e+00 +4.431863591e+01 +4.431863591e+01 -2.0100e+00 +2.4004e+00 -8.2696e-01 +1.8311e+00 +2.0969e+00
1875 0 +6.447474532e+00 +4.421747453e+01 +4.421747453e+01 -2.0093e+00 +2.4000e+00 -8.2661e-01 +1.8308e+00 +2.0953e+00
2111 0 +5.889495049e+00 +4.365949505e+01 +4.365949505e+01 -2.0097e+00 +2.4000e+00 -8.2719e-01 +1.8308e+00 +2.0959e+00
2139 0 +5.855368849e+00 +4.362536885e+01 +4.362536885e+01 -2.0090e+00 +2.3998e+00 -8.2669e-01 +1.8303e+00 +2.0959e+00
2331 0 +5.753992345e+00 +4.352399234e+01 +4.352399234e+01 -2.0088e+00 +2.3997e+00 -8.2632e-01 +1.8298e+00 +2.0955e+00
20051 0 +5.726378335e+00 +4.349637834e+01 +4.349637834e+01 -2.0067e+00 +2.3985e+00 -8.2354e-01 +1.8271e+00 +2.0938e+00
% f evaluations | g evaluations | best noise-free fitness - Fopt (-6.211100000000e+02) + sum g_i+ | measured fitness | best measured fitness or single-digit g-values | x1 | x2...
1 0 +6.325063625e+07 +6.325001514e+07 +6.325001514e+07 +3.4543e+00 -3.9932e-01 +3.3091e+00 -2.7051e+00 -2.5369e+00
8 0 +4.237825205e+07 +4.237763094e+07 +4.237763094e+07 -2.7969e+00 -6.4774e-01 -4.6502e+00 -1.8743e+00 +6.3207e-01
22 0 +2.000778823e+07 +2.000716712e+07 +2.000716712e+07 +6.0235e-01 +4.1256e+00 -7.6107e-01 -1.5968e+00 +2.8973e+00
40 0 +1.081012057e+06 +1.080390947e+06 +1.080390947e+06 +3.0924e-02 +2.8667e+00 +3.9726e+00 -4.6524e+00 +9.2045e-01
241 0 +1.018702353e+06 +1.018081243e+06 +1.018081243e+06 -2.8740e-01 +3.0166e+00 +3.8932e+00 -4.3917e+00 +1.0172e+00
246 0 +6.744519724e+05 +6.738308624e+05 +6.738308624e+05 +1.4043e-01 +3.1257e+00 +4.0862e+00 -4.9046e+00 +9.7334e-01
390 0 +6.490016908e+05 +6.483805808e+05 +6.483805808e+05 +1.5786e-01 +3.1759e+00 +4.1126e+00 -4.9226e+00 +9.8114e-01
436 0 +6.080884153e+05 +6.074673053e+05 +6.074673053e+05 +1.3833e-01 +3.2697e+00 +4.0644e+00 -4.9168e+00 +1.4631e+00
440 0 +5.849212188e+05 +5.843001088e+05 +5.843001088e+05 +1.6044e-01 +3.3009e+00 +4.1154e+00 -4.9202e+00 +9.9567e-01
484 0 +5.126399036e+05 +5.120187936e+05 +5.120187936e+05 +1.0126e-01 +3.2153e+00 +4.0611e+00 -4.9329e+00 +1.0397e+00
503 0 +3.135654844e+05 +3.129443744e+05 +3.129443744e+05 -1.5129e-01 +3.2018e+00 +3.8391e+00 -4.9532e+00 +9.0892e-01
552 0 +3.440668873e+04 +3.378557873e+04 +3.378557873e+04 -4.0024e-01 +3.6168e+00 +3.7395e+00 -4.9116e+00 +1.2851e+00
648 0 +2.953030883e+04 +2.890919883e+04 +2.890919883e+04 -5.1165e-01 +3.6328e+00 +3.1806e+00 -4.9372e+00 +1.0008e+00
852 0 +2.764413465e+04 +2.702302465e+04 +2.702302465e+04 -5.4580e-01 +3.6463e+00 +3.5305e+00 -4.9441e+00 +1.0864e+00
866 0 +2.311730173e+04 +2.249619173e+04 +2.249619173e+04 -4.9428e-01 +3.4978e+00 +3.3984e+00 -4.9044e+00 +1.0060e+00
886 0 +1.244425833e+04 +1.182314833e+04 +1.182314833e+04 -5.0639e-01 +3.6135e+00 +3.3247e+00 -4.9370e+00 +1.0657e+00
948 0 +6.361581896e+03 +5.740471896e+03 +5.740471896e+03 -5.0602e-01 +3.5956e+00 +3.4462e+00 -4.9370e+00 +1.1128e+00
998 0 +5.543043616e+03 +4.921933616e+03 +4.921933616e+03 -5.0377e-01 +3.5807e+00 +3.5524e+00 -4.9369e+00 +1.1576e+00
1040 0 +4.007317473e+03 +3.386207473e+03 +3.386207473e+03 -4.4640e-01 +3.5669e+00 +3.6385e+00 -4.9488e+00 +1.1770e+00
1059 0 +1.518222206e+03 +8.971122065e+02 +8.971122065e+02 -4.8751e-01 +3.6020e+00 +3.4608e+00 -4.9264e+00 +1.1671e+00
1218 0 +9.454874041e+02 +3.243774041e+02 +3.243774041e+02 -4.8878e-01 +3.5650e+00 +3.4183e+00 -4.9279e+00 +1.1581e+00
1245 0 +8.661838971e+02 +2.450738971e+02 +2.450738971e+02 -4.8400e-01 +3.6013e+00 +3.3837e+00 -4.9066e+00 +1.1394e+00
1268 0 +4.413596076e+02 -1.797503924e+02 -1.797503924e+02 -4.6954e-01 +3.5603e+00 +3.4235e+00 -4.9285e+00 +1.1492e+00
1512 0 +2.920565167e+02 -3.290534833e+02 -3.290534833e+02 -4.5901e-01 +3.5655e+00 +3.4641e+00 -4.9329e+00 +1.1503e+00
1522 0 +2.147366346e+02 -4.063733654e+02 -4.063733654e+02 -4.6973e-01 +3.5708e+00 +3.4392e+00 -4.9268e+00 +1.1660e+00
1533 0 +8.884063034e+01 -5.322693697e+02 -5.322693697e+02 -4.6811e-01 +3.5683e+00 +3.4268e+00 -4.9212e+00 +1.1505e+00
1597 0 +6.620724838e+01 -5.549027516e+02 -5.549027516e+02 -4.7151e-01 +3.5768e+00 +3.4291e+00 -4.9200e+00 +1.1527e+00
1718 0 +5.590365049e+01 -5.652063495e+02 -5.652063495e+02 -4.7306e-01 +3.5750e+00 +3.4291e+00 -4.9194e+00 +1.1529e+00
1721 0 +5.308239670e+01 -5.680276033e+02 -5.680276033e+02 -4.6779e-01 +3.5753e+00 +3.4372e+00 -4.9195e+00 +1.1520e+00
1766 0 +4.863115291e+01 -5.724788471e+02 -5.724788471e+02 -4.6847e-01 +3.5728e+00 +3.4404e+00 -4.9231e+00 +1.1574e+00
1768 0 +3.035500020e+01 -5.907549998e+02 -5.907549998e+02 -4.7061e-01 +3.5742e+00 +3.4352e+00 -4.9208e+00 +1.1523e+00
1818 0 +2.684676889e+01 -5.942632311e+02 -5.942632311e+02 -4.6962e-01 +3.5739e+00 +3.4377e+00 -4.9214e+00 +1.1521e+00
1922 0 +2.542424510e+01 -5.956857549e+02 -5.956857549e+02 -4.6989e-01 +3.5708e+00 +3.4385e+00 -4.9212e+00 +1.1512e+00
1946 0 +2.461206289e+01 -5.964979371e+02 -5.964979371e+02 -4.6937e-01 +3.5718e+00 +3.4392e+00 -4.9223e+00 +1.1525e+00
1968 0 +2.417752066e+01 -5.969324793e+02 -5.969324793e+02 -4.6901e-01 +3.5718e+00 +3.4398e+00 -4.9217e+00 +1.1527e+00
2028 0 +2.340311267e+01 -5.977068873e+02 -5.977068873e+02 -4.6964e-01 +3.5715e+00 +3.4404e+00 -4.9213e+00 +1.1523e+00
2128 0 +2.258969570e+01 -5.985203043e+02 -5.985203043e+02 -4.6995e-01 +3.5719e+00 +3.4402e+00 -4.9215e+00 +1.1522e+00
5915 0 +2.238162366e+01 -5.987283763e+02 -5.987283763e+02 -4.7267e-01 +3.5726e+00 +3.4278e+00 -4.9172e+00 +1.1469e+00
20051 0 +2.214038389e+01 -5.989696161e+02 -5.989696161e+02 -4.7741e-01 +3.5736e+00 +3.4080e+00 -4.9100e+00 +1.1386e+00
% f evaluations | g evaluations | best noise-free fitness - Fopt (-2.548200000000e+02) + sum g_i+ | measured fitness | best measured fitness or single-digit g-values | x1 | x2...
1 0 +4.901761427e+07 +4.901735945e+07 +4.901735945e+07 +1.4574e+00 +4.1364e-01 -2.8526e+00 -2.9662e+00 +5.0686e-01
16 0 +2.474316301e+07 +2.474290819e+07 +2.474290819e+07 -2.1231e+00 +4.1702e+00 +1.0742e+00 -7.3662e-01 -3.4303e+00
44 0 +2.128875259e+07 +2.128849777e+07 +2.128849777e+07 +1.8088e+00 +2.6013e+00 -4.0775e+00 -5.5050e-01 -4.9506e+00
51 0 +7.087686746e+06 +7.087431926e+06 +7.087431926e+06 +1.3397e+00 +4.9451e+00 +3.2168e-01 +1.9843e+00 -4.7649e+00
56 0 +4.464708239e+06 +4.464453419e+06 +4.464453419e+06 +1.2186e+00 +3.9312e+00 +4.2274e-01 +1.3433e+00 -3.4962e+00
92 0 +2.731048413e+06 +2.730793593e+06 +2.730793593e+06 +1.7425e+00 +2.3299e+00 +2.0911e+00 +2.0220e-01 -4.5858e+00
131 0 +2.040506821e+06 +2.040252001e+06 +2.040252001e+06 +3.0961e+00 +4.4795e+00 +1.7701e-02 +4.9867e-01 -3.0462e+00
164 0 +8.716778563e+05 +8.714230363e+05 +8.714230363e+05 +3.0421e+00 +2.5217e+00 -1.0570e-02 -2.2860e-01 -3.1682e+00
227 0 +8.373556868e+05 +8.371008668e+05 +8.371008668e+05 +2.4356e+00 +2.8235e+00 +6.6136e-01 -7.0873e-01 -4.4051e+00
230 0 +2.621933134e+05 +2.619384934e+05 +2.619384934e+05 +2.7379e+00 +3.5503e+00 +2.7725e-01 -6.2195e-01 -3.2012e+00
276 0 +1.990348364e+05 +1.987800164e+05 +1.987800164e+05 +4.0364e+00 +3.9327e+00 -5.2739e-02 -7.1788e-01 -2.7463e+00
371 0 +1.314935890e+05 +1.312387690e+05 +1.312387690e+05 +4.0263e+00 +3.8731e+00 -9.6110e-02 -9.6426e-01 -2.7272e+00
422 0 +1.188261370e+05 +1.185713170e+05 +1.185713170e+05 +3.9649e+00 +3.7860e+00 -2.2826e-01 -1.2360e+00 -2.5837e+00
454 0 +7.216802304e+04 +7.191320304e+04 +7.191320304e+04 +3.8634e+00 +3.8544e+00 -3.3706e-01 -1.3597e+00 -2.0815e+00
517 0 +2.345242602e+04 +2.319760602e+04 +2.319760602e+04 +4.3801e+00 +4.1231e+00 -4.5736e-01 -1.5740e+00 -1.4757e+00
637 0 +2.114676605e+04 +2.089194605e+04 +2.089194605e+04 +4.4784e+00 +4.0677e+00 -4.6380e-01 -1.4220e+00 -1.4182e+00
699 0 +6.063152009e+03 +5.808332009e+03 +5.808332009e+03 +4.6847e+00 +4.1538e+00 -4.4139e-01 -1.6757e+00 -1.2276e+00
794 0 +4.822967525e+03 +4.568147525e+03 +4.568147525e+03 +4.6606e+00 +4.1829e+00 -3.4256e-01 -1.6500e+00 -1.2244e+00
849 0 +1.376644865e+03 +1.121824865e+03 +1.121824865e+03 +4.6927e+00 +4.1609e+00 -3.5545e-01 -1.6381e+00 -1.1980e+00
994 0 +1.125240782e+03 +8.704207819e+02 +8.704207819e+02 +4.6892e+00 +4.1680e+00 -3.5622e-01 -1.6307e+00 -1.1771e+00
1044 0 +1.097302093e+03 +8.424820928e+02 +8.424820928e+02 +4.6845e+00 +4.1745e+00 -3.5747e-01 -1.6301e+00 -1.1845e+00
1053 0 +3.628373237e+02 +1.080173237e+02 +1.080173237e+02 +4.6658e+00 +4.1796e+00 -3.9312e-01 -1.6389e+00 -1.1679e+00
1103 0 +2.325799806e+02 -2.224001944e+01 -2.224001944e+01 +4.6905e+00 +4.1897e+00 -4.0370e-01 -1.6516e+00 -1.1594e+00
1113 0 +2.242744980e+02 -3.054550203e+01 -3.054550203e+01 +4.6797e+00 +4.1804e+00 -3.9104e-01 -1.6354e+00 -1.1579e+00
1153 0 +4.050519400e+01 -2.143148060e+02 -2.143148060e+02 +4.6941e+00 +4.1756e+00 -3.9032e-01 -1.6541e+00 -1.1541e+00
1319 0 +3.785682823e+01 -2.169631718e+02 -2.169631718e+02 +4.6851e+00 +4.1751e+00 -3.9432e-01 -1.6430e+00 -1.1752e+00
1363 0 +1.640384992e+01 -2.384161501e+02 -2.384161501e+02 +4.6904e+00 +4.1742e+00 -3.9099e-01 -1.6468e+00 -1.1637e+00
1589 0 +1.035481017e+01 -2.444651898e+02 -2.444651898e+02 +4.6925e+00 +4.1777e+00 -3.8935e-01 -1.6457e+00 -1.1643e+00
1656 0 +9.480839388e+00 -2.453391606e+02 -2.453391606e+02 +4.6891e+00 +4.1746e+00 -3.8909e-01 -1.6441e+00 -1.1697e+00
1706 0 +5.105416277e+00 -2.497145837e+02 -2.497145837e+02 +4.6862e+00 +4.1748e+00 -3.8839e-01 -1.6426e+00 -1.1702e+00
1753 0 +4.246005231e+00 -2.505739948e+02 -2.505739948e+02 +4.6818e+00 +4.1734e+00 -3.8889e-01 -1.6397e+00 -1.1773e+00
2047 0 +3.818093073e+00 -2.510019069e+02 -2.510019069e+02 +4.6821e+00 +4.1725e+00 -3.8879e-01 -1.6406e+00 -1.1761e+00
2184 0 +3.790040062e+00 -2.510299599e+02 -2.510299599e+02 +4.6822e+00 +4.1725e+00 -3.8876e-01 -1.6405e+00 -1.1762e+00
2244 0 +3.700972694e+00 -2.511190273e+02 -2.511190273e+02 +4.6815e+00 +4.1725e+00 -3.8884e-01 -1.6394e+00 -1.1769e+00
2334 0 +3.626267015e+00 -2.511937330e+02 -2.511937330e+02 +4.6814e+00 +4.1726e+00 -3.8879e-01 -1.6399e+00 -1.1769e+00
2653 0 +3.546718988e+00 -2.512732810e+02 -2.512732810e+02 +4.6815e+00 +4.1727e+00 -3.8883e-01 -1.6397e+00 -1.1770e+00
20051 0 +3.491561160e+00 -2.513284388e+02 -2.513284388e+02 +4.6803e+00 +4.1718e+00 -3.8844e-01 -1.6387e+00 -1.1791e+00
% f evaluations | g evaluations | best noise-free fitness - Fopt (5.661000000000e+01) + sum g_i+ | measured fitness | best measured fitness or single-digit g-values | x1 | x2...
1 0 +1.185640821e+08 +1.185641387e+08 +1.185641387e+08 +4.9325e+00 -4.4530e+00 -4.3847e+00 -1.3076e+00 -3.0865e+00
2 0 +5.024079985e+07 +5.024085646e+07 +5.024085646e+07 -2.6690e+00 +1.4312e+00 +7.3051e-01 +1.0306e+00 -2.9537e+00
3 0 +3.477356023e+07 +3.477361684e+07 +3.477361684e+07 +1.8714e+00 -4.9907e+00 -1.9355e+00 +2.8125e-01 +3.0528e+00
12 0 +2.897560425e+07 +2.897566086e+07 +2.897566086e+07 -3.4316e+00 +1.3277e+00 -3.6276e+00 +2.8367e+00 -2.0621e+00
16 0 +8.074894648e+06 +8.074951258e+06 +8.074951258e+06 -3.4534e+00 -3.3886e+00 -2.7417e+00 +3.2652e+00 -1.3530e-01
88 0 +3.869955669e+06 +3.870012279e+06 +3.870012279e+06 -3.1635e+00 -2.4365e+00 -3.4170e+00 +2.2826e+00 -9.2730e-01
103 0 +2.241092462e+06 +2.241149072e+06 +2.241149072e+06 -3.2884e+00 -3.5524e+00 -4.8615e+00 +6.0433e-01 -3.4130e+00
123 0 +9.038731876e+05 +9.039297976e+05 +9.039297976e+05 -3.0099e+00 -3.3948e+00 -4.0976e+00 +1.9453e+00 -1.8060e+00
203 0 +7.365953871e+05 +7.366519971e+05 +7.366519971e+05 -3.4534e+00 -3.0599e+00 -4.3563e+00 +1.6566e+00 -2.2765e+00
247 0 +3.409049665e+05 +3.409615765e+05 +3.409615765e+05 -2.9173e+00 -4.1019e+00 -4.3297e+00 +1.1023e+00 -1.7376e+00
366 0 +2.040614041e+05 +2.041180141e+05 +2.041180141e+05 -2.9790e+00 -3.7089e+00 -4.1165e+00 +1.2213e+00 -1.5532e+00
422 0 +1.726778378e+05 +1.727344478e+05 +1.727344478e+05 -2.4108e+00 -3.8207e+00 -3.6883e+00 +1.3410e+00 -1.7180e+00
449 0 +1.219215632e+04 +1.224876632e+04 +1.224876632e+04 -2.9440e+00 -3.7065e+00 -3.9104e+00 +1.1323e+00 -2.0220e+00
555 0 +1.040414790e+04 +1.046075790e+04 +1.046075790e+04 -2.9082e+00 -3.7349e+00 -3.8414e+00 +1.3495e+00 -1.9625e+00
599 0 +1.015437905e+04 +1.021098905e+04 +1.021098905e+04 -2.9550e+00 -3.6730e+00 -3.8713e+00 +1.1227e+00 -2.0026e+00
754 0 +8.048530821e+03 +8.105140821e+03 +8.105140821e+03 -2.9576e+00 -3.6606e+00 -3.8808e+00 +1.1322e+00 -2.0202e+00
767 0 +1.329367917e+03 +1.385977917e+03 +1.385977917e+03 -2.9691e+00 -3.6751e+00 -3.8505e+00 +1.2002e+00 -2.0083e+00
848 0 +6.639869814e+02 +7.205969814e+02 +7.205969814e+02 -2.9793e+00 -3.6895e+00 -3.8741e+00 +1.2157e+00 -1.9690e+00
867 0 +6.174613760e+02 +6.740713760e+02 +6.740713760e+02 -2.9796e+00 -3.6944e+00 -3.8916e+00 +1.2231e+00 -1.9911e+00
948 0 +4.714122086e+02 +5.280222086e+02 +5.280222086e+02 -2.9846e+00 -3.6815e+00 -3.8901e+00 +1.2295e+00 -1.9906e+00
1010 0 +4.213785335e+02 +4.779885335e+02 +4.779885335e+02 -2.9841e+00 -3.6657e+00 -3.8886e+00 +1.2353e+00 -1.9986e+00
1054 0 +3.904501903e+02 +4.470601903e+02 +4.470601903e+02 -2.9840e+00 -3.6455e+00 -3.8843e+00 +1.2321e+00 -1.9991e+00
1060 0 +3.197599081e+02 +3.763699081e+02 +3.763699081e+02 -2.9853e+00 -3.6648e+00 -3.8876e+00 +1.2310e+00 -2.0029e+00
1085 0 +2.703902867e+02 +3.270002867e+02 +3.270002867e+02 -2.9879e+00 -3.6545e+00 -3.8726e+00 +1.2325e+00 -1.9997e+00
1110 0 +2.256523409e+02 +2.822623409e+02 +2.822623409e+02 -2.9873e+00 -3.6539e+00 -3.8695e+00 +1.2308e+00 -2.0034e+00
1114 0 +2.217838792e+02 +2.783938792e+02 +2.783938792e+02 -2.9859e+00 -3.6650e+00 -3.8700e+00 +1.2270e+00 -2.0102e+00
1144 0 +1.705121839e+02 +2.271221839e+02 +2.271221839e+02 -2.9742e+00 -3.6743e+00 -3.8636e+00 +1.2294e+00 -1.9898e+00
1151 0 +1.357826385e+02 +1.923926385e+02 +1.923926385e+02 -2.9831e+00 -3.6384e+00 -3.8747e+00 +1.2168e+00 -2.0037e+00
1160 0 +4.428861696e+01 +1.008986170e+02 +1.008986170e+02 -2.9858e+00 -3.6488e+00 -3.8726e+00 +1.2174e+00 -2.0037e+00
1190 0 +3.095825616e+01 +8.756825616e+01 +8.756825616e+01 -2.9953e+00 -3.6398e+00 -3.8774e+00 +1.2101e+00 -2.0147e+00
1285 0 +2.335839856e+01 +7.996839856e+01 +7.996839856e+01 -2.9973e+00 -3.6360e+00 -3.8775e+00 +1.2093e+00 -2.0194e+00
1306 0 +1.981198572e+01 +7.642198572e+01 +7.642198572e+01 -2.9937e+00 -3.6348e+00 -3.8762e+00 +1.2077e+00 -2.0188e+00
1340 0 +1.693525946e+01 +7.354525946e+01 +7.354525946e+01 -2.9975e+00 -3.6324e+00 -3.8765e+00 +1.2079e+00 -2.0221e+00
1387 0 +5.751073298e+00 +6.236107330e+01 +6.236107330e+01 -2.9990e+00 -3.6237e+00 -3.8781e+00 +1.2086e+00 -2.0272e+00
1559 0 +4.011177627e+00 +6.062117763e+01 +6.062117763e+01 -3.0006e+00 -3.6232e+00 -3.8779e+00 +1.2083e+00 -2.0270e+00
1740 0 +3.850737428e+00 +6.046073743e+01 +6.046073743e+01 -3.0008e+00 -3.6229e+00 -3.8778e+00 +1.2082e+00 -2.0266e+00
1768 0 +3.741371465e+00 +6.035137147e+01 +6.035137147e+01 -3.0007e+00 -3.6227e+00 -3.8778e+00 +1.2075e+00 -2.0262e+00
1787 0 +3.624486134e+00 +6.023448613e+01 +6.023448613e+01 -3.0004e+00 -3.6232e+00 -3.8778e+00 +1.2081e+00 -2.0262e+00
1828 0 +3.504182271e+00 +6.011418227e+01 +6.011418227e+01 -3.0002e+00 -3.6232e+00 -3.8779e+00 +1.2080e+00 -2.0263e+00
2311 0 +3.466697461e+00 +6.007669746e+01 +6.007669746e+01 -3.0003e+00 -3.6230e+00 -3.8779e+00 +1.2078e+00 -2.0265e+00
17644 0 +3.370568271e+00 +5.998056827e+01 +5.998056827e+01 -3.0118e+00 -3.6037e+00 -3.8789e+00 +1.2011e+00 -2.0393e+00
20051 0 +3.370471765e+00 +5.998047176e+01 +5.998047176e+01 -3.0118e+00 -3.6037e+00 -3.8789e+00 +1.2011e+00 -2.0393e+00
% f evaluations | g evaluations | best noise-free fitness - Fopt (-1.810000000000e+01) + sum g_i+ | measured fitness | best measured fitness or single-digit g-values | x1 | x2...
1 0 +1.693006773e+10 +1.693006771e+10 +1.693006771e+10 +4.6724e+00 -4.1844e+00 -4.9365e+00 +1.1935e+00 +3.2375e+00
2 0 +1.945631945e+07 +1.945630135e+07 +1.945630135e+07 +2.8471e+00 +1.6876e+00 +2.4673e+00 +1.3243e+00 +7.7607e-01
13 0 +1.606956515e+07 +1.606954705e+07 +1.606954705e+07 -6.0168e-01 +1.7804e+00 +4.0224e+00 -1.3303e+00 +3.1096e+00
14 0 +1.364388817e+07 +1.364387007e+07 +1.364387007e+07 +4.2033e-01 -1.0638e+00 +4.6518e+00 +3.2129e+00 +3.3501e+00
61 0 +1.299934465e+07 +1.299932655e+07 +1.299932655e+07 +6.5788e-01 -1.5620e-01 +8.3923e-01 +2.9075e+00 +3.0823e+00
65 0 +7.763174319e+05 +7.762993319e+05 +7.762993319e+05 +2.2301e-01 +8.0823e-01 +2.3821e+00 +3.1125e+00 +2.3180e+00
175 0 +6.998864907e+05 +6.998683907e+05 +6.998683907e+05 +8.7886e-02 +2.2597e-01 +2.7626e+00 +4.3308e+00 +2.4144e+00
203 0 +4.500080083e+05 +4.499899083e+05 +4.499899083e+05 -5.4228e-01 +7.1093e-01 +2.7087e+00 +4.2397e+00 +2.6160e+00
225 0 +2.712313963e+05 +2.712132963e+05 +2.712132963e+05 +1.7039e-01 +5.4639e-01 +2.3384e+00 +3.8464e+00 +2.5239e+00
309 0 +2.131012160e+05 +2.130831160e+05 +2.130831160e+05 +1.4191e-01 +3.0150e-01 +2.1198e+00 +3.8191e+00 +2.2806e+00
365 0 +1.759210751e+05 +1.759029751e+05 +1.759029751e+05 +1.2863e-01 +4.2399e-01 +1.7591e+00 +4.2909e+00 +2.0844e+00
370 0 +1.652191010e+05 +1.652010010e+05 +1.652010010e+05 -7.0512e-01 +5.4880e-01 +2.1164e+00 +3.8104e+00 +2.3809e+00
397 0 +9.050727998e+04 +9.048917998e+04 +9.048917998e+04 -2.0280e-02 +2.8575e-01 +1.8771e+00 +3.9892e+00 +2.4342e+00
459 0 +6.892491469e+04 +6.890681469e+04 +6.890681469e+04 -1.6628e-01 +2.8402e-01 +1.7912e+00 +4.0369e+00 +2.3985e+00
461 0 +4.782155844e+04 +4.780345844e+04 +4.780345844e+04 -7.3540e-02 +4.2875e-01 +1.7785e+00 +4.0025e+00 +2.3550e+00
476 0 +4.614139904e+04 +4.612329904e+04 +4.612329904e+04 -1.3279e-01 +2.5082e-01 +1.8487e+00 +4.2224e+00 +2.4978e+00
489 0 +9.782188055e+03 +9.764088055e+03 +9.764088055e+03 -1.1203e-01 +4.8391e-01 +1.7799e+00 +4.1500e+00 +2.3018e+00
510 0 +5.885026840e+03 +5.866926840e+03 +5.866926840e+03 -2.0886e-02 +4.5099e-01 +1.5927e+00 +4.3444e+00 +2.5107e+00
611 0 +4.192290703e+03 +4.174190703e+03 +4.174190703e+03 +1.3855e-02 +4.4699e-01 +1.5231e+00 +4.4714e+00 +2.4882e+00
655 0 +2.939514815e+03 +2.921414815e+03 +2.921414815e+03 +1.1301e-01 +4.3241e-01 +1.4354e+00 +4.5625e+00 +2.5927e+00
705 0 +1.417066118e+03 +1.398966118e+03 +1.398966118e+03 +1.4220e-01 +4.2150e-01 +1.4035e+00 +4.5737e+00 +2.5955e+00
755 0 +1.235890446e+03 +1.217790446e+03 +1.217790446e+03 +1.5387e-01 +4.1714e-01 +1.3908e+00 +4.5781e+00 +2.5966e+00
759 0 +3.852034896e+02 +3.671034896e+02 +3.671034896e+02 +1.5749e-01 +4.1014e-01 +1.3868e+00 +4.5855e+00 +2.5606e+00
955 0 +3.448174051e+02 +3.267174051e+02 +3.267174051e+02 +1.5247e-01 +4.0787e-01 +1.3904e+00 +4.5860e+00 +2.5605e+00
1005 0 +2.897430062e+02 +2.716430062e+02 +2.716430062e+02 +1.4896e-01 +4.0621e-01 +1.3949e+00 +4.5861e+00 +2.5622e+00
1055 0 +2.841071092e+02 +2.660071092e+02 +2.660071092e+02 +1.4755e-01 +4.0554e-01 +1.3967e+00 +4.5861e+00 +2.5629e+00
1058 0 +2.081099309e+02 +1.900099309e+02 +1.900099309e+02 +1.3062e-01 +4.0824e-01 +1.3901e+00 +4.5764e+00 +2.5668e+00
1105 0 +5.177328091e+01 +3.367328091e+01 +3.367328091e+01 +1.4187e-01 +4.0662e-01 +1.3963e+00 +4.5828e+00 +2.5701e+00
1155 0 +3.736244589e+01 +1.926244589e+01 +1.926244589e+01 +1.3960e-01 +4.0705e-01 +1.3961e+00 +4.5814e+00 +2.5730e+00
1306 0 +2.493960927e+01 +6.839609271e+00 +6.839609271e+00 +1.4094e-01 +4.0773e-01 +1.3942e+00 +4.5819e+00 +2.5740e+00
1356 0 +1.742102787e+01 -6.789721259e-01 -6.789721259e-01 +1.4202e-01 +4.1078e-01 +1.3901e+00 +4.5816e+00 +2.5741e+00
1410 0 +1.350922578e+01 -4.590774219e+00 -4.590774219e+00 +1.4345e-01 +4.1140e-01 +1.3936e+00 +4.5811e+00 +2.5734e+00
1524 0 +9.243241797e+00 -8.856758203e+00 -8.856758203e+00 +1.4485e-01 +4.1070e-01 +1.3916e+00 +4.5816e+00 +2.5738e+00
1575 0 +7.177473692e+00 -1.092252631e+01 -1.092252631e+01 +1.4501e-01 +4.0959e-01 +1.3919e+00 +4.5817e+00 +2.5736e+00
1581 0 +5.637019825e+00 -1.246298017e+01 -1.246298017e+01 +1.4431e-01 +4.0994e-01 +1.3922e+00 +4.5804e+00 +2.5723e+00
1729 0 +5.194926899e+00 -1.290507310e+01 -1.290507310e+01 +1.4396e-01 +4.0948e-01 +1.3936e+00 +4.5801e+00 +2.5717e+00
1732 0 +4.895761004e+00 -1.320423900e+01 -1.320423900e+01 +1.4390e-01 +4.1003e-01 +1.3927e+00 +4.5802e+00 +2.5717e+00
1915 0 +4.781919985e+00 -1.331808001e+01 -1.331808001e+01 +1.4391e-01 +4.0988e-01 +1.3928e+00 +4.5803e+00 +2.5716e+00
2087 0 +4.674203690e+00 -1.342579631e+01 -1.342579631e+01 +1.4392e-01 +4.0989e-01 +1.3927e+00 +4.5807e+00 +2.5719e+00
20051 0 +4.603292348e+00 -1.349670765e+01 -1.349670765e+01 +1.3905e-01 +4.1045e-01 +1.4000e+00 +4.5733e+00 +2.5680e+00
% f evaluations | g evaluations | best noise-free fitness - Fopt (3.777000000000e+01) + sum g_i+ | measured fitness | best measured fitness or single-digit g-values | x1 | x2...
1 0 +3.970109132e+08 +3.970109510e+08 +3.970109510e+08 -4.7488e+00 -1.2517e+00 +3.7785e+00 +1.0284e+00 +1.8779e+00
3 0 +2.286252402e+08 +2.286252779e+08 +2.286252779e+08 +3.2780e+00 +4.5249e+00 +4.4313e+00 +2.6802e+00 -5.3964e-02
4 0 +4.907870548e+07 +4.907874325e+07 +4.907874325e+07 -3.8678e+00 -5.8544e-01 +1.5228e+00 -2.8061e+00 -4.7274e+00
9 0 +4.881259681e+07 +4.881263458e+07 +4.881263458e+07 -1.4080e+00 -1.4348e+00 +4.7975e+00 -3.2514e-01 -3.1470e+00
11 0 +1.589946608e+07 +1.589950385e+07 +1.589950385e+07 -3.5171e+00 +4.9458e+00 +1.6679e+00 +3.1201e-01 +1.0266e+00
18 0 +1.221809352e+07 +1.221813129e+07 +1.221813129e+07 -3.7935e-01 -8.3486e-01 +6.1613e-01 -6.8522e-01 -1.3906e+00
68 0 +9.803826463e+06 +9.803864233e+06 +9.803864233e+06 +1.3532e+00 +1.0777e+00 +2.6243e-01 -1.6404e+00 -1.9497e+00
70 0 +5.501926569e+06 +5.501964339e+06 +5.501964339e+06 +4.6287e-01 +1.3946e+00 +1.8649e+00 +4.7073e-01 -9.2949e-01
80 0 +1.544371346e+06 +1.544409116e+06 +1.544409116e+06 -2.1446e+00 +2.1820e+00 -4.4429e-01 +3.6325e-02 +1.6557e+00
204 0 +9.035485030e+05 +9.035862730e+05 +9.035862730e+05 -1.0695e+00 +2.3132e+00 -1.0044e-01 -1.3774e-01 +1.9604e+00
214 0 +6.120254513e+05 +6.120632213e+05 +6.120632213e+05 -2.3900e+00 +2.0694e+00 -1.2575e+00 +1.8770e+00 +1.8580e+00
250 0 +3.920458906e+05 +3.920836606e+05 +3.920836606e+05 -1.8372e+00 +2.1683e+00 -5.3619e-01 +2.1091e+00 +2.2176e+00
290 0 +3.851846369e+05 +3.852224069e+05 +3.852224069e+05 -1.4601e+00 +2.5953e+00 -4.5867e-01 +1.1696e+00 +2.2406e+00
304 0 +7.355046025e+04 +7.358823025e+04 +7.358823025e+04 -2.1693e+00 +2.4910e+00 -8.3381e-01 +1.9154e+00 +2.4098e+00
409 0 +3.971932396e+04 +3.975709396e+04 +3.975709396e+04 -2.2218e+00 +2.6186e+00 -9.7472e-01 +2.0426e+00 +2.1252e+00
625 0 +8.543655930e+03 +8.581425930e+03 +8.581425930e+03 -2.1255e+00 +2.4845e+00 -9.3821e-01 +2.0516e+00 +2.2286e+00
661 0 +6.802260080e+03 +6.840030080e+03 +6.840030080e+03 -2.2214e+00 +2.5543e+00 -1.0040e+00 +2.0432e+00 +2.2143e+00
697 0 +3.255041277e+03 +3.292811277e+03 +3.292811277e+03 -2.1442e+00 +2.4436e+00 -9.4194e-01 +1.9089e+00 +2.1720e+00
845 0 +2.674288264e+03 +2.712058264e+03 +2.712058264e+03 -2.1560e+00 +2.4706e+00 -9.7651e-01 +1.9509e+00 +2.1510e+00
897 0 +2.294159759e+03 +2.331929759e+03 +2.331929759e+03 -2.1470e+00 +2.4424e+00 -9.5860e-01 +1.9392e+00 +2.1677e+00
918 0 +5.116662406e+02 +5.494362406e+02 +5.494362406e+02 -2.1444e+00 +2.4705e+00 -9.8099e-01 +1.9820e+00 +2.2150e+00
1054 0 +6.570303770e+01 +1.034730377e+02 +1.034730377e+02 -2.1397e+00 +2.4733e+00 -9.8337e-01 +1.9863e+00 +2.1885e+00
1322 0 +5.199253904e+01 +8.976253904e+01 +8.976253904e+01 -2.1399e+00 +2.4734e+00 -9.8218e-01 +1.9861e+00 +2.1895e+00
1339 0 +3.807689485e+01 +7.584689485e+01 +7.584689485e+01 -2.1407e+00 +2.4786e+00 -9.8061e-01 +1.9861e+00 +2.1904e+00
1359 0 +2.491874465e+01 +6.268874465e+01 +6.268874465e+01 -2.1388e+00 +2.4743e+00 -9.8101e-01 +1.9818e+00 +2.1963e+00
1407 0 +2.341508025e+01 +6.118508025e+01 +6.118508025e+01 -2.1395e+00 +2.4765e+00 -9.7921e-01 +1.9813e+00 +2.1917e+00
1422 0 +1.304296792e+01 +5.081296792e+01 +5.081296792e+01 -2.1389e+00 +2.4747e+00 -9.8058e-01 +1.9823e+00 +2.1942e+00
1554 0 +1.171687130e+01 +4.948687130e+01 +4.948687130e+01 -2.1368e+00 +2.4747e+00 -9.7994e-01 +1.9826e+00 +2.1944e+00
1622 0 +1.108165550e+01 +4.885165550e+01 +4.885165550e+01 -2.1379e+00 +2.4747e+00 -9.8026e-01 +1.9826e+00 +2.1944e+00
1646 0 +9.249630977e+00 +4.701963098e+01 +4.701963098e+01 -2.1365e+00 +2.4742e+00 -9.7911e-01 +1.9832e+00 +2.1918e+00
1672 0 +8.386746410e+00 +4.615674641e+01 +4.615674641e+01 -2.1367e+00 +2.4741e+00 -9.7825e-01 +1.9827e+00 +2.1922e+00
1746 0 +8.278415489e+00 +4.604841549e+01 +4.604841549e+01 -2.1365e+00 +2.4744e+00 -9.7904e-01 +1.9829e+00 +2.1919e+00
1796 0 +8.029432983e+00 +4.579943298e+01 +4.579943298e+01 -2.1365e+00 +2.4744e+00 -9.7901e-01 +1.9827e+00 +2.1920e+00
1823 0 +7.909984591e+00 +4.567998459e+01 +4.567998459e+01 -2.1358e+00 +2.4744e+00 -9.7823e-01 +1.9825e+00 +2.1924e+00
1876 0 +7.470191260e+00 +4.524019126e+01 +4.524019126e+01 -2.1370e+00 +2.4748e+00 -9.7884e-01 +1.9831e+00 +2.1927e+00
2130 0 +7.406266432e+00 +4.517626643e+01 +4.517626643e+01 -2.1371e+00 +2.4749e+00 -9.7883e-01 +1.9829e+00 +2.1928e+00
20051 0 +7.355906327e+00 +4.512590633e+01 +4.512590633e+01 -2.1341e+00 +2.4731e+00 -9.7556e-01 +1.9794e+00 +2.1905e+00
