% f evaluations | g evaluations | best noise-free fitness - Fopt (7.135000000000e+01) + sum g_i+ | measured fitness | best measured fitness or single-digit g-values | x1 | x2...
1 0 +1.145838415e+02 +1.859338415e+02 +1.859338415e+02 +2.9654e+00 -3.1657e+00 +2.7969e+00 +9.6850e-01 -5.4167e-01 -4.0003e+00 -4.0751e-01 -1.6629e+00 -3.5713e+00 +1.5089e+00
2 0 +6.072946342e+01 +1.320794634e+02 +1.320794634e+02 -4.4359e+00 +2.2200e+00 +4.3855e+00 -4.9922e+00 +4.9221e+00 +1.1748e+00 +1.1165e+00 -4.9293e+00 -4.7694e+00 +2.4775e-01
3 0 +4.997250250e+01 +1.213225025e+02 +1.213225025e+02 -1.0014e+00 -4.5333e+00 +4.7376e+00 -2.6723e+00 -4.0939e+00 +1.1839e+00 -1.1754e+00 +4.8323e+00 -3.3237e-01 +3.5994e+00
6 0 +3.912175512e+01 +1.104717551e+02 +1.104717551e+02 +3.4228e+00 -5.0246e-01 -1.0485e+00 +4.2666e+00 +2.2727e+00 -1.7346e+00 +7.0444e-01 +2.0834e-01 +4.6117e+00 +3.4453e+00
26 0 +2.943816109e+01 +1.007881611e+02 +1.007881611e+02 -1.9430e+00 -3.0909e+00 -2.3153e+00 -1.4720e-01 -1.2731e+00 -1.0531e+00 +3.4421e+00 +4.3002e+00 -4.2958e+00 -2.9108e+00
100 0 +2.619468487e+01 +9.754468487e+01 +9.754468487e+01 -2.8202e+00 -1.6434e+00 -4.2762e+00 -6.9837e-02 -1.1173e+00 -2.7061e+00 -2.3406e+00 -1.3965e+00 -2.4005e+00 +5.0485e-01
290 0 +2.156024859e+01 +9.291024859e+01 +9.291024859e+01 +1.5818e+00 -3.7231e+00 -7.2650e-01 +2.4666e+00 +1.0558e+00 +1.7087e-01 +1.0903e+00 +6.8446e-02 -1.7104e+00 +8.9350e-01
613 0 +1.690500491e+01 +8.825500491e+01 +8.825500491e+01 -3.0502e-01 -2.6356e+00 +3.1627e+00 +1.0293e+00 -7.6114e-01 -2.7433e+00 -4.2811e-01 +1.3800e-01 -3.2146e+00 +1.8240e+00
2256 0 +1.512689925e+01 +8.647689925e+01 +8.647689925e+01 -4.8345e+00 +4.6410e+00 -2.5773e+00 -1.8724e+00 -8.7448e-01 +1.9924e+00 -2.0618e+00 +3.0057e+00 +4.6117e+00 -4.6204e+00
2463 0 +1.412782785e+01 +8.547782785e+01 +8.547782785e+01 -2.1242e-01 -2.6356e+00 +3.1627e+00 +9.5589e-01 -7.6114e-01 -2.7433e+00 -4.5184e-01 +1.3800e-01 -3.2440e+00 +1.7483e+00
3189 0 +1.314714388e+01 +8.449714388e+01 +8.449714388e+01 -1.7830e+00 +2.7305e+00 +4.9017e+00 +4.6005e+00 -1.4183e+00 -4.9504e+00 -1.8339e+00 +2.5072e+00 -1.6574e+00 +1.8101e+00
3356 0 +1.247244300e+01 +8.382244300e+01 +8.382244300e+01 -4.8345e+00 +4.6410e+00 -2.6454e+00 -1.8724e+00 -8.7448e-01 +1.9729e+00 -2.0781e+00 +3.0057e+00 +4.6876e+00 -4.6115e+00
3389 0 +1.061168124e+01 +8.196168124e+01 +8.196168124e+01 -1.7830e+00 +2.7305e+00 +4.9017e+00 +4.6005e+00 -1.4183e+00 -4.9504e+00 -1.8339e+00 +2.5072e+00 -1.8285e+00 +1.6960e+00
4139 0 +9.745577271e+00 +8.109557727e+01 +8.109557727e+01 -1.7830e+00 +2.7305e+00 +4.9017e+00 +4.6005e+00 -1.4183e+00 -4.8386e+00 -1.8339e+00 +2.4098e+00 -1.8285e+00 +1.6960e+00
4641 0 +7.684000381e+00 +7.903400038e+01 +7.903400038e+01 -8.7027e-01 +6.5108e-01 -2.9677e+00 -2.4098e+00 -3.0793e+00 -1.2493e+00 +8.0641e-02 +1.4551e+00 -1.7294e+00 +3.6350e+00
5191 0 +7.524219410e+00 +7.887421941e+01 +7.887421941e+01 -8.7027e-01 +6.5108e-01 -2.9677e+00 -2.4098e+00 -3.0227e+00 -1.2493e+00 +8.0641e-02 +1.4551e+00 -1.7294e+00 +3.6350e+00
6141 0 +7.290001150e+00 +7.864000115e+01 +7.864000115e+01 -8.7027e-01 +6.5108e-01 -2.9677e+00 -2.4098e+00 -3.1924e+00 -1.2493e+00 +8.0641e-02 +1.4551e+00 -1.7294e+00 +3.6350e+00
7027 0 +4.909543841e+00 +7.625954384e+01 +7.625954384e+01 +3.9398e-01 -2.4939e+00 +2.3942e+00 +3.8405e+00 -1.2863e+00 +2.0161e-01 -1.3738e+00 -1.3051e+00 -2.2070e+00 -1.0852e-01
7077 0 +2.525068777e+00 +7.387506878e+01 +7.387506878e+01 +3.9398e-01 -2.4939e+00 +2.3942e+00 +3.9281e+00 -1.2390e+00 +1.2165e-01 -1.3855e+00 -1.3752e+00 -2.2070e+00 -8.9512e-02
9077 0 +2.510988140e+00 +7.386098814e+01 +7.386098814e+01 +3.9398e-01 -2.4939e+00 +2.3942e+00 +3.9281e+00 -1.2390e+00 +1.2165e-01 -1.3855e+00 -1.3399e+00 -2.2070e+00 -8.9512e-02
10821 0 +2.280545212e+00 +7.363054521e+01 +7.363054521e+01 +3.1896e+00 +2.9610e-01 +3.7917e+00 +1.0132e+00 -1.3681e+00 -2.8015e+00 +1.1484e-01 +3.1946e+00 -1.2800e+00 +2.9150e+00
11171 0 +2.095129666e+00 +7.344512967e+01 +7.344512967e+01 +3.1896e+00 +2.9610e-01 +3.7917e+00 +1.0436e+00 -1.3681e+00 -2.8015e+00 +1.1484e-01 +3.1837e+00 -1.2800e+00 +2.9150e+00
11571 0 +1.698848299e+00 +7.304884830e+01 +7.304884830e+01 +3.1749e+00 +2.9610e-01 +3.7917e+00 +1.0436e+00 -1.3681e+00 -2.8015e+00 +1.1484e-01 +3.1837e+00 -1.2458e+00 +2.9150e+00
11971 0 +1.635674892e+00 +7.298567489e+01 +7.298567489e+01 +3.1749e+00 +2.9610e-01 +3.8342e+00 +1.0436e+00 -1.3681e+00 -2.8015e+00 +1.1484e-01 +3.1837e+00 -1.2458e+00 +2.9150e+00
13821 0 +1.427365591e+00 +7.277736559e+01 +7.277736559e+01 +3.1749e+00 +2.9610e-01 +3.8342e+00 +1.0436e+00 -1.4733e+00 -2.8015e+00 +1.1484e-01 +3.1837e+00 -1.2458e+00 +2.9150e+00
13971 0 +1.322530387e+00 +7.267253039e+01 +7.267253039e+01 +3.1749e+00 +2.9610e-01 +3.8342e+00 +1.0436e+00 -1.4733e+00 -2.8015e+00 +1.1484e-01 +3.1837e+00 -1.2458e+00 +2.9461e+00
14521 0 +1.269195602e+00 +7.261919560e+01 +7.261919560e+01 +3.1749e+00 +2.9610e-01 +3.8338e+00 +1.0436e+00 -1.4733e+00 -2.8015e+00 +1.1484e-01 +3.1492e+00 -1.2458e+00 +2.9231e+00
21771 0 +9.547325996e-01 +7.230473260e+01 +7.230473260e+01 +3.1749e+00 +2.9610e-01 +3.8338e+00 +1.0436e+00 -1.4387e+00 -2.8015e+00 +1.1484e-01 +3.1492e+00 -1.2458e+00 +2.9231e+00
22771 0 +9.160342380e-01 +7.226603424e+01 +7.226603424e+01 +3.1749e+00 +2.9610e-01 +3.8338e+00 +1.0436e+00 -1.4387e+00 -2.8015e+00 +1.1484e-01 +3.1373e+00 -1.2458e+00 +2.9231e+00
28471 0 +8.091875844e-01 +7.215918758e+01 +7.215918758e+01 +3.1749e+00 +2.9610e-01 +3.8338e+00 +1.0436e+00 -1.4505e+00 -2.8015e+00 +1.1484e-01 +3.1373e+00 -1.2458e+00 +2.9231e+00
31871 0 +7.429495909e-01 +7.209294959e+01 +7.209294959e+01 +3.1859e+00 +2.9610e-01 +3.8279e+00 +1.0436e+00 -1.4363e+00 -2.7950e+00 +1.1484e-01 +3.1373e+00 -1.2458e+00 +2.9221e+00
40050 0 +7.429495909e-01 +7.209294959e+01 +7.209294959e+01 +3.1859e+00 +2.9610e-01 +3.8279e+00 +1.0436e+00 -1.4363e+00 -2.7950e+00 +1.1484e-01 +3.1373e+00 -1.2458e+00 +2.9221e+00
% f evaluations | g evaluations | best noise-free fitness - Fopt (-3.552200000000e+02) + sum g_i+ | measured fitness | best measured fitness or single-digit g-values | x1 | x2...
1 0 +3.061322097e+01 -3.246067790e+02 -3.246067790e+02 +2.9654e+00 -3.1657e+00 +2.7969e+00 +9.6850e-01 -5.4167e-01 -4.0003e+00 -4.0751e-01 -1.6629e+00 -3.5713e+00 +1.5089e+00
5 0 +2.675693362e+01 -3.284630664e+02 -3.284630664e+02 +1.1000e+00 +3.3319e+00 -3.2664e+00 -1.0894e+00 -3.1776e+00 +2.5536e+00 -7.4844e-01 -2.9206e+00 +6.7700e-01 -4.6869e+00
67 0 +2.385143444e+01 -3.313685656e+02 -3.313685656e+02 -2.9699e-01 +4.8342e+00 -3.9234e-01 +3.1643e+00 +2.2342e+00 -3.4928e+00 +1.9363e-01 +1.9581e+00 +3.3832e+00 -1.5327e+00
277 0 +2.202057646e+01 -3.331994235e+02 -3.331994235e+02 -8.7028e-01 +7.2354e-01 -4.2159e-01 -1.6004e-02 -2.5536e+00 +3.4867e+00 -1.9383e+00 -2.5623e+00 +1.4837e+00 +1.4406e-02
437 0 +1.981182095e+01 -3.354081790e+02 -3.354081790e+02 -9.2230e-01 +3.2439e+00 +2.5747e+00 -1.1490e-01 +4.0373e-01 +3.2043e+00 +7.3460e-01 -7.5987e-02 +1.2041e+00 -4.2906e+00
531 0 +1.660739545e+01 -3.386126046e+02 -3.386126046e+02 -3.0562e+00 -8.8646e-01 +4.0117e+00 +1.3124e+00 -4.5583e+00 -1.3409e+00 -4.4035e+00 +3.6178e+00 -1.0118e+00 -2.3538e-01
2763 0 +1.440168331e+01 -3.408183167e+02 -3.408183167e+02 -4.7363e+00 +2.4825e-02 +7.2418e-01 -5.9984e-01 +2.5942e+00 +1.0292e+00 -2.3384e+00 +2.6639e+00 +3.3976e+00 -3.5192e+00
3768 0 +9.550031058e+00 -3.456699689e+02 -3.456699689e+02 -2.1752e+00 -5.9311e-01 +2.4878e+00 +1.2320e+00 +9.4428e-01 +8.9205e-01 -1.0243e+00 -1.5049e+00 +4.0647e+00 +9.0427e-01
4830 0 +8.133636473e+00 -3.470863635e+02 -3.470863635e+02 +1.1771e+00 -4.7967e+00 -8.5173e-01 +1.0212e+00 -2.4990e+00 -2.4877e+00 -4.3777e+00 +4.4146e+00 +3.3501e-01 -1.7761e+00
5180 0 +8.030640087e+00 -3.471893599e+02 -3.471893599e+02 +1.1039e+00 -4.7967e+00 -8.5173e-01 +1.0212e+00 -2.4990e+00 -2.4877e+00 -4.3777e+00 +4.4146e+00 +3.3501e-01 -1.7761e+00
6863 0 +7.647633576e+00 -3.475723664e+02 -3.475723664e+02 -4.7608e+00 +2.2061e-03 +7.2418e-01 -3.8833e-01 +2.1521e+00 +9.8444e-01 -2.3384e+00 +2.5647e+00 +3.1168e+00 -3.5543e+00
6981 0 +6.497871900e+00 -3.487221281e+02 -3.487221281e+02 -3.1094e+00 +4.1650e-01 +2.5827e+00 +1.2588e+00 -4.4197e+00 -7.6617e-01 -4.9622e+00 +4.0761e+00 -1.0118e+00 -1.3071e+00
8530 0 +5.965058163e+00 -3.492549418e+02 -3.492549418e+02 +1.0494e+00 -4.7967e+00 -8.2840e-01 +1.0212e+00 -2.5079e+00 -2.4215e+00 -4.3777e+00 +4.3718e+00 +2.1985e-01 -1.7761e+00
10030 0 +5.868396072e+00 -3.493516039e+02 -3.493516039e+02 +1.0494e+00 -4.7967e+00 -8.2840e-01 +1.0212e+00 -2.5086e+00 -2.4215e+00 -4.3777e+00 +4.3718e+00 +2.1985e-01 -1.7761e+00
11713 0 +5.642207474e+00 -3.495777925e+02 -3.495777925e+02 -4.4144e+00 -2.7570e-03 +7.2418e-01 -3.8833e-01 +2.1521e+00 +1.0114e+00 -2.2887e+00 +2.5647e+00 +3.1470e+00 -3.5543e+00
12806 0 +5.307256753e+00 -3.499127432e+02 -3.499127432e+02 -1.6118e+00 +6.3460e-01 +1.8498e+00 +4.3543e+00 -3.9354e-01 -1.5848e+00 +6.0233e-02 +2.0883e+00 -3.6423e+00 +2.7278e+00
14213 0 +4.705022771e+00 -3.505149772e+02 -3.505149772e+02 -4.3389e+00 -2.7570e-03 +7.2418e-01 -3.8833e-01 +2.0506e+00 +1.0114e+00 -2.2887e+00 +2.5647e+00 +3.0783e+00 -3.5543e+00
14313 0 +4.229753353e+00 -3.509902466e+02 -3.509902466e+02 -4.3389e+00 -2.7570e-03 +7.2418e-01 -4.8243e-01 +2.0506e+00 +1.0114e+00 -2.2562e+00 +2.5647e+00 +3.0783e+00 -3.5543e+00
14756 0 +4.020172422e+00 -3.511998276e+02 -3.511998276e+02 -1.5165e+00 +6.3460e-01 +1.8498e+00 +4.3543e+00 -3.9354e-01 -1.5848e+00 +6.0233e-02 +2.0883e+00 -3.6423e+00 +2.7278e+00
18030 0 +3.370033394e+00 -3.518499666e+02 -3.518499666e+02 +6.0283e-01 -4.7967e+00 -8.3340e-01 +1.0212e+00 -2.5086e+00 -2.3597e+00 -4.3777e+00 +4.4688e+00 +2.9156e-01 -1.7761e+00
18180 0 +3.086314705e+00 -3.521336853e+02 -3.521336853e+02 +6.0283e-01 -4.7967e+00 -8.3340e-01 +1.0212e+00 -2.5086e+00 -2.3767e+00 -4.3777e+00 +4.4688e+00 +2.9156e-01 -1.7761e+00
39590 0 +2.812341652e+00 -3.524076583e+02 -3.524076583e+02 -2.8609e+00 +5.0629e-02 -3.3950e+00 -9.0944e-01 +3.5644e+00 +1.9048e-01 -2.6278e+00 +1.7226e+00 +3.0986e+00 -3.2170e+00
40050 0 +2.812341652e+00 -3.524076583e+02 -3.524076583e+02 -2.8609e+00 +5.0629e-02 -3.3950e+00 -9.0944e-01 +3.5644e+00 +1.9048e-01 -2.6278e+00 +1.7226e+00 +3.0986e+00 -3.2170e+00
% f evaluations | g evaluations | best noise-free fitness - Fopt (9.917000000000e+01) + sum g_i+ | measured fitness | best measured fitness or single-digit g-values | x1 | x2...
1 0 +8.469903040e+01 +1.838690304e+02 +1.838690304e+02 +2.9654e+00 -3.1657e+00 +2.7969e+00 +9.6850e-01 -5.4167e-01 -4.0003e+00 -4.0751e-01 -1.6629e+00 -3.5713e+00 +1.5089e+00
3 0 +7.190308018e+01 +1.710730802e+02 +1.710730802e+02 -1.0014e+00 -4.5333e+00 +4.7376e+00 -2.6723e+00 -4.0939e+00 +1.1839e+00 -1.1754e+00 +4.8323e+00 -3.3237e-01 +3.5994e+00
4 0 +5.476044404e+01 +1.539304440e+02 +1.539304440e+02 +1.8031e+00 -4.9501e-01 -4.8674e+00 +4.4220e+00 +6.3288e-01 -1.1458e+00 -4.8403e+00 -2.6911e+00 -2.5897e+00 +1.8326e+00
6 0 +4.551830747e+01 +1.446883075e+02 +1.446883075e+02 +3.4228e+00 -5.0246e-01 -1.0485e+00 +4.2666e+00 +2.2727e+00 -1.7346e+00 +7.0444e-01 +2.0834e-01 +4.6117e+00 +3.4453e+00
8 0 +3.300155896e+01 +1.321715590e+02 +1.321715590e+02 -1.0512e+00 -2.0651e+00 -4.8592e+00 -3.0116e+00 +2.1134e+00 +2.9018e+00 +1.0596e+00 +4.2630e+00 +1.5108e+00 +4.1496e+00
271 0 +2.408887455e+01 +1.232588746e+02 +1.232588746e+02 -2.9703e+00 -4.0921e+00 +1.0891e+00 -2.0100e-01 +8.0687e-01 +4.8817e+00 -1.5749e-01 +1.9006e+00 -3.4327e+00 +1.8503e+00
356 0 +7.695104168e+00 +1.068651042e+02 +1.068651042e+02 -3.5244e+00 -1.2263e+00 -3.3620e+00 +1.1065e+00 +2.9992e+00 -1.7346e+00 -3.9365e-01 +4.0392e-01 +8.0753e-01 +1.2107e+00
5398 0 +6.430887086e+00 +1.056008871e+02 +1.056008871e+02 +3.8564e+00 -2.3878e+00 +5.4463e-01 -4.3989e+00 -7.2819e-01 +4.1738e+00 -2.0343e+00 +3.0257e+00 +3.4603e+00 -3.5884e+00
6448 0 +5.203507742e+00 +1.043735077e+02 +1.043735077e+02 +3.8097e+00 -2.3878e+00 +5.4463e-01 -4.3989e+00 -7.2819e-01 +4.1738e+00 -2.0343e+00 +3.0257e+00 +3.4603e+00 -3.5884e+00
9148 0 +4.579767460e+00 +1.037497675e+02 +1.037497675e+02 +3.2079e+00 -2.3878e+00 +5.4463e-01 -4.3989e+00 -7.2819e-01 +4.1738e+00 -2.0343e+00 +3.0257e+00 +3.4603e+00 -3.5884e+00
10398 0 +4.260705010e+00 +1.034307050e+02 +1.034307050e+02 +3.1793e+00 -2.3878e+00 +5.4463e-01 -4.3989e+00 -7.2819e-01 +4.1641e+00 -2.0343e+00 +3.0257e+00 +3.4603e+00 -3.5884e+00
12781 0 +4.144361402e+00 +1.033143614e+02 +1.033143614e+02 -5.4395e-01 -8.8646e-01 -3.8485e-01 -3.6165e+00 -1.9613e+00 +2.4311e+00 +3.3984e+00 +4.2365e-01 -4.7117e+00 +1.6696e+00
13493 0 +3.673296628e+00 +1.028432966e+02 +1.028432966e+02 +1.1190e-01 -2.7784e+00 +2.5322e+00 +1.8186e+00 -1.8069e+00 -1.3722e+00 -3.4518e-01 +4.3958e+00 +1.2333e+00 +4.1930e+00
14481 0 +3.543875452e+00 +1.027138755e+02 +1.027138755e+02 -5.4395e-01 -8.8646e-01 -3.8485e-01 -3.5176e+00 -1.9613e+00 +2.4311e+00 +3.3984e+00 +4.2365e-01 -4.7117e+00 +1.6696e+00
15493 0 +3.313563643e+00 +1.024835636e+02 +1.024835636e+02 +1.1190e-01 -2.7784e+00 +2.5322e+00 +1.8186e+00 -1.7586e+00 -1.3722e+00 -3.4518e-01 +4.3958e+00 +1.2333e+00 +4.1930e+00
16043 0 +3.309383494e+00 +1.024793835e+02 +1.024793835e+02 +1.1190e-01 -2.7784e+00 +2.5322e+00 +1.8186e+00 -1.7948e+00 -1.3722e+00 -3.4518e-01 +4.3958e+00 +1.2333e+00 +4.1930e+00
17731 0 +3.175666674e+00 +1.023456667e+02 +1.023456667e+02 -4.8014e-01 -8.8646e-01 -3.8485e-01 -3.5176e+00 -1.9691e+00 +2.2700e+00 +3.2942e+00 +4.2365e-01 -4.7117e+00 +1.6696e+00
20093 0 +3.133077990e+00 +1.023030780e+02 +1.023030780e+02 +3.4100e-01 -2.7784e+00 +2.5322e+00 +1.8186e+00 -1.7948e+00 -1.3722e+00 -3.4314e-01 +4.3958e+00 +1.2333e+00 +4.1930e+00
21893 0 +3.056646093e+00 +1.022266461e+02 +1.022266461e+02 +3.4100e-01 -2.7784e+00 +2.5322e+00 +1.7544e+00 -1.7948e+00 -1.3722e+00 -3.4314e-01 +4.3958e+00 +1.2333e+00 +4.1930e+00
22631 0 +2.726569598e+00 +1.018965696e+02 +1.018965696e+02 -4.8014e-01 -8.7006e-01 -3.6932e-01 -3.5176e+00 -1.9911e+00 +2.2700e+00 +3.2942e+00 +4.2365e-01 -4.7117e+00 +1.6696e+00
24881 0 +2.344887133e+00 +1.015148871e+02 +1.015148871e+02 -4.8014e-01 -8.7006e-01 -3.6932e-01 -3.5176e+00 -2.0226e+00 +2.2700e+00 +3.2942e+00 +4.2365e-01 -4.7117e+00 +1.6696e+00
34643 0 +2.096738328e+00 +1.012667383e+02 +1.012667383e+02 +3.3603e-01 -2.7784e+00 +2.5601e+00 +1.7544e+00 -1.8425e+00 -1.3722e+00 -3.4314e-01 +4.3958e+00 +1.2333e+00 +4.0063e+00
37193 0 +1.928655012e+00 +1.010986550e+02 +1.010986550e+02 +3.5702e-01 -2.7784e+00 +2.5601e+00 +1.7544e+00 -1.8425e+00 -1.3722e+00 -3.4314e-01 +4.3958e+00 +1.2333e+00 +4.0063e+00
40050 0 +1.928655012e+00 +1.010986550e+02 +1.010986550e+02 +3.5702e-01 -2.7784e+00 +2.5601e+00 +1.7544e+00 -1.8425e+00 -1.3722e+00 -3.4314e-01 +4.3958e+00 +1.2333e+00 +4.0063e+00
% f evaluations | g evaluations | best noise-free fitness - Fopt (-5.179100000000e+02) + sum g_i+ | measured fitness | best measured fitness or single-digit g-values | x1 | x2...
1 0 +6.636190664e+01 -4.515480934e+02 -4.515480934e+02 +2.9654e+00 -3.1657e+00 +2.7969e+00 +9.6850e-01 -5.4167e-01 -4.0003e+00 -4.0751e-01 -1.6629e+00 -3.5713e+00 +1.5089e+00
2 0 +6.034682127e+01 -4.575631787e+02 -4.575631787e+02 -4.4359e+00 +2.2200e+00 +4.3855e+00 -4.9922e+00 +4.9221e+00 +1.1748e+00 +1.1165e+00 -4.9293e+00 -4.7694e+00 +2.4775e-01
4 0 +4.985220985e+01 -4.680577901e+02 -4.680577901e+02 +1.8031e+00 -4.9501e-01 -4.8674e+00 +4.4220e+00 +6.3288e-01 -1.1458e+00 -4.8403e+00 -2.6911e+00 -2.5897e+00 +1.8326e+00
10 0 +4.680127767e+01 -4.711087223e+02 -4.711087223e+02 +4.7171e+00 +3.4891e+00 +2.2173e+00 -2.6402e+00 -2.4393e+00 -4.5957e+00 +2.1066e+00 -3.8911e+00 -6.0663e-01 -2.9828e+00
15 0 +2.819974713e+01 -4.897102529e+02 -4.897102529e+02 -2.5312e+00 +1.9630e+00 +2.1227e+00 -3.5191e+00 +4.9774e+00 -2.3322e+00 +4.7661e+00 -8.8963e-01 -4.6695e+00 -1.5493e+00
106 0 +2.411613717e+01 -4.937938628e+02 -4.937938628e+02 -3.9794e+00 -3.1089e+00 +8.7298e-02 -4.6463e+00 -1.1845e+00 -1.7346e+00 +4.8135e+00 +2.0834e-01 +4.6117e+00 +2.6052e+00
341 0 +2.132964503e+01 -4.965803550e+02 -4.965803550e+02 -1.2227e+00 -5.0656e-01 -3.4388e-02 -1.1038e+00 -1.2995e+00 -1.4814e+00 -4.4651e+00 +4.5854e+00 +3.8332e+00 +1.1935e+00
800 0 +1.527865837e+01 -5.026313416e+02 -5.026313416e+02 -2.1339e-01 +4.7995e+00 -4.0210e+00 +4.4407e+00 +3.2865e+00 -3.5124e+00 -1.9259e+00 +4.1792e+00 +2.0357e+00 -3.7562e+00
1360 0 +1.148734728e+01 -5.064226527e+02 -5.064226527e+02 +9.0285e-01 +3.3376e+00 -2.8465e+00 +3.9598e+00 -2.6504e+00 -4.6374e+00 -1.6834e+00 +3.3711e+00 +1.4046e+00 -2.9828e+00
1452 0 +1.104254260e+01 -5.068674574e+02 -5.068674574e+02 -2.9574e+00 -9.8463e-01 +1.4964e+00 -6.1354e-01 +6.0784e-01 -1.1708e+00 +8.6191e-01 +1.0236e+00 -1.1284e+00 -2.7101e+00
3452 0 +1.048988539e+01 -5.074201146e+02 -5.074201146e+02 -2.9574e+00 -8.6050e-01 +1.4964e+00 -6.1354e-01 +6.0784e-01 -1.1708e+00 +8.6191e-01 +1.0236e+00 -1.1284e+00 -2.7101e+00
4388 0 +9.745868915e+00 -5.081641311e+02 -5.081641311e+02 -4.2544e+00 +1.9675e+00 +4.3173e-01 +1.6135e+00 -1.8630e+00 -9.3281e-01 -2.3215e+00 -3.3192e+00 -6.1259e-01 -1.8531e+00
4588 0 +9.522195117e+00 -5.083878049e+02 -5.083878049e+02 -4.2544e+00 +1.9675e+00 +4.3173e-01 +1.6135e+00 -1.8630e+00 -9.3281e-01 -2.3215e+00 -3.3192e+00 -6.1259e-01 -1.8469e+00
4846 0 +8.461200003e+00 -5.094488000e+02 -5.094488000e+02 -4.2119e+00 +1.9796e-01 -3.4251e+00 -3.0453e+00 -7.2656e-01 -2.4632e+00 -1.0251e+00 +2.0732e+00 +2.2335e+00 -1.3184e+00
5246 0 +7.058442889e+00 -5.108515571e+02 -5.108515571e+02 -4.2119e+00 +1.9796e-01 -3.4251e+00 -3.0453e+00 -7.2656e-01 -2.4632e+00 -1.0844e+00 +2.0732e+00 +2.2335e+00 -1.1150e+00
5446 0 +6.107483393e+00 -5.118025166e+02 -5.118025166e+02 -4.0297e+00 +2.4954e-01 -3.2770e+00 -3.0453e+00 -7.4980e-01 -2.4632e+00 -1.0844e+00 +2.0732e+00 +2.4267e+00 -1.4247e+00
6696 0 +5.817267421e+00 -5.120927326e+02 -5.120927326e+02 -4.0297e+00 +2.4954e-01 -3.2770e+00 -3.0453e+00 -5.1154e-01 -2.4632e+00 -1.0844e+00 +2.0732e+00 +2.4267e+00 -1.4247e+00
8446 0 +4.608567628e+00 -5.133014324e+02 -5.133014324e+02 -4.0297e+00 +2.4954e-01 -3.2770e+00 -2.9001e+00 -5.1154e-01 -2.4632e+00 -1.1623e+00 +2.0732e+00 +2.3470e+00 -1.4247e+00
14046 0 +4.288670873e+00 -5.136213291e+02 -5.136213291e+02 -4.0297e+00 +2.4954e-01 -3.2770e+00 -2.9001e+00 -5.1154e-01 -2.4632e+00 -1.1623e+00 +1.9625e+00 +2.3470e+00 -1.3050e+00
14942 0 +4.252007656e+00 -5.136579923e+02 -5.136579923e+02 -5.7219e-01 +1.9903e+00 -3.4006e+00 -2.5785e-01 +2.5064e+00 -1.9366e+00 -2.5831e+00 +3.0215e-01 -2.7010e+00 +2.0909e+00
15046 0 +4.107476639e+00 -5.138025234e+02 -5.138025234e+02 -4.0297e+00 +2.8317e-01 -3.2770e+00 -2.9001e+00 -5.1154e-01 -2.4511e+00 -1.1623e+00 +1.9625e+00 +2.3470e+00 -1.3050e+00
19633 0 +3.270464836e+00 -5.146395352e+02 -5.146395352e+02 -4.2776e-01 +2.9011e+00 +1.3629e+00 +3.0325e+00 -3.1416e+00 -1.5372e-01 +2.0204e-01 +1.6513e+00 -3.2377e+00 -4.0609e+00
22846 0 +2.491486002e+00 -5.154185140e+02 -5.154185140e+02 -4.0297e+00 +2.8317e-01 -3.2770e+00 -2.9001e+00 -5.1154e-01 -2.3926e+00 -1.1623e+00 +2.0037e+00 +2.3293e+00 -1.2745e+00
32746 0 +2.391594199e+00 -5.155184058e+02 -5.155184058e+02 -4.0058e+00 +2.8317e-01 -3.2770e+00 -2.9001e+00 -5.1154e-01 -2.3926e+00 -1.1623e+00 +2.0037e+00 +2.3293e+00 -1.2745e+00
40050 0 +2.391594199e+00 -5.155184058e+02 -5.155184058e+02 -4.0058e+00 +2.8317e-01 -3.2770e+00 -2.9001e+00 -5.1154e-01 -2.3926e+00 -1.1623e+00 +2.0037e+00 +2.3293e+00 -1.2745e+00
% f evaluations | g evaluations | best noise-free fitness - Fopt (-5.721000000000e+01) + sum g_i+ | measured fitness | best measured fitness or single-digit g-values | x1 | x2...
1 0 +6.778281673e+01 +1.057281673e+01 +1.057281673e+01 +2.9654e+00 -3.1657e+00 +2.7969e+00 +9.6850e-01 -5.4167e-01 -4.0003e+00 -4.0751e-01 -1.6629e+00 -3.5713e+00 +1.5089e+00
6 0 +6.422967139e+01 +7.019671389e+00 +7.019671389e+00 +3.4228e+00 -5.0246e-01 -1.0485e+00 +4.2666e+00 +2.2727e+00 -1.7346e+00 +7.0444e-01 +2.0834e-01 +4.6117e+00 +3.4453e+00
9 0 +5.620178181e+01 -1.008218195e+00 -1.008218195e+00 +3.5004e+00 -5.0549e-01 -4.0459e+00 -1.2918e+00 +1.6884e+00 +1.6592e+00 +9.1298e-01 -2.2528e+00 +6.1243e-01 -1.1707e+00
15 0 +3.005111015e+01 -2.715888985e+01 -2.715888985e+01 -2.5312e+00 +1.9630e+00 +2.1227e+00 -3.5191e+00 +4.9774e+00 -2.3322e+00 +4.7661e+00 -8.8963e-01 -4.6695e+00 -1.5493e+00
255 0 +2.191923449e+01 -3.529076551e+01 -3.529076551e+01 +1.8798e+00 -3.7411e+00 -2.2559e+00 +2.6244e+00 -9.5874e-01 -1.2534e+00 +8.2933e-01 +1.6466e+00 -1.7469e+00 -2.4236e+00
291 0 +2.006542799e+01 -3.714457201e+01 -3.714457201e+01 +4.8241e+00 +3.4327e-01 -9.5279e-03 -1.1038e+00 -2.0236e+00 -4.0002e+00 +4.1405e+00 +1.5995e+00 +3.4714e+00 +2.2567e+00
526 0 +1.613642501e+01 -4.107357499e+01 -4.107357499e+01 -1.9430e+00 -3.0909e+00 +4.3092e-01 -1.4720e-01 +5.1710e-02 -1.0531e+00 +3.4421e+00 +4.3002e+00 -4.2958e+00 -1.3825e+00
901 0 +8.401986415e+00 -4.880801358e+01 -4.880801358e+01 +2.9654e+00 +2.1543e-01 +1.1594e+00 +3.8309e+00 -2.4764e-01 -7.9570e-01 -7.9738e-01 +1.3160e+00 -1.7698e+00 +1.7753e+00
4551 0 +7.280649451e+00 -4.992935055e+01 -4.992935055e+01 +2.9654e+00 +2.1543e-01 +7.8600e-01 +3.7112e+00 -2.7571e-01 -9.5657e-01 -6.5458e-01 +1.0782e+00 -1.5983e+00 +1.7753e+00
5988 0 +6.776061235e+00 -5.043393877e+01 -5.043393877e+01 +1.2193e+00 +3.6255e-01 -8.3265e-01 +1.5463e+00 +2.9284e-01 -1.8761e-01 +1.4177e+00 +1.7217e+00 -8.7917e-01 +3.2986e+00
7251 0 +6.747512590e+00 -5.046248741e+01 -5.046248741e+01 +2.9506e+00 +2.1543e-01 +7.3760e-01 +3.6623e+00 -2.7571e-01 -9.6727e-01 -6.5458e-01 +1.0782e+00 -1.6273e+00 +1.7753e+00
7288 0 +6.448115391e+00 -5.076188461e+01 -5.076188461e+01 +1.2193e+00 +3.6255e-01 -8.3265e-01 +1.5463e+00 +2.9284e-01 -2.8974e-01 +1.4177e+00 +1.7217e+00 -8.7917e-01 +3.2986e+00
7701 0 +5.651182257e+00 -5.155881774e+01 -5.155881774e+01 +2.9506e+00 +2.1543e-01 +7.3760e-01 +3.6623e+00 -2.7571e-01 -9.6727e-01 -8.2914e-01 +1.0842e+00 -1.6230e+00 +1.7753e+00
7788 0 +4.881432007e+00 -5.232856799e+01 -5.232856799e+01 +1.2054e+00 +2.7345e-01 -8.3265e-01 +1.5463e+00 +2.9284e-01 -2.6423e-01 +1.4177e+00 +1.7217e+00 -8.7917e-01 +3.2717e+00
8388 0 +4.503500991e+00 -5.270649901e+01 -5.270649901e+01 +1.2054e+00 +2.7345e-01 -8.3265e-01 +1.5420e+00 +2.9284e-01 -2.6423e-01 +1.4177e+00 +1.7217e+00 -8.7917e-01 +3.2717e+00
8838 0 +3.080656999e+00 -5.412934300e+01 -5.412934300e+01 +1.2054e+00 +2.7345e-01 -8.3265e-01 +1.5420e+00 +1.7100e-01 -2.6423e-01 +1.4177e+00 +1.7217e+00 -9.1857e-01 +3.2717e+00
10388 0 +2.587525885e+00 -5.462247411e+01 -5.462247411e+01 +1.2054e+00 +2.7345e-01 -7.1552e-01 +1.5420e+00 +1.7100e-01 -2.6423e-01 +1.4177e+00 +1.7217e+00 -9.1857e-01 +3.2717e+00
11788 0 +2.476163651e+00 -5.473383635e+01 -5.473383635e+01 +1.2133e+00 +2.7345e-01 -7.1552e-01 +1.5420e+00 +1.7100e-01 -2.6423e-01 +1.4177e+00 +1.7217e+00 -9.1857e-01 +3.2717e+00
16888 0 +2.321022659e+00 -5.488897734e+01 -5.488897734e+01 +1.2133e+00 +2.7345e-01 -7.1552e-01 +1.5420e+00 +1.7100e-01 -2.6423e-01 +1.4177e+00 +1.7186e+00 -9.1857e-01 +3.2717e+00
23921 0 +2.263029931e+00 -5.494697007e+01 -5.494697007e+01 +3.8919e+00 -4.1130e+00 -2.9726e+00 +2.9550e+00 -6.9699e-01 -2.2928e+00 -1.9523e+00 -3.1123e+00 +6.2244e-01 -1.6463e+00
35638 0 +2.125486273e+00 -5.508451373e+01 -5.508451373e+01 +1.2133e+00 +2.7345e-01 -7.1552e-01 +1.5420e+00 +1.7100e-01 -2.7552e-01 +1.4177e+00 +1.7186e+00 -9.1857e-01 +3.2717e+00
40050 0 +2.125486273e+00 -5.508451373e+01 -5.508451373e+01 +1.2133e+00 +2.7345e-01 -7.1552e-01 +1.5420e+00 +1.7100e-01 -2.7552e-01 +1.4177e+00 +1.7186e+00 -9.1857e-01 +3.2717e+00
% f evaluations | g evaluations | best noise-free fitness - Fopt (-2.778000000000e+01) + sum g_i+ | measured fitness | best measured fitness or single-digit g-values | x1 | x2...
1 0 +1.204040677e+02 +9.262406768e+01 +9.262406768e+01 +2.9654e+00 -3.1657e+00 +2.7969e+00 +9.6850e-01 -5.4167e-01 -4.0003e+00 -4.0751e-01 -1.6629e+00 -3.5713e+00 +1.5089e+00
2 0 +7.093687383e+01 +4.315687383e+01 +4.315687383e+01 -4.4359e+00 +2.2200e+00 +4.3855e+00 -4.9922e+00 +4.9221e+00 +1.1748e+00 +1.1165e+00 -4.9293e+00 -4.7694e+00 +2.4775e-01
6 0 +5.150451567e+01 +2.372451567e+01 +2.372451567e+01 +3.4228e+00 -5.0246e-01 -1.0485e+00 +4.2666e+00 +2.2727e+00 -1.7346e+00 +7.0444e-01 +2.0834e-01 +4.6117e+00 +3.4453e+00
9 0 +4.448886814e+01 +1.670886814e+01 +1.670886814e+01 +3.5004e+00 -5.0549e-01 -4.0459e+00 -1.2918e+00 +1.6884e+00 +1.6592e+00 +9.1298e-01 -2.2528e+00 +6.1243e-01 -1.1707e+00
24 0 +3.738785321e+01 +9.607853211e+00 +9.607853211e+00 -1.4992e+00 +1.4510e+00 +1.6892e+00 +3.6417e+00 -2.6981e+00 -8.0662e-03 +7.2004e-01 +2.6855e+00 -4.5640e+00 +4.9455e+00
36 0 +2.850430410e+01 +7.243040979e-01 +7.243040979e-01 +1.0399e-02 +3.9377e-01 +1.8396e+00 +1.1585e+00 +4.4389e+00 +4.4425e+00 +3.6720e+00 +1.3640e+00 +3.0095e+00 +1.7717e+00
138 0 +2.788713880e+01 +1.071388003e-01 +1.071388003e-01 -2.7020e+00 +1.7558e+00 +1.1825e+00 +4.9037e+00 -2.0496e+00 -1.4851e+00 +3.1945e+00 -3.7502e-01 -1.1810e+00 -3.9625e-02
163 0 +2.679267585e+01 -9.873241456e-01 -9.873241456e-01 -1.5807e+00 -1.4370e+00 +3.8771e+00 -1.9363e+00 +1.2280e+00 -4.6013e+00 -9.9726e-01 -1.4707e+00 +1.8180e+00 +6.5221e-02
219 0 +2.470782645e+01 -3.072173554e+00 -3.072173554e+00 -1.4362e+00 -2.9093e+00 -1.9509e-01 +1.9578e+00 -2.7145e+00 -3.2505e+00 +4.8217e+00 +3.4803e+00 +2.1199e-01 +3.9863e+00
313 0 +2.347363671e+01 -4.306363289e+00 -4.306363289e+00 +5.3902e-01 -1.4370e+00 +3.8771e+00 -1.9363e+00 +1.2280e+00 -2.9370e+00 -5.4451e-01 -1.4707e+00 -5.8373e-01 +6.5221e-02
523 0 +2.297375531e+01 -4.806244688e+00 -4.806244688e+00 -2.6364e-01 +2.0276e-01 +1.3337e+00 +4.6794e+00 +8.5560e-02 -2.4961e+00 +1.4006e+00 +1.3104e+00 +1.6185e+00 -2.3083e-01
596 0 +2.092362293e+01 -6.856377070e+00 -6.856377070e+00 -1.2201e+00 +7.0284e-01 -2.5128e+00 -2.2904e+00 -2.1607e+00 -2.9859e+00 -9.0790e-01 +7.1473e-01 +2.4097e+00 +1.6482e+00
671 0 +2.026093266e+01 -7.519067344e+00 -7.519067344e+00 +2.3131e-01 +5.8690e-01 +2.8534e+00 -5.4144e-01 -1.0625e+00 -1.1599e+00 +4.4925e+00 +4.1789e+00 +4.5958e-01 +8.9430e-01
797 0 +1.369209946e+01 -1.408790054e+01 -1.408790054e+01 +4.0529e-01 +2.4421e+00 +3.5197e+00 -4.7546e-01 -4.6098e+00 +3.7683e-01 -1.1598e-01 +2.1148e+00 +4.4438e+00 +7.6825e-01
2786 0 +1.346367160e+01 -1.431632840e+01 -1.431632840e+01 -4.9559e+00 +2.9322e+00 +3.5549e+00 +1.1585e+00 -2.8090e+00 -2.3447e+00 +3.6720e+00 +2.8788e+00 +4.3412e+00 +4.5520e+00
3505 0 +7.284676943e+00 -2.049532306e+01 -2.049532306e+01 -1.5278e+00 -4.3932e-01 -2.7605e+00 -4.9582e-01 -1.5014e-01 -1.7747e+00 +9.2793e-01 +3.4888e+00 -9.7741e-01 -1.8868e+00
3797 0 +6.657952019e+00 -2.112204798e+01 -2.112204798e+01 +4.0529e-01 +2.7659e+00 +3.5197e+00 -4.3399e-01 -4.6098e+00 +3.7683e-01 -1.1598e-01 +2.1148e+00 +4.3497e+00 +6.0792e-01
4455 0 +6.035413213e+00 -2.174458679e+01 -2.174458679e+01 -1.5278e+00 -4.2214e-01 -2.6979e+00 -4.9582e-01 -2.1438e-01 -1.7250e+00 +9.1679e-01 +3.4513e+00 -9.7150e-01 -1.8928e+00
5197 0 +5.407348188e+00 -2.237265181e+01 -2.237265181e+01 +4.0529e-01 +2.7659e+00 +3.5476e+00 -4.3399e-01 -4.5520e+00 +3.5932e-01 -1.4146e-01 +2.1148e+00 +4.3497e+00 +6.0792e-01
5355 0 +4.860582996e+00 -2.291941700e+01 -2.291941700e+01 -1.5278e+00 -4.6364e-01 -2.6979e+00 -4.9582e-01 -2.1438e-01 -1.7250e+00 +9.1679e-01 +3.4513e+00 -9.7150e-01 -1.8928e+00
6855 0 +4.687495239e+00 -2.309250476e+01 -2.309250476e+01 -1.5278e+00 -4.6364e-01 -2.6979e+00 -4.9582e-01 -2.1438e-01 -1.7250e+00 +9.1679e-01 +3.4513e+00 -9.7150e-01 -1.9853e+00
6955 0 +4.612839140e+00 -2.316716086e+01 -2.316716086e+01 -1.5278e+00 -4.6364e-01 -2.6979e+00 -4.9582e-01 -2.1438e-01 -1.7250e+00 +9.1774e-01 +3.4513e+00 -9.7150e-01 -1.9853e+00
8555 0 +4.280480205e+00 -2.349951980e+01 -2.349951980e+01 -1.5278e+00 -4.6364e-01 -2.6979e+00 -4.9582e-01 -2.2174e-01 -1.7250e+00 +9.1774e-01 +3.4513e+00 -9.7150e-01 -1.9853e+00
8597 0 +3.707054069e+00 -2.407294593e+01 -2.407294593e+01 +4.0529e-01 +2.7659e+00 +3.5476e+00 -4.3399e-01 -4.5520e+00 +3.5932e-01 -2.5391e-01 +2.0636e+00 +4.3497e+00 +6.0792e-01
12739 0 +3.316867967e+00 -2.446313203e+01 -2.446313203e+01 -8.9043e-01 -1.2978e+00 +1.9965e+00 -1.5079e-01 -8.1277e-01 +2.0723e+00 +6.1481e-01 -1.4711e+00 +2.5463e+00 +1.9327e+00
13539 0 +2.812671875e+00 -2.496732813e+01 -2.496732813e+01 -8.9043e-01 -1.2978e+00 +1.9965e+00 -1.0783e-01 -8.1277e-01 +2.0723e+00 +6.1481e-01 -1.4711e+00 +2.5463e+00 +1.9327e+00
14039 0 +2.611194489e+00 -2.516880551e+01 -2.516880551e+01 -8.9043e-01 -1.2981e+00 +1.9965e+00 -1.0783e-01 -8.1277e-01 +2.0312e+00 +6.1481e-01 -1.4711e+00 +2.5463e+00 +1.9327e+00
29489 0 +2.519106541e+00 -2.526089346e+01 -2.526089346e+01 -8.9043e-01 -1.2981e+00 +1.9965e+00 -1.0783e-01 -8.9270e-01 +1.9179e+00 +6.1481e-01 -1.4711e+00 +2.5463e+00 +1.9327e+00
30339 0 +2.354066964e+00 -2.542593304e+01 -2.542593304e+01 -8.6989e-01 -1.2981e+00 +1.9965e+00 -1.0783e-01 -8.9270e-01 +1.9179e+00 +6.1481e-01 -1.4711e+00 +2.5530e+00 +1.9327e+00
31247 0 +2.337284623e+00 -2.544271538e+01 -2.544271538e+01 +3.9575e-01 +2.8251e+00 +3.5498e+00 -4.7282e-01 -4.5520e+00 +2.8586e-01 -1.9393e-01 +1.9950e+00 +4.3497e+00 +5.3519e-01
34197 0 +2.266890862e+00 -2.551310914e+01 -2.551310914e+01 +3.9575e-01 +2.8251e+00 +3.5498e+00 -4.8292e-01 -4.5739e+00 +2.8586e-01 -1.9393e-01 +1.9950e+00 +4.3497e+00 +5.3519e-01
40050 0 +2.266890862e+00 -2.551310914e+01 -2.551310914e+01 +3.9575e-01 +2.8251e+00 +3.5498e+00 -4.8292e-01 -4.5739e+00 +2.8586e-01 -1.9393e-01 +1.9950e+00 +4.3497e+00 +5.3519e-01
% f evaluations | g evaluations | best noise-free fitness - Fopt (-4.871000000000e+01) + sum g_i+ | measured fitness | best measured fitness or single-digit g-values | x1 | x2...
1 0 +1.577174101e+02 +1.090074101e+02 +1.090074101e+02 +2.9654e+00 -3.1657e+00 +2.7969e+00 +9.6850e-01 -5.4167e-01 -4.0003e+00 -4.0751e-01 -1.6629e+00 -3.5713e+00 +1.5089e+00
2 0 +8.763886465e+01 +3.892886465e+01 +3.892886465e+01 -4.4359e+00 +2.2200e+00 +4.3855e+00 -4.9922e+00 +4.9221e+00 +1.1748e+00 +1.1165e+00 -4.9293e+00 -4.7694e+00 +2.4775e-01
5 0 +5.670925777e+01 +7.999257773e+00 +7.999257773e+00 +1.1000e+00 +3.3319e+00 -3.2664e+00 -1.0894e+00 -3.1776e+00 +2.5536e+00 -7.4844e-01 -2.9206e+00 +6.7700e-01 -4.6869e+00
7 0 +4.380031600e+01 -4.909683999e+00 -4.909683999e+00 +2.4732e+00 +3.9692e-01 +8.6751e-01 +4.6526e+00 +1.0703e+00 -2.2400e+00 -2.0373e+00 -3.3473e+00 -4.8436e+00 -7.6599e-01
12 0 +3.954849013e+01 -9.161509866e+00 -9.161509866e+00 +1.9478e+00 +3.8047e+00 +1.2435e+00 -2.0437e+00 -3.9451e+00 -4.3465e-01 -2.8156e+00 -8.3490e-01 +3.8328e+00 -1.7565e+00
36 0 +3.221478883e+01 -1.649521117e+01 -1.649521117e+01 +1.0399e-02 +3.9377e-01 +1.8396e+00 +1.1585e+00 +4.4389e+00 +4.4425e+00 +3.6720e+00 +1.3640e+00 +3.0095e+00 +1.7717e+00
91 0 +2.806704238e+01 -2.064295762e+01 -2.064295762e+01 +4.5113e+00 +3.4327e-01 +5.4864e-01 -1.1038e+00 -2.0236e+00 -4.0002e+00 +4.7955e+00 +4.5854e+00 +3.4714e+00 +4.9884e+00
190 0 +2.231248101e+01 -2.639751899e+01 -2.639751899e+01 +2.2350e+00 -3.7231e+00 -2.4998e+00 -1.5878e+00 +3.6712e+00 +2.4281e+00 -2.6140e+00 +1.7984e+00 +4.9251e+00 -2.3798e+00
481 0 +1.784281243e+01 -3.086718757e+01 -3.086718757e+01 -2.4700e+00 -8.8646e-01 -6.7253e-01 -4.6596e+00 -4.6004e+00 +4.9977e+00 -1.5801e+00 +1.7101e+00 -1.0118e+00 +2.5384e+00
1016 0 +1.776022380e+01 -3.094977620e+01 -3.094977620e+01 +1.9950e+00 +1.8071e+00 -7.5433e-01 -5.2217e-01 -5.6646e-01 +2.6933e+00 +2.0813e+00 +4.8017e+00 -3.4646e+00 -4.8008e+00
2682 0 +1.488305087e+01 -3.382694913e+01 -3.382694913e+01 -3.1950e+00 -1.6613e+00 +4.4804e+00 +4.6942e+00 -4.7824e+00 +4.7286e+00 -2.5770e+00 +4.6696e+00 -3.1412e+00 -1.0018e+00
3049 0 +1.388232776e+01 -3.482767224e+01 -3.482767224e+01 +1.5734e+00 -3.5245e+00 -4.5375e-01 -1.5269e+00 -1.6579e+00 -3.8618e+00 -9.7975e-01 +4.0556e+00 +1.0162e+00 -2.9260e+00
3290 0 +8.980228149e+00 -3.972977185e+01 -3.972977185e+01 +2.4199e+00 -3.4880e+00 -2.4998e+00 -2.0265e+00 +3.6712e+00 +2.4281e+00 -2.3161e+00 +1.7984e+00 +4.9251e+00 -2.3798e+00
5960 0 +6.884006226e+00 -4.182599377e+01 -4.182599377e+01 +1.7842e+00 +3.9668e+00 -1.5226e+00 +3.2723e+00 +1.3759e+00 +4.0524e+00 -3.4472e+00 +1.9819e+00 +4.3227e+00 +1.2897e+00
6990 0 +4.594187746e+00 -4.411581225e+01 -4.411581225e+01 +2.4199e+00 -3.4880e+00 -2.4998e+00 -2.0265e+00 +3.7541e+00 +2.4281e+00 -2.3161e+00 +1.7984e+00 +4.9251e+00 -2.1980e+00
9127 0 +4.473400381e+00 -4.423659962e+01 -4.423659962e+01 +1.9097e+00 -1.0753e-01 -1.5813e+00 -2.2017e+00 -2.9718e+00 +1.6798e+00 -7.7423e-01 +1.4268e+00 -3.2332e-01 -2.9353e+00
9690 0 +4.452842428e+00 -4.425715757e+01 -4.425715757e+01 +2.4199e+00 -3.4880e+00 -2.4998e+00 -2.0265e+00 +3.7541e+00 +2.4281e+00 -2.3161e+00 +1.7984e+00 +4.9074e+00 -2.1980e+00
12177 0 +4.343259021e+00 -4.436674098e+01 -4.436674098e+01 +1.9097e+00 -1.0753e-01 -1.5813e+00 -2.2130e+00 -2.9718e+00 +1.6798e+00 -7.7423e-01 +1.4268e+00 -3.2963e-01 -2.9353e+00
12577 0 +4.121101787e+00 -4.458889821e+01 -4.458889821e+01 +1.8994e+00 -1.1856e-01 -1.5813e+00 -2.2131e+00 -2.9718e+00 +1.7717e+00 -7.7423e-01 +1.4268e+00 -3.2963e-01 -2.9353e+00
12927 0 +3.676796660e+00 -4.503320334e+01 -4.503320334e+01 +1.9386e+00 -1.1856e-01 -1.5813e+00 -2.2131e+00 -2.9718e+00 +1.8079e+00 -7.7423e-01 +1.4520e+00 -3.2963e-01 -2.9353e+00
13077 0 +3.563125544e+00 -4.514687446e+01 -4.514687446e+01 +1.9386e+00 -1.1856e-01 -1.5813e+00 -2.2131e+00 -2.9718e+00 +1.8079e+00 -7.7423e-01 +1.4520e+00 -3.2963e-01 -2.9904e+00
13927 0 +3.493461319e+00 -4.521653868e+01 -4.521653868e+01 +1.9386e+00 -1.1599e-01 -1.5813e+00 -2.2014e+00 -2.9718e+00 +1.8079e+00 -7.7423e-01 +1.4520e+00 -3.2963e-01 -2.9904e+00
17227 0 +3.235806737e+00 -4.547419326e+01 -4.547419326e+01 +1.8481e+00 -1.1599e-01 -1.5813e+00 -2.2014e+00 -2.9718e+00 +1.8079e+00 -6.7718e-01 +1.4520e+00 -3.2963e-01 -2.9904e+00
17327 0 +2.420421434e+00 -4.628957857e+01 -4.628957857e+01 +1.8481e+00 -1.1599e-01 -1.5813e+00 -2.2014e+00 -2.9718e+00 +1.8079e+00 -6.7718e-01 +1.4520e+00 -3.2963e-01 -3.0140e+00
25327 0 +2.283556711e+00 -4.642644329e+01 -4.642644329e+01 +1.8266e+00 -1.1599e-01 -1.5813e+00 -2.2014e+00 -2.9718e+00 +1.8079e+00 -6.7718e-01 +1.4520e+00 -3.2963e-01 -3.0140e+00
28053 0 +1.612396771e+00 -4.709760323e+01 -4.709760323e+01 +3.1559e+00 -4.4710e+00 +1.0472e+00 +1.5422e-02 -1.3404e+00 +4.9717e+00 +2.2941e-01 +4.6388e+00 +1.3123e-02 +1.9910e+00
33353 0 +1.474251903e+00 -4.723574810e+01 -4.723574810e+01 +3.1559e+00 -4.4710e+00 +1.0472e+00 +1.5422e-02 -1.3404e+00 +4.9717e+00 +2.2941e-01 +4.6388e+00 +7.4020e-03 +1.9910e+00
38353 0 +1.389080368e+00 -4.732091963e+01 -4.732091963e+01 +3.1559e+00 -4.4710e+00 +1.0472e+00 +1.5422e-02 -1.3404e+00 +4.9717e+00 +2.2941e-01 +4.6388e+00 +7.4020e-03 +1.9772e+00
38803 0 +1.146296729e+00 -4.756370327e+01 -4.756370327e+01 +3.1559e+00 -4.4710e+00 +1.0472e+00 +4.3434e-02 -1.3404e+00 +4.9717e+00 +2.2941e-01 +4.6388e+00 +7.4020e-03 +1.9772e+00
40050 0 +1.142372828e+00 -4.756762717e+01 -4.756762717e+01 +3.1559e+00 -4.4710e+00 +1.0538e+00 +4.3434e-02 -1.3404e+00 +4.9717e+00 +2.2941e-01 +4.6388e+00 +7.4020e-03 +1.9772e+00
% f evaluations | g evaluations | best noise-free fitness - Fopt (-1.667900000000e+02) + sum g_i+ | measured fitness | best measured fitness or single-digit g-values | x1 | x2...
1 0 +3.591243733e+01 -1.308775627e+02 -1.308775627e+02 +2.9654e+00 -3.1657e+00 +2.7969e+00 +9.6850e-01 -5.4167e-01 -4.0003e+00 -4.0751e-01 -1.6629e+00 -3.5713e+00 +1.5089e+00
14 0 +3.398011578e+01 -1.328098842e+02 -1.328098842e+02 -1.5170e-01 +1.9244e+00 -2.3059e+00 -2.5587e+00 -3.3171e+00 -2.8124e+00 +5.8102e-01 -9.6164e-01 -4.3511e+00 -2.4608e+00
64 0 +2.900835482e+01 -1.377816452e+02 -1.377816452e+02 -1.5170e-01 +8.7416e-01 -2.3059e+00 -2.5587e+00 -3.3171e+00 -2.8124e+00 +5.8102e-01 -5.6806e-01 -4.9982e+00 -1.2261e+00
82 0 +2.503733494e+01 -1.417526651e+02 -1.417526651e+02 +2.4404e+00 -1.4868e+00 -4.8098e+00 -3.1485e+00 -7.1686e-01 +1.8850e+00 -4.4181e+00 +8.5209e-01 -5.7648e-01 -2.6021e+00
432 0 +2.134745551e+01 -1.454425445e+02 -1.454425445e+02 +2.4404e+00 -1.4868e+00 -4.8098e+00 -3.1485e+00 -7.1686e-01 +1.8850e+00 -4.4181e+00 +8.5209e-01 -5.7648e-01 -2.1368e+00
677 0 +1.361096855e+01 -1.531790314e+02 -1.531790314e+02 +5.3170e-01 -1.4135e+00 +2.0593e-01 -2.0471e+00 +5.9157e-02 +3.4867e+00 -3.6338e+00 -1.2182e+00 +6.4853e-01 -2.0512e+00
888 0 +1.151594553e+01 -1.552740545e+02 -1.552740545e+02 -1.2274e+00 -4.6104e+00 +1.1825e+00 -1.6345e+00 +1.5572e+00 -3.6184e+00 +1.8161e+00 -1.5938e+00 -2.3931e+00 -3.9625e-02
1488 0 +1.110014728e+01 -1.556898527e+02 -1.556898527e+02 -1.2228e+00 -4.6104e+00 +1.1825e+00 -1.6392e+00 +1.5572e+00 -3.6184e+00 +1.8161e+00 -1.5938e+00 -2.3931e+00 -3.9625e-02
2127 0 +1.000918848e+01 -1.567808115e+02 -1.567808115e+02 +5.1008e-01 -1.4135e+00 +2.0593e-01 -2.0471e+00 +5.9157e-02 +3.4867e+00 -3.6338e+00 -1.2182e+00 +7.7241e-01 -2.0512e+00
2492 0 +9.061530641e+00 -1.577284694e+02 -1.577284694e+02 +4.9850e+00 -2.2227e-01 +3.1905e+00 +2.4312e-01 -3.8282e+00 -2.4953e+00 +3.0348e+00 +9.1253e-01 -1.2046e+00 +3.2458e+00
2938 0 +7.904066142e+00 -1.588859339e+02 -1.588859339e+02 -1.2228e+00 -4.6104e+00 +1.2151e+00 -1.5995e+00 +1.5572e+00 -3.6184e+00 +1.8161e+00 -1.5938e+00 -2.3931e+00 -2.4495e-01
4644 0 +5.133871285e+00 -1.616561287e+02 -1.616561287e+02 +2.6262e+00 +4.9865e+00 +1.2409e+00 +2.6844e+00 -2.7484e+00 +5.1003e-01 +7.1663e-01 -2.6478e+00 +3.3284e+00 +3.6902e+00
7770 0 +4.496387741e+00 -1.622936123e+02 -1.622936123e+02 -2.7034e-01 +1.6570e+00 -3.9198e+00 -1.2593e+00 -2.9291e-02 -2.0716e+00 +2.3664e+00 +1.5326e+00 +2.2264e+00 +2.5527e+00
9188 0 +4.262193114e+00 -1.625278069e+02 -1.625278069e+02 -1.1108e+00 -4.6104e+00 +1.2151e+00 -1.5995e+00 +1.5691e+00 -3.4792e+00 +1.8161e+00 -1.5938e+00 -2.3706e+00 -6.0328e-01
9210 0 +4.004484594e+00 -1.627855154e+02 -1.627855154e+02 -2.9362e+00 -2.6645e+00 +4.1318e+00 -4.5709e+00 -2.5785e-01 -1.2807e+00 -2.4043e+00 -2.1506e+00 +2.9058e+00 +6.6322e-01
9460 0 +3.896433083e+00 -1.628935669e+02 -1.628935669e+02 -2.9362e+00 -2.6645e+00 +4.1318e+00 -4.5709e+00 -2.5785e-01 -1.2807e+00 -2.4043e+00 -2.4981e+00 +2.9058e+00 +6.6322e-01
9970 0 +3.781051001e+00 -1.630089490e+02 -1.630089490e+02 -2.7034e-01 +1.6570e+00 -3.9198e+00 -1.2593e+00 -2.9291e-02 -2.0716e+00 +2.3664e+00 +1.5326e+00 +2.1191e+00 +2.5527e+00
10560 0 +1.945833349e+00 -1.648441667e+02 -1.648441667e+02 -2.9362e+00 -2.6289e+00 +4.1368e+00 -4.5709e+00 -2.8686e-01 -1.2807e+00 -2.4043e+00 -2.4981e+00 +2.9058e+00 +6.6322e-01
19560 0 +1.651698435e+00 -1.651383016e+02 -1.651383016e+02 -2.9362e+00 -2.6289e+00 +4.1368e+00 -4.5709e+00 -3.0306e-01 -1.2605e+00 -2.4043e+00 -2.4981e+00 +2.8869e+00 +6.6322e-01
28336 0 +1.391400943e+00 -1.653985991e+02 -1.653985991e+02 +6.4207e-01 -7.5098e-01 +9.3710e-01 -2.1677e+00 -1.0749e+00 -1.5115e+00 +4.3911e+00 +8.5159e-01 -3.7721e+00 -1.2827e+00
28732 0 +1.275982600e+00 -1.655140174e+02 -1.655140174e+02 +2.0408e+00 -1.5465e+00 -4.6721e+00 -3.4581e+00 -3.9971e-01 +2.2232e+00 -4.5564e+00 +7.2836e-01 -8.0418e-01 -2.4216e+00
31686 0 +1.186259749e+00 -1.656037403e+02 -1.656037403e+02 +6.4207e-01 -7.5098e-01 +9.3710e-01 -2.1677e+00 -1.2187e+00 -1.5115e+00 +4.3911e+00 +8.2600e-01 -3.7721e+00 -1.2827e+00
31986 0 +1.109694258e+00 -1.656803057e+02 -1.656803057e+02 +6.4207e-01 -7.5098e-01 +9.3710e-01 -2.1677e+00 -1.2147e+00 -1.5115e+00 +4.3911e+00 +8.2600e-01 -3.7721e+00 -1.2827e+00
32386 0 +1.089534283e+00 -1.657004657e+02 -1.657004657e+02 +6.4207e-01 -7.5098e-01 +9.3710e-01 -2.1677e+00 -1.2147e+00 -1.5115e+00 +4.3911e+00 +8.2600e-01 -3.7721e+00 -1.2284e+00
40050 0 +1.089534283e+00 -1.657004657e+02 -1.657004657e+02 +6.4207e-01 -7.5098e-01 +9.3710e-01 -2.1677e+00 -1.2147e+00 -1.5115e+00 +4.3911e+00 +8.2600e-01 -3.7721e+00 -1.2284e+00
% f evaluations | g evaluations | best noise-free fitness - Fopt (1.000000000000e+03) + sum g_i+ | measured fitness | best measured fitness or single-digit g-values | x1 | x2...
1 0 +7.958172300e+01 +1.079581723e+03 +1.079581723e+03 +2.9654e+00 -3.1657e+00 +2.7969e+00 +9.6850e-01 -5.4167e-01 -4.0003e+00 -4.0751e-01 -1.6629e+00 -3.5713e+00 +1.5089e+00
3 0 +2.511548903e+01 +1.025115489e+03 +1.025115489e+03 -1.0014e+00 -4.5333e+00 +4.7376e+00 -2.6723e+00 -4.0939e+00 +1.1839e+00 -1.1754e+00 +4.8323e+00 -3.3237e-01 +3.5994e+00
48 0 +1.464102634e+01 +1.014641026e+03 +1.014641026e+03 +4.7790e+00 +5.6005e-01 -1.7731e+00 -4.5660e+00 +4.2464e+00 +4.1912e+00 -2.4701e+00 +1.9541e+00 -4.2457e+00 -3.3378e+00
1828 0 +1.182134467e+01 +1.011821345e+03 +1.011821345e+03 -1.6037e+00 +2.3929e+00 +3.3426e+00 -3.1869e+00 -3.3687e+00 +4.0780e-01 -3.4082e+00 -4.7939e-01 +1.0814e+00 +4.2504e+00
5560 0 +9.583432632e+00 +1.009583433e+03 +1.009583433e+03 +3.8234e+00 +1.9233e+00 +4.7688e+00 -2.5285e+00 -2.4303e+00 -1.0438e+00 -4.5064e+00 -6.0576e-01 -2.9621e+00 -3.4133e+00
5850 0 +6.115773680e+00 +1.006115774e+03 +1.006115774e+03 -3.3190e+00 -2.5080e+00 -1.4927e+00 -1.7033e+00 -1.3994e+00 +3.1692e+00 -4.6021e+00 +4.1365e+00 -8.4875e-01 +2.5961e+00
6350 0 +5.570960323e+00 +1.005570960e+03 +1.005570960e+03 -3.3190e+00 -2.4497e+00 -1.4526e+00 -1.6626e+00 -1.3994e+00 +3.1542e+00 -4.6021e+00 +4.1132e+00 -8.4875e-01 +2.6362e+00
9200 0 +4.630347923e+00 +1.004630348e+03 +1.004630348e+03 -3.3040e+00 -2.4143e+00 -1.4526e+00 -1.7082e+00 -1.3530e+00 +3.1363e+00 -4.6021e+00 +4.1426e+00 -9.1001e-01 +2.6583e+00
12000 0 +4.187433106e+00 +1.004187433e+03 +1.004187433e+03 -3.3040e+00 -2.4143e+00 -1.4526e+00 -1.7282e+00 -1.3530e+00 +3.1363e+00 -4.6021e+00 +4.1426e+00 -8.8739e-01 +2.6583e+00
15650 0 +3.972077378e+00 +1.003972077e+03 +1.003972077e+03 -3.3040e+00 -2.3277e+00 -1.3657e+00 -1.7282e+00 -1.3530e+00 +3.1363e+00 -4.6021e+00 +4.1426e+00 -8.8739e-01 +2.6583e+00
17700 0 +3.687559499e+00 +1.003687559e+03 +1.003687559e+03 -3.3040e+00 -2.3277e+00 -1.4089e+00 -1.7282e+00 -1.3530e+00 +3.1363e+00 -4.6021e+00 +4.1426e+00 -8.8739e-01 +2.6583e+00
18400 0 +3.134516947e+00 +1.003134517e+03 +1.003134517e+03 -3.3040e+00 -2.3062e+00 -1.4089e+00 -1.7282e+00 -1.3530e+00 +3.0781e+00 -4.6021e+00 +4.1426e+00 -8.8739e-01 +2.6583e+00
18450 0 +3.059443423e+00 +1.003059443e+03 +1.003059443e+03 -3.3040e+00 -2.3062e+00 -1.4089e+00 -1.7282e+00 -1.3530e+00 +3.0781e+00 -4.6021e+00 +4.1426e+00 -8.7690e-01 +2.6583e+00
20300 0 +2.960819437e+00 +1.002960819e+03 +1.002960819e+03 -3.3040e+00 -2.3062e+00 -1.4089e+00 -1.7282e+00 -1.3530e+00 +3.0781e+00 -4.6140e+00 +4.1426e+00 -8.7690e-01 +2.6583e+00
24100 0 +2.855613501e+00 +1.002855614e+03 +1.002855614e+03 -3.3040e+00 -2.3025e+00 -1.4089e+00 -1.7411e+00 -1.3530e+00 +3.0781e+00 -4.6095e+00 +4.1426e+00 -8.7690e-01 +2.6583e+00
38316 0 +2.718522591e+00 +1.002718523e+03 +1.002718523e+03 +1.3412e+00 +1.0717e+00 +3.1372e+00 +1.1885e+00 -3.1868e-01 +1.5033e+00 -3.7245e+00 -1.3925e+00 -8.5322e-03 +4.7622e+00
40050 0 +2.718522591e+00 +1.002718523e+03 +1.002718523e+03 +1.3412e+00 +1.0717e+00 +3.1372e+00 +1.1885e+00 -3.1868e-01 +1.5033e+00 -3.7245e+00 -1.3925e+00 -8.5322e-03 +4.7622e+00
% f evaluations | g evaluations | best noise-free fitness - Fopt (-1.847000000000e+01) + sum g_i+ | measured fitness | best measured fitness or single-digit g-values | x1 | x2...
1 0 +8.291677805e+01 +6.444677805e+01 +6.444677805e+01 +2.9654e+00 -3.1657e+00 +2.7969e+00 +9.6850e-01 -5.4167e-01 -4.0003e+00 -4.0751e-01 -1.6629e+00 -3.5713e+00 +1.5089e+00
3 0 +7.757151591e+01 +5.910151591e+01 +5.910151591e+01 -1.0014e+00 -4.5333e+00 +4.7376e+00 -2.6723e+00 -4.0939e+00 +1.1839e+00 -1.1754e+00 +4.8323e+00 -3.3237e-01 +3.5994e+00
4 0 +2.880639670e+01 +1.033639670e+01 +1.033639670e+01 +1.8031e+00 -4.9501e-01 -4.8674e+00 +4.4220e+00 +6.3288e-01 -1.1458e+00 -4.8403e+00 -2.6911e+00 -2.5897e+00 +1.8326e+00
210 0 +2.216595028e+01 +3.695950276e+00 +3.695950276e+00 +4.7171e+00 +3.4891e+00 -2.0520e+00 +1.3615e+00 -2.4788e-01 -4.9739e+00 +5.2200e-01 -2.9464e+00 -7.1316e-01 -4.1314e-01
531 0 +2.066454033e+01 +2.194540335e+00 +2.194540335e+00 -1.3605e+00 -9.9775e-01 +4.0689e+00 +7.8533e-01 +4.7705e+00 +4.9176e+00 -8.3569e-01 +4.9987e+00 -1.0542e+00 +3.6585e+00
628 0 +1.714947491e+01 -1.320525091e+00 -1.320525091e+00 +2.7982e-02 -1.0487e+00 +4.1059e+00 -3.4750e+00 -4.9482e+00 +3.1433e+00 -3.7322e+00 -1.7078e+00 +1.5276e+00 -3.5867e+00
1218 0 +1.574111228e+01 -2.728887724e+00 -2.728887724e+00 +1.6186e+00 +4.1397e+00 +4.5561e+00 -2.7799e+00 -2.0291e+00 -1.7289e+00 +1.7350e+00 -2.2234e+00 +3.3771e+00 +2.4778e+00
2820 0 +1.536392911e+01 -3.106070890e+00 -3.106070890e+00 +4.7245e+00 +6.0415e-01 +3.3134e+00 +2.8251e+00 -2.0349e+00 -2.4146e+00 -1.3873e+00 +4.6822e+00 -2.2367e-01 +4.8944e+00
2910 0 +1.194295227e+01 -6.527047726e+00 -6.527047726e+00 +4.7171e+00 +3.5773e+00 -2.1182e+00 +1.1976e+00 -4.0699e-01 -4.9391e+00 +5.2200e-01 -3.3477e+00 -7.1316e-01 -4.1314e-01
3541 0 +8.649376365e+00 -9.820623635e+00 -9.820623635e+00 +6.4487e-01 +1.9118e+00 +4.3911e+00 -1.7154e+00 -1.1979e+00 -3.7343e+00 +1.9421e+00 -4.5945e+00 -1.7279e+00 -1.4169e-01
4691 0 +7.593097182e+00 -1.087690282e+01 -1.087690282e+01 +5.9515e-01 +1.9118e+00 +4.3911e+00 -1.7154e+00 -1.1979e+00 -3.7343e+00 +1.9421e+00 -4.5945e+00 -1.7279e+00 -1.4169e-01
5170 0 +6.133262099e+00 -1.233673790e+01 -1.233673790e+01 +4.5151e+00 +3.6954e-01 +2.8793e+00 +2.8376e+00 -1.8786e+00 -1.9668e+00 -1.4122e+00 +4.5083e+00 +5.2578e-01 +4.8723e+00
5270 0 +5.676920718e+00 -1.279307928e+01 -1.279307928e+01 +4.5151e+00 +3.6954e-01 +2.8793e+00 +2.8376e+00 -1.9519e+00 -1.9668e+00 -1.4122e+00 +4.5083e+00 +5.1490e-01 +4.9252e+00
5520 0 +4.815730103e+00 -1.365426990e+01 -1.365426990e+01 +4.4901e+00 +3.6954e-01 +2.8793e+00 +2.8376e+00 -1.9519e+00 -1.9668e+00 -1.4122e+00 +4.5083e+00 +6.4343e-01 +4.9252e+00
5620 0 +3.317690111e+00 -1.515230989e+01 -1.515230989e+01 +4.4901e+00 +3.6954e-01 +2.8793e+00 +2.8376e+00 -1.9519e+00 -1.9668e+00 -1.5942e+00 +4.5083e+00 +6.4343e-01 +4.9252e+00
6370 0 +2.122755113e+00 -1.634724489e+01 -1.634724489e+01 +4.4901e+00 +3.6954e-01 +2.8793e+00 +2.8616e+00 -1.9519e+00 -1.9668e+00 -1.5942e+00 +4.5083e+00 +4.9729e-01 +4.9252e+00
15220 0 +2.082731305e+00 -1.638726870e+01 -1.638726870e+01 +4.4901e+00 +3.6954e-01 +2.8758e+00 +2.8616e+00 -1.9519e+00 -1.9668e+00 -1.5942e+00 +4.5083e+00 +4.9729e-01 +4.9331e+00
18070 0 +1.919301322e+00 -1.655069868e+01 -1.655069868e+01 +4.4901e+00 +3.6954e-01 +2.8758e+00 +2.8430e+00 -1.9519e+00 -1.9668e+00 -1.5942e+00 +4.5083e+00 +4.7801e-01 +4.9331e+00
20120 0 +1.552659879e+00 -1.691734012e+01 -1.691734012e+01 +4.4419e+00 +3.6954e-01 +2.8758e+00 +2.8430e+00 -1.9519e+00 -1.9668e+00 -1.7238e+00 +4.5083e+00 +4.7801e-01 +4.9331e+00
26770 0 +1.524928069e+00 -1.694507193e+01 -1.694507193e+01 +4.4419e+00 +3.6954e-01 +2.8718e+00 +2.8430e+00 -1.9519e+00 -1.9668e+00 -1.7238e+00 +4.5083e+00 +4.7801e-01 +4.9331e+00
32577 0 +1.329661431e+00 -1.714033857e+01 -1.714033857e+01 -5.9589e-01 -1.9750e+00 +6.9575e-02 +2.2457e-01 +2.7990e-02 -4.2912e+00 -2.7707e+00 +1.3608e+00 -1.8888e+00 +1.8011e+00
33377 0 +1.287377158e+00 -1.718262284e+01 -1.718262284e+01 -5.9589e-01 -1.9750e+00 +6.9575e-02 +2.2457e-01 +2.7990e-02 -4.2912e+00 -2.7707e+00 +1.2958e+00 -1.8888e+00 +1.8011e+00
36727 0 +1.164714871e+00 -1.730528513e+01 -1.730528513e+01 -5.9589e-01 -1.9750e+00 +6.9575e-02 +2.2457e-01 +2.7990e-02 -4.2912e+00 -2.7707e+00 +1.2958e+00 -1.9045e+00 +1.8011e+00
40050 0 +1.164714871e+00 -1.730528513e+01 -1.730528513e+01 -5.9589e-01 -1.9750e+00 +6.9575e-02 +2.2457e-01 +2.7990e-02 -4.2912e+00 -2.7707e+00 +1.2958e+00 -1.9045e+00 +1.8011e+00
% f evaluations | g evaluations | best noise-free fitness - Fopt (-5.971000000000e+01) + sum g_i+ | measured fitness | best measured fitness or single-digit g-values | x1 | x2...
1 0 +9.376166759e+01 +3.405166759e+01 +3.405166759e+01 +2.9654e+00 -3.1657e+00 +2.7969e+00 +9.6850e-01 -5.4167e-01 -4.0003e+00 -4.0751e-01 -1.6629e+00 -3.5713e+00 +1.5089e+00
3 0 +6.845176595e+01 +8.741765946e+00 +8.741765946e+00 -1.0014e+00 -4.5333e+00 +4.7376e+00 -2.6723e+00 -4.0939e+00 +1.1839e+00 -1.1754e+00 +4.8323e+00 -3.3237e-01 +3.5994e+00
4 0 +3.457168774e+01 -2.513831226e+01 -2.513831226e+01 +1.8031e+00 -4.9501e-01 -4.8674e+00 +4.4220e+00 +6.3288e-01 -1.1458e+00 -4.8403e+00 -2.6911e+00 -2.5897e+00 +1.8326e+00
24 0 +2.762948079e+01 -3.208051921e+01 -3.208051921e+01 -1.4992e+00 +1.4510e+00 +1.6892e+00 +3.6417e+00 -2.6981e+00 -8.0662e-03 +7.2004e-01 +2.6855e+00 -4.5640e+00 +4.9455e+00
25 0 +2.558811695e+01 -3.412188305e+01 -3.412188305e+01 -3.0055e-01 -2.2044e+00 +3.8349e+00 +2.4772e+00 +4.5307e+00 -1.6925e+00 +5.2765e-01 +7.2292e-01 +4.8033e+00 -4.2465e+00
526 0 +2.370547741e+01 -3.600452259e+01 -3.600452259e+01 -1.9430e+00 -4.9593e+00 +2.3420e-01 -1.0050e+00 -1.2731e+00 +1.9431e+00 +3.4421e+00 +1.0595e+00 -3.5249e+00 +5.3294e-01
672 0 +2.051712402e+01 -3.919287598e+01 -3.919287598e+01 +1.0819e+00 +4.8283e+00 +2.5293e+00 +6.4758e-01 -1.7871e+00 +2.1155e-01 -2.6494e+00 -4.6788e+00 +2.7788e-01 +1.6948e+00
1428 0 +2.018067304e+01 -3.952932696e+01 -3.952932696e+01 +1.8968e+00 -4.5890e+00 +4.5393e+00 +2.6290e+00 +1.1800e+00 +8.5759e-01 -1.1074e+00 -1.8588e-01 +1.0781e+00 -4.4923e+00
2259 0 +1.746572861e+01 -4.224427139e+01 -4.224427139e+01 +1.2503e+00 +2.8452e+00 +1.2412e+00 -2.0903e-02 +3.0180e+00 -1.1367e+00 +2.3071e+00 -2.7624e+00 +1.0952e+00 -2.6810e+00
2359 0 +1.696656921e+01 -4.274343079e+01 -4.274343079e+01 +1.2503e+00 +2.8452e+00 +1.2412e+00 -5.6587e-02 +3.0180e+00 -1.1367e+00 +2.3071e+00 -2.7624e+00 +1.0952e+00 -2.6810e+00
2459 0 +1.435824150e+01 -4.535175850e+01 -4.535175850e+01 +1.2503e+00 +2.8452e+00 +1.2412e+00 -5.6587e-02 +3.4312e+00 -1.1367e+00 +2.3071e+00 -2.7624e+00 +1.0952e+00 -2.6810e+00
2976 0 +1.344020994e+01 -4.626979006e+01 -4.626979006e+01 -1.9430e+00 -4.9910e+00 +1.5409e-01 -6.0400e-01 -8.2508e-01 +1.9431e+00 +3.4421e+00 +6.6104e-01 -3.8993e+00 +5.2920e-01
3109 0 +1.114431895e+01 -4.856568105e+01 -4.856568105e+01 +1.8036e+00 +2.8452e+00 +1.2412e+00 -5.6587e-02 +3.4312e+00 -1.1367e+00 +2.3071e+00 -2.7624e+00 +1.0952e+00 -2.6810e+00
3654 0 +9.524239231e+00 -5.018576077e+01 -5.018576077e+01 +3.0836e+00 +2.1522e-01 -3.9464e+00 +4.4220e+00 +2.8099e+00 +1.2102e+00 +3.8416e+00 -2.9234e+00 +4.9418e+00 +3.8213e-01
3854 0 +8.723580981e+00 -5.098641902e+01 -5.098641902e+01 +3.0836e+00 +2.1522e-01 -3.9464e+00 +4.4220e+00 +2.8099e+00 +1.2102e+00 +3.8416e+00 -2.9234e+00 +4.9418e+00 +5.0413e-01
5345 0 +5.786272923e+00 -5.392372708e+01 -5.392372708e+01 +6.4573e-02 +8.1305e-01 +1.1666e+00 +4.7513e+00 -4.2759e-01 +3.5594e-01 +9.7174e-01 -2.8435e+00 +1.5689e+00 -1.8333e-01
7495 0 +5.691150865e+00 -5.401884914e+01 -5.401884914e+01 +6.4573e-02 +8.1305e-01 +1.1666e+00 +4.7513e+00 -4.2759e-01 +3.5594e-01 +9.7174e-01 -2.8435e+00 +1.5205e+00 -1.8333e-01
8845 0 +5.564054501e+00 -5.414594550e+01 -5.414594550e+01 +6.4573e-02 +8.1305e-01 +1.1666e+00 +4.7513e+00 -4.2759e-01 +3.5594e-01 +9.8356e-01 -2.8435e+00 +1.5205e+00 -1.8333e-01
8945 0 +5.078779116e+00 -5.463122088e+01 -5.463122088e+01 +6.4573e-02 +8.1305e-01 +1.1666e+00 +4.7513e+00 -4.2759e-01 +3.5594e-01 +9.8356e-01 -2.7984e+00 +1.5205e+00 -1.8333e-01
9697 0 +4.035251240e+00 -5.567474876e+01 -5.567474876e+01 -2.7639e+00 +3.5024e+00 +4.7680e+00 -4.5311e+00 -3.5024e+00 +2.4247e+00 +8.8855e-01 -6.7058e-01 -9.3982e-01 -4.4638e+00
11097 0 +3.857139123e+00 -5.585286088e+01 -5.585286088e+01 -2.7639e+00 +3.5024e+00 +4.7680e+00 -4.5311e+00 -3.5024e+00 +2.4247e+00 +8.8855e-01 -6.7058e-01 -9.3982e-01 -4.4667e+00
12197 0 +3.161606544e+00 -5.654839346e+01 -5.654839346e+01 -2.7427e+00 +3.5024e+00 +4.7680e+00 -4.5311e+00 -3.5487e+00 +2.4247e+00 +8.8855e-01 -6.7058e-01 -9.5137e-01 -4.4667e+00
12797 0 +2.413975909e+00 -5.729602409e+01 -5.729602409e+01 -2.7427e+00 +3.5024e+00 +4.7184e+00 -4.5311e+00 -3.5487e+00 +2.4273e+00 +8.1193e-01 -6.7058e-01 -9.5137e-01 -4.4667e+00
32397 0 +2.269704365e+00 -5.744029564e+01 -5.744029564e+01 -2.7427e+00 +3.4093e+00 +4.7184e+00 -4.5311e+00 -3.5487e+00 +2.4273e+00 +8.1193e-01 -6.7058e-01 -9.5137e-01 -4.4667e+00
35647 0 +2.163988583e+00 -5.754601142e+01 -5.754601142e+01 -2.7427e+00 +3.4093e+00 +4.7184e+00 -4.5311e+00 -3.5487e+00 +2.4273e+00 +8.8187e-01 -6.6522e-01 -9.5137e-01 -4.4667e+00
36047 0 +1.521580035e+00 -5.818841997e+01 -5.818841997e+01 -2.7427e+00 +3.4093e+00 +4.7184e+00 -4.5311e+00 -3.5487e+00 +2.4572e+00 +8.8187e-01 -6.6522e-01 -9.5137e-01 -4.4667e+00
37497 0 +1.435042595e+00 -5.827495741e+01 -5.827495741e+01 -2.7427e+00 +3.4093e+00 +4.7288e+00 -4.5311e+00 -3.5487e+00 +2.4572e+00 +8.8187e-01 -6.6522e-01 -9.5137e-01 -4.4667e+00
39497 0 +1.411874585e+00 -5.829812542e+01 -5.829812542e+01 -2.7427e+00 +3.4093e+00 +4.7288e+00 -4.5308e+00 -3.5487e+00 +2.4572e+00 +8.8187e-01 -6.6522e-01 -9.5137e-01 -4.4667e+00
39697 0 +1.305748040e+00 -5.840425196e+01 -5.840425196e+01 -2.7427e+00 +3.4093e+00 +4.7288e+00 -4.5308e+00 -3.5487e+00 +2.4572e+00 +8.8187e-01 -6.1692e-01 -9.5137e-01 -4.5166e+00
40050 0 +1.305748040e+00 -5.840425196e+01 -5.840425196e+01 -2.7427e+00 +3.4093e+00 +4.7288e+00 -4.5308e+00 -3.5487e+00 +2.4572e+00 +8.8187e-01 -6.1692e-01 -9.5137e-01 -4.5166e+00
% f evaluations | g evaluations | best noise-free fitness - Fopt (-9.684000000000e+01) + sum g_i+ | measured fitness | best measured fitness or single-digit g-values | x1 | x2...
1 0 +7.280166170e+01 -2.403833830e+01 -2.403833830e+01 +2.9654e+00 -3.1657e+00 +2.7969e+00 +9.6850e-01 -5.4167e-01 -4.0003e+00 -4.0751e-01 -1.6629e+00 -3.5713e+00 +1.5089e+00
2 0 +5.853650086e+01 -3.830349914e+01 -3.830349914e+01 -4.4359e+00 +2.2200e+00 +4.3855e+00 -4.9922e+00 +4.9221e+00 +1.1748e+00 +1.1165e+00 -4.9293e+00 -4.7694e+00 +2.4775e-01
6 0 +5.471228244e+01 -4.212771756e+01 -4.212771756e+01 +3.4228e+00 -5.0246e-01 -1.0485e+00 +4.2666e+00 +2.2727e+00 -1.7346e+00 +7.0444e-01 +2.0834e-01 +4.6117e+00 +3.4453e+00
10 0 +4.896293143e+01 -4.787706857e+01 -4.787706857e+01 +4.7171e+00 +3.4891e+00 +2.2173e+00 -2.6402e+00 -2.4393e+00 -4.5957e+00 +2.1066e+00 -3.8911e+00 -6.0663e-01 -2.9828e+00
51 0 +3.537951224e+01 -6.146048776e+01 -6.146048776e+01 +3.4207e+00 -3.1657e+00 +2.7969e+00 +9.6850e-01 -2.1696e+00 -4.0003e+00 -4.0751e-01 -1.8225e+00 -1.9138e+00 +1.5089e+00
56 0 +3.385544649e+01 -6.298455351e+01 -6.298455351e+01 +9.5499e-01 -4.9120e+00 -1.0485e+00 +1.6379e+00 -8.1089e-01 -1.7346e+00 +4.8046e+00 +2.0834e-01 +4.6117e+00 +3.4453e+00
57 0 +2.440965157e+01 -7.243034843e+01 -7.243034843e+01 +2.4433e+00 +3.9692e-01 +4.1091e+00 +4.6526e+00 +1.0703e+00 -2.2400e+00 -2.0373e+00 -3.3473e+00 -6.4461e-01 -2.0937e+00
300 0 +2.225450502e+01 -7.458549498e+01 -7.458549498e+01 +4.8801e+00 +2.5927e+00 -3.9757e+00 -2.4703e+00 -1.2454e-01 +4.9228e+00 +4.8822e+00 -4.1982e+00 +4.3700e+00 +4.3873e+00
755 0 +1.548495941e+01 -8.135504059e+01 -8.135504059e+01 +4.4531e+00 +3.8958e+00 +3.2128e+00 +4.9247e+00 -3.8219e+00 +4.7174e+00 -2.7191e+00 -2.3409e+00 -2.4074e+00 -3.1949e+00
2469 0 +1.444949894e+01 -8.239050106e+01 -8.239050106e+01 +4.6439e+00 +2.4585e+00 +3.5706e+00 +1.1702e+00 -3.4444e+00 -1.6804e+00 +4.9968e+00 -2.6650e+00 +3.1573e+00 +1.1251e+00
2952 0 +1.376593628e+01 -8.307406372e+01 -8.307406372e+01 +3.7827e+00 +3.6997e+00 -4.7110e+00 -2.1183e+00 +7.0339e-01 +1.6280e+00 +4.1590e+00 -4.4676e+00 +9.0895e-01 +3.3637e+00
4327 0 +8.133490324e+00 -8.870650968e+01 -8.870650968e+01 +1.3715e+00 -3.2280e+00 -1.1391e+00 -3.3564e+00 -4.7591e-01 +3.7542e+00 -1.8008e+00 -2.4002e+00 +3.0980e+00 -3.1964e+00
5877 0 +7.918715503e+00 -8.892128450e+01 -8.892128450e+01 +1.3715e+00 -3.2280e+00 -1.1391e+00 -3.3962e+00 -4.7591e-01 +3.7542e+00 -1.8008e+00 -2.3843e+00 +3.0980e+00 -3.1964e+00
7028 0 +7.612839682e+00 -8.922716032e+01 -8.922716032e+01 +4.8359e+00 +3.4109e+00 +3.0293e+00 +4.8095e+00 -3.6979e+00 +4.7761e+00 -2.6143e+00 -2.1960e+00 -2.2030e+00 -3.2701e+00
7678 0 +6.828909152e+00 -9.001109085e+01 -9.001109085e+01 +4.8564e+00 +3.4109e+00 +2.8494e+00 +4.8095e+00 -3.6979e+00 +4.7761e+00 -2.6143e+00 -2.1960e+00 -1.9775e+00 -3.2701e+00
7778 0 +5.001745215e+00 -9.183825479e+01 -9.183825479e+01 +4.8564e+00 +3.4076e+00 +2.8494e+00 +4.8095e+00 -3.9163e+00 +4.8436e+00 -2.6143e+00 -2.1960e+00 -1.9775e+00 -3.2701e+00
9778 0 +4.394107333e+00 -9.244589267e+01 -9.244589267e+01 +4.8373e+00 +3.4076e+00 +2.8744e+00 +4.8095e+00 -3.9163e+00 +4.8436e+00 -2.6523e+00 -2.1886e+00 -1.9960e+00 -3.2681e+00
10728 0 +3.966450044e+00 -9.287354996e+01 -9.287354996e+01 +4.8373e+00 +3.4076e+00 +2.8744e+00 +4.8095e+00 -3.9163e+00 +4.8436e+00 -2.6523e+00 -2.1635e+00 -1.9960e+00 -3.2654e+00
12828 0 +3.460950827e+00 -9.337904917e+01 -9.337904917e+01 +4.8373e+00 +3.4076e+00 +2.8744e+00 +4.8095e+00 -3.9163e+00 +4.8436e+00 -2.6523e+00 -2.1635e+00 -1.9960e+00 -3.3200e+00
13910 0 +3.305761421e+00 -9.353423858e+01 -9.353423858e+01 +4.8865e+00 +2.6521e+00 +1.5085e+00 +3.5787e-01 -2.8901e+00 -4.0930e+00 +2.1203e+00 -2.9896e+00 -2.5539e+00 -2.8485e+00
14978 0 +2.935777313e+00 -9.390422269e+01 -9.390422269e+01 +4.8373e+00 +3.4076e+00 +2.8744e+00 +4.8095e+00 -3.8959e+00 +4.8801e+00 -2.6523e+00 -2.1635e+00 -1.9960e+00 -3.3200e+00
18778 0 +2.369824976e+00 -9.447017502e+01 -9.447017502e+01 +4.8373e+00 +3.4076e+00 +2.8744e+00 +4.9030e+00 -3.8959e+00 +4.8801e+00 -2.6523e+00 -2.1635e+00 -1.9960e+00 -3.3200e+00
22228 0 +2.294973568e+00 -9.454502643e+01 -9.454502643e+01 +4.8373e+00 +3.4076e+00 +2.8744e+00 +4.9030e+00 -3.8982e+00 +4.8801e+00 -2.6523e+00 -2.1635e+00 -1.9960e+00 -3.3200e+00
36710 0 +2.276319850e+00 -9.456368015e+01 -9.456368015e+01 +4.8325e+00 +2.6140e+00 +1.5496e+00 +3.4304e-01 -2.9509e+00 -4.0930e+00 +2.1203e+00 -3.0063e+00 -2.5539e+00 -2.8292e+00
40050 0 +2.276319850e+00 -9.456368015e+01 -9.456368015e+01 +4.8325e+00 +2.6140e+00 +1.5496e+00 +3.4304e-01 -2.9509e+00 -4.0930e+00 +2.1203e+00 -3.0063e+00 -2.5539e+00 -2.8292e+00
% f evaluations | g evaluations | best noise-free fitness - Fopt (3.207000000000e+01) + sum g_i+ | measured fitness | best measured fitness or single-digit g-values | x1 | x2...
1 0 +7.103664101e+01 +1.031066410e+02 +1.031066410e+02 +2.9654e+00 -3.1657e+00 +2.7969e+00 +9.6850e-01 -5.4167e-01 -4.0003e+00 -4.0751e-01 -1.6629e+00 -3.5713e+00 +1.5089e+00
2 0 +5.599248792e+01 +8.806248792e+01 +8.806248792e+01 -4.4359e+00 +2.2200e+00 +4.3855e+00 -4.9922e+00 +4.9221e+00 +1.1748e+00 +1.1165e+00 -4.9293e+00 -4.7694e+00 +2.4775e-01
10 0 +5.172694223e+01 +8.379694223e+01 +8.379694223e+01 +4.7171e+00 +3.4891e+00 +2.2173e+00 -2.6402e+00 -2.4393e+00 -4.5957e+00 +2.1066e+00 -3.8911e+00 -6.0663e-01 -2.9828e+00
18 0 +4.680900066e+01 +7.887900066e+01 +7.887900066e+01 -2.7976e+00 +2.1115e+00 +3.0950e+00 -1.5133e+00 -4.0382e+00 +4.4052e+00 -1.0243e+00 +1.7751e-01 +3.3771e+00 +1.7569e+00
23 0 +3.862887763e+01 +7.069887763e+01 +7.069887763e+01 -1.9194e+00 +4.2540e-01 +8.8141e-02 +1.3633e+00 -2.4954e+00 +8.9871e-01 +4.7889e+00 -1.3258e-01 +4.0610e+00 -6.5606e-01
25 0 +3.434808407e+01 +6.641808407e+01 +6.641808407e+01 -3.0055e-01 -2.2044e+00 +3.8349e+00 +2.4772e+00 +4.5307e+00 -1.6925e+00 +5.2765e-01 +7.2292e-01 +4.8033e+00 -4.2465e+00
37 0 +3.348126739e+01 +6.555126739e+01 +6.555126739e+01 +7.3367e-01 -3.7150e+00 +3.1120e+00 +3.2064e+00 +1.2594e+00 +3.2043e+00 +1.5148e+00 -2.9332e+00 -2.2604e+00 -2.8541e+00
41 0 +2.735956824e+01 +5.942956824e+01 +5.942956824e+01 -1.2227e+00 +3.4327e-01 -3.4388e-02 -1.1038e+00 -2.0236e+00 -4.0002e+00 -4.4651e+00 +4.5854e+00 +3.4714e+00 -1.4509e+00
240 0 +2.479063613e+01 +5.686063613e+01 +5.686063613e+01 +2.2247e+00 -3.3822e+00 -3.3610e+00 -3.9521e+00 -5.8575e-01 +1.5453e+00 +4.2845e+00 +1.5583e+00 -4.6517e+00 -3.7384e+00
260 0 +2.168197181e+01 +5.375197181e+01 +5.375197181e+01 +3.2270e+00 +3.4891e+00 +3.4049e+00 -2.6402e+00 +2.8771e+00 -4.2030e+00 +1.1835e+00 -3.6937e+00 +8.0215e-01 -7.7211e-01
512 0 +2.044388785e+01 +5.251388785e+01 +5.251388785e+01 +2.1201e+00 -3.9905e+00 -4.5374e+00 +4.4746e+00 +4.8186e+00 -4.7088e+00 -1.1111e+00 -6.6291e-01 -2.9983e+00 -1.7565e+00
815 0 +1.756229203e+01 +4.963229203e+01 +4.963229203e+01 -7.0798e-02 -1.1788e-01 -5.2384e-01 +3.4963e-01 +1.4757e+00 -2.6861e+00 -4.9370e+00 -6.6646e-02 -1.9867e+00 -2.2248e+00
993 0 +1.359511626e+01 +4.566511626e+01 +4.566511626e+01 +2.4375e+00 -3.9295e+00 +4.3093e+00 +3.6348e-01 +7.0474e-01 -3.9654e+00 -4.6676e+00 +4.4082e+00 +3.5379e+00 -7.7736e-01
1494 0 +1.156152032e+01 +4.363152032e+01 +4.363152032e+01 +2.2959e+00 +2.2370e+00 +4.8447e+00 -1.1366e+00 -1.3866e+00 -2.8369e+00 -1.4446e+00 +4.4853e+00 -3.1301e+00 -4.0465e+00
2344 0 +1.053983343e+01 +4.260983343e+01 +4.260983343e+01 +2.2959e+00 +2.2370e+00 +4.8447e+00 -1.1366e+00 -1.3633e+00 -2.8369e+00 -1.4910e+00 +4.4853e+00 -3.1301e+00 -3.4973e+00
2594 0 +9.922940830e+00 +4.199294083e+01 +4.199294083e+01 +2.2959e+00 +2.1902e+00 +4.6988e+00 -1.1366e+00 -1.5308e+00 -2.8369e+00 -1.4910e+00 +4.4853e+00 -3.1301e+00 -3.4973e+00
2894 0 +7.182692814e+00 +3.925269281e+01 +3.925269281e+01 +2.2959e+00 +2.1902e+00 +4.6988e+00 -1.1366e+00 -1.5308e+00 -2.8369e+00 -1.4910e+00 +4.2995e+00 -3.1301e+00 -3.6160e+00
6696 0 +6.944170098e+00 +3.901417010e+01 +3.901417010e+01 +1.0005e+00 -1.9071e+00 +1.1402e+00 -3.5123e+00 -3.0986e-01 -1.6310e-01 -1.1243e+00 +1.3014e+00 +5.8594e-01 -7.9474e-01
6742 0 +6.553021153e+00 +3.862302115e+01 +3.862302115e+01 -1.5500e+00 -2.5720e+00 +1.1441e+00 +4.7178e+00 +3.0378e+00 -2.6486e+00 +1.0774e+00 +1.2053e+00 -3.3657e+00 -4.9937e+00
6894 0 +6.369215759e+00 +3.843921576e+01 +3.843921576e+01 +2.1273e+00 +2.1902e+00 +4.6988e+00 -1.1366e+00 -1.5308e+00 -2.8369e+00 -1.4910e+00 +4.2995e+00 -3.1301e+00 -3.6160e+00
7094 0 +6.121550267e+00 +3.819155027e+01 +3.819155027e+01 +2.1273e+00 +2.1902e+00 +4.6988e+00 -1.1366e+00 -1.7300e+00 -2.8369e+00 -1.4910e+00 +4.2446e+00 -3.1301e+00 -3.6160e+00
11094 0 +5.824795752e+00 +3.789479575e+01 +3.789479575e+01 +2.1840e+00 +2.1902e+00 +4.6988e+00 -1.1366e+00 -1.6577e+00 -2.8369e+00 -1.4910e+00 +4.2446e+00 -3.0808e+00 -3.6160e+00
11353 0 +5.400957934e+00 +3.747095793e+01 +3.747095793e+01 +4.6886e+00 -4.4037e+00 -3.0514e+00 -2.4865e+00 +2.8783e+00 +1.2180e+00 +4.3528e+00 +3.8365e+00 -9.1472e-01 +3.1767e+00
16126 0 +5.078848234e+00 +3.714884823e+01 +3.714884823e+01 +4.2185e+00 -1.1958e+00 -4.6182e-01 +3.7921e-01 +4.3324e+00 +6.0048e-01 +2.2077e+00 +3.2774e-01 +2.8369e-01 -1.4227e-01
18426 0 +4.907929614e+00 +3.697792961e+01 +3.697792961e+01 +4.2142e+00 -1.1958e+00 -4.6182e-01 +3.7921e-01 +4.3324e+00 +6.0048e-01 +2.2077e+00 +3.2774e-01 +2.8369e-01 -1.4227e-01
19790 0 +4.236908561e+00 +3.630690856e+01 +3.630690856e+01 +1.9655e+00 -3.4163e+00 -2.7318e+00 -3.9052e+00 -1.9902e+00 +1.4933e+00 +4.2584e+00 +1.0580e+00 -4.7733e+00 -3.6907e+00
20640 0 +3.598570891e+00 +3.566857089e+01 +3.566857089e+01 +1.9655e+00 -3.4163e+00 -2.7318e+00 -3.9052e+00 -1.9902e+00 +1.4933e+00 +4.2584e+00 +1.0580e+00 -4.7733e+00 -3.7319e+00
23740 0 +3.244155003e+00 +3.531415500e+01 +3.531415500e+01 +1.9655e+00 -3.4163e+00 -2.7318e+00 -3.9052e+00 -1.9902e+00 +1.4933e+00 +4.2584e+00 +1.0580e+00 -4.7925e+00 -3.7319e+00
24440 0 +2.654630580e+00 +3.472463058e+01 +3.472463058e+01 +1.9655e+00 -3.4163e+00 -2.7318e+00 -3.9052e+00 -1.9902e+00 +1.4933e+00 +4.2584e+00 +8.8829e-01 -4.7925e+00 -3.7319e+00
24690 0 +2.482553410e+00 +3.455255341e+01 +3.455255341e+01 +1.9655e+00 -3.3531e+00 -2.7318e+00 -3.9052e+00 -1.9902e+00 +1.4933e+00 +4.2584e+00 +8.8829e-01 -4.7808e+00 -3.7319e+00
24840 0 +2.248316626e+00 +3.431831663e+01 +3.431831663e+01 +1.9655e+00 -3.3531e+00 -2.7318e+00 -3.9052e+00 -2.0062e+00 +1.4933e+00 +4.2584e+00 +8.8829e-01 -4.7808e+00 -3.7164e+00
27340 0 +2.100213373e+00 +3.417021337e+01 +3.417021337e+01 +1.9655e+00 -3.3768e+00 -2.7318e+00 -3.9052e+00 -2.0062e+00 +1.4933e+00 +4.2619e+00 +8.8829e-01 -4.7808e+00 -3.7164e+00
27990 0 +1.744392489e+00 +3.381439249e+01 +3.381439249e+01 +1.9655e+00 -3.3768e+00 -2.7318e+00 -3.9052e+00 -2.0362e+00 +1.4933e+00 +4.2619e+00 +8.8829e-01 -4.7415e+00 -3.6755e+00
35840 0 +1.704202587e+00 +3.377420259e+01 +3.377420259e+01 +1.9655e+00 -3.3768e+00 -2.7318e+00 -3.9052e+00 -2.0362e+00 +1.5051e+00 +4.2619e+00 +8.8829e-01 -4.7415e+00 -3.6755e+00
40050 0 +1.704202587e+00 +3.377420259e+01 +3.377420259e+01 +1.9655e+00 -3.3768e+00 -2.7318e+00 -3.9052e+00 -2.0362e+00 +1.5051e+00 +4.2619e+00 +8.8829e-01 -4.7415e+00 -3.6755e+00
% f evaluations | g evaluations | best noise-free fitness - Fopt (2.624000000000e+01) + sum g_i+ | measured fitness | best measured fitness or single-digit g-values | x1 | x2...
1 0 +7.470844187e+01 +1.009484419e+02 +1.009484419e+02 +2.9654e+00 -3.1657e+00 +2.7969e+00 +9.6850e-01 -5.4167e-01 -4.0003e+00 -4.0751e-01 -1.6629e+00 -3.5713e+00 +1.5089e+00
2 0 +3.086039709e+01 +5.710039709e+01 +5.710039709e+01 -4.4359e+00 +2.2200e+00 +4.3855e+00 -4.9922e+00 +4.9221e+00 +1.1748e+00 +1.1165e+00 -4.9293e+00 -4.7694e+00 +2.4775e-01
57 0 +1.919298398e+01 +4.543298398e+01 +4.543298398e+01 +4.5035e+00 +3.9692e-01 +4.8359e+00 +4.6526e+00 +1.0703e+00 -2.2400e+00 -2.0373e+00 -3.3473e+00 -5.4359e-01 -2.9230e+00
631 0 +1.877434622e+01 +4.501434622e+01 +4.501434622e+01 -3.2806e+00 -8.8646e-01 -4.2523e+00 +2.5136e+00 -8.1337e-01 -4.0340e+00 -3.2556e+00 -4.1713e+00 +4.8595e+00 -7.9731e-01
1565 0 +1.839376017e+01 +4.463376017e+01 +4.463376017e+01 +2.1137e+00 -3.9072e+00 -2.1583e+00 +1.4126e+00 +3.1458e+00 -3.6505e+00 +2.0455e-01 -3.8724e+00 -1.7820e+00 +1.1376e+00
1601 0 +1.572072506e+01 +4.196072506e+01 +4.196072506e+01 +3.7740e+00 -1.1870e+00 -3.4148e+00 +1.8249e+00 +1.2645e+00 +1.1632e+00 -2.1720e-01 -4.8577e+00 -2.1245e-01 +3.6106e-01
1776 0 +1.532136260e+01 +4.156136260e+01 +4.156136260e+01 -1.9430e+00 -7.2051e-01 -2.5944e+00 -1.4720e-01 -1.2731e+00 +3.4902e+00 +4.3564e-01 +4.3002e+00 -4.1061e+00 -1.5275e+00
1943 0 +1.241851046e+01 +3.865851046e+01 +3.865851046e+01 +4.2064e+00 -4.8582e+00 -1.1612e+00 +4.4793e+00 +3.2289e+00 -2.8365e+00 +3.5894e+00 -3.5161e+00 -3.6395e+00 +4.6865e+00
2585 0 +1.182191013e+01 +3.806191013e+01 +3.806191013e+01 +4.0547e+00 +1.2943e+00 +3.0788e+00 +1.4977e+00 -1.4129e+00 +2.6779e+00 +1.8967e-01 -4.6976e+00 -4.9211e+00 -1.9533e+00
3201 0 +9.945138310e+00 +3.618513831e+01 +3.618513831e+01 +3.6820e+00 -1.1870e+00 -3.7119e+00 +1.8249e+00 +1.2645e+00 +4.1697e-01 -4.6989e-01 -4.9614e+00 -2.1245e-01 +3.6106e-01
4151 0 +8.770538591e+00 +3.501053859e+01 +3.501053859e+01 +3.6820e+00 -1.1870e+00 -3.7119e+00 +1.8249e+00 +1.2645e+00 +4.1697e-01 -4.6989e-01 -4.9614e+00 -2.1245e-01 +4.1317e-01
4650 0 +6.653176160e+00 +3.289317616e+01 +3.289317616e+01 -1.2377e+00 -4.6479e+00 -2.5015e-01 +3.0086e+00 -1.5421e-01 +7.2270e-01 -1.6937e+00 -1.8777e+00 -2.6068e-01 +4.9959e-01
5074 0 +5.900981398e+00 +3.214098140e+01 +3.214098140e+01 +3.6968e+00 +2.2055e+00 -2.5550e+00 +4.2700e+00 -2.0551e+00 -7.8542e-01 +1.5154e+00 -3.6357e+00 -4.9881e+00 +4.9455e+00
5100 0 +5.383069043e+00 +3.162306904e+01 +3.162306904e+01 -1.2377e+00 -4.6479e+00 -2.5015e-01 +3.0086e+00 -1.5421e-01 +7.6340e-01 -1.6723e+00 -1.8777e+00 -2.6068e-01 +4.9959e-01
7250 0 +4.361784928e+00 +3.060178493e+01 +3.060178493e+01 -1.2377e+00 -4.6479e+00 -2.5015e-01 +3.0166e+00 -1.5421e-01 +7.6340e-01 -1.6723e+00 -1.8777e+00 -2.6068e-01 +3.9001e-01
10050 0 +3.507313376e+00 +2.974731338e+01 +2.974731338e+01 -1.2377e+00 -4.6479e+00 -2.5015e-01 +2.9665e+00 -1.5421e-01 +7.6340e-01 -1.6723e+00 -1.8777e+00 -2.6068e-01 +3.9001e-01
11798 0 +2.703094960e+00 +2.894309496e+01 +2.894309496e+01 -1.5042e+00 +3.5227e+00 +3.1045e+00 -4.0502e+00 +4.1240e+00 -4.4481e+00 +2.2815e-01 -2.0336e+00 -3.4463e+00 -4.4801e-01
16550 0 +2.633373876e+00 +2.887337388e+01 +2.887337388e+01 -1.2377e+00 -4.6479e+00 -2.5015e-01 +2.8910e+00 -1.5421e-01 +8.3460e-01 -1.6368e+00 -1.8602e+00 -2.6068e-01 +3.9001e-01
22250 0 +2.582286425e+00 +2.882228642e+01 +2.882228642e+01 -1.2377e+00 -4.6479e+00 -2.7671e-01 +2.8910e+00 -1.9121e-01 +8.3460e-01 -1.6368e+00 -1.8602e+00 -2.6068e-01 +3.9001e-01
24200 0 +2.123500243e+00 +2.836350024e+01 +2.836350024e+01 -1.2377e+00 -4.6479e+00 -2.7671e-01 +2.8910e+00 -1.9121e-01 +7.5402e-01 -1.6368e+00 -1.8602e+00 -2.6068e-01 +3.9001e-01
39148 0 +1.928332468e+00 +2.816833247e+01 +2.816833247e+01 -1.5042e+00 +3.5570e+00 +3.0892e+00 -4.3156e+00 +4.0702e+00 -4.6769e+00 +3.6505e-01 -2.0190e+00 -3.4899e+00 -4.4801e-01
40050 0 +1.928332468e+00 +2.816833247e+01 +2.816833247e+01 -1.5042e+00 +3.5570e+00 +3.0892e+00 -4.3156e+00 +4.0702e+00 -4.6769e+00 +3.6505e-01 -2.0190e+00 -3.4899e+00 -4.4801e-01
% f evaluations | g evaluations | best noise-free fitness - Fopt (-1.610000000000e+01) + sum g_i+ | measured fitness | best measured fitness or single-digit g-values | x1 | x2...
1 0 +7.378234519e+01 +5.768234519e+01 +5.768234519e+01 +2.9654e+00 -3.1657e+00 +2.7969e+00 +9.6850e-01 -5.4167e-01 -4.0003e+00 -4.0751e-01 -1.6629e+00 -3.5713e+00 +1.5089e+00
2 0 +6.920263062e+01 +5.310263062e+01 +5.310263062e+01 -4.4359e+00 +2.2200e+00 +4.3855e+00 -4.9922e+00 +4.9221e+00 +1.1748e+00 +1.1165e+00 -4.9293e+00 -4.7694e+00 +2.4775e-01
11 0 +4.685753867e+01 +3.075753867e+01 +3.075753867e+01 +3.9576e+00 -2.4630e-01 +6.3276e-01 +1.9552e+00 -3.6067e+00 +1.0442e+00 +3.9841e-01 -2.9694e+00 +4.4285e+00 +9.8865e-01
28 0 +3.734964186e+01 +2.124964186e+01 +2.124964186e+01 -8.0219e-01 -2.4379e+00 +1.1151e+00 -4.1841e+00 -4.9482e+00 +1.2789e+00 -3.0573e+00 -4.2906e+00 -1.0322e+00 -4.4923e+00
54 0 +2.195604186e+01 +5.856041862e+00 +5.856041862e+00 +1.8031e+00 -4.8745e+00 -4.8674e+00 +4.4220e+00 -2.7870e+00 -1.1458e+00 -4.8403e+00 -2.6911e+00 -2.5897e+00 +1.8326e+00
118 0 +1.978214861e+01 +3.682148613e+00 +3.682148613e+00 -2.5679e-01 +1.2517e-01 -3.4269e-02 -1.8141e+00 -2.7626e+00 +3.8876e+00 -1.2800e+00 +1.2547e+00 -2.8296e+00 +4.9130e+00
534 0 +1.771535163e+01 +1.615351634e+00 +1.615351634e+00 +2.9775e-01 -3.7925e+00 -4.6356e+00 -4.8878e+00 -2.4116e+00 +4.9669e+00 +1.7920e-01 -1.1037e+00 -4.3582e+00 +5.5813e-01
1965 0 +1.416190594e+01 -1.938094056e+00 -1.938094056e+00 -2.5312e+00 -4.1673e+00 +2.1227e+00 -1.2790e+00 +1.2303e+00 +1.2433e+00 +4.8362e+00 -1.2168e+00 -7.5476e-01 -7.2493e-01
2515 0 +1.345790600e+01 -2.642094005e+00 -2.642094005e+00 -2.5312e+00 -4.1673e+00 +2.1227e+00 -1.2790e+00 +1.2303e+00 +1.2433e+00 +4.8362e+00 -1.0744e+00 -7.5476e-01 -7.2493e-01
2852 0 +1.262869423e+01 -3.471305768e+00 -3.471305768e+00 +1.2847e+00 -3.8009e+00 +1.9023e+00 -4.1755e+00 -2.9690e+00 +4.4654e+00 -4.9672e+00 +2.2663e+00 -4.4237e+00 +3.1869e+00
4002 0 +9.760270298e+00 -6.339729702e+00 -6.339729702e+00 +1.2847e+00 -3.8009e+00 +1.9023e+00 -4.1755e+00 -2.9690e+00 +4.4654e+00 -4.9672e+00 +2.2663e+00 -4.5452e+00 +3.1869e+00
4436 0 +8.649089547e+00 -7.450910453e+00 -7.450910453e+00 -3.5074e+00 +4.1231e+00 +1.8396e+00 -1.3734e+00 -1.4882e+00 +1.8317e+00 -1.8227e+00 -1.0662e+00 -4.4599e+00 +3.2203e-01
5502 0 +6.132100319e+00 -9.967899681e+00 -9.967899681e+00 +1.2847e+00 -3.8009e+00 +1.9023e+00 -4.1755e+00 -2.9690e+00 +4.4654e+00 -4.9672e+00 +2.2663e+00 -4.5452e+00 +2.6698e+00
6252 0 +5.860457665e+00 -1.023954234e+01 -1.023954234e+01 +1.2847e+00 -3.8009e+00 +1.8659e+00 -4.1755e+00 -2.9690e+00 +4.4654e+00 -4.9672e+00 +2.2663e+00 -4.6066e+00 +2.6698e+00
8553 0 +5.649923497e+00 -1.045007650e+01 -1.045007650e+01 +1.6817e+00 -1.0205e+00 -2.7920e+00 -4.8810e+00 -1.2101e+00 +3.3796e+00 -9.4511e-01 +2.0156e+00 -4.4606e+00 +2.2798e+00
9492 0 +5.235489962e+00 -1.086451004e+01 -1.086451004e+01 +7.8402e-01 +6.8765e-01 -1.7479e-01 -2.9179e-01 -3.4254e+00 +1.1547e-01 +1.0991e+00 +4.3618e-01 -4.0913e+00 +6.6835e-01
10653 0 +4.848823503e+00 -1.125117650e+01 -1.125117650e+01 +1.6817e+00 -1.0205e+00 -2.7920e+00 -4.8831e+00 -1.2101e+00 +3.2077e+00 -9.4511e-01 +2.0156e+00 -4.4606e+00 +2.2798e+00
12553 0 +4.670159961e+00 -1.142984004e+01 -1.142984004e+01 +1.6174e+00 -1.0205e+00 -2.7920e+00 -4.8831e+00 -1.2101e+00 +3.2077e+00 -9.4511e-01 +1.9822e+00 -4.4606e+00 +2.2798e+00
13864 0 +3.805251743e+00 -1.229474826e+01 -1.229474826e+01 +5.6741e-01 +1.3375e+00 -4.0201e-01 -3.1244e+00 -2.5113e+00 -2.5432e+00 +1.7198e-01 -3.9108e-01 -2.7568e+00 -2.2134e+00
14864 0 +3.755632880e+00 -1.234436712e+01 -1.234436712e+01 +5.6741e-01 +1.3375e+00 -4.0201e-01 -3.1244e+00 -2.5113e+00 -2.5432e+00 +1.7198e-01 -3.8766e-01 -2.7568e+00 -2.2134e+00
16414 0 +3.687805987e+00 -1.241219401e+01 -1.241219401e+01 +5.6741e-01 +1.3375e+00 -4.0201e-01 -3.1244e+00 -2.5113e+00 -2.5401e+00 +1.7198e-01 -3.8766e-01 -2.7568e+00 -2.2134e+00
19253 0 +3.274440959e+00 -1.282555904e+01 -1.282555904e+01 +1.4287e+00 -1.0205e+00 -2.7920e+00 -4.7703e+00 -1.2101e+00 +3.4232e+00 -9.5162e-01 +1.9396e+00 -4.4542e+00 +2.3824e+00
23453 0 +3.170822645e+00 -1.292917735e+01 -1.292917735e+01 +1.4287e+00 -1.0205e+00 -2.7920e+00 -4.7734e+00 -1.2101e+00 +3.4232e+00 -9.5162e-01 +1.9279e+00 -4.4542e+00 +2.3824e+00
23903 0 +3.045575523e+00 -1.305442448e+01 -1.305442448e+01 +1.4582e+00 -1.0205e+00 -2.7920e+00 -4.7734e+00 -1.2101e+00 +3.4232e+00 -9.5162e-01 +1.9279e+00 -4.4542e+00 +2.3824e+00
26053 0 +2.639761291e+00 -1.346023871e+01 -1.346023871e+01 +1.4582e+00 -1.0340e+00 -2.7920e+00 -4.7734e+00 -1.2101e+00 +3.4232e+00 -9.5162e-01 +1.9279e+00 -4.4542e+00 +2.3824e+00
40050 0 +2.631842586e+00 -1.346815741e+01 -1.346815741e+01 +1.4582e+00 -1.0343e+00 -2.7920e+00 -4.7734e+00 -1.2101e+00 +3.4232e+00 -9.5162e-01 +1.9279e+00 -4.4542e+00 +2.3824e+00
