% f evaluations | g evaluations | best noise-free fitness - Fopt (-1.694000000000e+01) + sum g_i+ | measured fitness | best measured fitness or single-digit g-values | x1 | x2...
1 0 +1.159522915e+02 +9.901229151e+01 +9.901229151e+01 -8.2174e-01 +3.8092e-01 -3.2037e+00 -1.8024e+00 +1.5906e+00
2 0 +9.085029905e+01 +7.391029905e+01 +7.391029905e+01 -1.7774e-01 -4.0775e-01 +2.1767e+00 +4.5726e+00 +3.9699e+00
4 0 +7.077918188e+01 +5.383918188e+01 +5.383918188e+01 +4.5524e+00 -3.3448e+00 -6.6347e-02 +4.0242e-01 +4.4972e+00
7 0 +5.426880678e+01 +3.732880678e+01 +3.732880678e+01 +2.4438e+00 +2.8888e+00 +1.2853e+00 +4.5891e+00 -3.3825e+00
8 0 +4.247600576e+01 +2.553600576e+01 +2.553600576e+01 +1.1711e+00 +1.6039e-01 -3.7093e+00 +1.8121e+00 +4.7531e+00
19 0 +3.995456331e+01 +2.301456331e+01 +2.301456331e+01 +2.7922e+00 +3.5450e+00 +3.8002e+00 +1.8613e+00 -4.8629e+00
29 0 +3.491465144e+01 +1.797465144e+01 +1.797465144e+01 +4.5353e+00 -9.3315e-01 +1.9492e-01 -1.2055e+00 +2.0815e+00
33 0 +2.618222496e+01 +9.242224956e+00 +9.242224956e+00 +2.5664e+00 +2.5857e-01 -1.7542e+00 +3.5883e+00 +1.3867e+00
61 0 +2.053234190e+01 +3.592341897e+00 +3.592341897e+00 +4.1222e+00 -5.5065e-02 -1.1123e-01 +2.7321e+00 +8.2011e-01
83 0 +1.866298350e+01 +1.722983495e+00 +1.722983495e+00 +2.9151e+00 +1.0064e-01 -8.7187e-01 +2.7685e+00 +1.6642e+00
115 0 +1.788283095e+01 +9.428309529e-01 +9.428309529e-01 +3.6586e+00 +2.3392e+00 -3.1154e+00 +1.2594e+00 +9.3952e-01
125 0 +1.024010873e+01 -6.699891274e+00 -6.699891274e+00 +4.4054e+00 +4.0674e+00 -1.3841e+00 -9.9868e-01 +3.0006e+00
162 0 +9.585682456e+00 -7.354317544e+00 -7.354317544e+00 +4.9985e+00 +2.3832e+00 -1.3382e+00 +4.6416e-01 +2.8812e+00
368 0 +8.863398134e+00 -8.076601866e+00 -8.076601866e+00 +3.3900e+00 +1.9502e+00 -1.3339e+00 +1.0314e+00 +4.7860e-01
418 0 +8.590881800e+00 -8.349118200e+00 -8.349118200e+00 +3.7408e+00 +1.8809e+00 -1.3410e+00 +1.4247e+00 +1.1097e+00
420 0 +7.974498877e+00 -8.965501123e+00 -8.965501123e+00 +3.7558e+00 +2.1483e+00 -1.6731e+00 +1.2378e+00 +1.8949e+00
455 0 +6.342979880e+00 -1.059702012e+01 -1.059702012e+01 +3.3754e+00 +2.6023e+00 -1.1203e+00 +5.5527e-01 +1.4624e+00
470 0 +3.632958951e+00 -1.330704105e+01 -1.330704105e+01 +3.2588e+00 +2.3160e+00 -1.9642e+00 +1.5249e+00 +1.6057e+00
520 0 +2.810446589e+00 -1.412955341e+01 -1.412955341e+01 +3.0599e+00 +2.3831e+00 -2.0806e+00 +1.6398e+00 +1.4901e+00
669 0 +1.456386073e+00 -1.548361393e+01 -1.548361393e+01 +3.3842e+00 +2.5430e+00 -1.7498e+00 +1.5656e+00 +1.3429e+00
744 0 +8.010425486e-01 -1.613895745e+01 -1.613895745e+01 +3.5053e+00 +2.5018e+00 -1.5563e+00 +1.5188e+00 +1.4615e+00
905 0 +7.085277493e-01 -1.623147225e+01 -1.623147225e+01 +3.5983e+00 +2.5026e+00 -1.4687e+00 +1.5021e+00 +1.4692e+00
992 0 +4.489324340e-01 -1.649106757e+01 -1.649106757e+01 +3.6468e+00 +2.4848e+00 -1.5633e+00 +1.4902e+00 +1.4506e+00
1150 0 +2.519518394e-01 -1.668804816e+01 -1.668804816e+01 +3.6961e+00 +2.4951e+00 -1.5284e+00 +1.4870e+00 +1.4123e+00
1191 0 +2.190536819e-01 -1.672094632e+01 -1.672094632e+01 +3.7442e+00 +2.5424e+00 -1.5102e+00 +1.4589e+00 +1.4145e+00
1250 0 +2.128476422e-01 -1.672715236e+01 -1.672715236e+01 +3.7113e+00 +2.5725e+00 -1.4990e+00 +1.4367e+00 +1.4179e+00
1306 0 +1.932536619e-01 -1.674674634e+01 -1.674674634e+01 +3.7171e+00 +2.6222e+00 -1.4950e+00 +1.4308e+00 +1.4103e+00
1350 0 +1.487359586e-01 -1.679126404e+01 -1.679126404e+01 +3.7137e+00 +2.5849e+00 -1.4942e+00 +1.4287e+00 +1.4188e+00
1400 0 +1.111827264e-01 -1.682881727e+01 -1.682881727e+01 +3.7147e+00 +2.5899e+00 -1.4924e+00 +1.4255e+00 +1.4191e+00
1434 0 +8.670295469e-02 -1.685329705e+01 -1.685329705e+01 +3.7141e+00 +2.6071e+00 -1.4974e+00 +1.4231e+00 +1.4156e+00
1550 0 +4.142425281e-02 -1.689857575e+01 -1.689857575e+01 +3.7143e+00 +2.6109e+00 -1.4984e+00 +1.4229e+00 +1.4170e+00
1646 0 +3.644283174e-02 -1.690355717e+01 -1.690355717e+01 +3.7144e+00 +2.6136e+00 -1.4960e+00 +1.4228e+00 +1.4193e+00
1878 0 +3.222858525e-02 -1.690777141e+01 -1.690777141e+01 +3.7145e+00 +2.6141e+00 -1.4967e+00 +1.4225e+00 +1.4188e+00
1906 0 +2.707108255e-02 -1.691292892e+01 -1.691292892e+01 +3.7148e+00 +2.6138e+00 -1.4971e+00 +1.4224e+00 +1.4191e+00
1974 0 +2.174200356e-02 -1.691825800e+01 -1.691825800e+01 +3.7151e+00 +2.6139e+00 -1.4973e+00 +1.4224e+00 +1.4194e+00
2106 0 +2.090778043e-02 -1.691909222e+01 -1.691909222e+01 +3.7152e+00 +2.6140e+00 -1.4975e+00 +1.4224e+00 +1.4196e+00
2128 0 +2.058389634e-02 -1.691941610e+01 -1.691941610e+01 +3.7153e+00 +2.6138e+00 -1.4975e+00 +1.4224e+00 +1.4193e+00
2178 0 +1.962375638e-02 -1.692037624e+01 -1.692037624e+01 +3.7153e+00 +2.6139e+00 -1.4976e+00 +1.4224e+00 +1.4192e+00
2184 0 +1.843833896e-02 -1.692156166e+01 -1.692156166e+01 +3.7153e+00 +2.6141e+00 -1.4973e+00 +1.4224e+00 +1.4194e+00
2631 0 +1.677457813e-02 -1.692322542e+01 -1.692322542e+01 +3.7141e+00 +2.6145e+00 -1.4981e+00 +1.4223e+00 +1.4195e+00
3007 0 +1.423640637e-02 -1.692576359e+01 -1.692576359e+01 +3.7141e+00 +2.6145e+00 -1.4982e+00 +1.4222e+00 +1.4195e+00
3160 0 +1.373990308e-02 -1.692626010e+01 -1.692626010e+01 +3.7145e+00 +2.6145e+00 -1.4981e+00 +1.4221e+00 +1.4196e+00
3391 0 +1.347706733e-02 -1.692652293e+01 -1.692652293e+01 +3.7138e+00 +2.6145e+00 -1.4983e+00 +1.4222e+00 +1.4195e+00
3523 0 +1.299726999e-02 -1.692700273e+01 -1.692700273e+01 +3.7139e+00 +2.6145e+00 -1.4983e+00 +1.4222e+00 +1.4195e+00
3535 0 +1.275452406e-02 -1.692724548e+01 -1.692724548e+01 +3.7139e+00 +2.6144e+00 -1.4984e+00 +1.4222e+00 +1.4195e+00
3635 0 +1.239619783e-02 -1.692760380e+01 -1.692760380e+01 +3.7139e+00 +2.6144e+00 -1.4983e+00 +1.4222e+00 +1.4195e+00
4098 0 +1.197777646e-02 -1.692802222e+01 -1.692802222e+01 +3.7140e+00 +2.6143e+00 -1.4983e+00 +1.4223e+00 +1.4195e+00
4751 0 +1.163909060e-02 -1.692836091e+01 -1.692836091e+01 +3.7140e+00 +2.6143e+00 -1.4983e+00 +1.4223e+00 +1.4195e+00
4838 0 +1.115840051e-02 -1.692884160e+01 -1.692884160e+01 +3.7139e+00 +2.6143e+00 -1.4983e+00 +1.4223e+00 +1.4195e+00
5507 0 +1.093741945e-02 -1.692906258e+01 -1.692906258e+01 +3.7140e+00 +2.6142e+00 -1.4983e+00 +1.4224e+00 +1.4195e+00
6494 0 +1.071428703e-02 -1.692928571e+01 -1.692928571e+01 +3.7140e+00 +2.6141e+00 -1.4983e+00 +1.4224e+00 +1.4195e+00
14450 0 +1.043877605e-02 -1.692956122e+01 -1.692956122e+01 +3.7141e+00 +2.6140e+00 -1.4983e+00 +1.4224e+00 +1.4195e+00
20051 0 +1.032262526e-02 -1.692967737e+01 -1.692967737e+01 +3.7141e+00 +2.6140e+00 -1.4983e+00 +1.4224e+00 +1.4195e+00
% f evaluations | g evaluations | best noise-free fitness - Fopt (1.881000000000e+01) + sum g_i+ | measured fitness | best measured fitness or single-digit g-values | x1 | x2...
1 0 +5.501979563e+01 +7.382979563e+01 +7.382979563e+01 +2.6866e+00 +3.9294e+00 +9.9572e-01 +1.2517e+00 +1.9775e-01
2 0 +2.744894164e+01 +4.625894164e+01 +4.625894164e+01 +5.3428e-01 +2.5325e-01 +7.7719e-01 -2.5502e+00 +4.9688e+00
53 0 +2.584171264e+01 +4.465171264e+01 +4.465171264e+01 -1.4619e-01 -2.5003e+00 -6.8412e-01 -9.5229e-02 +1.5833e+00
68 0 +2.281489528e+01 +4.162489528e+01 +4.162489528e+01 +7.6404e-01 +6.6925e-01 -1.1338e+00 -1.0808e+00 +1.6609e+00
104 0 +1.302356275e+01 +3.183356275e+01 +3.183356275e+01 +1.4583e+00 +2.5469e+00 +6.2232e-01 -2.8267e+00 +2.8023e+00
185 0 +1.140657429e+01 +3.021657429e+01 +3.021657429e+01 +1.1424e+00 +5.8298e-01 -2.7232e-01 -1.0135e+00 +3.0079e+00
222 0 +1.075138998e+01 +2.956138998e+01 +2.956138998e+01 +2.6839e-02 +1.8971e+00 -5.2972e-01 -1.7766e+00 +3.2215e+00
234 0 +8.405691648e+00 +2.721569165e+01 +2.721569165e+01 +6.1035e-01 +3.7306e+00 -4.1212e-01 +1.4757e-01 +2.7974e+00
336 0 +7.645573932e+00 +2.645557393e+01 +2.645557393e+01 -2.5182e-01 +4.8493e+00 -4.3532e-01 +1.5575e+00 +1.4247e+00
362 0 +7.343239919e+00 +2.615323992e+01 +2.615323992e+01 -3.0793e-01 +2.3892e+00 -5.8102e-01 +1.4370e+00 +3.1643e-01
387 0 +6.721198467e+00 +2.553119847e+01 +2.553119847e+01 -2.3863e-02 +1.7538e+00 -8.7345e-01 +3.4007e-01 +2.3314e+00
412 0 +4.140824328e+00 +2.295082433e+01 +2.295082433e+01 -1.6084e-01 +2.7261e+00 -7.2869e-01 +4.6441e-01 +1.3513e+00
470 0 +3.719017764e+00 +2.252901776e+01 +2.252901776e+01 -6.1078e-01 +3.0027e+00 -1.0286e+00 +9.9703e-01 +8.0852e-01
623 0 +3.518968267e+00 +2.232896827e+01 +2.232896827e+01 -6.2913e-01 +2.9446e+00 -9.5579e-01 +8.7000e-01 +5.4093e-01
633 0 +3.203436941e+00 +2.201343694e+01 +2.201343694e+01 -7.1259e-01 +3.1802e+00 -1.1173e+00 +1.3087e+00 +8.5866e-01
783 0 +2.802632985e+00 +2.161263299e+01 +2.161263299e+01 -7.3597e-01 +3.2000e+00 -1.1161e+00 +1.3021e+00 +8.9961e-01
978 0 +2.025582851e+00 +2.083558285e+01 +2.083558285e+01 -7.3609e-01 +3.1757e+00 -1.1001e+00 +1.3359e+00 +5.0729e-01
1011 0 +1.660295280e+00 +2.047029528e+01 +2.047029528e+01 -7.2547e-01 +3.1901e+00 -1.1103e+00 +1.3670e+00 +4.8997e-01
1200 0 +1.631839063e+00 +2.044183906e+01 +2.044183906e+01 -7.2007e-01 +3.2010e+00 -1.1101e+00 +1.3688e+00 +4.8965e-01
1261 0 +1.607104618e+00 +2.041710462e+01 +2.041710462e+01 -7.1933e-01 +3.1986e+00 -1.1096e+00 +1.3692e+00 +4.8629e-01
1365 0 +1.425800337e+00 +2.023580034e+01 +2.023580034e+01 -6.7812e-01 +3.1917e+00 -1.0903e+00 +1.3775e+00 +4.7270e-01
1415 0 +1.306442335e+00 +2.011644233e+01 +2.011644233e+01 -6.6020e-01 +3.1826e+00 -1.0753e+00 +1.3801e+00 +4.7110e-01
1519 0 +1.059614172e+00 +1.986961417e+01 +1.986961417e+01 -6.7134e-01 +3.1885e+00 -1.0769e+00 +1.3725e+00 +5.1053e-01
1522 0 +7.567552578e-01 +1.956675526e+01 +1.956675526e+01 -6.1576e-01 +2.8241e+00 -1.0688e+00 +1.1348e+00 +5.1580e-01
1705 0 +6.178007269e-01 +1.942780073e+01 +1.942780073e+01 -6.1906e-01 +2.7515e+00 -1.0588e+00 +1.0864e+00 +5.4723e-01
1897 0 +5.849925760e-01 +1.939499258e+01 +1.939499258e+01 -6.1889e-01 +2.7320e+00 -1.0600e+00 +1.0798e+00 +5.4282e-01
2020 0 +5.335646271e-01 +1.934356463e+01 +1.934356463e+01 -6.1509e-01 +2.7411e+00 -1.0602e+00 +1.0682e+00 +5.6751e-01
2073 0 +4.775807165e-01 +1.928758072e+01 +1.928758072e+01 -6.1591e-01 +2.7112e+00 -1.0733e+00 +1.0450e+00 +5.7454e-01
2105 0 +3.626746977e-01 +1.917267470e+01 +1.917267470e+01 -6.1427e-01 +2.7088e+00 -1.0679e+00 +1.0663e+00 +5.9609e-01
2182 0 +3.266871443e-01 +1.913668714e+01 +1.913668714e+01 -6.1230e-01 +2.7169e+00 -1.0689e+00 +1.0602e+00 +5.8749e-01
2205 0 +3.087409486e-01 +1.911874095e+01 +1.911874095e+01 -6.1099e-01 +2.7121e+00 -1.0707e+00 +1.0569e+00 +5.9962e-01
2261 0 +2.787410384e-01 +1.908874104e+01 +1.908874104e+01 -6.1101e-01 +2.7083e+00 -1.0709e+00 +1.0566e+00 +5.9832e-01
2305 0 +2.729991397e-01 +1.908299914e+01 +1.908299914e+01 -6.1050e-01 +2.7103e+00 -1.0713e+00 +1.0552e+00 +5.9987e-01
2309 0 +1.905047858e-01 +1.900050479e+01 +1.900050479e+01 -6.0909e-01 +2.7020e+00 -1.0704e+00 +1.0511e+00 +5.9723e-01
3159 0 +1.859778178e-01 +1.899597782e+01 +1.899597782e+01 -6.0906e-01 +2.7018e+00 -1.0705e+00 +1.0510e+00 +5.9728e-01
3320 0 +1.810293864e-01 +1.899102939e+01 +1.899102939e+01 -6.0870e-01 +2.7009e+00 -1.0705e+00 +1.0502e+00 +5.9783e-01
3645 0 +1.776891039e-01 +1.898768910e+01 +1.898768910e+01 -6.0875e-01 +2.7011e+00 -1.0705e+00 +1.0504e+00 +5.9776e-01
4678 0 +1.735887700e-01 +1.898358877e+01 +1.898358877e+01 -6.0875e-01 +2.7010e+00 -1.0705e+00 +1.0504e+00 +5.9783e-01
20051 0 +1.721970840e-01 +1.898219708e+01 +1.898219708e+01 -6.0875e-01 +2.7010e+00 -1.0705e+00 +1.0504e+00 +5.9789e-01
% f evaluations | g evaluations | best noise-free fitness - Fopt (2.731500000000e+02) + sum g_i+ | measured fitness | best measured fitness or single-digit g-values | x1 | x2...
1 0 +7.219640351e+01 +3.453464035e+02 +3.453464035e+02 -3.2420e-01 -5.2337e-01 -2.5848e+00 +7.9899e-01 -1.1956e+00
2 0 +3.585610221e+01 +3.090061022e+02 +3.090061022e+02 +1.2998e+00 -1.5402e+00 +7.2773e-01 +2.4377e+00 +1.9851e+00
55 0 +2.960591205e+01 +3.027559120e+02 +3.027559120e+02 +7.9999e-01 +1.8436e+00 -7.6764e-01 +3.8442e+00 +2.0707e+00
124 0 +2.415009591e+01 +2.973000959e+02 +2.973000959e+02 +3.6038e+00 +1.6505e+00 +8.2097e-01 +3.0189e+00 +1.5646e+00
126 0 +9.469594633e+00 +2.826195946e+02 +2.826195946e+02 +3.8657e+00 +2.8251e+00 +2.4886e+00 +2.4273e+00 +1.1962e+00
251 0 +9.084460289e+00 +2.822344603e+02 +2.822344603e+02 +3.2247e+00 +3.4701e+00 +2.6747e+00 +2.4670e+00 +1.1540e+00
395 0 +7.775720173e+00 +2.809257202e+02 +2.809257202e+02 +2.9464e+00 +3.5035e+00 +2.7366e+00 +2.4387e+00 +1.2355e+00
505 0 +7.341921987e+00 +2.804919220e+02 +2.804919220e+02 +2.0659e+00 +3.5644e+00 +3.1115e+00 +3.2021e+00 +9.7144e-01
513 0 +6.778572847e+00 +2.799285728e+02 +2.799285728e+02 +2.9465e+00 +3.6440e+00 +2.7731e+00 +2.4959e+00 +7.9639e-01
552 0 +6.423897557e+00 +2.795738976e+02 +2.795738976e+02 +3.1037e+00 +3.6606e+00 +2.8469e+00 +2.4556e+00 +1.0310e+00
624 0 +5.489789821e+00 +2.786397898e+02 +2.786397898e+02 +3.2219e+00 +3.5050e+00 +2.8006e+00 +2.4244e+00 +1.0965e+00
652 0 +5.150572650e+00 +2.783005727e+02 +2.783005727e+02 +3.1692e+00 +3.4975e+00 +2.8355e+00 +2.4504e+00 +1.0568e+00
771 0 +5.051869921e+00 +2.782018699e+02 +2.782018699e+02 +3.1844e+00 +3.4706e+00 +2.8249e+00 +2.4480e+00 +9.6175e-01
815 0 +4.793991745e+00 +2.779439917e+02 +2.779439917e+02 +3.0441e+00 +3.5113e+00 +2.8162e+00 +2.5199e+00 +1.0093e+00
852 0 +4.515852679e+00 +2.776658527e+02 +2.776658527e+02 +3.1651e+00 +3.4972e+00 +2.7912e+00 +2.5215e+00 +9.7031e-01
952 0 +4.411432733e+00 +2.775614327e+02 +2.775614327e+02 +3.1644e+00 +3.4971e+00 +2.7842e+00 +2.5329e+00 +9.5647e-01
954 0 +3.593605704e+00 +2.767436057e+02 +2.767436057e+02 +3.1779e+00 +3.5447e+00 +2.7705e+00 +2.5616e+00 +9.3949e-01
1004 0 +3.102799759e+00 +2.762527998e+02 +2.762527998e+02 +3.1895e+00 +3.5135e+00 +2.7473e+00 +2.6030e+00 +9.6198e-01
1165 0 +2.985517488e+00 +2.761355175e+02 +2.761355175e+02 +3.2535e+00 +3.5139e+00 +2.7373e+00 +2.6081e+00 +9.5308e-01
1265 0 +2.939956868e+00 +2.760899569e+02 +2.760899569e+02 +3.2513e+00 +3.5141e+00 +2.7364e+00 +2.6124e+00 +9.5470e-01
1702 0 +2.855293500e+00 +2.760052935e+02 +2.760052935e+02 +3.2607e+00 +3.5221e+00 +2.7330e+00 +2.5867e+00 +9.5286e-01
1838 0 +2.712617229e+00 +2.758626172e+02 +2.758626172e+02 +3.2664e+00 +3.5237e+00 +2.7323e+00 +2.5850e+00 +9.5346e-01
1982 0 +2.669230887e+00 +2.758192309e+02 +2.758192309e+02 +3.2575e+00 +3.5226e+00 +2.7264e+00 +2.5865e+00 +9.5302e-01
2052 0 +2.618572173e+00 +2.757685722e+02 +2.757685722e+02 +3.2604e+00 +3.5224e+00 +2.7289e+00 +2.5886e+00 +9.5306e-01
2333 0 +2.557437204e+00 +2.757074372e+02 +2.757074372e+02 +3.2622e+00 +3.5216e+00 +2.7315e+00 +2.5891e+00 +9.5368e-01
20051 0 +2.512223286e+00 +2.756622233e+02 +2.756622233e+02 +3.2619e+00 +3.5217e+00 +2.7316e+00 +2.5894e+00 +9.5374e-01
% f evaluations | g evaluations | best noise-free fitness - Fopt (3.718000000000e+01) + sum g_i+ | measured fitness | best measured fitness or single-digit g-values | x1 | x2...
1 0 +1.525553742e+02 +1.897353742e+02 +1.897353742e+02 -5.9836e-01 +2.7789e+00 -4.2349e+00 +1.1571e+00 -3.5179e+00
3 0 +7.900236991e+01 +1.161823699e+02 +1.161823699e+02 -1.5361e+00 -8.5585e-01 -5.2895e-01 +4.8766e+00 -2.4527e-01
4 0 +5.406060147e+01 +9.124060147e+01 +9.124060147e+01 -3.9573e+00 +3.8223e+00 +3.5916e+00 +2.0447e+00 -1.2350e+00
16 0 +3.391959107e+01 +7.109959107e+01 +7.109959107e+01 -1.3356e+00 -1.8854e+00 +3.6302e+00 +1.3411e+00 -3.7573e+00
27 0 +3.111008589e+01 +6.829008589e+01 +6.829008589e+01 -9.3559e-01 -2.3616e+00 +3.3751e+00 +1.8022e+00 -2.3704e+00
61 0 +1.404343797e+01 +5.122343797e+01 +5.122343797e+01 -1.7995e+00 +4.8831e-01 +2.9908e+00 +2.4893e+00 -2.4021e+00
78 0 +9.808893206e+00 +4.698889321e+01 +4.698889321e+01 -5.5452e-03 -3.5620e-01 +4.3154e+00 +7.6254e-01 -1.9173e+00
278 0 +9.734343924e+00 +4.691434392e+01 +4.691434392e+01 -9.4088e-02 -3.4112e-01 +4.5130e+00 +7.5262e-01 -1.8796e+00
344 0 +8.850579069e+00 +4.603057907e+01 +4.603057907e+01 -2.6873e-02 -1.6725e-01 +4.5455e+00 +8.0572e-01 -1.5550e+00
379 0 +6.619899469e+00 +4.379989947e+01 +4.379989947e+01 -3.7210e-01 -3.9362e-01 +4.6076e+00 +1.3100e+00 -2.2611e+00
508 0 +6.111075137e+00 +4.329107514e+01 +4.329107514e+01 -2.6459e-01 -3.5030e-01 +4.4629e+00 +1.1174e+00 -1.9172e+00
920 0 +4.715891168e+00 +4.189589117e+01 +4.189589117e+01 -3.1811e-01 -3.9619e-01 +4.5926e+00 +1.0995e+00 -2.0626e+00
968 0 +4.252829593e+00 +4.143282959e+01 +4.143282959e+01 -3.1435e-01 -4.5316e-01 +4.5652e+00 +1.1076e+00 -2.0462e+00
999 0 +3.305708618e+00 +4.048570862e+01 +4.048570862e+01 -3.8919e-01 -3.9561e-01 +4.4441e+00 +1.0546e+00 -1.9031e+00
1149 0 +3.032857811e+00 +4.021285781e+01 +4.021285781e+01 -3.8101e-01 -4.0223e-01 +4.4452e+00 +1.0491e+00 -1.9173e+00
1269 0 +2.885846019e+00 +4.006584602e+01 +4.006584602e+01 -3.6687e-01 -4.0083e-01 +4.4813e+00 +1.0409e+00 -1.9063e+00
1334 0 +2.828211337e+00 +4.000821134e+01 +4.000821134e+01 -3.2068e-01 -4.0273e-01 +4.5474e+00 +1.0361e+00 -1.9432e+00
1391 0 +2.744768057e+00 +3.992476806e+01 +3.992476806e+01 -2.5749e-01 -4.6081e-01 +4.5984e+00 +1.0355e+00 -1.9475e+00
1535 0 +2.646907517e+00 +3.982690752e+01 +3.982690752e+01 -2.4132e-01 -4.6489e-01 +4.6108e+00 +1.0481e+00 -1.9642e+00
1692 0 +2.561535798e+00 +3.974153580e+01 +3.974153580e+01 -2.6654e-01 -4.8277e-01 +4.5788e+00 +1.0467e+00 -1.9607e+00
1746 0 +2.467468135e+00 +3.964746814e+01 +3.964746814e+01 -2.5074e-01 -4.9528e-01 +4.5844e+00 +1.0501e+00 -1.9759e+00
1960 0 +2.318468476e+00 +3.949846848e+01 +3.949846848e+01 -2.5301e-01 -4.9484e-01 +4.5825e+00 +1.0489e+00 -1.9782e+00
2446 0 +2.279721318e+00 +3.945972132e+01 +3.945972132e+01 -2.5315e-01 -4.9488e-01 +4.5822e+00 +1.0490e+00 -1.9778e+00
2702 0 +2.138631081e+00 +3.931863108e+01 +3.931863108e+01 -3.2723e-01 -4.6323e-01 +4.5129e+00 +1.0603e+00 -2.0056e+00
3002 0 +2.099609890e+00 +3.927960989e+01 +3.927960989e+01 -3.2786e-01 -4.6337e-01 +4.5121e+00 +1.0603e+00 -2.0059e+00
3025 0 +2.067823745e+00 +3.924782374e+01 +3.924782374e+01 -3.3625e-01 -4.5304e-01 +4.5107e+00 +1.0595e+00 -1.9965e+00
3414 0 +1.983997891e+00 +3.916399789e+01 +3.916399789e+01 -3.3825e-01 -4.5295e-01 +4.5040e+00 +1.0596e+00 -1.9964e+00
6525 0 +1.945660853e+00 +3.912566085e+01 +3.912566085e+01 -3.3786e-01 -4.5250e-01 +4.5052e+00 +1.0593e+00 -1.9970e+00
20051 0 +1.940100463e+00 +3.912010046e+01 +3.912010046e+01 -3.3790e-01 -4.5249e-01 +4.5052e+00 +1.0594e+00 -1.9970e+00
% f evaluations | g evaluations | best noise-free fitness - Fopt (-1.479000000000e+02) + sum g_i+ | measured fitness | best measured fitness or single-digit g-values | x1 | x2...
1 0 +8.716458037e+01 -6.073541963e+01 -6.073541963e+01 -2.5241e-01 -1.1864e+00 -3.7998e+00 +3.6535e+00 +4.9361e+00
2 0 +4.792570839e+01 -9.997429161e+01 -9.997429161e+01 +1.5440e-01 +1.1165e+00 +9.9261e-01 +2.6571e+00 -4.0291e+00
16 0 +2.637226469e+01 -1.215277353e+02 -1.215277353e+02 -4.1475e+00 +3.5814e+00 +1.8291e-01 -5.9722e-01 -3.4981e+00
56 0 +2.435977216e+01 -1.235402278e+02 -1.235402278e+02 -3.5082e+00 -5.3016e-01 +1.6233e+00 -1.7610e+00 -3.1417e+00
84 0 +2.286959892e+01 -1.250304011e+02 -1.250304011e+02 -3.4842e-01 +1.7151e+00 +6.8449e-02 -3.8765e+00 -2.0047e+00
103 0 +1.089947619e+01 -1.370005238e+02 -1.370005238e+02 -1.6032e+00 +2.9603e+00 -2.2579e+00 -3.3326e+00 -4.4947e+00
114 0 +8.215819437e+00 -1.396841806e+02 -1.396841806e+02 -2.6470e+00 +1.6849e+00 -7.8920e-01 -1.5019e+00 -3.2443e+00
252 0 +7.227945491e+00 -1.406720545e+02 -1.406720545e+02 -1.9223e+00 +1.2636e+00 -2.3121e-01 -3.0662e+00 -3.9256e+00
282 0 +4.307399781e+00 -1.435926002e+02 -1.435926002e+02 -2.8837e+00 +1.3864e+00 -1.1870e+00 -1.7334e+00 -3.0394e+00
582 0 +3.954920489e+00 -1.439450795e+02 -1.439450795e+02 -2.8819e+00 +1.3729e+00 -1.1776e+00 -1.7264e+00 -3.0438e+00
674 0 +3.127883656e+00 -1.447721163e+02 -1.447721163e+02 -2.8046e+00 +1.3425e+00 -1.1325e+00 -1.7523e+00 -3.0460e+00
822 0 +2.919829876e+00 -1.449801701e+02 -1.449801701e+02 -2.8425e+00 +1.3156e+00 -1.1490e+00 -1.7662e+00 -3.0064e+00
848 0 +2.572714122e+00 -1.453272859e+02 -1.453272859e+02 -2.8365e+00 +1.3211e+00 -1.1332e+00 -1.7605e+00 -3.0191e+00
1218 0 +2.555440278e+00 -1.453445597e+02 -1.453445597e+02 -2.8357e+00 +1.3208e+00 -1.1368e+00 -1.7606e+00 -3.0176e+00
1387 0 +2.501886366e+00 -1.453981136e+02 -1.453981136e+02 -2.8422e+00 +1.3343e+00 -1.1348e+00 -1.7365e+00 -3.0168e+00
1404 0 +2.266828495e+00 -1.456331715e+02 -1.456331715e+02 -2.8423e+00 +1.3323e+00 -1.1323e+00 -1.7377e+00 -3.0080e+00
1454 0 +2.143606038e+00 -1.457563940e+02 -1.457563940e+02 -2.8434e+00 +1.3300e+00 -1.1304e+00 -1.7356e+00 -3.0079e+00
1913 0 +2.122873523e+00 -1.457771265e+02 -1.457771265e+02 -2.8434e+00 +1.3298e+00 -1.1303e+00 -1.7356e+00 -3.0070e+00
2570 0 +2.045202540e+00 -1.458547975e+02 -1.458547975e+02 -2.8446e+00 +1.3314e+00 -1.1328e+00 -1.7359e+00 -3.0075e+00
2790 0 +2.037820877e+00 -1.458621791e+02 -1.458621791e+02 -2.8445e+00 +1.3314e+00 -1.1328e+00 -1.7359e+00 -3.0075e+00
20051 0 +2.012515967e+00 -1.458874840e+02 -1.458874840e+02 -2.8445e+00 +1.3315e+00 -1.1328e+00 -1.7359e+00 -3.0076e+00
% f evaluations | g evaluations | best noise-free fitness - Fopt (-1.694000000000e+01) + sum g_i+ | measured fitness | best measured fitness or single-digit g-values | x1 | x2...
1 0 +1.647560723e+02 +1.478160723e+02 +1.478160723e+02 -5.7056e-01 +1.4183e+00 -4.6089e+00 -8.5750e-01 +2.9540e+00
3 0 +9.187102715e+01 +7.493102715e+01 +7.493102715e+01 -6.7542e-01 -2.0717e+00 +7.3931e-01 +1.6388e-01 -3.2029e+00
8 0 +7.726508574e+01 +6.032508574e+01 +6.032508574e+01 +5.1509e-01 -1.9673e+00 +4.8674e+00 +8.2970e-01 +1.7943e+00
11 0 +5.891206055e+01 +4.197206055e+01 +4.197206055e+01 +2.1217e+00 +2.7242e+00 +2.4899e+00 +1.1831e+00 +3.9770e+00
18 0 +4.937133054e+01 +3.243133054e+01 +3.243133054e+01 +1.1379e+00 +4.6505e+00 +2.2811e-01 +3.0479e+00 -1.2246e+00
20 0 +3.506480444e+01 +1.812480444e+01 +1.812480444e+01 +1.9246e+00 +1.0654e+00 +9.2227e-02 +2.5155e+00 +1.1599e+00
37 0 +3.175589994e+01 +1.481589994e+01 +1.481589994e+01 +2.2598e+00 -5.3224e-01 -2.0714e+00 -2.0919e+00 -2.1982e+00
41 0 +2.860879823e+01 +1.166879823e+01 +1.166879823e+01 +2.7490e+00 +3.1590e+00 -2.4619e-01 +3.5529e+00 -3.7722e-01
52 0 +2.438426742e+01 +7.444267424e+00 +7.444267424e+00 +3.1845e+00 +2.3607e+00 +3.4383e-01 +2.4353e+00 -1.6262e+00
74 0 +2.241169241e+01 +5.471692411e+00 +5.471692411e+00 +2.1081e+00 +3.3469e-01 -6.8792e-01 +4.9136e+00 -2.2790e+00
77 0 +1.516723915e+01 -1.772760854e+00 -1.772760854e+00 +2.4869e+00 +4.6647e+00 -1.1297e+00 +1.1010e+00 +1.0846e+00
101 0 +1.239461676e+01 -4.545383240e+00 -4.545383240e+00 +4.8862e+00 +1.1139e+00 -1.4386e+00 +1.5219e+00 +5.1445e-01
128 0 +1.109598441e+01 -5.844015588e+00 -5.844015588e+00 +4.7112e+00 +1.7414e+00 -7.9991e-01 +1.9760e+00 +1.3374e+00
141 0 +1.039824533e+01 -6.541754674e+00 -6.541754674e+00 +2.7482e+00 +3.7289e+00 -1.9451e+00 +2.1166e+00 +1.6129e+00
240 0 +8.133380608e+00 -8.806619392e+00 -8.806619392e+00 +3.1034e+00 +1.3795e+00 -1.3874e+00 +1.5706e+00 +9.1193e-01
252 0 +6.291403020e+00 -1.064859698e+01 -1.064859698e+01 +2.9912e+00 +2.1270e+00 -1.7214e+00 +1.4559e+00 +1.3017e+00
270 0 +5.428980779e+00 -1.151101922e+01 -1.151101922e+01 +3.6518e+00 +2.9790e+00 -1.8029e+00 +9.7237e-01 +1.9908e+00
295 0 +5.269281167e+00 -1.167071883e+01 -1.167071883e+01 +3.7018e+00 +2.2284e+00 -1.5529e+00 +2.0468e+00 +1.1779e+00
356 0 +3.981165213e+00 -1.295883479e+01 -1.295883479e+01 +3.0278e+00 +1.7408e+00 -1.9193e+00 +2.3154e+00 +9.4193e-01
389 0 +3.159212864e+00 -1.378078714e+01 -1.378078714e+01 +3.1607e+00 +2.1682e+00 -1.7236e+00 +2.0236e+00 +9.8618e-01
528 0 +2.824340153e+00 -1.411565985e+01 -1.411565985e+01 +2.9008e+00 +2.2422e+00 -1.6381e+00 +2.0502e+00 +9.7770e-01
587 0 +2.234144171e+00 -1.470585583e+01 -1.470585583e+01 +2.7501e+00 +2.1694e+00 -2.1483e+00 +1.9156e+00 +1.0978e+00
616 0 +1.858471781e+00 -1.508152822e+01 -1.508152822e+01 +2.9271e+00 +2.2165e+00 -1.9829e+00 +1.8323e+00 +1.1831e+00
666 0 +1.667251886e+00 -1.527274811e+01 -1.527274811e+01 +2.9181e+00 +2.1927e+00 -2.0053e+00 +1.7632e+00 +1.2334e+00
688 0 +1.440225859e+00 -1.549977414e+01 -1.549977414e+01 +2.9470e+00 +2.2774e+00 -1.9391e+00 +1.9046e+00 +1.2376e+00
737 0 +9.183359327e-01 -1.602166407e+01 -1.602166407e+01 +3.1439e+00 +2.2080e+00 -1.8564e+00 +1.8421e+00 +1.2291e+00
787 0 +8.553531515e-01 -1.608464685e+01 -1.608464685e+01 +3.3014e+00 +2.2235e+00 -1.7397e+00 +1.8127e+00 +1.2816e+00
811 0 +7.231334733e-01 -1.621686653e+01 -1.621686653e+01 +3.5166e+00 +2.2145e+00 -1.6684e+00 +1.6509e+00 +1.3289e+00
1033 0 +2.504919022e-01 -1.668950810e+01 -1.668950810e+01 +3.5056e+00 +2.4300e+00 -1.5999e+00 +1.6060e+00 +1.3374e+00
1313 0 +2.345290339e-01 -1.670547097e+01 -1.670547097e+01 +3.5084e+00 +2.4217e+00 -1.6013e+00 +1.6065e+00 +1.3347e+00
1363 0 +1.756995157e-01 -1.676430048e+01 -1.676430048e+01 +3.5131e+00 +2.4209e+00 -1.6014e+00 +1.6060e+00 +1.3335e+00
1864 0 +1.727859447e-01 -1.676721406e+01 -1.676721406e+01 +3.5174e+00 +2.4188e+00 -1.6013e+00 +1.6055e+00 +1.3332e+00
2231 0 +1.689195918e-01 -1.677108041e+01 -1.677108041e+01 +3.5149e+00 +2.4194e+00 -1.6015e+00 +1.6063e+00 +1.3334e+00
2313 0 +1.551616079e-01 -1.678483839e+01 -1.678483839e+01 +3.5170e+00 +2.4190e+00 -1.6015e+00 +1.6062e+00 +1.3333e+00
2684 0 +1.532385290e-01 -1.678676147e+01 -1.678676147e+01 +3.5175e+00 +2.4187e+00 -1.6015e+00 +1.6062e+00 +1.3333e+00
2818 0 +1.502731307e-01 -1.678972687e+01 -1.678972687e+01 +3.5176e+00 +2.4188e+00 -1.6014e+00 +1.6062e+00 +1.3333e+00
6050 0 +1.478772831e-01 -1.679212272e+01 -1.679212272e+01 +3.5174e+00 +2.4188e+00 -1.6015e+00 +1.6062e+00 +1.3334e+00
20051 0 +1.467275581e-01 -1.679327244e+01 -1.679327244e+01 +3.5173e+00 +2.4188e+00 -1.6016e+00 +1.6062e+00 +1.3334e+00
% f evaluations | g evaluations | best noise-free fitness - Fopt (1.881000000000e+01) + sum g_i+ | measured fitness | best measured fitness or single-digit g-values | x1 | x2...
1 0 +5.640258890e+01 +7.521258890e+01 +7.521258890e+01 +6.4436e-01 +4.8085e+00 +2.4475e-01 +2.0428e+00 +3.9293e+00
3 0 +5.186460142e+01 +7.067460142e+01 +7.067460142e+01 +2.3262e+00 -4.5008e+00 +1.6752e-01 +3.5046e+00 +4.9957e+00
5 0 +4.426082423e+01 +6.307082423e+01 +6.307082423e+01 +4.1513e+00 +1.9056e+00 +1.6955e+00 +9.9931e-01 +7.6430e-01
20 0 +2.424028153e+01 +4.305028153e+01 +4.305028153e+01 -7.3712e-01 -6.7393e-01 -1.3078e+00 +1.0250e+00 +3.9413e+00
58 0 +1.433036193e+01 +3.314036193e+01 +3.314036193e+01 -2.2874e+00 +2.0572e+00 -6.7174e-01 +5.6017e-02 +1.2835e+00
88 0 +1.090081540e+01 +2.971081540e+01 +2.971081540e+01 -1.8832e+00 +7.0214e-01 -1.7670e+00 +1.4978e+00 +2.0749e+00
124 0 +1.059296757e+01 +2.940296757e+01 +2.940296757e+01 +1.1170e-01 +2.3792e+00 -1.4309e-01 -4.3182e-01 +1.1922e+00
158 0 +1.989611779e+00 +2.079961178e+01 +2.079961178e+01 -5.6013e-01 +1.7924e+00 -6.5586e-01 -2.9582e-01 +1.7533e+00
688 0 +1.455698181e+00 +2.026569818e+01 +2.026569818e+01 -4.4509e-01 +1.7750e+00 -7.3127e-01 -2.3240e-01 +1.7643e+00
710 0 +1.434450408e+00 +2.024445041e+01 +2.024445041e+01 -3.9507e-01 +1.7372e+00 -7.2625e-01 -1.7739e-01 +1.7726e+00
752 0 +1.346787831e+00 +2.015678783e+01 +2.015678783e+01 -2.9004e-01 +1.6708e+00 -7.9703e-01 -1.1028e-01 +1.7870e+00
755 0 +2.131659628e-01 +1.902316596e+01 +1.902316596e+01 -1.6855e-01 +1.7637e+00 -7.8841e-01 -1.1938e-01 +1.7557e+00
1044 0 +1.864399807e-01 +1.899643998e+01 +1.899643998e+01 -1.5709e-01 +1.7472e+00 -7.9278e-01 -1.2658e-01 +1.7694e+00
1149 0 +1.447466866e-01 +1.895474669e+01 +1.895474669e+01 -1.5057e-01 +1.7412e+00 -7.9411e-01 -1.5041e-01 +1.7840e+00
1183 0 +1.256047043e-01 +1.893560470e+01 +1.893560470e+01 -1.7060e-01 +1.7357e+00 -7.9902e-01 -1.3688e-01 +1.7898e+00
1205 0 +1.160663344e-01 +1.892606633e+01 +1.892606633e+01 -1.5982e-01 +1.7310e+00 -8.0084e-01 -1.5237e-01 +1.7742e+00
1395 0 +9.681231374e-02 +1.890681231e+01 +1.890681231e+01 -1.6580e-01 +1.7295e+00 -8.0164e-01 -1.4080e-01 +1.7768e+00
1399 0 +6.304935592e-02 +1.887304936e+01 +1.887304936e+01 -1.6056e-01 +1.7173e+00 -8.0097e-01 -1.5027e-01 +1.7778e+00
1449 0 +4.747456135e-02 +1.885747456e+01 +1.885747456e+01 -1.6456e-01 +1.7077e+00 -8.0372e-01 -1.5022e-01 +1.7753e+00
1836 0 +4.197895579e-02 +1.885197896e+01 +1.885197896e+01 -1.6532e-01 +1.7079e+00 -8.0243e-01 -1.5054e-01 +1.7751e+00
1889 0 +3.950994508e-02 +1.884950995e+01 +1.884950995e+01 -1.6746e-01 +1.7098e+00 -8.0144e-01 -1.4934e-01 +1.7739e+00
1950 0 +3.861356042e-02 +1.884861356e+01 +1.884861356e+01 -1.6619e-01 +1.7068e+00 -8.0162e-01 -1.5043e-01 +1.7752e+00
1994 0 +3.133271588e-02 +1.884133272e+01 +1.884133272e+01 -1.6491e-01 +1.7120e+00 -8.0145e-01 -1.4949e-01 +1.7753e+00
2003 0 +2.621533659e-02 +1.883621534e+01 +1.883621534e+01 -1.6505e-01 +1.7130e+00 -8.0128e-01 -1.4901e-01 +1.7753e+00
2374 0 +2.547779700e-02 +1.883547780e+01 +1.883547780e+01 -1.6504e-01 +1.7130e+00 -8.0129e-01 -1.4902e-01 +1.7753e+00
2865 0 +2.451882761e-02 +1.883451883e+01 +1.883451883e+01 -1.6505e-01 +1.7124e+00 -8.0143e-01 -1.4908e-01 +1.7751e+00
2958 0 +2.358745604e-02 +1.883358746e+01 +1.883358746e+01 -1.6506e-01 +1.7122e+00 -8.0149e-01 -1.4913e-01 +1.7752e+00
3353 0 +2.343500796e-02 +1.883343501e+01 +1.883343501e+01 -1.6511e-01 +1.7121e+00 -8.0151e-01 -1.4918e-01 +1.7751e+00
3425 0 +2.254325787e-02 +1.883254326e+01 +1.883254326e+01 -1.6511e-01 +1.7121e+00 -8.0143e-01 -1.4926e-01 +1.7752e+00
3525 0 +2.185355417e-02 +1.883185355e+01 +1.883185355e+01 -1.6510e-01 +1.7122e+00 -8.0141e-01 -1.4928e-01 +1.7752e+00
5168 0 +2.116796004e-02 +1.883116796e+01 +1.883116796e+01 -1.6511e-01 +1.7122e+00 -8.0141e-01 -1.4927e-01 +1.7752e+00
20051 0 +2.109711913e-02 +1.883109712e+01 +1.883109712e+01 -1.6511e-01 +1.7122e+00 -8.0141e-01 -1.4927e-01 +1.7752e+00
% f evaluations | g evaluations | best noise-free fitness - Fopt (2.731500000000e+02) + sum g_i+ | measured fitness | best measured fitness or single-digit g-values | x1 | x2...
1 0 +4.352399073e+01 +3.166739907e+02 +3.166739907e+02 +2.4915e+00 +2.1793e+00 +1.6247e+00 -2.3325e+00 +1.9908e+00
4 0 +1.784181403e+01 +2.909918140e+02 +2.909918140e+02 -1.6833e+00 +3.8233e+00 -1.6710e+00 +1.9939e+00 +1.4694e+00
86 0 +1.127780600e+01 +2.844278060e+02 +2.844278060e+02 -3.8681e-01 +4.2520e+00 -3.2687e-01 +3.2317e+00 +1.0673e+00
115 0 +8.807536660e+00 +2.819575367e+02 +2.819575367e+02 -3.9404e+00 +3.0733e+00 -3.0488e-01 +2.6405e+00 +1.6271e+00
243 0 +7.085249016e+00 +2.802352490e+02 +2.802352490e+02 -4.4266e+00 +3.4061e+00 -3.0954e-01 +2.2619e+00 +2.0255e+00
249 0 +6.471560997e+00 +2.796215610e+02 +2.796215610e+02 -4.8637e+00 +3.4118e+00 -5.6617e-01 +2.8311e+00 +1.4805e+00
293 0 +4.964401811e+00 +2.781144018e+02 +2.781144018e+02 -4.3973e+00 +3.2453e+00 -6.2821e-01 +2.8050e+00 +1.5924e+00
365 0 +4.787292294e+00 +2.779372923e+02 +2.779372923e+02 -4.6530e+00 +3.6079e+00 -8.3435e-01 +2.8609e+00 +1.6077e+00
465 0 +4.582571510e+00 +2.777325715e+02 +2.777325715e+02 -4.6761e+00 +3.6284e+00 -8.5477e-01 +2.8734e+00 +1.6211e+00
529 0 +4.398398715e+00 +2.775483987e+02 +2.775483987e+02 -4.2360e+00 +3.6343e+00 -7.9041e-01 +2.8918e+00 +2.0705e+00
564 0 +4.069746431e+00 +2.772197464e+02 +2.772197464e+02 -4.6133e+00 +3.5695e+00 -8.4537e-01 +2.8794e+00 +1.7571e+00
571 0 +3.343499345e+00 +2.764934993e+02 +2.764934993e+02 -4.8745e+00 +3.9563e+00 -8.7307e-01 +2.4942e+00 +2.0426e+00
630 0 +3.269395705e+00 +2.764193957e+02 +2.764193957e+02 -4.8368e+00 +3.8520e+00 -9.5730e-01 +2.4368e+00 +1.9919e+00
643 0 +2.991469148e+00 +2.761414691e+02 +2.761414691e+02 -4.4971e+00 +3.6934e+00 -8.8742e-01 +2.5881e+00 +2.2935e+00
684 0 +2.689392107e+00 +2.758393921e+02 +2.758393921e+02 -4.1205e+00 +3.3697e+00 -6.4209e-01 +2.5864e+00 +2.2299e+00
766 0 +2.172160001e+00 +2.753221600e+02 +2.753221600e+02 -3.8191e+00 +3.3380e+00 -5.8684e-01 +2.6867e+00 +2.2316e+00
780 0 +1.972503390e+00 +2.751225034e+02 +2.751225034e+02 -3.9757e+00 +3.3378e+00 -2.4018e-01 +2.7463e+00 +2.3100e+00
1078 0 +1.937386074e+00 +2.750873861e+02 +2.750873861e+02 -4.1871e+00 +3.4263e+00 -3.2694e-01 +2.7475e+00 +2.2718e+00
1154 0 +1.469919877e+00 +2.746199199e+02 +2.746199199e+02 -4.2926e+00 +3.6545e+00 -6.3982e-01 +2.7396e+00 +2.2295e+00
1159 0 +1.430558594e+00 +2.745805586e+02 +2.745805586e+02 -4.1604e+00 +3.4212e+00 -4.6771e-01 +2.7453e+00 +2.2639e+00
1209 0 +1.402634021e+00 +2.745526340e+02 +2.745526340e+02 -4.2065e+00 +3.4571e+00 -5.6040e-01 +2.7541e+00 +2.2448e+00
1259 0 +1.286942208e+00 +2.744369422e+02 +2.744369422e+02 -4.2343e+00 +3.4328e+00 -5.0988e-01 +2.7565e+00 +2.2535e+00
1328 0 +1.171349958e+00 +2.743213500e+02 +2.743213500e+02 -4.2375e+00 +3.4440e+00 -5.3330e-01 +2.7544e+00 +2.2551e+00
1472 0 +1.054471683e+00 +2.742044717e+02 +2.742044717e+02 -4.1848e+00 +3.4476e+00 -5.2102e-01 +2.7545e+00 +2.2614e+00
2213 0 +1.046961110e+00 +2.741969611e+02 +2.741969611e+02 -4.1887e+00 +3.4483e+00 -5.2259e-01 +2.7545e+00 +2.2621e+00
2223 0 +1.019132230e+00 +2.741691322e+02 +2.741691322e+02 -4.2219e+00 +3.4430e+00 -5.2124e-01 +2.7461e+00 +2.2565e+00
2265 0 +9.233989924e-01 +2.740733990e+02 +2.740733990e+02 -4.1976e+00 +3.4445e+00 -5.1548e-01 +2.7432e+00 +2.2574e+00
2324 0 +8.581057816e-01 +2.740081058e+02 +2.740081058e+02 -4.1992e+00 +3.4439e+00 -5.1670e-01 +2.7377e+00 +2.2564e+00
2578 0 +8.403149082e-01 +2.739903149e+02 +2.739903149e+02 -4.2060e+00 +3.4449e+00 -5.1486e-01 +2.7383e+00 +2.2566e+00
2620 0 +8.257176309e-01 +2.739757176e+02 +2.739757176e+02 -4.2050e+00 +3.4443e+00 -5.1597e-01 +2.7381e+00 +2.2568e+00
11437 0 +8.127229434e-01 +2.739627229e+02 +2.739627229e+02 -4.2044e+00 +3.4436e+00 -5.1602e-01 +2.7383e+00 +2.2572e+00
20051 0 +8.102993618e-01 +2.739602994e+02 +2.739602994e+02 -4.2044e+00 +3.4436e+00 -5.1604e-01 +2.7383e+00 +2.2572e+00
% f evaluations | g evaluations | best noise-free fitness - Fopt (3.718000000000e+01) + sum g_i+ | measured fitness | best measured fitness or single-digit g-values | x1 | x2...
1 0 +1.382215345e+02 +1.754015345e+02 +1.754015345e+02 +1.3972e+00 -2.3861e+00 +2.1945e+00 +6.2455e-01 +3.1564e+00
10 0 +1.319416275e+02 +1.691216275e+02 +1.691216275e+02 +6.3589e-01 +1.7163e+00 +3.9276e+00 -1.3761e+00 +7.2389e-01
14 0 +2.533652611e+01 +6.251652611e+01 +6.251652611e+01 -2.2455e+00 +1.5570e+00 +2.4077e+00 +2.4148e+00 -3.0644e+00
52 0 +1.780951995e+01 +5.498951995e+01 +5.498951995e+01 -4.2694e+00 +2.0680e+00 +1.9515e+00 +3.2388e+00 -3.1293e+00
60 0 +1.435003753e+01 +5.153003753e+01 +5.153003753e+01 -3.9130e+00 +1.5663e+00 +1.2860e+00 +6.9227e-01 -2.4467e+00
103 0 +1.197995275e+01 +4.915995275e+01 +4.915995275e+01 -4.9622e+00 +1.4522e+00 +1.3903e-01 +7.6858e-01 -3.8565e+00
111 0 +7.099883335e+00 +4.427988333e+01 +4.427988333e+01 -4.2321e+00 +3.0783e+00 +2.2417e+00 +1.0180e+00 -3.4453e+00
174 0 +5.339214530e+00 +4.251921453e+01 +4.251921453e+01 -3.5320e+00 +1.6934e+00 +3.7850e+00 +1.0663e+00 -3.0053e+00
302 0 +4.298936863e+00 +4.147893686e+01 +4.147893686e+01 -3.1597e+00 +2.1139e+00 +3.6047e+00 +1.3406e+00 -3.0668e+00
322 0 +2.375247659e+00 +3.955524766e+01 +3.955524766e+01 -2.7539e+00 +1.6688e+00 +3.4004e+00 +1.2110e+00 -3.2372e+00
506 0 +1.645768980e+00 +3.882576898e+01 +3.882576898e+01 -2.7853e+00 +1.5743e+00 +3.2697e+00 +1.2582e+00 -3.1901e+00
556 0 +1.318729480e+00 +3.849872948e+01 +3.849872948e+01 -2.8589e+00 +1.6141e+00 +3.1818e+00 +1.2617e+00 -3.1517e+00
826 0 +1.206435448e+00 +3.838643545e+01 +3.838643545e+01 -2.8441e+00 +1.6189e+00 +3.1930e+00 +1.3039e+00 -3.2234e+00
1137 0 +1.168077154e+00 +3.834807715e+01 +3.834807715e+01 -2.8480e+00 +1.6173e+00 +3.1664e+00 +1.3116e+00 -3.1298e+00
1163 0 +8.747176592e-01 +3.805471766e+01 +3.805471766e+01 -2.8734e+00 +1.6159e+00 +3.1623e+00 +1.2981e+00 -3.1305e+00
1276 0 +8.683082261e-01 +3.804830823e+01 +3.804830823e+01 -2.8818e+00 +1.6123e+00 +3.1476e+00 +1.2942e+00 -3.1342e+00
1463 0 +8.408889633e-01 +3.802088896e+01 +3.802088896e+01 -2.8831e+00 +1.6092e+00 +3.1237e+00 +1.2915e+00 -3.1333e+00
1520 0 +8.148821483e-01 +3.799488215e+01 +3.799488215e+01 -2.8866e+00 +1.6083e+00 +3.1157e+00 +1.2946e+00 -3.1381e+00
1587 0 +7.914659742e-01 +3.797146597e+01 +3.797146597e+01 -2.8888e+00 +1.6066e+00 +3.1233e+00 +1.2942e+00 -3.1377e+00
1635 0 +7.639430159e-01 +3.794394302e+01 +3.794394302e+01 -2.8918e+00 +1.6062e+00 +3.1107e+00 +1.3020e+00 -3.1431e+00
1690 0 +7.536155003e-01 +3.793361550e+01 +3.793361550e+01 -2.8937e+00 +1.6074e+00 +3.1139e+00 +1.3030e+00 -3.1462e+00
1967 0 +7.401929699e-01 +3.792019297e+01 +3.792019297e+01 -2.9002e+00 +1.6159e+00 +3.1151e+00 +1.3026e+00 -3.1469e+00
3704 0 +7.242655732e-01 +3.790426557e+01 +3.790426557e+01 -2.9004e+00 +1.6159e+00 +3.1151e+00 +1.3027e+00 -3.1469e+00
20051 0 +7.114674450e-01 +3.789146744e+01 +3.789146744e+01 -2.9003e+00 +1.6159e+00 +3.1152e+00 +1.3024e+00 -3.1460e+00
% f evaluations | g evaluations | best noise-free fitness - Fopt (-1.479000000000e+02) + sum g_i+ | measured fitness | best measured fitness or single-digit g-values | x1 | x2...
1 0 +3.638204294e+01 -1.115179571e+02 -1.115179571e+02 +6.9215e-01 +3.9078e-01 -3.0614e+00 -3.5013e+00 -4.5196e+00
8 0 +1.916579430e+01 -1.287342057e+02 -1.287342057e+02 -2.4715e+00 +1.0082e+00 +2.2365e+00 -1.5431e+00 -9.4779e-02
67 0 +1.339174081e+01 -1.345082592e+02 -1.345082592e+02 -1.7182e+00 +3.5153e-01 +3.7835e+00 -1.9041e+00 -2.4681e+00
105 0 +1.127507333e+01 -1.366249267e+02 -1.366249267e+02 -1.5789e+00 +3.5134e-01 +8.3268e-01 -3.0297e+00 -4.3111e+00
130 0 +9.429265381e+00 -1.384707346e+02 -1.384707346e+02 -2.7277e+00 -2.0269e-01 +2.7192e+00 -2.1105e+00 -3.3953e+00
238 0 +8.851800934e+00 -1.390481991e+02 -1.390481991e+02 -2.5357e+00 +5.7648e-02 +1.5183e+00 -2.4272e+00 -3.7859e+00
322 0 +4.096756125e+00 -1.438032439e+02 -1.438032439e+02 -1.8261e+00 +1.2136e-01 +1.9215e+00 -1.4867e+00 -2.8785e+00
502 0 +2.751135733e+00 -1.451488643e+02 -1.451488643e+02 -2.1290e+00 -1.8564e-01 +1.8651e+00 -1.4954e+00 -2.6512e+00
540 0 +2.501500484e+00 -1.453984995e+02 -1.453984995e+02 -1.3746e+00 -3.1849e-01 +1.6484e+00 -2.1370e+00 -3.3747e+00
740 0 +1.851008332e+00 -1.460489917e+02 -1.460489917e+02 -1.3768e+00 -3.0185e-01 +1.6274e+00 -2.1328e+00 -3.3942e+00
1063 0 +1.724178637e+00 -1.461758214e+02 -1.461758214e+02 -1.1315e+00 -2.8229e-01 +1.8315e+00 -2.4225e+00 -3.4119e+00
1281 0 +1.315382224e+00 -1.465846178e+02 -1.465846178e+02 -1.1343e+00 -3.6570e-01 +1.9355e+00 -2.3390e+00 -3.3085e+00
2062 0 +1.181941989e+00 -1.467180580e+02 -1.467180580e+02 -1.1327e+00 -3.6630e-01 +1.9260e+00 -2.3469e+00 -3.3090e+00
2431 0 +1.173289779e+00 -1.467267102e+02 -1.467267102e+02 -1.1327e+00 -3.6617e-01 +1.9261e+00 -2.3462e+00 -3.3081e+00
2547 0 +1.144325710e+00 -1.467556743e+02 -1.467556743e+02 -1.1268e+00 -3.6788e-01 +1.9197e+00 -2.3488e+00 -3.3088e+00
2599 0 +1.082939871e+00 -1.468170601e+02 -1.468170601e+02 -1.1267e+00 -3.6700e-01 +1.9211e+00 -2.3456e+00 -3.3081e+00
2699 0 +1.057719560e+00 -1.468422804e+02 -1.468422804e+02 -1.1258e+00 -3.6662e-01 +1.9210e+00 -2.3444e+00 -3.3083e+00
2731 0 +1.034487879e+00 -1.468655121e+02 -1.468655121e+02 -1.1254e+00 -3.6655e-01 +1.9232e+00 -2.3452e+00 -3.3082e+00
2906 0 +1.015901101e+00 -1.468840989e+02 -1.468840989e+02 -1.1228e+00 -3.6651e-01 +1.9253e+00 -2.3445e+00 -3.3103e+00
2956 0 +9.944166312e-01 -1.469055834e+02 -1.469055834e+02 -1.1230e+00 -3.6649e-01 +1.9259e+00 -2.3442e+00 -3.3107e+00
3262 0 +9.745355263e-01 -1.469254645e+02 -1.469254645e+02 -1.1226e+00 -3.6655e-01 +1.9254e+00 -2.3451e+00 -3.3113e+00
3581 0 +9.541994182e-01 -1.469458006e+02 -1.469458006e+02 -1.1233e+00 -3.6656e-01 +1.9254e+00 -2.3445e+00 -3.3105e+00
20051 0 +9.474973157e-01 -1.469525027e+02 -1.469525027e+02 -1.1233e+00 -3.6656e-01 +1.9254e+00 -2.3445e+00 -3.3105e+00
% f evaluations | g evaluations | best noise-free fitness - Fopt (-1.694000000000e+01) + sum g_i+ | measured fitness | best measured fitness or single-digit g-values | x1 | x2...
1 0 +9.837862721e+01 +8.143862721e+01 +8.143862721e+01 -1.1657e+00 -1.2551e+00 +8.0210e-01 +3.9784e+00 -1.1185e+00
3 0 +7.645614426e+01 +5.951614426e+01 +5.951614426e+01 -7.6297e-01 -3.1168e+00 +1.0945e+00 -1.0052e-01 -1.1142e+00
4 0 +6.486618921e+01 +4.792618921e+01 +4.792618921e+01 +1.3563e+00 +1.2788e+00 -1.0782e+00 -2.8695e+00 +3.8669e+00
6 0 +6.281174995e+01 +4.587174995e+01 +4.587174995e+01 +2.1868e+00 -5.3948e-01 +6.6385e-01 +9.8000e-01 +1.9250e+00
25 0 +2.571672019e+01 +8.776720191e+00 +8.776720191e+00 +4.2634e+00 +4.8701e+00 +2.7952e+00 -1.8372e+00 +3.8431e+00
27 0 +2.308981290e+01 +6.149812903e+00 +6.149812903e+00 +2.1385e+00 +2.6096e+00 -4.1662e+00 +2.7844e+00 +1.2751e+00
86 0 +1.885249520e+01 +1.912495198e+00 +1.912495198e+00 +1.4665e+00 +1.5120e-01 -9.7763e-01 +4.7554e-01 +9.2689e-01
90 0 +1.277577175e+01 -4.164228247e+00 -4.164228247e+00 +2.7235e+00 +1.0604e+00 -2.4825e+00 +2.8053e+00 +4.5892e-01
113 0 +9.386463198e+00 -7.553536802e+00 -7.553536802e+00 +4.4444e+00 +1.8886e+00 -1.4262e+00 +2.3511e+00 +7.0693e-01
190 0 +6.917264729e+00 -1.002273527e+01 -1.002273527e+01 +3.8864e+00 +1.9609e+00 -1.1097e+00 +2.4035e+00 +8.4450e-01
313 0 +5.938704898e+00 -1.100129510e+01 -1.100129510e+01 +3.3796e+00 +2.0582e+00 -1.2266e+00 +2.4203e+00 +8.3681e-01
408 0 +3.778634426e+00 -1.316136557e+01 -1.316136557e+01 +3.3007e+00 +1.9419e+00 -1.4399e+00 +2.4625e+00 +8.8140e-01
446 0 +3.149097185e+00 -1.379090281e+01 -1.379090281e+01 +3.1132e+00 +2.0921e+00 -1.9466e+00 +1.7339e+00 +1.3689e+00
534 0 +2.493607387e+00 -1.444639261e+01 -1.444639261e+01 +3.4629e+00 +2.1081e+00 -1.9779e+00 +1.6900e+00 +1.5125e+00
573 0 +1.442834987e+00 -1.549716501e+01 -1.549716501e+01 +3.5248e+00 +2.1948e+00 -1.8319e+00 +1.6063e+00 +1.5030e+00
734 0 +1.249623726e+00 -1.569037627e+01 -1.569037627e+01 +3.6342e+00 +2.2968e+00 -1.7138e+00 +1.5651e+00 +1.4839e+00
784 0 +1.032905155e+00 -1.590709484e+01 -1.590709484e+01 +3.7027e+00 +2.3723e+00 -1.6082e+00 +1.5151e+00 +1.4724e+00
818 0 +8.215798957e-01 -1.611842010e+01 -1.611842010e+01 +3.6914e+00 +2.4157e+00 -1.5465e+00 +1.4979e+00 +1.4734e+00
824 0 +7.137088573e-01 -1.622629114e+01 -1.622629114e+01 +3.5972e+00 +2.5593e+00 -1.5158e+00 +1.5303e+00 +1.4600e+00
843 0 +6.143952808e-01 -1.632560472e+01 -1.632560472e+01 +3.5777e+00 +2.4653e+00 -1.5799e+00 +1.5266e+00 +1.3160e+00
918 0 +3.573464194e-01 -1.658265358e+01 -1.658265358e+01 +3.5583e+00 +2.4692e+00 -1.5612e+00 +1.5231e+00 +1.3883e+00
983 0 +2.515027747e-01 -1.668849723e+01 -1.668849723e+01 +3.6248e+00 +2.4803e+00 -1.5557e+00 +1.5291e+00 +1.3716e+00
1072 0 +1.922572377e-01 -1.674774276e+01 -1.674774276e+01 +3.6327e+00 +2.5192e+00 -1.5496e+00 +1.4748e+00 +1.3834e+00
1298 0 +1.868179376e-01 -1.675318206e+01 -1.675318206e+01 +3.6376e+00 +2.5469e+00 -1.5430e+00 +1.4831e+00 +1.4084e+00
1332 0 +1.687151196e-01 -1.677128488e+01 -1.677128488e+01 +3.6400e+00 +2.5539e+00 -1.5195e+00 +1.4838e+00 +1.4120e+00
1582 0 +1.306556312e-01 -1.680934437e+01 -1.680934437e+01 +3.6598e+00 +2.5621e+00 -1.5339e+00 +1.4932e+00 +1.4028e+00
1688 0 +8.780504268e-02 -1.685219496e+01 -1.685219496e+01 +3.6522e+00 +2.5571e+00 -1.5316e+00 +1.4735e+00 +1.3999e+00
1732 0 +5.856452821e-02 -1.688143547e+01 -1.688143547e+01 +3.6596e+00 +2.5558e+00 -1.5326e+00 +1.4681e+00 +1.3979e+00
1825 0 +4.182304946e-02 -1.689817695e+01 -1.689817695e+01 +3.6610e+00 +2.5562e+00 -1.5316e+00 +1.4663e+00 +1.3968e+00
1862 0 +3.054527900e-02 -1.690945472e+01 -1.690945472e+01 +3.6631e+00 +2.5488e+00 -1.5255e+00 +1.4682e+00 +1.3971e+00
1925 0 +3.019303257e-02 -1.690980697e+01 -1.690980697e+01 +3.6636e+00 +2.5521e+00 -1.5284e+00 +1.4671e+00 +1.3992e+00
2030 0 +1.934491961e-02 -1.692065508e+01 -1.692065508e+01 +3.6609e+00 +2.5508e+00 -1.5285e+00 +1.4658e+00 +1.3992e+00
2074 0 +1.321528562e-02 -1.692678471e+01 -1.692678471e+01 +3.6578e+00 +2.5504e+00 -1.5286e+00 +1.4679e+00 +1.3983e+00
2230 0 +1.203231948e-02 -1.692796768e+01 -1.692796768e+01 +3.6585e+00 +2.5503e+00 -1.5285e+00 +1.4681e+00 +1.3977e+00
2280 0 +1.136034211e-02 -1.692863966e+01 -1.692863966e+01 +3.6594e+00 +2.5507e+00 -1.5286e+00 +1.4675e+00 +1.3979e+00
2325 0 +7.537844483e-03 -1.693246216e+01 -1.693246216e+01 +3.6600e+00 +2.5510e+00 -1.5285e+00 +1.4675e+00 +1.3980e+00
2732 0 +5.397570927e-03 -1.693460243e+01 -1.693460243e+01 +3.6575e+00 +2.5510e+00 -1.5284e+00 +1.4679e+00 +1.3962e+00
2888 0 +3.638909209e-03 -1.693636109e+01 -1.693636109e+01 +3.6575e+00 +2.5511e+00 -1.5284e+00 +1.4686e+00 +1.3967e+00
3054 0 +3.403381049e-03 -1.693659662e+01 -1.693659662e+01 +3.6580e+00 +2.5512e+00 -1.5285e+00 +1.4686e+00 +1.3966e+00
3192 0 +1.517810525e-03 -1.693848219e+01 -1.693848219e+01 +3.6580e+00 +2.5512e+00 -1.5284e+00 +1.4683e+00 +1.3966e+00
3353 0 +1.439794606e-03 -1.693856021e+01 -1.693856021e+01 +3.6580e+00 +2.5512e+00 -1.5283e+00 +1.4683e+00 +1.3966e+00
3442 0 +1.412332514e-03 -1.693858767e+01 -1.693858767e+01 +3.6580e+00 +2.5512e+00 -1.5283e+00 +1.4683e+00 +1.3966e+00
3553 0 +1.369917643e-03 -1.693863008e+01 -1.693863008e+01 +3.6580e+00 +2.5511e+00 -1.5283e+00 +1.4683e+00 +1.3966e+00
3595 0 +1.339760144e-03 -1.693866024e+01 -1.693866024e+01 +3.6580e+00 +2.5511e+00 -1.5283e+00 +1.4683e+00 +1.3966e+00
3603 0 +1.307891401e-03 -1.693869211e+01 -1.693869211e+01 +3.6580e+00 +2.5511e+00 -1.5283e+00 +1.4683e+00 +1.3966e+00
3642 0 +1.236376840e-03 -1.693876362e+01 -1.693876362e+01 +3.6580e+00 +2.5511e+00 -1.5283e+00 +1.4683e+00 +1.3966e+00
3716 0 +1.007271415e-03 -1.693899273e+01 -1.693899273e+01 +3.6581e+00 +2.5511e+00 -1.5284e+00 +1.4683e+00 +1.3966e+00
3753 0 +9.136169196e-04 -1.693908638e+01 -1.693908638e+01 +3.6581e+00 +2.5511e+00 -1.5284e+00 +1.4683e+00 +1.3966e+00
3845 0 +8.779286693e-04 -1.693912207e+01 -1.693912207e+01 +3.6581e+00 +2.5510e+00 -1.5284e+00 +1.4683e+00 +1.3966e+00
4276 0 +8.194094566e-04 -1.693918059e+01 -1.693918059e+01 +3.6581e+00 +2.5510e+00 -1.5284e+00 +1.4683e+00 +1.3966e+00
4300 0 +7.312894165e-04 -1.693926871e+01 -1.693926871e+01 +3.6581e+00 +2.5510e+00 -1.5284e+00 +1.4683e+00 +1.3966e+00
4456 0 +6.925987178e-04 -1.693930740e+01 -1.693930740e+01 +3.6581e+00 +2.5510e+00 -1.5284e+00 +1.4683e+00 +1.3966e+00
5082 0 +6.858040798e-04 -1.693931420e+01 -1.693931420e+01 +3.6581e+00 +2.5510e+00 -1.5284e+00 +1.4683e+00 +1.3966e+00
5547 0 +6.758446797e-04 -1.693932416e+01 -1.693932416e+01 +3.6581e+00 +2.5510e+00 -1.5284e+00 +1.4683e+00 +1.3966e+00
7225 0 +6.590552403e-04 -1.693934094e+01 -1.693934094e+01 +3.6581e+00 +2.5510e+00 -1.5284e+00 +1.4683e+00 +1.3966e+00
7482 0 +6.331954582e-04 -1.693936680e+01 -1.693936680e+01 +3.6581e+00 +2.5510e+00 -1.5284e+00 +1.4683e+00 +1.3966e+00
7898 0 +6.271396694e-04 -1.693937286e+01 -1.693937286e+01 +3.6581e+00 +2.5510e+00 -1.5284e+00 +1.4683e+00 +1.3966e+00
20051 0 +6.203697011e-04 -1.693937963e+01 -1.693937963e+01 +3.6581e+00 +2.5510e+00 -1.5284e+00 +1.4683e+00 +1.3966e+00
% f evaluations | g evaluations | best noise-free fitness - Fopt (1.881000000000e+01) + sum g_i+ | measured fitness | best measured fitness or single-digit g-values | x1 | x2...
1 0 +3.486411772e+01 +5.367411772e+01 +5.367411772e+01 +1.2955e+00 +4.5925e+00 -2.5197e+00 +4.1198e+00 +1.6831e-01
30 0 +2.629606926e+01 +4.510606926e+01 +4.510606926e+01 +5.7835e-01 +4.0694e+00 +1.7886e+00 -1.6889e+00 +1.9864e+00
56 0 +2.423848925e+01 +4.304848925e+01 +4.304848925e+01 +6.7518e-02 -2.6285e+00 +9.4023e-01 -7.9791e-01 +2.5648e+00
70 0 +1.976864590e+01 +3.857864590e+01 +3.857864590e+01 +2.5642e+00 +1.8278e+00 +7.4545e-01 -3.7902e+00 +4.0051e+00
148 0 +1.667887727e+01 +3.548887727e+01 +3.548887727e+01 +1.7158e+00 +8.0095e-01 -7.9949e-02 +6.0544e-01 +2.9228e+00
212 0 +1.063591279e+01 +2.944591279e+01 +2.944591279e+01 +6.2923e-01 +1.6589e+00 -6.4317e-02 -2.5089e+00 +3.0587e+00
254 0 +7.328290232e+00 +2.613829023e+01 +2.613829023e+01 +8.1198e-01 +2.8247e+00 +1.4243e-01 -9.2044e-01 +3.3819e+00
265 0 +6.500876536e+00 +2.531087654e+01 +2.531087654e+01 +6.8675e-03 +1.0081e+00 -1.1926e+00 -7.8677e-02 +1.2948e+00
323 0 +6.261508951e+00 +2.507150895e+01 +2.507150895e+01 -4.7831e-01 +1.7981e+00 -2.0800e-01 -6.6222e-01 +1.2368e+00
384 0 +5.796787636e+00 +2.460678764e+01 +2.460678764e+01 -5.4767e-01 +1.4932e+00 -5.5427e-01 +2.0765e-02 +2.1271e+00
430 0 +4.682214489e+00 +2.349221449e+01 +2.349221449e+01 +7.7081e-02 +1.8412e+00 -5.2266e-01 -2.2798e-01 +1.6617e+00
457 0 +3.071377166e+00 +2.188137717e+01 +2.188137717e+01 +4.0308e-01 +1.8552e+00 -4.8689e-01 -7.7899e-01 +1.3601e+00
482 0 +2.039746944e+00 +2.084974694e+01 +2.084974694e+01 +1.1093e-01 +1.5146e+00 -8.9269e-01 -2.3226e-01 +2.0059e+00
490 0 +1.799498993e+00 +2.060949899e+01 +2.060949899e+01 -1.2751e-01 +2.2004e+00 -6.9932e-01 -1.2539e-01 +1.8379e+00
653 0 +1.235290332e+00 +2.004529033e+01 +2.004529033e+01 -3.5079e-02 +2.2138e+00 -7.9134e-01 -5.6708e-02 +1.8441e+00
685 0 +9.840482649e-01 +1.979404826e+01 +1.979404826e+01 -2.5642e-02 +2.0104e+00 -6.9815e-01 -2.8086e-01 +1.7887e+00
935 0 +8.074231316e-01 +1.961742313e+01 +1.961742313e+01 -2.8078e-02 +2.0100e+00 -6.9737e-01 -2.8540e-01 +1.7871e+00
1068 0 +7.184792685e-01 +1.952847927e+01 +1.952847927e+01 -1.0008e-02 +1.9921e+00 -7.1883e-01 -3.0522e-01 +1.8147e+00
1339 0 +6.610081839e-01 +1.947100818e+01 +1.947100818e+01 -9.4733e-03 +2.0017e+00 -7.1174e-01 -3.0340e-01 +1.8203e+00
1439 0 +6.446263321e-01 +1.945462633e+01 +1.945462633e+01 -9.4860e-03 +2.0023e+00 -7.1119e-01 -3.0316e-01 +1.8206e+00
1475 0 +6.276396629e-01 +1.943763966e+01 +1.943763966e+01 -1.2023e-02 +1.9905e+00 -7.0909e-01 -3.0038e-01 +1.8157e+00
1574 0 +5.993801051e-01 +1.940938011e+01 +1.940938011e+01 -1.1771e-02 +1.9937e+00 -7.0748e-01 -3.0412e-01 +1.8145e+00
1701 0 +5.854745185e-01 +1.939547452e+01 +1.939547452e+01 -1.2107e-02 +1.9934e+00 -7.0797e-01 -3.0397e-01 +1.8151e+00
2900 0 +5.750816079e-01 +1.938508161e+01 +1.938508161e+01 -1.4447e-02 +1.9947e+00 -7.0676e-01 -3.0437e-01 +1.8182e+00
2928 0 +5.532287027e-01 +1.936322870e+01 +1.936322870e+01 -1.7474e-02 +1.9958e+00 -7.0602e-01 -3.0414e-01 +1.8180e+00
2961 0 +5.445920211e-01 +1.935459202e+01 +1.935459202e+01 -2.1648e-02 +1.9959e+00 -7.0546e-01 -3.0420e-01 +1.8180e+00
3147 0 +5.246076820e-01 +1.933460768e+01 +1.933460768e+01 -2.2391e-02 +1.9920e+00 -7.0546e-01 -3.0214e-01 +1.8097e+00
3224 0 +4.994149276e-01 +1.930941493e+01 +1.930941493e+01 -2.1146e-02 +1.9966e+00 -7.0546e-01 -3.0101e-01 +1.8095e+00
3444 0 +4.862185996e-01 +1.929621860e+01 +1.929621860e+01 -2.0706e-02 +2.0007e+00 -7.0570e-01 -2.9987e-01 +1.8108e+00
4334 0 +4.781825030e-01 +1.928818250e+01 +1.928818250e+01 -2.0767e-02 +2.0011e+00 -7.0568e-01 -2.9951e-01 +1.8099e+00
20051 0 +4.700822262e-01 +1.928008223e+01 +1.928008223e+01 -2.0766e-02 +2.0009e+00 -7.0556e-01 -2.9912e-01 +1.8080e+00
% f evaluations | g evaluations | best noise-free fitness - Fopt (2.731500000000e+02) + sum g_i+ | measured fitness | best measured fitness or single-digit g-values | x1 | x2...
1 0 +9.365017212e+01 +3.668001721e+02 +3.668001721e+02 -7.9000e-01 -3.4244e-01 +1.6588e+00 -4.3586e+00 +4.7322e+00
5 0 +8.608417948e+01 +3.592341795e+02 +3.592341795e+02 +3.3175e-01 +1.8128e-02 -2.0424e+00 -3.3342e+00 +1.9168e+00
6 0 +5.479582428e+01 +3.279458243e+02 +3.279458243e+02 -4.2980e+00 +4.7997e+00 +1.7602e+00 +3.8132e+00 +3.6202e+00
10 0 +4.468528496e+01 +3.178352850e+02 +3.178352850e+02 -1.4791e+00 +1.8517e+00 +3.3459e+00 +3.9773e+00 +1.0588e+00
11 0 +3.298465386e+01 +3.061346539e+02 +3.061346539e+02 -3.2044e-01 +3.0435e+00 -3.6201e+00 +2.2640e+00 +4.3092e+00
13 0 +2.389567222e+01 +2.970456722e+02 +2.970456722e+02 +3.5264e-01 +3.6409e+00 +1.7692e+00 +2.3409e+00 +2.3984e+00
60 0 +2.087358161e+01 +2.940235816e+02 +2.940235816e+02 -9.7681e-01 +3.0540e+00 +1.0054e+00 +6.3767e-01 +1.6229e+00
61 0 +1.880357675e+01 +2.919535768e+02 +2.919535768e+02 +2.0532e+00 +2.8230e+00 +1.0964e+00 +3.3036e+00 +1.8453e+00
102 0 +1.629089439e+01 +2.894408944e+02 +2.894408944e+02 -3.0921e+00 +2.3862e+00 +1.4280e+00 +4.1297e+00 +1.6143e+00
119 0 +1.531792072e+01 +2.884679207e+02 +2.884679207e+02 +7.5495e-01 +1.5339e+00 +2.8121e-01 +2.2529e+00 +2.2186e+00
177 0 +1.497039986e+01 +2.881203999e+02 +2.881203999e+02 +3.1688e+00 +3.0331e+00 +2.7975e+00 +2.4333e+00 +1.6396e+00
191 0 +1.460380144e+01 +2.877538014e+02 +2.877538014e+02 +1.1452e+00 +1.3347e+00 +3.5763e+00 +3.6170e+00 +1.7722e+00
200 0 +1.441315371e+01 +2.875631537e+02 +2.875631537e+02 +1.5997e-01 +2.6338e+00 +7.0060e-01 +3.5833e+00 +1.9668e+00
238 0 +1.264761312e+01 +2.857976131e+02 +2.857976131e+02 +8.5634e-01 +3.8227e+00 +5.9742e-01 +3.3220e+00 +1.3870e+00
253 0 +1.080106188e+01 +2.839510619e+02 +2.839510619e+02 +9.7802e-03 +3.5308e+00 +2.0229e+00 +2.8164e+00 +2.0755e+00
277 0 +7.691374958e+00 +2.808413750e+02 +2.808413750e+02 -1.1164e+00 +4.0112e+00 +6.2930e-01 +2.7018e+00 +1.6806e+00
286 0 +7.511804521e+00 +2.806618045e+02 +2.806618045e+02 +9.5661e-01 +3.4141e+00 +5.8263e-01 +2.1432e+00 +4.8290e-01
377 0 +5.078151114e+00 +2.782281511e+02 +2.782281511e+02 -8.3120e-01 +3.7474e+00 +2.0903e-01 +1.7674e+00 +1.3422e+00
478 0 +3.402932151e+00 +2.765529322e+02 +2.765529322e+02 -5.9694e-01 +3.8966e+00 +3.2603e-02 +1.8330e+00 +1.3653e+00
570 0 +3.097417646e+00 +2.762474176e+02 +2.762474176e+02 +1.8023e-01 +3.5504e+00 -4.6504e-02 +2.0141e+00 +1.4231e+00
720 0 +2.995053639e+00 +2.761450536e+02 +2.761450536e+02 +1.7163e-01 +3.5240e+00 -5.4323e-02 +2.0156e+00 +1.3773e+00
1080 0 +2.304640551e+00 +2.754546406e+02 +2.754546406e+02 +2.4532e-01 +3.6216e+00 -6.3188e-02 +1.9567e+00 +1.3657e+00
1170 0 +1.789376638e+00 +2.749393766e+02 +2.749393766e+02 +2.8471e-01 +3.7040e+00 -6.5925e-02 +1.9417e+00 +1.3565e+00
1273 0 +1.692046875e+00 +2.748420469e+02 +2.748420469e+02 +6.5006e-02 +3.8966e+00 -2.4416e-01 +1.8643e+00 +1.3278e+00
1335 0 +1.336813732e+00 +2.744868137e+02 +2.744868137e+02 +2.1479e-01 +3.8048e+00 -3.0339e-01 +1.8347e+00 +1.3420e+00
1751 0 +1.299168200e+00 +2.744491682e+02 +2.744491682e+02 +2.4145e-01 +3.8067e+00 -3.1393e-01 +1.8289e+00 +1.3416e+00
1871 0 +1.255568226e+00 +2.744055682e+02 +2.744055682e+02 +2.4351e-01 +3.8062e+00 -3.1571e-01 +1.8289e+00 +1.3414e+00
1895 0 +1.177532840e+00 +2.743275328e+02 +2.743275328e+02 +2.6291e-01 +3.8101e+00 -3.1514e-01 +1.8299e+00 +1.3390e+00
1912 0 +1.146008879e+00 +2.742960089e+02 +2.742960089e+02 +2.6757e-01 +3.8299e+00 +1.1677e-02 +1.9190e+00 +1.3212e+00
2009 0 +8.945385148e-01 +2.740445385e+02 +2.740445385e+02 +2.8175e-01 +3.8703e+00 -5.3541e-02 +1.9294e+00 +1.2999e+00
2058 0 +6.784026807e-01 +2.738284027e+02 +2.738284027e+02 +3.0338e-01 +3.8841e+00 -7.9669e-03 +1.9410e+00 +1.2929e+00
2150 0 +6.570166006e-01 +2.738070166e+02 +2.738070166e+02 +3.1148e-01 +3.8415e+00 +8.0217e-02 +2.0052e+00 +1.3084e+00
2463 0 +6.389382156e-01 +2.737889382e+02 +2.737889382e+02 +3.1789e-01 +3.8406e+00 +1.3115e-01 +2.0197e+00 +1.3072e+00
2467 0 +5.775386671e-01 +2.737275387e+02 +2.737275387e+02 +2.8971e-01 +3.8475e+00 +7.4885e-02 +2.0005e+00 +1.3096e+00
2611 0 +5.736445684e-01 +2.737236446e+02 +2.737236446e+02 +2.8216e-01 +3.8450e+00 +7.3708e-02 +2.0003e+00 +1.3083e+00
2761 0 +5.379584690e-01 +2.736879585e+02 +2.736879585e+02 +2.8181e-01 +3.8477e+00 +7.5808e-02 +1.9992e+00 +1.3082e+00
2789 0 +5.296276780e-01 +2.736796277e+02 +2.736796277e+02 +2.8408e-01 +3.8480e+00 +7.6366e-02 +1.9997e+00 +1.3103e+00
2794 0 +4.927113151e-01 +2.736427113e+02 +2.736427113e+02 +2.7917e-01 +3.8444e+00 +7.4522e-02 +2.0001e+00 +1.3109e+00
3117 0 +4.879455545e-01 +2.736379456e+02 +2.736379456e+02 +2.7826e-01 +3.8448e+00 +7.4529e-02 +2.0009e+00 +1.3109e+00
3948 0 +4.678124543e-01 +2.736178125e+02 +2.736178125e+02 +2.7828e-01 +3.8443e+00 +8.5930e-02 +2.0060e+00 +1.3108e+00
4027 0 +4.647957865e-01 +2.736147958e+02 +2.736147958e+02 +2.7681e-01 +3.8449e+00 +8.3809e-02 +2.0055e+00 +1.3110e+00
4355 0 +4.481158514e-01 +2.735981159e+02 +2.735981159e+02 +2.7723e-01 +3.8449e+00 +8.3415e-02 +2.0051e+00 +1.3109e+00
4398 0 +4.404172895e-01 +2.735904173e+02 +2.735904173e+02 +2.7479e-01 +3.8449e+00 +8.1800e-02 +2.0049e+00 +1.3112e+00
4427 0 +4.346575360e-01 +2.735846575e+02 +2.735846575e+02 +2.7438e-01 +3.8449e+00 +8.2579e-02 +2.0050e+00 +1.3111e+00
4777 0 +4.232982409e-01 +2.735732982e+02 +2.735732982e+02 +2.7339e-01 +3.8449e+00 +8.0976e-02 +2.0046e+00 +1.3114e+00
5480 0 +4.152425363e-01 +2.735652425e+02 +2.735652425e+02 +2.7337e-01 +3.8448e+00 +8.0861e-02 +2.0046e+00 +1.3114e+00
20051 0 +4.074725743e-01 +2.735574726e+02 +2.735574726e+02 +2.7363e-01 +3.8449e+00 +8.0878e-02 +2.0045e+00 +1.3113e+00
% f evaluations | g evaluations | best noise-free fitness - Fopt (3.718000000000e+01) + sum g_i+ | measured fitness | best measured fitness or single-digit g-values | x1 | x2...
1 0 +5.036890603e+02 +5.408690603e+02 +5.408690603e+02 +2.1002e+00 +4.4213e+00 -3.7615e+00 +3.3724e+00 +2.2012e+00
2 0 +1.039016049e+02 +1.410816049e+02 +1.410816049e+02 -4.8205e+00 +4.6463e+00 -3.1709e+00 +3.6557e+00 -3.6783e+00
5 0 +2.460377017e+01 +6.178377017e+01 +6.178377017e+01 -3.6310e+00 -2.4010e-01 +4.9401e+00 +8.0777e-01 -4.1516e+00
52 0 +1.050436405e+01 +4.768436405e+01 +4.768436405e+01 -3.0308e+00 -9.2467e-01 +4.4776e-02 +1.7142e+00 -3.2800e+00
296 0 +7.724865616e+00 +4.490486562e+01 +4.490486562e+01 -4.1838e+00 +1.9494e+00 +6.5284e-01 +1.5953e+00 -3.6169e+00
366 0 +7.020998352e+00 +4.420099835e+01 +4.420099835e+01 -4.1873e+00 +1.5475e+00 +6.2634e-01 +1.7590e+00 -4.1540e+00
442 0 +6.892810300e+00 +4.407281030e+01 +4.407281030e+01 -4.6269e+00 +2.2171e+00 +2.8258e-01 +1.5699e+00 -4.0094e+00
461 0 +5.175532998e+00 +4.235553300e+01 +4.235553300e+01 -4.7336e+00 +1.9202e+00 +4.4678e-01 +1.5569e+00 -3.8792e+00
477 0 +4.257379150e+00 +4.143737915e+01 +4.143737915e+01 -4.3605e+00 +2.3458e+00 +8.1901e-01 +1.8005e+00 -4.2466e+00
508 0 +2.473136915e+00 +3.965313691e+01 +3.965313691e+01 -4.9062e+00 +2.4277e+00 +7.6220e-01 +1.7870e+00 -3.8083e+00
592 0 +2.214794979e+00 +3.939479498e+01 +3.939479498e+01 -4.6441e+00 +2.5224e+00 +1.0456e+00 +1.8695e+00 -3.7907e+00
733 0 +2.036034924e+00 +3.921603492e+01 +3.921603492e+01 -4.6024e+00 +2.4631e+00 +1.6900e+00 +1.8831e+00 -3.9911e+00
1268 0 +1.988125228e+00 +3.916812523e+01 +3.916812523e+01 -4.5799e+00 +2.4450e+00 +1.7028e+00 +1.8801e+00 -3.9991e+00
1501 0 +1.380183440e+00 +3.856018344e+01 +3.856018344e+01 -4.5767e+00 +2.4347e+00 +1.4386e+00 +1.7734e+00 -3.9200e+00
1553 0 +1.117782140e+00 +3.829778214e+01 +3.829778214e+01 -4.6093e+00 +2.4483e+00 +1.3862e+00 +1.7706e+00 -3.7669e+00
1703 0 +1.096091325e+00 +3.827609133e+01 +3.827609133e+01 -4.6157e+00 +2.4424e+00 +1.3710e+00 +1.7672e+00 -3.7502e+00
1704 0 +9.058268893e-01 +3.808582689e+01 +3.808582689e+01 -4.6207e+00 +2.4485e+00 +1.3738e+00 +1.7755e+00 -3.7775e+00
1728 0 +8.819053226e-01 +3.806190532e+01 +3.806190532e+01 -4.5591e+00 +2.3112e+00 +1.3131e+00 +1.7956e+00 -3.8142e+00
1851 0 +6.209532284e-01 +3.780095323e+01 +3.780095323e+01 -4.5534e+00 +2.2777e+00 +1.2688e+00 +1.8060e+00 -3.7645e+00
1854 0 +3.720356656e-01 +3.755203567e+01 +3.755203567e+01 -4.4787e+00 +2.1795e+00 +1.2527e+00 +1.8040e+00 -3.7829e+00
2004 0 +2.961680771e-01 +3.747616808e+01 +3.747616808e+01 -4.4696e+00 +2.1623e+00 +1.2449e+00 +1.8058e+00 -3.7832e+00
2175 0 +2.451155217e-01 +3.742511552e+01 +3.742511552e+01 -4.4688e+00 +2.1469e+00 +1.2335e+00 +1.8101e+00 -3.7756e+00
2243 0 +2.085956093e-01 +3.738859561e+01 +3.738859561e+01 -4.4679e+00 +2.1399e+00 +1.2322e+00 +1.8158e+00 -3.7765e+00
2550 0 +2.023745315e-01 +3.738237453e+01 +3.738237453e+01 -4.4651e+00 +2.1386e+00 +1.2329e+00 +1.8149e+00 -3.7759e+00
2692 0 +1.959858517e-01 +3.737598585e+01 +3.737598585e+01 -4.4600e+00 +2.1378e+00 +1.2369e+00 +1.8124e+00 -3.7760e+00
2937 0 +1.912227134e-01 +3.737122271e+01 +3.737122271e+01 -4.4604e+00 +2.1378e+00 +1.2367e+00 +1.8127e+00 -3.7757e+00
2987 0 +1.901004984e-01 +3.737010050e+01 +3.737010050e+01 -4.4607e+00 +2.1380e+00 +1.2365e+00 +1.8128e+00 -3.7756e+00
3133 0 +1.718107974e-01 +3.735181080e+01 +3.735181080e+01 -4.4608e+00 +2.1359e+00 +1.2353e+00 +1.8126e+00 -3.7671e+00
3224 0 +1.541473936e-01 +3.733414739e+01 +3.733414739e+01 -4.4607e+00 +2.1350e+00 +1.2320e+00 +1.8126e+00 -3.7573e+00
3235 0 +1.497573341e-01 +3.732975733e+01 +3.732975733e+01 -4.4552e+00 +2.1317e+00 +1.2330e+00 +1.8111e+00 -3.7558e+00
3414 0 +1.364300928e-01 +3.731643009e+01 +3.731643009e+01 -4.4568e+00 +2.1300e+00 +1.2299e+00 +1.8121e+00 -3.7576e+00
3474 0 +1.020417829e-01 +3.728204178e+01 +3.728204178e+01 -4.4581e+00 +2.1318e+00 +1.2313e+00 +1.8108e+00 -3.7566e+00
3757 0 +9.551584447e-02 +3.727551584e+01 +3.727551584e+01 -4.4581e+00 +2.1320e+00 +1.2308e+00 +1.8110e+00 -3.7567e+00
3857 0 +9.438332905e-02 +3.727438333e+01 +3.727438333e+01 -4.4582e+00 +2.1320e+00 +1.2306e+00 +1.8110e+00 -3.7569e+00
4051 0 +9.211609750e-02 +3.727211610e+01 +3.727211610e+01 -4.4585e+00 +2.1318e+00 +1.2303e+00 +1.8111e+00 -3.7567e+00
4226 0 +8.832083264e-02 +3.726832083e+01 +3.726832083e+01 -4.4586e+00 +2.1320e+00 +1.2304e+00 +1.8111e+00 -3.7567e+00
4300 0 +8.314436733e-02 +3.726314437e+01 +3.726314437e+01 -4.4583e+00 +2.1319e+00 +1.2306e+00 +1.8111e+00 -3.7566e+00
5309 0 +8.093903765e-02 +3.726093904e+01 +3.726093904e+01 -4.4583e+00 +2.1319e+00 +1.2307e+00 +1.8111e+00 -3.7566e+00
6479 0 +7.936000507e-02 +3.725936001e+01 +3.725936001e+01 -4.4582e+00 +2.1319e+00 +1.2308e+00 +1.8111e+00 -3.7566e+00
20051 0 +7.844670097e-02 +3.725844670e+01 +3.725844670e+01 -4.4582e+00 +2.1319e+00 +1.2308e+00 +1.8111e+00 -3.7566e+00
% f evaluations | g evaluations | best noise-free fitness - Fopt (-1.479000000000e+02) + sum g_i+ | measured fitness | best measured fitness or single-digit g-values | x1 | x2...
1 0 +8.995824885e+01 -5.794175115e+01 -5.794175115e+01 +3.9199e+00 -4.4355e+00 -1.4627e+00 -2.4730e+00 -8.0715e-01
3 0 +6.292123192e+01 -8.497876808e+01 -8.497876808e+01 +3.7341e-01 -2.8364e+00 +8.3232e-01 -4.5783e+00 -1.0095e+00
5 0 +3.184526665e+01 -1.160547334e+02 -1.160547334e+02 -1.7825e+00 +4.4907e-01 +4.4950e+00 -9.3486e-01 -4.0233e+00
8 0 +1.591275253e+01 -1.319872475e+02 -1.319872475e+02 -7.5984e-01 -6.9787e-01 +4.5989e-01 -2.5251e+00 -2.2333e+00
115 0 +1.201216541e+01 -1.358878346e+02 -1.358878346e+02 -2.6125e+00 +9.8341e-01 +1.3888e+00 -3.7743e-01 -1.5627e+00
116 0 +1.023757486e+01 -1.376624251e+02 -1.376624251e+02 -1.0708e+00 +1.5990e+00 +1.9853e+00 -9.8034e-01 -3.6884e+00
147 0 +9.783344931e+00 -1.381166551e+02 -1.381166551e+02 -1.5770e+00 +7.5277e-01 +1.5940e+00 -2.4883e+00 -3.0736e+00
151 0 +5.026520302e+00 -1.428734797e+02 -1.428734797e+02 -1.6528e+00 -3.0951e-01 +1.5290e+00 -2.6586e+00 -2.4925e+00
358 0 +4.248774320e+00 -1.436512257e+02 -1.436512257e+02 -2.1256e+00 -4.9285e-01 +1.0567e+00 -2.5942e+00 -2.7033e+00
484 0 +4.080869777e+00 -1.438191302e+02 -1.438191302e+02 -1.7583e+00 -4.1508e-01 +8.3143e-01 -2.6217e+00 -2.7644e+00
586 0 +3.781531803e+00 -1.441184682e+02 -1.441184682e+02 -1.8934e+00 -2.6477e-01 +6.7166e-01 -2.6858e+00 -2.7591e+00
913 0 +3.387911539e+00 -1.445120885e+02 -1.445120885e+02 -1.8743e+00 -2.9074e-01 +6.7330e-01 -2.6845e+00 -2.7656e+00
972 0 +2.941411058e+00 -1.449585889e+02 -1.449585889e+02 -1.8210e+00 +1.3542e-01 +6.8492e-01 -1.9966e+00 -3.0255e+00
1019 0 +2.778529608e+00 -1.451214704e+02 -1.451214704e+02 -1.6102e+00 -1.9367e-02 +6.7426e-01 -2.1280e+00 -3.1788e+00
1027 0 +2.115589944e+00 -1.457844101e+02 -1.457844101e+02 -1.9497e+00 +6.0449e-01 +3.1639e-01 -1.9881e+00 -3.3184e+00
1044 0 +1.253202396e+00 -1.466467976e+02 -1.466467976e+02 -1.9369e+00 +4.0852e-01 +4.9399e-01 -2.1274e+00 -3.2054e+00
1130 0 +1.225800356e+00 -1.466741996e+02 -1.466741996e+02 -1.9312e+00 +5.0891e-01 +3.0516e-01 -2.0686e+00 -3.3079e+00
1333 0 +1.127711663e+00 -1.467722883e+02 -1.467722883e+02 -1.9675e+00 +5.1367e-01 +2.7949e-01 -2.1383e+00 -3.3057e+00
1498 0 +9.917332959e-01 -1.469082667e+02 -1.469082667e+02 -1.9413e+00 +5.2371e-01 +2.7568e-01 -2.1367e+00 -3.3048e+00
1733 0 +9.563355445e-01 -1.469436645e+02 -1.469436645e+02 -1.9433e+00 +5.2490e-01 +2.7661e-01 -2.1358e+00 -3.3044e+00
1795 0 +8.283381420e-01 -1.470716619e+02 -1.470716619e+02 -1.9456e+00 +5.3040e-01 +2.6918e-01 -2.1516e+00 -3.3064e+00
1941 0 +4.831224104e-01 -1.474168776e+02 -1.474168776e+02 -1.9435e+00 +5.6076e-01 +2.6815e-01 -2.1501e+00 -3.3110e+00
2264 0 +4.748114137e-01 -1.474251886e+02 -1.474251886e+02 -1.9436e+00 +5.6108e-01 +2.6884e-01 -2.1497e+00 -3.3116e+00
2277 0 +4.480916266e-01 -1.474519084e+02 -1.474519084e+02 -1.9438e+00 +5.6293e-01 +2.6846e-01 -2.1509e+00 -3.3130e+00
2441 0 +4.414455636e-01 -1.474585544e+02 -1.474585544e+02 -1.9438e+00 +5.6340e-01 +2.6835e-01 -2.1508e+00 -3.3133e+00
2539 0 +4.281086044e-01 -1.474718914e+02 -1.474718914e+02 -1.9424e+00 +5.6279e-01 +2.6769e-01 -2.1518e+00 -3.3136e+00
2614 0 +4.262400768e-01 -1.474737599e+02 -1.474737599e+02 -1.9419e+00 +5.6242e-01 +2.6788e-01 -2.1521e+00 -3.3139e+00
3316 0 +4.131067416e-01 -1.474868933e+02 -1.474868933e+02 -1.9420e+00 +5.6252e-01 +2.6770e-01 -2.1522e+00 -3.3142e+00
3724 0 +4.060141727e-01 -1.474939858e+02 -1.474939858e+02 -1.9421e+00 +5.6270e-01 +2.6739e-01 -2.1521e+00 -3.3142e+00
20051 0 +3.985486880e-01 -1.475014513e+02 -1.475014513e+02 -1.9422e+00 +5.6301e-01 +2.6724e-01 -2.1518e+00 -3.3142e+00
