% f evaluations | g evaluations | best noise-free fitness - Fopt (-1.694000000000e+01) + sum g_i+ | measured fitness | best measured fitness or single-digit g-values | x1 | x2...
1 0 +1.294611386e+01 -3.993886140e+00 -3.993886140e+00 +4.0020e+00 +1.9834e+00 -4.1358e+00
5 0 +3.534973767e+00 -1.340502623e+01 -1.340502623e+01 +2.9362e+00 +2.1692e+00 -2.5442e+00
20 0 +3.283328361e+00 -1.365667164e+01 -1.365667164e+01 +4.1424e+00 +3.9094e+00 -2.1468e+00
64 0 +2.570177316e+00 -1.436982268e+01 -1.436982268e+01 +4.4004e+00 +3.7593e+00 -2.2978e+00
128 0 +1.714736166e+00 -1.522526383e+01 -1.522526383e+01 +4.7706e+00 +4.0571e+00 -3.0315e+00
145 0 +5.494872630e-01 -1.639051274e+01 -1.639051274e+01 +3.7235e+00 +2.2116e+00 -1.5778e+00
381 0 +3.927816653e-01 -1.654721833e+01 -1.654721833e+01 +3.4842e+00 +2.3372e+00 -1.5799e+00
403 0 +6.472507852e-02 -1.687527492e+01 -1.687527492e+01 +3.6598e+00 +2.5962e+00 -1.5507e+00
575 0 +5.107727300e-02 -1.688892273e+01 -1.688892273e+01 +3.6810e+00 +2.5574e+00 -1.5404e+00
666 0 +3.877862613e-02 -1.690122137e+01 -1.690122137e+01 +3.6427e+00 +2.5230e+00 -1.5018e+00
974 0 +3.296343140e-02 -1.690703657e+01 -1.690703657e+01 +3.6369e+00 +2.5183e+00 -1.5093e+00
1006 0 +2.319947215e-02 -1.691680053e+01 -1.691680053e+01 +3.6382e+00 +2.5294e+00 -1.5118e+00
1009 0 +1.489900110e-02 -1.692510100e+01 -1.692510100e+01 +3.6329e+00 +2.5231e+00 -1.5085e+00
1218 0 +1.412255662e-02 -1.692587744e+01 -1.692587744e+01 +3.6334e+00 +2.5234e+00 -1.5083e+00
1288 0 +1.188103569e-02 -1.692811896e+01 -1.692811896e+01 +3.6350e+00 +2.5238e+00 -1.5096e+00
1324 0 +1.134016615e-02 -1.692865983e+01 -1.692865983e+01 +3.6343e+00 +2.5249e+00 -1.5095e+00
1606 0 +1.110324658e-02 -1.692889675e+01 -1.692889675e+01 +3.6352e+00 +2.5247e+00 -1.5098e+00
1688 0 +1.022108682e-02 -1.692977891e+01 -1.692977891e+01 +3.6347e+00 +2.5246e+00 -1.5099e+00
1695 0 +9.660689005e-03 -1.693033931e+01 -1.693033931e+01 +3.6347e+00 +2.5246e+00 -1.5098e+00
1768 0 +8.718503855e-03 -1.693128150e+01 -1.693128150e+01 +3.6347e+00 +2.5245e+00 -1.5098e+00
1877 0 +8.699677688e-03 -1.693130032e+01 -1.693130032e+01 +3.6347e+00 +2.5245e+00 -1.5098e+00
2256 0 +8.507658237e-03 -1.693149234e+01 -1.693149234e+01 +3.6347e+00 +2.5245e+00 -1.5098e+00
2456 0 +8.292408712e-03 -1.693170759e+01 -1.693170759e+01 +3.6347e+00 +2.5245e+00 -1.5098e+00
12051 0 +8.188756259e-03 -1.693181124e+01 -1.693181124e+01 +3.6347e+00 +2.5245e+00 -1.5098e+00
% f evaluations | g evaluations | best noise-free fitness - Fopt (1.881000000000e+01) + sum g_i+ | measured fitness | best measured fitness or single-digit g-values | x1 | x2...
1 0 +3.346949272e+01 +5.227949272e+01 +5.227949272e+01 -3.7547e+00 -2.0769e+00 +1.7987e+00
3 0 +1.662907255e+01 +3.543907255e+01 +3.543907255e+01 -3.7165e+00 -5.0387e-01 +6.0460e-01
5 0 +1.039742721e+01 +2.920742721e+01 +2.920742721e+01 -5.9325e-01 +3.1229e+00 -4.8015e+00
6 0 +4.061793482e+00 +2.287179348e+01 +2.287179348e+01 -3.8612e+00 +1.0429e+00 -5.2901e-02
46 0 +3.435796579e+00 +2.224579658e+01 +2.224579658e+01 +1.5648e+00 +3.0304e+00 -1.0833e+00
51 0 +2.865320730e+00 +2.167532073e+01 +2.167532073e+01 +7.4360e-01 +9.3888e-01 -1.7029e+00
66 0 +2.773256075e+00 +2.158325608e+01 +2.158325608e+01 -4.9627e-01 +1.3176e+00 -1.2895e+00
90 0 +2.586692827e+00 +2.139669283e+01 +2.139669283e+01 -5.5877e-01 +2.0346e+00 -7.6057e-01
117 0 +1.014607609e+00 +1.982460761e+01 +1.982460761e+01 -7.2123e-01 +1.5661e+00 -5.8839e-01
178 0 +7.353962682e-01 +1.954539627e+01 +1.954539627e+01 -9.1079e-02 +1.7358e+00 -4.7119e-01
210 0 +6.109354114e-01 +1.942093541e+01 +1.942093541e+01 -2.6488e-01 +1.8536e+00 -9.4392e-01
290 0 +5.485691261e-01 +1.935856913e+01 +1.935856913e+01 -3.4747e-01 +1.7065e+00 -6.0587e-01
292 0 +5.156796272e-01 +1.932567963e+01 +1.932567963e+01 -2.8368e-02 +1.8265e+00 -4.9054e-01
309 0 +1.535826252e-01 +1.896358263e+01 +1.896358263e+01 -2.8457e-01 +1.6689e+00 -7.2886e-01
488 0 +5.992208795e-02 +1.886992209e+01 +1.886992209e+01 -2.2645e-01 +1.7808e+00 -7.6853e-01
961 0 +5.725060494e-02 +1.886725060e+01 +1.886725060e+01 -2.1740e-01 +1.7917e+00 -8.1858e-01
1008 0 +2.411609142e-02 +1.883411609e+01 +1.883411609e+01 -1.8359e-01 +1.7856e+00 -8.2938e-01
1017 0 +2.368179172e-02 +1.883368179e+01 +1.883368179e+01 -2.0334e-01 +1.7811e+00 -8.3525e-01
1229 0 +1.659529425e-02 +1.882659529e+01 +1.882659529e+01 -1.9043e-01 +1.7815e+00 -8.1544e-01
1308 0 +5.822563828e-03 +1.881582256e+01 +1.881582256e+01 -1.9418e-01 +1.7807e+00 -8.2035e-01
1388 0 +3.133465883e-03 +1.881313347e+01 +1.881313347e+01 -1.9134e-01 +1.7811e+00 -8.2110e-01
1411 0 +2.874055379e-03 +1.881287406e+01 +1.881287406e+01 -1.9011e-01 +1.7803e+00 -8.2206e-01
1458 0 +8.001544815e-04 +1.881080015e+01 +1.881080015e+01 -1.9188e-01 +1.7802e+00 -8.2194e-01
1895 0 +6.701000170e-04 +1.881067010e+01 +1.881067010e+01 -1.9194e-01 +1.7804e+00 -8.2195e-01
1908 0 +5.406878601e-04 +1.881054069e+01 +1.881054069e+01 -1.9188e-01 +1.7803e+00 -8.2195e-01
2525 0 +3.911339784e-04 +1.881039113e+01 +1.881039113e+01 -1.9143e-01 +1.7806e+00 -8.2229e-01
2564 0 +1.560806806e-04 +1.881015608e+01 +1.881015608e+01 -1.9140e-01 +1.7807e+00 -8.2225e-01
2752 0 +1.088417172e-04 +1.881010884e+01 +1.881010884e+01 -1.9114e-01 +1.7808e+00 -8.2236e-01
3323 0 +1.057548331e-04 +1.881010575e+01 +1.881010575e+01 -1.9114e-01 +1.7808e+00 -8.2235e-01
3716 0 +4.745277214e-05 +1.881004745e+01 +1.881004745e+01 -1.9124e-01 +1.7808e+00 -8.2238e-01
3770 0 +4.539725601e-05 +1.881004540e+01 +1.881004540e+01 -1.9123e-01 +1.7808e+00 -8.2238e-01
3772 0 +3.458012596e-05 +1.881003458e+01 +1.881003458e+01 -1.9120e-01 +1.7808e+00 -8.2239e-01
3860 0 +3.308073284e-05 +1.881003308e+01 +1.881003308e+01 -1.9120e-01 +1.7808e+00 -8.2239e-01
3863 0 +3.111034744e-05 +1.881003111e+01 +1.881003111e+01 -1.9119e-01 +1.7808e+00 -8.2241e-01
3866 0 +3.073613103e-05 +1.881003074e+01 +1.881003074e+01 -1.9119e-01 +1.7808e+00 -8.2240e-01
3872 0 +2.903456885e-05 +1.881002903e+01 +1.881002903e+01 -1.9121e-01 +1.7808e+00 -8.2240e-01
4050 0 +2.878216671e-05 +1.881002878e+01 +1.881002878e+01 -1.9119e-01 +1.7808e+00 -8.2240e-01
4056 0 +2.247589368e-05 +1.881002248e+01 +1.881002248e+01 -1.9118e-01 +1.7808e+00 -8.2241e-01
4117 0 +1.661302078e-05 +1.881001661e+01 +1.881001661e+01 -1.9118e-01 +1.7808e+00 -8.2241e-01
4343 0 +1.580866613e-05 +1.881001581e+01 +1.881001581e+01 -1.9117e-01 +1.7808e+00 -8.2242e-01
4393 0 +1.478219986e-05 +1.881001478e+01 +1.881001478e+01 -1.9117e-01 +1.7808e+00 -8.2242e-01
4492 0 +1.032517980e-05 +1.881001033e+01 +1.881001033e+01 -1.9118e-01 +1.7808e+00 -8.2241e-01
4613 0 +9.606922646e-06 +1.881000961e+01 +1.881000961e+01 -1.9118e-01 +1.7808e+00 -8.2241e-01
4663 0 +9.460242499e-06 +1.881000946e+01 +1.881000946e+01 -1.9118e-01 +1.7808e+00 -8.2241e-01
5075 0 +9.178894889e-06 +1.881000918e+01 +1.881000918e+01 -1.9118e-01 +1.7808e+00 -8.2241e-01
5181 0 +8.114986077e-06 +1.881000811e+01 +1.881000811e+01 -1.9118e-01 +1.7808e+00 -8.2241e-01
5363 0 +7.693796114e-06 +1.881000769e+01 +1.881000769e+01 -1.9118e-01 +1.7808e+00 -8.2241e-01
5483 0 +7.579373822e-06 +1.881000758e+01 +1.881000758e+01 -1.9118e-01 +1.7808e+00 -8.2241e-01
6094 0 +7.388794241e-06 +1.881000739e+01 +1.881000739e+01 -1.9118e-01 +1.7808e+00 -8.2241e-01
6527 0 +7.238781517e-06 +1.881000724e+01 +1.881000724e+01 -1.9118e-01 +1.7808e+00 -8.2241e-01
12051 0 +7.202160795e-06 +1.881000720e+01 +1.881000720e+01 -1.9118e-01 +1.7808e+00 -8.2241e-01
% f evaluations | g evaluations | best noise-free fitness - Fopt (2.731500000000e+02) + sum g_i+ | measured fitness | best measured fitness or single-digit g-values | x1 | x2...
1 0 +9.118407954e+01 +3.643340795e+02 +3.643340795e+02 +1.8936e+00 -1.8447e+00 +4.8341e+00
3 0 +4.273369989e+01 +3.158836999e+02 +3.158836999e+02 +2.1839e+00 +3.2608e+00 +3.1236e-01
8 0 +2.212341179e+01 +2.952734118e+02 +2.952734118e+02 -1.8498e+00 +1.0152e+00 +2.5363e+00
11 0 +9.298010738e+00 +2.824480107e+02 +2.824480107e+02 -2.8365e+00 +2.1720e+00 +2.2938e+00
15 0 +5.146436354e+00 +2.782964364e+02 +2.782964364e+02 -4.8922e+00 +4.7233e+00 +1.8573e+00
59 0 +3.817231186e+00 +2.769672312e+02 +2.769672312e+02 -4.6810e+00 +3.8398e+00 +9.7835e-01
79 0 +2.483198950e+00 +2.756331990e+02 +2.756331990e+02 -1.9990e+00 +3.7878e+00 -1.1475e-01
128 0 +2.104724638e+00 +2.752547246e+02 +2.752547246e+02 -3.6557e+00 +3.1111e+00 -1.4825e+00
130 0 +1.101968436e+00 +2.742519684e+02 +2.742519684e+02 -3.6315e+00 +3.4968e+00 -3.0494e-01
234 0 +2.450996207e-01 +2.733950996e+02 +2.733950996e+02 -3.5127e+00 +3.6663e+00 -4.0687e-01
367 0 +1.608997666e-01 +2.733108998e+02 +2.733108998e+02 -3.5557e+00 +3.7045e+00 -5.3321e-01
434 0 +1.023119443e-01 +2.732523119e+02 +2.732523119e+02 -3.5880e+00 +3.6983e+00 -5.5014e-01
481 0 +8.098121563e-02 +2.732309812e+02 +2.732309812e+02 -3.5921e+00 +3.7728e+00 -4.8247e-01
603 0 +4.993013158e-02 +2.731999301e+02 +2.731999301e+02 -3.5874e+00 +3.7637e+00 -4.6270e-01
694 0 +3.740494235e-02 +2.731874049e+02 +2.731874049e+02 -3.5792e+00 +3.7338e+00 -4.7063e-01
735 0 +2.149907524e-02 +2.731714991e+02 +2.731714991e+02 -3.5724e+00 +3.7519e+00 -4.8596e-01
794 0 +3.787436931e-03 +2.731537874e+02 +2.731537874e+02 -3.5809e+00 +3.7530e+00 -4.7786e-01
1014 0 +2.539225791e-03 +2.731525392e+02 +2.731525392e+02 -3.5788e+00 +3.7531e+00 -4.7819e-01
1065 0 +2.480019228e-03 +2.731524800e+02 +2.731524800e+02 -3.5809e+00 +3.7509e+00 -4.7849e-01
1164 0 +1.908880278e-03 +2.731519089e+02 +2.731519089e+02 -3.5805e+00 +3.7510e+00 -4.7829e-01
1314 0 +1.884186102e-03 +2.731518842e+02 +2.731518842e+02 -3.5807e+00 +3.7509e+00 -4.7830e-01
1772 0 +1.605855927e-03 +2.731516059e+02 +2.731516059e+02 -3.5806e+00 +3.7509e+00 -4.7867e-01
1782 0 +1.485923576e-03 +2.731514859e+02 +2.731514859e+02 -3.5805e+00 +3.7511e+00 -4.7874e-01
1835 0 +1.258717587e-03 +2.731512587e+02 +2.731512587e+02 -3.5806e+00 +3.7511e+00 -4.7883e-01
2083 0 +1.034190330e-03 +2.731510342e+02 +2.731510342e+02 -3.5799e+00 +3.7526e+00 -4.7847e-01
2116 0 +9.438389691e-04 +2.731509438e+02 +2.731509438e+02 -3.5794e+00 +3.7538e+00 -4.7869e-01
2152 0 +8.053951099e-04 +2.731508054e+02 +2.731508054e+02 -3.5794e+00 +3.7536e+00 -4.7858e-01
2155 0 +6.097122925e-04 +2.731506097e+02 +2.731506097e+02 -3.5789e+00 +3.7535e+00 -4.7839e-01
2216 0 +3.009192378e-04 +2.731503009e+02 +2.731503009e+02 -3.5792e+00 +3.7538e+00 -4.7833e-01
2316 0 +2.752032411e-04 +2.731502752e+02 +2.731502752e+02 -3.5791e+00 +3.7538e+00 -4.7828e-01
2461 0 +2.537158103e-04 +2.731502537e+02 +2.731502537e+02 -3.5792e+00 +3.7536e+00 -4.7830e-01
2513 0 +1.564832478e-04 +2.731501565e+02 +2.731501565e+02 -3.5792e+00 +3.7536e+00 -4.7842e-01
2561 0 +1.490829738e-04 +2.731501491e+02 +2.731501491e+02 -3.5792e+00 +3.7536e+00 -4.7843e-01
2600 0 +1.158518290e-04 +2.731501159e+02 +2.731501159e+02 -3.5792e+00 +3.7536e+00 -4.7837e-01
2638 0 +6.842662651e-05 +2.731500684e+02 +2.731500684e+02 -3.5792e+00 +3.7536e+00 -4.7842e-01
2663 0 +2.846352822e-05 +2.731500285e+02 +2.731500285e+02 -3.5792e+00 +3.7536e+00 -4.7840e-01
2763 0 +1.753506854e-05 +2.731500175e+02 +2.731500175e+02 -3.5792e+00 +3.7536e+00 -4.7840e-01
2863 0 +1.689376825e-05 +2.731500169e+02 +2.731500169e+02 -3.5792e+00 +3.7536e+00 -4.7840e-01
2961 0 +6.080124592e-06 +2.731500061e+02 +2.731500061e+02 -3.5792e+00 +3.7536e+00 -4.7840e-01
3061 0 +3.822528186e-06 +2.731500038e+02 +2.731500038e+02 -3.5792e+00 +3.7536e+00 -4.7840e-01
3111 0 +3.543824619e-06 +2.731500035e+02 +2.731500035e+02 -3.5792e+00 +3.7536e+00 -4.7840e-01
3156 0 +6.273736517e-07 +2.731500006e+02 +2.731500006e+02 -3.5792e+00 +3.7536e+00 -4.7840e-01
3305 0 +5.539909012e-07 +2.731500006e+02 +2.731500006e+02 -3.5792e+00 +3.7536e+00 -4.7840e-01
3405 0 +4.590821732e-07 +2.731500005e+02 +2.731500005e+02 -3.5792e+00 +3.7536e+00 -4.7840e-01
3505 0 +4.533122251e-07 +2.731500005e+02 +2.731500005e+02 -3.5792e+00 +3.7536e+00 -4.7840e-01
3556 0 +4.213610509e-07 +2.731500004e+02 +2.731500004e+02 -3.5792e+00 +3.7536e+00 -4.7840e-01
3604 0 +3.510442639e-07 +2.731500004e+02 +2.731500004e+02 -3.5792e+00 +3.7536e+00 -4.7840e-01
3656 0 +3.016009487e-07 +2.731500003e+02 +2.731500003e+02 -3.5792e+00 +3.7536e+00 -4.7840e-01
3704 0 +2.580575256e-07 +2.731500003e+02 +2.731500003e+02 -3.5792e+00 +3.7536e+00 -4.7840e-01
3806 0 +2.352356319e-07 +2.731500002e+02 +2.731500002e+02 -3.5792e+00 +3.7536e+00 -4.7840e-01
3963 0 +1.742147333e-07 +2.731500002e+02 +2.731500002e+02 -3.5792e+00 +3.7536e+00 -4.7840e-01
4068 0 +1.400714496e-07 +2.731500001e+02 +2.731500001e+02 -3.5792e+00 +3.7536e+00 -4.7840e-01
4218 0 +1.085156782e-07 +2.731500001e+02 +2.731500001e+02 -3.5792e+00 +3.7536e+00 -4.7840e-01
4569 0 +1.054074801e-07 +2.731500001e+02 +2.731500001e+02 -3.5792e+00 +3.7536e+00 -4.7840e-01
4575 0 +1.037979018e-07 +2.731500001e+02 +2.731500001e+02 -3.5792e+00 +3.7536e+00 -4.7840e-01
4719 0 +9.968817949e-08 +2.731500001e+02 +2.731500001e+02 -3.5792e+00 +3.7536e+00 -4.7840e-01
4763 0 +9.397001577e-08 +2.731500001e+02 +2.731500001e+02 -3.5792e+00 +3.7536e+00 -4.7840e-01
4779 0 +3.365943257e-08 +2.731500000e+02 +2.731500000e+02 -3.5792e+00 +3.7536e+00 -4.7840e-01
4813 0 +2.894222462e-08 +2.731500000e+02 +2.731500000e+02 -3.5792e+00 +3.7536e+00 -4.7840e-01
4863 0 +1.383483550e-08 +2.731500000e+02 +2.731500000e+02 -3.5792e+00 +3.7536e+00 -4.7840e-01
4937 0 +7.305231975e-09 +2.731500000e+02 +2.731500000e+02 -3.5792e+00 +3.7536e+00 -4.7840e-01
6639 0 +5.684341886e-13 +2.731500000e+02 +2.731500000e+02 -3.5792e+00 +3.7536e+00 -4.7840e-01
8296 0 +0.000000000e+00 +2.731500000e+02 +2.731500000e+02 -3.5792e+00 +3.7536e+00 -4.7840e-01
12051 0 +0.000000000e+00 +2.731500000e+02 +2.731500000e+02 -3.5792e+00 +3.7536e+00 -4.7840e-01
% f evaluations | g evaluations | best noise-free fitness - Fopt (3.718000000000e+01) + sum g_i+ | measured fitness | best measured fitness or single-digit g-values | x1 | x2...
1 0 +6.573621519e+01 +1.029162152e+02 +1.029162152e+02 +3.1052e+00 +3.3062e+00 -3.0851e+00
2 0 +1.539648172e+01 +5.257648172e+01 +5.257648172e+01 +3.9238e+00 +3.1435e+00 +1.4760e+00
7 0 +1.339511399e+01 +5.057511399e+01 +5.057511399e+01 +2.0183e+00 +1.1230e+00 +1.9817e+00
9 0 +6.154528399e+00 +4.333452840e+01 +4.333452840e+01 -3.9438e+00 -2.2005e+00 +3.5075e+00
49 0 +3.268189026e+00 +4.044818903e+01 +4.044818903e+01 -4.8954e+00 +1.1178e+00 +1.8232e+00
58 0 +1.079207599e+00 +3.825920760e+01 +3.825920760e+01 -3.7665e+00 +2.1847e+00 +2.3745e+00
99 0 +4.724915669e-01 +3.765249157e+01 +3.765249157e+01 -4.1125e+00 +1.9891e+00 +2.1101e+00
349 0 +4.425219522e-01 +3.762252195e+01 +3.762252195e+01 -4.1296e+00 +1.9981e+00 +2.1130e+00
352 0 +4.280420515e-01 +3.760804205e+01 +3.760804205e+01 -3.9108e+00 +2.1914e+00 +2.1571e+00
405 0 +3.354647796e-01 +3.751546478e+01 +3.751546478e+01 -3.7875e+00 +2.1859e+00 +2.1795e+00
449 0 +1.609096503e-01 +3.734090965e+01 +3.734090965e+01 -3.9087e+00 +2.1146e+00 +2.1318e+00
680 0 +2.655046044e-02 +3.720655046e+01 +3.720655046e+01 -3.8689e+00 +2.0774e+00 +2.0466e+00
918 0 +1.679251412e-02 +3.719679251e+01 +3.719679251e+01 -3.8862e+00 +2.0637e+00 +2.0441e+00
969 0 +1.557148123e-02 +3.719557148e+01 +3.719557148e+01 -3.8990e+00 +2.0543e+00 +2.0399e+00
1029 0 +6.651655873e-03 +3.718665166e+01 +3.718665166e+01 -3.9059e+00 +2.0597e+00 +2.0399e+00
1229 0 +6.495878491e-03 +3.718649588e+01 +3.718649588e+01 -3.9068e+00 +2.0595e+00 +2.0394e+00
1273 0 +5.456927624e-03 +3.718545693e+01 +3.718545693e+01 -3.9026e+00 +2.0599e+00 +2.0400e+00
1275 0 +5.127116120e-03 +3.718512712e+01 +3.718512712e+01 -3.9063e+00 +2.0592e+00 +2.0413e+00
1465 0 +3.041703694e-03 +3.718304170e+01 +3.718304170e+01 -3.9000e+00 +2.0594e+00 +2.0384e+00
1788 0 +2.054564150e-03 +3.718205456e+01 +3.718205456e+01 -3.8989e+00 +2.0606e+00 +2.0404e+00
1814 0 +1.049778094e-03 +3.718104978e+01 +3.718104978e+01 -3.8987e+00 +2.0605e+00 +2.0404e+00
1988 0 +1.043540007e-03 +3.718104354e+01 +3.718104354e+01 -3.8987e+00 +2.0604e+00 +2.0404e+00
2059 0 +5.946101017e-04 +3.718059461e+01 +3.718059461e+01 -3.8988e+00 +2.0600e+00 +2.0400e+00
2145 0 +3.188442315e-04 +3.718031884e+01 +3.718031884e+01 -3.8993e+00 +2.0601e+00 +2.0401e+00
2155 0 +1.696717223e-04 +3.718016967e+01 +3.718016967e+01 -3.8992e+00 +2.0600e+00 +2.0400e+00
2295 0 +1.597892293e-04 +3.718015979e+01 +3.718015979e+01 -3.8992e+00 +2.0599e+00 +2.0400e+00
2300 0 +1.262600305e-04 +3.718012626e+01 +3.718012626e+01 -3.8994e+00 +2.0600e+00 +2.0400e+00
2418 0 +1.247993706e-04 +3.718012480e+01 +3.718012480e+01 -3.8994e+00 +2.0600e+00 +2.0400e+00
2522 0 +1.085343315e-04 +3.718010853e+01 +3.718010853e+01 -3.8994e+00 +2.0600e+00 +2.0400e+00
2579 0 +8.807794350e-05 +3.718008808e+01 +3.718008808e+01 -3.8992e+00 +2.0600e+00 +2.0400e+00
2729 0 +8.293469195e-05 +3.718008293e+01 +3.718008293e+01 -3.8992e+00 +2.0600e+00 +2.0400e+00
2769 0 +4.464965128e-05 +3.718004465e+01 +3.718004465e+01 -3.8992e+00 +2.0600e+00 +2.0400e+00
2829 0 +3.133731959e-05 +3.718003134e+01 +3.718003134e+01 -3.8992e+00 +2.0600e+00 +2.0400e+00
2967 0 +3.007637969e-05 +3.718003008e+01 +3.718003008e+01 -3.8992e+00 +2.0600e+00 +2.0400e+00
3019 0 +2.879802974e-05 +3.718002880e+01 +3.718002880e+01 -3.8992e+00 +2.0600e+00 +2.0400e+00
3593 0 +2.717249151e-05 +3.718002717e+01 +3.718002717e+01 -3.8992e+00 +2.0600e+00 +2.0400e+00
3629 0 +2.076667651e-05 +3.718002077e+01 +3.718002077e+01 -3.8992e+00 +2.0600e+00 +2.0400e+00
3710 0 +1.548339906e-05 +3.718001548e+01 +3.718001548e+01 -3.8992e+00 +2.0600e+00 +2.0400e+00
3951 0 +1.412983396e-05 +3.718001413e+01 +3.718001413e+01 -3.8992e+00 +2.0600e+00 +2.0400e+00
4188 0 +1.375025490e-05 +3.718001375e+01 +3.718001375e+01 -3.8992e+00 +2.0600e+00 +2.0400e+00
4206 0 +1.338090625e-05 +3.718001338e+01 +3.718001338e+01 -3.8992e+00 +2.0600e+00 +2.0400e+00
4211 0 +1.207161517e-05 +3.718001207e+01 +3.718001207e+01 -3.8992e+00 +2.0600e+00 +2.0400e+00
4261 0 +1.195714739e-05 +3.718001196e+01 +3.718001196e+01 -3.8992e+00 +2.0600e+00 +2.0400e+00
4291 0 +1.149418262e-05 +3.718001149e+01 +3.718001149e+01 -3.8992e+00 +2.0600e+00 +2.0400e+00
4311 0 +1.096035690e-05 +3.718001096e+01 +3.718001096e+01 -3.8992e+00 +2.0600e+00 +2.0400e+00
4387 0 +1.036991054e-05 +3.718001037e+01 +3.718001037e+01 -3.8992e+00 +2.0600e+00 +2.0400e+00
4402 0 +1.014027993e-05 +3.718001014e+01 +3.718001014e+01 -3.8992e+00 +2.0600e+00 +2.0400e+00
4410 0 +9.854820675e-06 +3.718000985e+01 +3.718000985e+01 -3.8992e+00 +2.0600e+00 +2.0400e+00
4481 0 +9.618764082e-06 +3.718000962e+01 +3.718000962e+01 -3.8992e+00 +2.0600e+00 +2.0400e+00
4502 0 +8.817118477e-06 +3.718000882e+01 +3.718000882e+01 -3.8992e+00 +2.0600e+00 +2.0400e+00
4602 0 +8.527760727e-06 +3.718000853e+01 +3.718000853e+01 -3.8992e+00 +2.0600e+00 +2.0400e+00
4652 0 +8.430557912e-06 +3.718000843e+01 +3.718000843e+01 -3.8992e+00 +2.0600e+00 +2.0400e+00
4681 0 +8.039337757e-06 +3.718000804e+01 +3.718000804e+01 -3.8992e+00 +2.0600e+00 +2.0400e+00
4702 0 +7.678933315e-06 +3.718000768e+01 +3.718000768e+01 -3.8992e+00 +2.0600e+00 +2.0400e+00
5252 0 +7.541871035e-06 +3.718000754e+01 +3.718000754e+01 -3.8992e+00 +2.0600e+00 +2.0400e+00
12051 0 +7.439485508e-06 +3.718000744e+01 +3.718000744e+01 -3.8992e+00 +2.0600e+00 +2.0400e+00
% f evaluations | g evaluations | best noise-free fitness - Fopt (-1.479000000000e+02) + sum g_i+ | measured fitness | best measured fitness or single-digit g-values | x1 | x2...
1 0 +3.491793114e+01 -1.129820689e+02 -1.129820689e+02 +3.5760e+00 +3.7519e+00 +2.8289e+00
2 0 +1.712112510e+01 -1.307788749e+02 -1.307788749e+02 +2.4328e+00 -2.1018e+00 +1.2785e-01
4 0 +7.479721889e+00 -1.404202781e+02 -1.404202781e+02 -3.1030e+00 -8.4584e-01 -6.7186e-01
16 0 +4.242137796e+00 -1.436578622e+02 -1.436578622e+02 +1.9245e-01 +7.3383e-01 +3.8664e+00
41 0 +2.698553032e+00 -1.452014470e+02 -1.452014470e+02 -1.7234e+00 +2.5962e-01 -1.8320e-01
84 0 +1.038868644e+00 -1.468611314e+02 -1.468611314e+02 -1.0935e+00 +2.5750e-01 +1.1627e+00
206 0 +1.017547598e+00 -1.468824524e+02 -1.468824524e+02 -1.9349e+00 -2.8565e-01 +6.6788e-01
252 0 +5.609879289e-01 -1.473390121e+02 -1.473390121e+02 -1.7798e+00 -2.5690e-01 +7.5315e-01
323 0 +3.905528850e-01 -1.475094471e+02 -1.475094471e+02 -1.6225e+00 -4.0597e-02 +8.0142e-01
423 0 +3.105478762e-01 -1.475894521e+02 -1.475894521e+02 -1.6766e+00 +5.8929e-03 +8.1509e-01
540 0 +2.104011924e-01 -1.476895988e+02 -1.476895988e+02 -1.7837e+00 +5.4258e-02 +9.3610e-01
577 0 +1.406319071e-01 -1.477593681e+02 -1.477593681e+02 -1.6967e+00 +1.1744e-01 +1.0669e+00
605 0 +1.365735880e-01 -1.477634264e+02 -1.477634264e+02 -1.6978e+00 +1.5874e-01 +1.1317e+00
640 0 +7.206887972e-02 -1.478279311e+02 -1.478279311e+02 -1.6772e+00 +1.1899e-01 +1.1354e+00
790 0 +4.989931344e-02 -1.478501007e+02 -1.478501007e+02 -1.6704e+00 +1.2313e-01 +1.1481e+00
827 0 +3.011720654e-02 -1.478698828e+02 -1.478698828e+02 -1.6695e+00 +1.2137e-01 +1.1507e+00
906 0 +1.598559709e-02 -1.478840144e+02 -1.478840144e+02 -1.6762e+00 +1.2906e-01 +1.1265e+00
1127 0 +1.327239103e-02 -1.478867276e+02 -1.478867276e+02 -1.6736e+00 +1.2825e-01 +1.1247e+00
1145 0 +6.544047922e-03 -1.478934560e+02 -1.478934560e+02 -1.6698e+00 +1.3501e-01 +1.1413e+00
1262 0 +3.688241243e-03 -1.478963118e+02 -1.478963118e+02 -1.6701e+00 +1.3759e-01 +1.1387e+00
1283 0 +3.430453329e-03 -1.478965695e+02 -1.478965695e+02 -1.6710e+00 +1.3605e-01 +1.1383e+00
1337 0 +1.603945255e-03 -1.478983961e+02 -1.478983961e+02 -1.6703e+00 +1.3555e-01 +1.1370e+00
1437 0 +5.006190915e-04 -1.478994994e+02 -1.478994994e+02 -1.6703e+00 +1.3569e-01 +1.1376e+00
1833 0 +4.384639974e-04 -1.478995615e+02 -1.478995615e+02 -1.6704e+00 +1.3570e-01 +1.1376e+00
1861 0 +4.345490520e-04 -1.478995655e+02 -1.478995655e+02 -1.6704e+00 +1.3571e-01 +1.1376e+00
1905 0 +3.592420828e-04 -1.478996408e+02 -1.478996408e+02 -1.6704e+00 +1.3569e-01 +1.1376e+00
2061 0 +3.508110206e-04 -1.478996492e+02 -1.478996492e+02 -1.6704e+00 +1.3568e-01 +1.1376e+00
2321 0 +3.440476843e-04 -1.478996560e+02 -1.478996560e+02 -1.6704e+00 +1.3569e-01 +1.1376e+00
2377 0 +3.230240949e-04 -1.478996770e+02 -1.478996770e+02 -1.6704e+00 +1.3569e-01 +1.1376e+00
2493 0 +3.135813175e-04 -1.478996864e+02 -1.478996864e+02 -1.6704e+00 +1.3569e-01 +1.1376e+00
2530 0 +3.017265061e-04 -1.478996983e+02 -1.478996983e+02 -1.6704e+00 +1.3569e-01 +1.1376e+00
2589 0 +2.722035267e-04 -1.478997278e+02 -1.478997278e+02 -1.6704e+00 +1.3569e-01 +1.1376e+00
3057 0 +2.686575025e-04 -1.478997313e+02 -1.478997313e+02 -1.6704e+00 +1.3569e-01 +1.1376e+00
3515 0 +2.607472759e-04 -1.478997393e+02 -1.478997393e+02 -1.6704e+00 +1.3569e-01 +1.1376e+00
12051 0 +2.571187755e-04 -1.478997429e+02 -1.478997429e+02 -1.6704e+00 +1.3569e-01 +1.1376e+00
% f evaluations | g evaluations | best noise-free fitness - Fopt (-1.694000000000e+01) + sum g_i+ | measured fitness | best measured fitness or single-digit g-values | x1 | x2...
1 0 +4.757365916e+01 +3.063365916e+01 +3.063365916e+01 +3.8390e+00 -3.6719e+00 +1.6823e+00
3 0 +2.870246304e+01 +1.176246304e+01 +1.176246304e+01 -2.0795e+00 -1.7901e+00 +1.5306e+00
10 0 +2.296082259e+01 +6.020822592e+00 +6.020822592e+00 -2.9559e-01 +2.0690e-01 +7.8270e-02
17 0 +1.865363091e+01 +1.713630913e+00 +1.713630913e+00 +1.5519e+00 -6.8091e-01 -3.2177e+00
22 0 +1.440637802e+01 -2.533621984e+00 -2.533621984e+00 +5.4972e-01 +2.3192e+00 -1.8609e+00
23 0 +2.969197701e+00 -1.397080230e+01 -1.397080230e+01 +3.9882e+00 +1.4857e+00 -1.0160e+00
83 0 +2.596003107e+00 -1.434399689e+01 -1.434399689e+01 +3.7365e+00 +2.6727e+00 -1.0953e+00
119 0 +2.257472449e+00 -1.468252755e+01 -1.468252755e+01 +4.9210e+00 +3.7338e+00 -3.0125e+00
123 0 +5.999385638e-01 -1.634006144e+01 -1.634006144e+01 +3.6418e+00 +2.7104e+00 -1.7407e+00
224 0 +5.777064334e-01 -1.636229357e+01 -1.636229357e+01 +3.6883e+00 +2.1452e+00 -1.4323e+00
269 0 +3.513648994e-01 -1.658863510e+01 -1.658863510e+01 +3.4859e+00 +2.6762e+00 -1.6145e+00
323 0 +3.001876139e-01 -1.663981239e+01 -1.663981239e+01 +3.6205e+00 +2.4009e+00 -1.6193e+00
369 0 +2.866973384e-01 -1.665330266e+01 -1.665330266e+01 +3.5211e+00 +2.4700e+00 -1.3979e+00
419 0 +2.812731454e-01 -1.665872685e+01 -1.665872685e+01 +3.5353e+00 +2.3875e+00 -1.3112e+00
424 0 +1.949651272e-01 -1.674503487e+01 -1.674503487e+01 +3.5726e+00 +2.4227e+00 -1.4043e+00
469 0 +1.206551825e-01 -1.681934482e+01 -1.681934482e+01 +3.5522e+00 +2.4056e+00 -1.4351e+00
569 0 +1.131045609e-01 -1.682689544e+01 -1.682689544e+01 +3.5549e+00 +2.4085e+00 -1.4549e+00
616 0 +9.265818099e-02 -1.684734182e+01 -1.684734182e+01 +3.5542e+00 +2.4176e+00 -1.4233e+00
692 0 +7.269716564e-02 -1.686730283e+01 -1.686730283e+01 +3.5495e+00 +2.4184e+00 -1.4345e+00
766 0 +6.312632566e-02 -1.687687367e+01 -1.687687367e+01 +3.5433e+00 +2.4231e+00 -1.4275e+00
916 0 +5.582139078e-02 -1.688417861e+01 -1.688417861e+01 +3.5426e+00 +2.4235e+00 -1.4278e+00
1021 0 +5.415883835e-02 -1.688584116e+01 -1.688584116e+01 +3.5452e+00 +2.4255e+00 -1.4274e+00
1174 0 +5.038647327e-02 -1.688961353e+01 -1.688961353e+01 +3.5438e+00 +2.4254e+00 -1.4276e+00
1269 0 +4.455877726e-02 -1.689544122e+01 -1.689544122e+01 +3.5441e+00 +2.4250e+00 -1.4278e+00
1713 0 +4.354923807e-02 -1.689645076e+01 -1.689645076e+01 +3.5446e+00 +2.4258e+00 -1.4284e+00
1910 0 +4.214905076e-02 -1.689785095e+01 -1.689785095e+01 +3.5451e+00 +2.4263e+00 -1.4287e+00
2028 0 +4.144846036e-02 -1.689855154e+01 -1.689855154e+01 +3.5451e+00 +2.4264e+00 -1.4288e+00
2468 0 +4.011206454e-02 -1.689988794e+01 -1.689988794e+01 +3.5451e+00 +2.4264e+00 -1.4288e+00
12051 0 +3.986498731e-02 -1.690013501e+01 -1.690013501e+01 +3.5451e+00 +2.4264e+00 -1.4288e+00
% f evaluations | g evaluations | best noise-free fitness - Fopt (1.881000000000e+01) + sum g_i+ | measured fitness | best measured fitness or single-digit g-values | x1 | x2...
1 0 +1.350081551e+01 +3.231081551e+01 +3.231081551e+01 -2.4784e+00 -3.2362e+00 -7.1380e-01
3 0 +9.187121617e+00 +2.799712162e+01 +2.799712162e+01 +1.2621e+00 +8.1002e-01 +1.5887e-01
4 0 +4.757933422e+00 +2.356793342e+01 +2.356793342e+01 +1.6402e+00 +3.3235e+00 -1.1293e+00
18 0 +1.214855885e+00 +2.002485588e+01 +2.002485588e+01 +7.1698e-02 +1.7462e+00 -1.2327e+00
154 0 +1.147669295e+00 +1.995766929e+01 +1.995766929e+01 -5.5656e-01 +1.9907e+00 -1.2640e+00
162 0 +9.389584866e-01 +1.974895849e+01 +1.974895849e+01 -1.1329e+00 +1.0540e+00 -1.9888e-01
168 0 +5.052901099e-01 +1.931529011e+01 +1.931529011e+01 +2.7198e-01 +1.9533e+00 -1.0659e+00
345 0 +4.538035590e-01 +1.926380356e+01 +1.926380356e+01 -1.4062e-01 +1.9367e+00 -9.0492e-01
355 0 +4.049269165e-01 +1.921492692e+01 +1.921492692e+01 -1.5161e-01 +1.8826e+00 -9.2989e-01
382 0 +1.419530967e-01 +1.895195310e+01 +1.895195310e+01 -2.3525e-01 +1.7672e+00 -8.0689e-01
459 0 +1.333301454e-01 +1.894333015e+01 +1.894333015e+01 -2.1635e-01 +1.7903e+00 -7.7234e-01
532 0 +1.034816803e-01 +1.891348168e+01 +1.891348168e+01 -2.5799e-01 +1.7997e+00 -7.8031e-01
642 0 +9.577904914e-02 +1.890577905e+01 +1.890577905e+01 -2.7791e-01 +1.7334e+00 -7.5794e-01
692 0 +7.736752021e-02 +1.888736752e+01 +1.888736752e+01 -3.2849e-01 +1.6958e+00 -7.0392e-01
789 0 +7.581811814e-02 +1.888581812e+01 +1.888581812e+01 -3.2241e-01 +1.7060e+00 -7.0751e-01
839 0 +5.896778355e-02 +1.886896778e+01 +1.886896778e+01 -3.2925e-01 +1.7098e+00 -7.0284e-01
887 0 +4.317998314e-02 +1.885317998e+01 +1.885317998e+01 -2.1261e-01 +1.7704e+00 -8.0232e-01
987 0 +2.274368222e-02 +1.883274368e+01 +1.883274368e+01 -1.9917e-01 +1.7807e+00 -8.0902e-01
1103 0 +6.680465983e-03 +1.881668047e+01 +1.881668047e+01 -1.8915e-01 +1.7836e+00 -8.2257e-01
1385 0 +1.956622180e-03 +1.881195662e+01 +1.881195662e+01 -1.9087e-01 +1.7813e+00 -8.2212e-01
1421 0 +9.649718158e-04 +1.881096497e+01 +1.881096497e+01 -1.9137e-01 +1.7809e+00 -8.2273e-01
1671 0 +8.387946728e-04 +1.881083879e+01 +1.881083879e+01 -1.9142e-01 +1.7809e+00 -8.2271e-01
1720 0 +5.559040298e-04 +1.881055590e+01 +1.881055590e+01 -1.9135e-01 +1.7808e+00 -8.2257e-01
1858 0 +3.790223731e-04 +1.881037902e+01 +1.881037902e+01 -1.9110e-01 +1.7810e+00 -8.2238e-01
1878 0 +3.326037494e-04 +1.881033260e+01 +1.881033260e+01 -1.9132e-01 +1.7808e+00 -8.2240e-01
1990 0 +3.040849630e-04 +1.881030408e+01 +1.881030408e+01 -1.9124e-01 +1.7808e+00 -8.2236e-01
2070 0 +2.938451430e-04 +1.881029385e+01 +1.881029385e+01 -1.9120e-01 +1.7808e+00 -8.2231e-01
2078 0 +1.301017354e-04 +1.881013010e+01 +1.881013010e+01 -1.9115e-01 +1.7808e+00 -8.2237e-01
2203 0 +9.855178352e-05 +1.881009855e+01 +1.881009855e+01 -1.9114e-01 +1.7808e+00 -8.2242e-01
2238 0 +8.164117166e-05 +1.881008164e+01 +1.881008164e+01 -1.9115e-01 +1.7808e+00 -8.2242e-01
2270 0 +6.616734442e-05 +1.881006617e+01 +1.881006617e+01 -1.9116e-01 +1.7808e+00 -8.2241e-01
2288 0 +3.177463227e-05 +1.881003177e+01 +1.881003177e+01 -1.9118e-01 +1.7808e+00 -8.2240e-01
2328 0 +3.153665326e-05 +1.881003154e+01 +1.881003154e+01 -1.9118e-01 +1.7808e+00 -8.2242e-01
2401 0 +3.057141345e-05 +1.881003057e+01 +1.881003057e+01 -1.9120e-01 +1.7808e+00 -8.2240e-01
2431 0 +2.972673734e-05 +1.881002973e+01 +1.881002973e+01 -1.9120e-01 +1.7808e+00 -8.2239e-01
2501 0 +2.881098590e-05 +1.881002881e+01 +1.881002881e+01 -1.9121e-01 +1.7808e+00 -8.2240e-01
5310 0 +1.646453162e-05 +1.881001646e+01 +1.881001646e+01 -1.9120e-01 +1.7808e+00 -8.2240e-01
5365 0 +1.338326865e-05 +1.881001338e+01 +1.881001338e+01 -1.9120e-01 +1.7808e+00 -8.2240e-01
5377 0 +1.089553620e-05 +1.881001090e+01 +1.881001090e+01 -1.9120e-01 +1.7808e+00 -8.2240e-01
5394 0 +4.787250951e-06 +1.881000479e+01 +1.881000479e+01 -1.9120e-01 +1.7808e+00 -8.2240e-01
5613 0 +3.580165792e-06 +1.881000358e+01 +1.881000358e+01 -1.9120e-01 +1.7808e+00 -8.2240e-01
5663 0 +3.155527729e-06 +1.881000316e+01 +1.881000316e+01 -1.9120e-01 +1.7808e+00 -8.2240e-01
5693 0 +1.701311025e-06 +1.881000170e+01 +1.881000170e+01 -1.9120e-01 +1.7808e+00 -8.2240e-01
5784 0 +1.385708000e-06 +1.881000139e+01 +1.881000139e+01 -1.9120e-01 +1.7808e+00 -8.2240e-01
5820 0 +1.177074015e-06 +1.881000118e+01 +1.881000118e+01 -1.9120e-01 +1.7808e+00 -8.2240e-01
5827 0 +1.109266439e-06 +1.881000111e+01 +1.881000111e+01 -1.9120e-01 +1.7808e+00 -8.2240e-01
5844 0 +8.271330145e-07 +1.881000083e+01 +1.881000083e+01 -1.9120e-01 +1.7808e+00 -8.2240e-01
5894 0 +5.952985624e-07 +1.881000060e+01 +1.881000060e+01 -1.9120e-01 +1.7808e+00 -8.2240e-01
5944 0 +4.616349827e-07 +1.881000046e+01 +1.881000046e+01 -1.9120e-01 +1.7808e+00 -8.2240e-01
5994 0 +3.068045622e-07 +1.881000031e+01 +1.881000031e+01 -1.9120e-01 +1.7808e+00 -8.2240e-01
6354 0 +2.479748247e-07 +1.881000025e+01 +1.881000025e+01 -1.9120e-01 +1.7808e+00 -8.2240e-01
6494 0 +2.371578418e-07 +1.881000024e+01 +1.881000024e+01 -1.9120e-01 +1.7808e+00 -8.2240e-01
6544 0 +1.912529228e-07 +1.881000019e+01 +1.881000019e+01 -1.9120e-01 +1.7808e+00 -8.2240e-01
6594 0 +1.838445627e-07 +1.881000018e+01 +1.881000018e+01 -1.9120e-01 +1.7808e+00 -8.2240e-01
6900 0 +1.719861231e-07 +1.881000017e+01 +1.881000017e+01 -1.9120e-01 +1.7808e+00 -8.2240e-01
7433 0 +1.685851885e-07 +1.881000017e+01 +1.881000017e+01 -1.9120e-01 +1.7808e+00 -8.2240e-01
8203 0 +1.613419940e-07 +1.881000016e+01 +1.881000016e+01 -1.9120e-01 +1.7808e+00 -8.2240e-01
12051 0 +1.602698596e-07 +1.881000016e+01 +1.881000016e+01 -1.9120e-01 +1.7808e+00 -8.2240e-01
% f evaluations | g evaluations | best noise-free fitness - Fopt (2.731500000000e+02) + sum g_i+ | measured fitness | best measured fitness or single-digit g-values | x1 | x2...
1 0 +8.697790650e+02 +1.142929065e+03 +1.142929065e+03 +2.1471e+00 -4.5798e+00 -4.8330e+00
2 0 +5.890520486e+01 +3.320552049e+02 +3.320552049e+02 -2.9760e+00 -1.5370e-01 +3.1195e+00
3 0 +4.052964620e+01 +3.136796462e+02 +3.136796462e+02 +2.5035e-01 +1.8315e+00 +3.0548e+00
4 0 +3.749575139e+01 +3.106457514e+02 +3.106457514e+02 +2.8867e+00 +2.3531e+00 +1.3215e+00
8 0 +6.210015611e+00 +2.793600156e+02 +2.793600156e+02 -2.7996e+00 +2.0181e+00 -7.4176e-01
27 0 +6.066425667e+00 +2.792164257e+02 +2.792164257e+02 -2.8339e+00 +4.2939e+00 +3.1010e-01
56 0 +5.720127897e+00 +2.788701279e+02 +2.788701279e+02 -3.0147e+00 +3.1628e+00 +2.9428e-01
64 0 +3.438601733e+00 +2.765886017e+02 +2.765886017e+02 -4.9515e+00 +1.5093e+00 -5.6329e-01
74 0 +1.457674016e+00 +2.746076740e+02 +2.746076740e+02 -3.0785e+00 +3.4563e+00 -5.5780e-01
191 0 +8.828269359e-01 +2.740328269e+02 +2.740328269e+02 -3.3701e+00 +3.4340e+00 -1.4602e-01
217 0 +8.156996111e-01 +2.739656996e+02 +2.739656996e+02 -3.6203e+00 +3.2533e+00 -8.5591e-01
249 0 +5.146494607e-01 +2.736646495e+02 +2.736646495e+02 -3.1332e+00 +4.3119e+00 -4.3101e-01
579 0 +5.059480900e-01 +2.736559481e+02 +2.736559481e+02 -3.2590e+00 +4.4106e+00 -4.3447e-01
588 0 +3.207807255e-01 +2.734707807e+02 +2.734707807e+02 -3.2866e+00 +4.1905e+00 -4.3128e-01
613 0 +3.104497802e-01 +2.734604498e+02 +2.734604498e+02 -3.4179e+00 +4.0540e+00 -4.3507e-01
665 0 +2.558335561e-01 +2.734058336e+02 +2.734058336e+02 -3.5449e+00 +3.8460e+00 -5.7345e-01
716 0 +1.291593894e-01 +2.732791594e+02 +2.732791594e+02 -3.5872e+00 +3.7360e+00 -5.1448e-01
850 0 +6.934603014e-02 +2.732193460e+02 +2.732193460e+02 -3.5887e+00 +3.6973e+00 -5.0211e-01
900 0 +6.216013265e-02 +2.732121601e+02 +2.732121601e+02 -3.5908e+00 +3.7173e+00 -4.9122e-01
950 0 +1.936928014e-02 +2.731693693e+02 +2.731693693e+02 -3.5917e+00 +3.7253e+00 -4.8686e-01
1050 0 +1.864021954e-02 +2.731686402e+02 +2.731686402e+02 -3.5918e+00 +3.7266e+00 -4.8617e-01
1103 0 +1.074350992e-02 +2.731607435e+02 +2.731607435e+02 -3.5888e+00 +3.7386e+00 -4.7932e-01
1304 0 +7.257971981e-03 +2.731572580e+02 +2.731572580e+02 -3.5877e+00 +3.7383e+00 -4.7953e-01
1480 0 +6.793314629e-03 +2.731567933e+02 +2.731567933e+02 -3.5866e+00 +3.7396e+00 -4.7971e-01
1527 0 +6.307136048e-03 +2.731563071e+02 +2.731563071e+02 -3.5877e+00 +3.7380e+00 -4.8028e-01
1787 0 +5.931619474e-03 +2.731559316e+02 +2.731559316e+02 -3.5876e+00 +3.7381e+00 -4.8009e-01
1871 0 +5.742375484e-03 +2.731557424e+02 +2.731557424e+02 -3.5876e+00 +3.7383e+00 -4.8003e-01
1918 0 +5.580967562e-03 +2.731555810e+02 +2.731555810e+02 -3.5875e+00 +3.7384e+00 -4.8001e-01
1987 0 +5.331894599e-03 +2.731553319e+02 +2.731553319e+02 -3.5875e+00 +3.7387e+00 -4.7995e-01
2071 0 +5.166071090e-03 +2.731551661e+02 +2.731551661e+02 -3.5873e+00 +3.7390e+00 -4.7993e-01
2103 0 +5.097212656e-03 +2.731550972e+02 +2.731550972e+02 -3.5872e+00 +3.7392e+00 -4.8001e-01
2182 0 +4.889320793e-03 +2.731548893e+02 +2.731548893e+02 -3.5871e+00 +3.7394e+00 -4.8001e-01
2253 0 +4.530710188e-03 +2.731545307e+02 +2.731545307e+02 -3.5869e+00 +3.7395e+00 -4.8000e-01
2781 0 +4.448785281e-03 +2.731544488e+02 +2.731544488e+02 -3.5870e+00 +3.7395e+00 -4.8000e-01
3109 0 +4.298604967e-03 +2.731542986e+02 +2.731542986e+02 -3.5870e+00 +3.7395e+00 -4.8000e-01
3131 0 +4.264545042e-03 +2.731542645e+02 +2.731542645e+02 -3.5870e+00 +3.7395e+00 -4.8000e-01
3886 0 +4.162002454e-03 +2.731541620e+02 +2.731541620e+02 -3.5870e+00 +3.7395e+00 -4.8000e-01
12051 0 +4.155741514e-03 +2.731541557e+02 +2.731541557e+02 -3.5870e+00 +3.7395e+00 -4.8000e-01
% f evaluations | g evaluations | best noise-free fitness - Fopt (3.718000000000e+01) + sum g_i+ | measured fitness | best measured fitness or single-digit g-values | x1 | x2...
1 0 +1.343861359e+01 +5.061861359e+01 +5.061861359e+01 -2.2472e+00 -3.1481e+00 +2.7315e+00
2 0 +1.210465408e+01 +4.928465408e+01 +4.928465408e+01 +2.1113e+00 +1.6135e+00 +3.6048e+00
9 0 +9.610708333e+00 +4.679070833e+01 +4.679070833e+01 +1.4942e-01 +3.8442e+00 +4.8795e-01
10 0 +7.235012222e+00 +4.441501222e+01 +4.441501222e+01 -4.3316e-01 +2.0534e+00 +4.0290e+00
18 0 +5.897645665e+00 +4.307764566e+01 +4.307764566e+01 +1.6109e-01 +1.4518e+00 -2.1248e-01
76 0 +5.842633403e+00 +4.302263340e+01 +4.302263340e+01 -1.4360e+00 +3.0584e+00 +1.4301e+00
85 0 +4.315748247e+00 +4.149574825e+01 +4.149574825e+01 +4.3865e-01 +3.1887e+00 +1.7100e+00
114 0 +3.600311976e+00 +4.078031198e+01 +4.078031198e+01 -2.2616e-01 +2.9448e+00 +1.1027e+00
126 0 +1.819225771e+00 +3.899922577e+01 +3.899922577e+01 -1.5778e+00 +2.6036e+00 +1.6571e+00
238 0 +1.365202824e+00 +3.854520282e+01 +3.854520282e+01 -3.3203e+00 +2.0327e+00 +1.8635e+00
258 0 +1.037056430e+00 +3.821705643e+01 +3.821705643e+01 -4.6527e+00 +1.7703e+00 +1.9878e+00
276 0 +9.008484287e-01 +3.808084843e+01 +3.808084843e+01 -4.2228e+00 +2.1862e+00 +2.0068e+00
328 0 +6.638017447e-01 +3.784380174e+01 +3.784380174e+01 -4.0240e+00 +1.8989e+00 +2.0659e+00
429 0 +2.406504418e-01 +3.742065044e+01 +3.742065044e+01 -4.0869e+00 +2.0257e+00 +2.0374e+00
433 0 +2.307777712e-01 +3.741077777e+01 +3.741077777e+01 -4.0586e+00 +1.9853e+00 +1.9464e+00
533 0 +2.135826922e-01 +3.739358269e+01 +3.739358269e+01 -4.0248e+00 +2.0438e+00 +1.9592e+00
548 0 +1.735743306e-01 +3.735357433e+01 +3.735357433e+01 -3.9568e+00 +2.0310e+00 +1.9440e+00
633 0 +1.611099895e-01 +3.734110999e+01 +3.734110999e+01 -3.9310e+00 +2.0296e+00 +1.9477e+00
660 0 +7.829240860e-02 +3.725829241e+01 +3.725829241e+01 -3.9027e+00 +2.0361e+00 +2.0277e+00
710 0 +7.056053996e-02 +3.725056054e+01 +3.725056054e+01 -3.8831e+00 +2.0342e+00 +2.0500e+00
713 0 +6.729688997e-02 +3.724729689e+01 +3.724729689e+01 -3.9865e+00 +2.0393e+00 +2.0215e+00
733 0 +5.235544435e-02 +3.723235544e+01 +3.723235544e+01 -3.8911e+00 +2.0300e+00 +2.0482e+00
764 0 +4.680941849e-02 +3.722680942e+01 +3.722680942e+01 -3.8453e+00 +2.0722e+00 +2.0464e+00
860 0 +4.321991244e-02 +3.722321991e+01 +3.722321991e+01 -3.8380e+00 +2.0732e+00 +2.0447e+00
985 0 +4.123234629e-02 +3.722123235e+01 +3.722123235e+01 -3.8901e+00 +2.0798e+00 +2.0562e+00
1063 0 +3.652581970e-02 +3.721652582e+01 +3.721652582e+01 -3.8738e+00 +2.0691e+00 +2.0327e+00
1137 0 +2.493803657e-02 +3.720493804e+01 +3.720493804e+01 -3.9160e+00 +2.0519e+00 +2.0408e+00
1164 0 +1.022135428e-02 +3.719022135e+01 +3.719022135e+01 -3.8953e+00 +2.0555e+00 +2.0411e+00
1220 0 +5.609272956e-03 +3.718560927e+01 +3.718560927e+01 -3.9009e+00 +2.0582e+00 +2.0392e+00
1302 0 +5.395179304e-03 +3.718539518e+01 +3.718539518e+01 -3.8969e+00 +2.0599e+00 +2.0397e+00
1336 0 +5.144831601e-03 +3.718514483e+01 +3.718514483e+01 -3.9025e+00 +2.0598e+00 +2.0386e+00
1364 0 +4.902088327e-03 +3.718490209e+01 +3.718490209e+01 -3.8991e+00 +2.0628e+00 +2.0391e+00
1436 0 +4.766284746e-03 +3.718476628e+01 +3.718476628e+01 -3.8995e+00 +2.0623e+00 +2.0396e+00
1514 0 +4.464804954e-03 +3.718446480e+01 +3.718446480e+01 -3.8998e+00 +2.0627e+00 +2.0397e+00
1520 0 +3.982352378e-03 +3.718398235e+01 +3.718398235e+01 -3.8986e+00 +2.0628e+00 +2.0394e+00
1539 0 +3.035563195e-03 +3.718303556e+01 +3.718303556e+01 -3.9005e+00 +2.0608e+00 +2.0394e+00
1564 0 +1.497795253e-03 +3.718149780e+01 +3.718149780e+01 -3.9001e+00 +2.0598e+00 +2.0397e+00
1732 0 +1.102916192e-03 +3.718110292e+01 +3.718110292e+01 -3.8999e+00 +2.0596e+00 +2.0397e+00
1737 0 +7.390210103e-04 +3.718073902e+01 +3.718073902e+01 -3.8994e+00 +2.0596e+00 +2.0401e+00
1787 0 +5.694065177e-04 +3.718056941e+01 +3.718056941e+01 -3.8993e+00 +2.0597e+00 +2.0400e+00
1913 0 +4.959037089e-04 +3.718049590e+01 +3.718049590e+01 -3.8991e+00 +2.0601e+00 +2.0401e+00
1979 0 +2.729683922e-04 +3.718027297e+01 +3.718027297e+01 -3.8992e+00 +2.0599e+00 +2.0399e+00
2054 0 +1.410031490e-04 +3.718014100e+01 +3.718014100e+01 -3.8992e+00 +2.0599e+00 +2.0400e+00
2253 0 +1.240924526e-04 +3.718012409e+01 +3.718012409e+01 -3.8991e+00 +2.0600e+00 +2.0400e+00
2332 0 +1.210749058e-04 +3.718012107e+01 +3.718012107e+01 -3.8992e+00 +2.0601e+00 +2.0400e+00
2372 0 +6.603870239e-05 +3.718006604e+01 +3.718006604e+01 -3.8992e+00 +2.0600e+00 +2.0400e+00
2412 0 +4.219269454e-05 +3.718004219e+01 +3.718004219e+01 -3.8992e+00 +2.0600e+00 +2.0400e+00
2432 0 +3.830341621e-05 +3.718003830e+01 +3.718003830e+01 -3.8992e+00 +2.0600e+00 +2.0400e+00
2526 0 +3.336956591e-05 +3.718003337e+01 +3.718003337e+01 -3.8992e+00 +2.0600e+00 +2.0400e+00
2572 0 +2.917057622e-05 +3.718002917e+01 +3.718002917e+01 -3.8992e+00 +2.0600e+00 +2.0400e+00
2932 0 +2.879134798e-05 +3.718002879e+01 +3.718002879e+01 -3.8992e+00 +2.0600e+00 +2.0400e+00
12051 0 +2.877766613e-05 +3.718002878e+01 +3.718002878e+01 -3.8992e+00 +2.0600e+00 +2.0400e+00
% f evaluations | g evaluations | best noise-free fitness - Fopt (-1.479000000000e+02) + sum g_i+ | measured fitness | best measured fitness or single-digit g-values | x1 | x2...
1 0 +3.014730986e+01 -1.177526901e+02 -1.177526901e+02 +3.8590e+00 +4.0847e+00 +3.0303e+00
2 0 +1.687493066e+01 -1.310250693e+02 -1.310250693e+02 -1.4464e+00 +3.2812e+00 +1.9703e+00
3 0 +1.573543364e+01 -1.321645664e+02 -1.321645664e+02 -4.5047e+00 -4.4559e+00 -2.7015e+00
4 0 +7.653866315e+00 -1.402461337e+02 -1.402461337e+02 -2.3375e+00 -1.5368e+00 +4.3252e-01
10 0 +2.470618512e+00 -1.454293815e+02 -1.454293815e+02 -1.6717e+00 -1.8129e+00 -2.1605e+00
33 0 +1.934181855e+00 -1.459658181e+02 -1.459658181e+02 -1.6427e+00 +1.2536e+00 +4.5824e-01
73 0 +1.408182108e+00 -1.464918179e+02 -1.464918179e+02 -1.8660e+00 +1.3180e-02 +7.8578e-01
153 0 +9.350307804e-01 -1.469649692e+02 -1.469649692e+02 -1.7663e+00 +5.2796e-01 +1.4368e+00
272 0 +8.596378346e-01 -1.470403622e+02 -1.470403622e+02 -1.7627e+00 +6.4002e-01 +1.3509e+00
285 0 +8.487992171e-01 -1.470512008e+02 -1.470512008e+02 -1.8012e+00 +6.7654e-01 +1.9880e+00
323 0 +5.568441897e-01 -1.473431558e+02 -1.473431558e+02 -1.5794e+00 +7.6393e-01 +2.3013e+00
789 0 +5.239582182e-01 -1.473760418e+02 -1.473760418e+02 -1.5855e+00 +7.6888e-01 +2.2940e+00
917 0 +4.609151849e-01 -1.474390848e+02 -1.474390848e+02 -1.5623e+00 +7.6946e-01 +2.2978e+00
1166 0 +3.984521138e-01 -1.475015479e+02 -1.475015479e+02 -1.5557e+00 +7.7579e-01 +2.2899e+00
1215 0 +3.934764027e-01 -1.475065236e+02 -1.475065236e+02 -1.5547e+00 +7.7736e-01 +2.2921e+00
1246 0 +3.886003744e-01 -1.475113996e+02 -1.475113996e+02 -1.5593e+00 +7.7378e-01 +2.2837e+00
1655 0 +3.737544524e-01 -1.475262455e+02 -1.475262455e+02 -1.5552e+00 +7.7818e-01 +2.2923e+00
1755 0 +3.689247947e-01 -1.475310752e+02 -1.475310752e+02 -1.5549e+00 +7.7835e-01 +2.2919e+00
2067 0 +3.567733797e-01 -1.475432266e+02 -1.475432266e+02 -1.5548e+00 +7.7815e-01 +2.2923e+00
2828 0 +3.504397912e-01 -1.475495602e+02 -1.475495602e+02 -1.5549e+00 +7.7815e-01 +2.2923e+00
12051 0 +3.472239569e-01 -1.475527760e+02 -1.475527760e+02 -1.5549e+00 +7.7813e-01 +2.2923e+00
% f evaluations | g evaluations | best noise-free fitness - Fopt (-1.694000000000e+01) + sum g_i+ | measured fitness | best measured fitness or single-digit g-values | x1 | x2...
1 0 +3.182130090e+00 -1.375786991e+01 -1.375786991e+01 +3.8761e+00 +3.5428e+00 -2.8514e+00
54 0 +1.189789123e+00 -1.575021088e+01 -1.575021088e+01 +2.7811e+00 +1.9151e+00 -8.0071e-01
73 0 +1.096515699e+00 -1.584348430e+01 -1.584348430e+01 +4.2382e+00 +3.3326e+00 -1.8590e+00
239 0 +1.039973018e+00 -1.590002698e+01 -1.590002698e+01 +4.4398e+00 +3.5821e+00 -2.0594e+00
396 0 +8.715978612e-01 -1.606840214e+01 -1.606840214e+01 +4.4516e+00 +3.4922e+00 -2.1745e+00
421 0 +7.482256045e-01 -1.619177440e+01 -1.619177440e+01 +4.4094e+00 +3.4386e+00 -2.2537e+00
525 0 +5.553462307e-01 -1.638465377e+01 -1.638465377e+01 +4.4087e+00 +3.4888e+00 -2.2387e+00
671 0 +5.031381716e-01 -1.643686183e+01 -1.643686183e+01 +4.4048e+00 +3.4597e+00 -2.2578e+00
740 0 +4.704857776e-01 -1.646951422e+01 -1.646951422e+01 +4.4025e+00 +3.4767e+00 -2.2288e+00
815 0 +4.261425123e-01 -1.651385749e+01 -1.651385749e+01 +4.3876e+00 +3.4634e+00 -2.2282e+00
844 0 +3.592316009e-01 -1.658076840e+01 -1.658076840e+01 +4.3975e+00 +3.4819e+00 -2.2385e+00
1672 0 +3.545375392e-01 -1.658546246e+01 -1.658546246e+01 +4.3976e+00 +3.4819e+00 -2.2387e+00
12051 0 +3.472653431e-01 -1.659273466e+01 -1.659273466e+01 +4.3976e+00 +3.4819e+00 -2.2387e+00
% f evaluations | g evaluations | best noise-free fitness - Fopt (1.881000000000e+01) + sum g_i+ | measured fitness | best measured fitness or single-digit g-values | x1 | x2...
1 0 +2.148393290e+01 +4.029393290e+01 +4.029393290e+01 -4.5861e+00 +4.8952e+00 -2.3609e+00
2 0 +1.753866257e+01 +3.634866257e+01 +3.634866257e+01 +3.1469e+00 -4.6907e+00 -3.4977e+00
6 0 +9.585663382e+00 +2.839566338e+01 +2.839566338e+01 -1.4883e+00 +1.3808e+00 -3.1376e+00
11 0 +4.998651773e+00 +2.380865177e+01 +2.380865177e+01 +5.3821e-01 +7.7093e-01 -1.0007e+00
53 0 +4.297219927e+00 +2.310721993e+01 +2.310721993e+01 +2.3169e+00 +1.1035e+00 -1.0391e+00
61 0 +5.074219537e-01 +1.931742195e+01 +1.931742195e+01 -5.7320e-01 +1.4987e+00 -4.3684e-01
192 0 +4.322146708e-01 +1.924221467e+01 +1.924221467e+01 -6.5111e-01 +1.5016e+00 -4.5275e-01
340 0 +3.889498201e-01 +1.919894982e+01 +1.919894982e+01 -5.2636e-01 +1.7576e+00 -6.4624e-01
352 0 +3.236472755e-01 +1.913364728e+01 +1.913364728e+01 -3.6758e-01 +1.7310e+00 -6.3983e-01
363 0 +2.806335082e-01 +1.909063351e+01 +1.909063351e+01 -1.9867e-01 +1.7388e+00 -5.6925e-01
380 0 +2.471972532e-01 +1.905719725e+01 +1.905719725e+01 -2.5473e-01 +1.7488e+00 -7.1083e-01
452 0 +6.504430591e-02 +1.887504431e+01 +1.887504431e+01 -1.9482e-01 +1.7902e+00 -8.0938e-01
610 0 +4.493156319e-02 +1.885493156e+01 +1.885493156e+01 -1.4711e-01 +1.7904e+00 -8.4835e-01
668 0 +1.472953329e-02 +1.882472953e+01 +1.882472953e+01 -1.9930e-01 +1.7758e+00 -8.2329e-01
937 0 +8.297426290e-03 +1.881829743e+01 +1.881829743e+01 -1.9778e-01 +1.7762e+00 -8.2049e-01
1018 0 +5.493348371e-03 +1.881549335e+01 +1.881549335e+01 -1.9685e-01 +1.7770e+00 -8.1939e-01
1152 0 +5.358511589e-03 +1.881535851e+01 +1.881535851e+01 -1.9686e-01 +1.7781e+00 -8.1697e-01
1236 0 +5.173013648e-03 +1.881517301e+01 +1.881517301e+01 -1.9803e-01 +1.7773e+00 -8.1714e-01
1386 0 +4.785967620e-03 +1.881478597e+01 +1.881478597e+01 -1.9833e-01 +1.7773e+00 -8.1706e-01
1387 0 +4.357496185e-03 +1.881435750e+01 +1.881435750e+01 -1.9749e-01 +1.7774e+00 -8.1710e-01
1422 0 +4.121858722e-03 +1.881412186e+01 +1.881412186e+01 -1.9796e-01 +1.7770e+00 -8.1772e-01
1471 0 +3.979519594e-03 +1.881397952e+01 +1.881397952e+01 -1.9792e-01 +1.7775e+00 -8.1714e-01
1536 0 +3.816808522e-03 +1.881381681e+01 +1.881381681e+01 -1.9790e-01 +1.7774e+00 -8.1759e-01
1616 0 +3.460843072e-03 +1.881346084e+01 +1.881346084e+01 -1.9778e-01 +1.7770e+00 -8.1726e-01
1669 0 +3.289095775e-03 +1.881328910e+01 +1.881328910e+01 -1.9776e-01 +1.7770e+00 -8.1736e-01
1721 0 +2.986233153e-03 +1.881298623e+01 +1.881298623e+01 -1.9772e-01 +1.7770e+00 -8.1734e-01
1916 0 +2.922866811e-03 +1.881292287e+01 +1.881292287e+01 -1.9768e-01 +1.7770e+00 -8.1739e-01
1952 0 +2.411713425e-03 +1.881241171e+01 +1.881241171e+01 -1.9763e-01 +1.7771e+00 -8.1749e-01
2052 0 +2.300832563e-03 +1.881230083e+01 +1.881230083e+01 -1.9761e-01 +1.7771e+00 -8.1753e-01
2102 0 +2.274998225e-03 +1.881227500e+01 +1.881227500e+01 -1.9760e-01 +1.7771e+00 -8.1754e-01
2196 0 +2.234786383e-03 +1.881223479e+01 +1.881223479e+01 -1.9754e-01 +1.7771e+00 -8.1760e-01
2227 0 +2.157973532e-03 +1.881215797e+01 +1.881215797e+01 -1.9752e-01 +1.7772e+00 -8.1760e-01
2566 0 +2.006335172e-03 +1.881200634e+01 +1.881200634e+01 -1.9752e-01 +1.7772e+00 -8.1760e-01
3424 0 +1.992771612e-03 +1.881199277e+01 +1.881199277e+01 -1.9752e-01 +1.7772e+00 -8.1760e-01
12051 0 +1.968397054e-03 +1.881196840e+01 +1.881196840e+01 -1.9752e-01 +1.7772e+00 -8.1760e-01
% f evaluations | g evaluations | best noise-free fitness - Fopt (2.731500000000e+02) + sum g_i+ | measured fitness | best measured fitness or single-digit g-values | x1 | x2...
1 0 +4.340742665e+01 +3.165574266e+02 +3.165574266e+02 +2.2350e+00 +3.5775e-01 +1.7475e+00
3 0 +3.418228860e+01 +3.073322886e+02 +3.073322886e+02 -4.0859e+00 -2.5242e+00 +6.1649e-01
4 0 +9.930920371e+00 +2.830809204e+02 +2.830809204e+02 -2.5922e+00 +3.5265e+00 -2.3928e+00
32 0 +9.318074000e+00 +2.824680740e+02 +2.824680740e+02 -2.2013e+00 +3.2940e+00 -2.3267e+00
37 0 +4.865490097e+00 +2.780154901e+02 +2.780154901e+02 -3.4700e+00 +3.3737e+00 +5.5245e-01
54 0 +3.507241467e+00 +2.766572415e+02 +2.766572415e+02 -3.7380e+00 +3.4151e+00 +4.3466e-01
76 0 +1.861023066e+00 +2.750110231e+02 +2.750110231e+02 -3.7821e+00 +3.0857e+00 -8.5365e-01
140 0 +1.197743814e+00 +2.743477438e+02 +2.743477438e+02 -3.6911e+00 +2.9169e+00 -5.2381e-01
206 0 +9.221368525e-01 +2.740721369e+02 +2.740721369e+02 -3.1472e+00 +4.3985e+00 -3.2821e-01
226 0 +4.422079328e-01 +2.735922079e+02 +2.735922079e+02 -3.6945e+00 +3.3944e+00 -6.2150e-01
276 0 +1.748127796e-01 +2.733248128e+02 +2.733248128e+02 -3.6595e+00 +3.5179e+00 -5.2864e-01
476 0 +1.700043218e-01 +2.733200043e+02 +2.733200043e+02 -3.6586e+00 +3.5210e+00 -5.2626e-01
623 0 +1.386994842e-01 +2.732886995e+02 +2.732886995e+02 -3.6723e+00 +3.5280e+00 -5.1318e-01
676 0 +1.379784152e-01 +2.732879784e+02 +2.732879784e+02 -3.6718e+00 +3.5338e+00 -5.0911e-01
733 0 +1.216101750e-01 +2.732716102e+02 +2.732716102e+02 -3.6778e+00 +3.5263e+00 -5.0254e-01
833 0 +1.174655897e-01 +2.732674656e+02 +2.732674656e+02 -3.7038e+00 +3.5366e+00 -4.9934e-01
917 0 +6.063713657e-02 +2.732106371e+02 +2.732106371e+02 -3.5388e+00 +3.7704e+00 -4.9800e-01
964 0 +5.351585399e-02 +2.732035159e+02 +2.732035159e+02 -3.5848e+00 +3.7270e+00 -4.9497e-01
1010 0 +3.055737139e-02 +2.731805574e+02 +2.731805574e+02 -3.5619e+00 +3.7618e+00 -4.7248e-01
1117 0 +1.376660338e-02 +2.731637666e+02 +2.731637666e+02 -3.5699e+00 +3.7490e+00 -4.7422e-01
1260 0 +1.316618191e-02 +2.731631662e+02 +2.731631662e+02 -3.5714e+00 +3.7485e+00 -4.7357e-01
1317 0 +1.255181331e-02 +2.731625518e+02 +2.731625518e+02 -3.5712e+00 +3.7481e+00 -4.7263e-01
1417 0 +1.137184220e-02 +2.731613718e+02 +2.731613718e+02 -3.5714e+00 +3.7479e+00 -4.7238e-01
1430 0 +1.058056783e-02 +2.731605806e+02 +2.731605806e+02 -3.5716e+00 +3.7478e+00 -4.7294e-01
1517 0 +1.006493589e-02 +2.731600649e+02 +2.731600649e+02 -3.5718e+00 +3.7478e+00 -4.7310e-01
1567 0 +9.944771754e-03 +2.731599448e+02 +2.731599448e+02 -3.5718e+00 +3.7478e+00 -4.7329e-01
1803 0 +9.506738820e-03 +2.731595067e+02 +2.731595067e+02 -3.5713e+00 +3.7475e+00 -4.7312e-01
2117 0 +9.083807201e-03 +2.731590838e+02 +2.731590838e+02 -3.5711e+00 +3.7474e+00 -4.7284e-01
2975 0 +8.889583716e-03 +2.731588896e+02 +2.731588896e+02 -3.5712e+00 +3.7475e+00 -4.7291e-01
3199 0 +5.087220796e-03 +2.731550872e+02 +2.731550872e+02 -3.5807e+00 +3.7512e+00 -4.7763e-01
3257 0 +4.664395883e-03 +2.731546644e+02 +2.731546644e+02 -3.5797e+00 +3.7513e+00 -4.7991e-01
3275 0 +3.988972602e-03 +2.731539890e+02 +2.731539890e+02 -3.5803e+00 +3.7556e+00 -4.7974e-01
3515 0 +3.707735208e-03 +2.731537077e+02 +2.731537077e+02 -3.5790e+00 +3.7553e+00 -4.7883e-01
3557 0 +2.533193741e-03 +2.731525332e+02 +2.731525332e+02 -3.5801e+00 +3.7527e+00 -4.7806e-01
3565 0 +2.069311582e-03 +2.731520693e+02 +2.731520693e+02 -3.5788e+00 +3.7549e+00 -4.7816e-01
3743 0 +1.835646207e-03 +2.731518356e+02 +2.731518356e+02 -3.5790e+00 +3.7542e+00 -4.7774e-01
3744 0 +1.700096154e-03 +2.731517001e+02 +2.731517001e+02 -3.5784e+00 +3.7545e+00 -4.7815e-01
3751 0 +1.127947484e-03 +2.731511279e+02 +2.731511279e+02 -3.5785e+00 +3.7547e+00 -4.7830e-01
3830 0 +5.828366442e-04 +2.731505828e+02 +2.731505828e+02 -3.5791e+00 +3.7537e+00 -4.7855e-01
3880 0 +2.707241045e-04 +2.731502707e+02 +2.731502707e+02 -3.5793e+00 +3.7535e+00 -4.7846e-01
3980 0 +2.574048430e-04 +2.731502574e+02 +2.731502574e+02 -3.5794e+00 +3.7534e+00 -4.7845e-01
4176 0 +2.445495896e-04 +2.731502445e+02 +2.731502445e+02 -3.5794e+00 +3.7534e+00 -4.7849e-01
4178 0 +1.751083884e-04 +2.731501751e+02 +2.731501751e+02 -3.5793e+00 +3.7534e+00 -4.7845e-01
4201 0 +1.106774502e-04 +2.731501107e+02 +2.731501107e+02 -3.5793e+00 +3.7534e+00 -4.7843e-01
4459 0 +1.055881097e-04 +2.731501056e+02 +2.731501056e+02 -3.5793e+00 +3.7534e+00 -4.7842e-01
4528 0 +9.822353445e-05 +2.731500982e+02 +2.731500982e+02 -3.5793e+00 +3.7534e+00 -4.7843e-01
4542 0 +3.520119714e-05 +2.731500352e+02 +2.731500352e+02 -3.5792e+00 +3.7536e+00 -4.7840e-01
4660 0 +3.445391150e-05 +2.731500345e+02 +2.731500345e+02 -3.5792e+00 +3.7536e+00 -4.7839e-01
4707 0 +3.317869994e-05 +2.731500332e+02 +2.731500332e+02 -3.5792e+00 +3.7536e+00 -4.7838e-01
4710 0 +3.307338062e-05 +2.731500331e+02 +2.731500331e+02 -3.5792e+00 +3.7536e+00 -4.7839e-01
4825 0 +2.947103587e-05 +2.731500295e+02 +2.731500295e+02 -3.5792e+00 +3.7536e+00 -4.7839e-01
4875 0 +2.655848789e-05 +2.731500266e+02 +2.731500266e+02 -3.5792e+00 +3.7536e+00 -4.7840e-01
4943 0 +2.381851641e-05 +2.731500238e+02 +2.731500238e+02 -3.5792e+00 +3.7536e+00 -4.7841e-01
5219 0 +1.628546306e-05 +2.731500163e+02 +2.731500163e+02 -3.5792e+00 +3.7536e+00 -4.7840e-01
5293 0 +1.546038675e-05 +2.731500155e+02 +2.731500155e+02 -3.5792e+00 +3.7536e+00 -4.7841e-01
5319 0 +1.102500858e-05 +2.731500110e+02 +2.731500110e+02 -3.5792e+00 +3.7536e+00 -4.7841e-01
5558 0 +1.071700245e-05 +2.731500107e+02 +2.731500107e+02 -3.5792e+00 +3.7536e+00 -4.7840e-01
5582 0 +1.017573527e-05 +2.731500102e+02 +2.731500102e+02 -3.5792e+00 +3.7536e+00 -4.7840e-01
5669 0 +9.127949454e-06 +2.731500091e+02 +2.731500091e+02 -3.5792e+00 +3.7536e+00 -4.7840e-01
5769 0 +8.762164214e-06 +2.731500088e+02 +2.731500088e+02 -3.5792e+00 +3.7536e+00 -4.7840e-01
6025 0 +8.160018979e-06 +2.731500082e+02 +2.731500082e+02 -3.5792e+00 +3.7536e+00 -4.7840e-01
6125 0 +8.096824956e-06 +2.731500081e+02 +2.731500081e+02 -3.5792e+00 +3.7536e+00 -4.7840e-01
6418 0 +7.820201404e-06 +2.731500078e+02 +2.731500078e+02 -3.5792e+00 +3.7536e+00 -4.7840e-01
7737 0 +7.762405971e-06 +2.731500078e+02 +2.731500078e+02 -3.5792e+00 +3.7536e+00 -4.7840e-01
12051 0 +7.758885374e-06 +2.731500078e+02 +2.731500078e+02 -3.5792e+00 +3.7536e+00 -4.7840e-01
% f evaluations | g evaluations | best noise-free fitness - Fopt (3.718000000000e+01) + sum g_i+ | measured fitness | best measured fitness or single-digit g-values | x1 | x2...
1 0 +2.200114646e+01 +5.918114646e+01 +5.918114646e+01 +4.2618e+00 +4.0222e+00 -3.1691e-01
2 0 +2.134102661e+01 +5.852102661e+01 +5.852102661e+01 +4.9458e+00 -3.5955e+00 -1.6462e+00
3 0 +1.477829942e+01 +5.195829942e+01 +5.195829942e+01 -4.6867e+00 -3.7827e+00 +4.7171e+00
5 0 +5.178643345e+00 +4.235864334e+01 +4.235864334e+01 -1.5438e+00 +1.7910e+00 +3.7795e+00
10 0 +2.776231644e+00 +3.995623164e+01 +3.995623164e+01 -4.9570e+00 +2.2372e+00 +2.2340e+00
70 0 +8.403573810e-01 +3.802035738e+01 +3.802035738e+01 -3.7316e+00 +1.8678e+00 +1.6677e+00
204 0 +7.077599728e-01 +3.788775997e+01 +3.788775997e+01 -3.9220e+00 +1.8598e+00 +2.0047e+00
215 0 +6.545840654e-01 +3.783458407e+01 +3.783458407e+01 -3.8628e+00 +2.5099e+00 +1.9892e+00
239 0 +4.671727613e-01 +3.764717276e+01 +3.764717276e+01 -3.6931e+00 +2.1809e+00 +2.0210e+00
261 0 +2.543921441e-01 +3.743439214e+01 +3.743439214e+01 -3.7567e+00 +2.0068e+00 +1.9501e+00
342 0 +1.572698485e-01 +3.733726985e+01 +3.733726985e+01 -3.7638e+00 +2.0789e+00 +1.9844e+00
574 0 +4.549807410e-02 +3.722549807e+01 +3.722549807e+01 -3.8494e+00 +2.0647e+00 +2.0235e+00
638 0 +2.328102303e-02 +3.720328102e+01 +3.720328102e+01 -3.8873e+00 +2.0604e+00 +2.0407e+00
674 0 +1.612680230e-02 +3.719612680e+01 +3.719612680e+01 -3.8968e+00 +2.0512e+00 +2.0458e+00
814 0 +6.980650132e-03 +3.718698065e+01 +3.718698065e+01 -3.9002e+00 +2.0575e+00 +2.0405e+00
1014 0 +6.343945235e-03 +3.718634395e+01 +3.718634395e+01 -3.9003e+00 +2.0575e+00 +2.0408e+00
1042 0 +5.521337261e-03 +3.718552134e+01 +3.718552134e+01 -3.9033e+00 +2.0588e+00 +2.0397e+00
1064 0 +4.187651853e-03 +3.718418765e+01 +3.718418765e+01 -3.9029e+00 +2.0594e+00 +2.0402e+00
1162 0 +3.540599075e-03 +3.718354060e+01 +3.718354060e+01 -3.9011e+00 +2.0601e+00 +2.0414e+00
1209 0 +2.537164127e-03 +3.718253716e+01 +3.718253716e+01 -3.8987e+00 +2.0610e+00 +2.0391e+00
1214 0 +1.808290961e-03 +3.718180829e+01 +3.718180829e+01 -3.9004e+00 +2.0598e+00 +2.0398e+00
1314 0 +1.517740861e-03 +3.718151774e+01 +3.718151774e+01 -3.9000e+00 +2.0599e+00 +2.0398e+00
1338 0 +1.162008744e-03 +3.718116201e+01 +3.718116201e+01 -3.8988e+00 +2.0602e+00 +2.0401e+00
1364 0 +7.905887024e-04 +3.718079059e+01 +3.718079059e+01 -3.8984e+00 +2.0602e+00 +2.0401e+00
1462 0 +6.836515092e-04 +3.718068365e+01 +3.718068365e+01 -3.8983e+00 +2.0602e+00 +2.0400e+00
1523 0 +6.701779795e-04 +3.718067018e+01 +3.718067018e+01 -3.8991e+00 +2.0603e+00 +2.0399e+00
1572 0 +3.674546298e-04 +3.718036745e+01 +3.718036745e+01 -3.8989e+00 +2.0600e+00 +2.0401e+00
1638 0 +3.113997793e-04 +3.718031140e+01 +3.718031140e+01 -3.8990e+00 +2.0600e+00 +2.0399e+00
1738 0 +2.771981495e-04 +3.718027720e+01 +3.718027720e+01 -3.8990e+00 +2.0600e+00 +2.0399e+00
1778 0 +2.677773709e-04 +3.718026778e+01 +3.718026778e+01 -3.8990e+00 +2.0600e+00 +2.0399e+00
1794 0 +2.303671833e-04 +3.718023037e+01 +3.718023037e+01 -3.8991e+00 +2.0600e+00 +2.0399e+00
1883 0 +1.053327370e-04 +3.718010533e+01 +3.718010533e+01 -3.8992e+00 +2.0599e+00 +2.0400e+00
3146 0 +8.712417034e-05 +3.718008712e+01 +3.718008712e+01 -3.8992e+00 +2.0599e+00 +2.0400e+00
3153 0 +8.434338501e-05 +3.718008434e+01 +3.718008434e+01 -3.8992e+00 +2.0599e+00 +2.0400e+00
3163 0 +7.401629126e-05 +3.718007402e+01 +3.718007402e+01 -3.8992e+00 +2.0599e+00 +2.0400e+00
3315 0 +6.654636925e-05 +3.718006655e+01 +3.718006655e+01 -3.8992e+00 +2.0599e+00 +2.0400e+00
3384 0 +6.591074993e-05 +3.718006591e+01 +3.718006591e+01 -3.8992e+00 +2.0599e+00 +2.0400e+00
3460 0 +6.412676773e-05 +3.718006413e+01 +3.718006413e+01 -3.8992e+00 +2.0599e+00 +2.0400e+00
3614 0 +6.205926839e-05 +3.718006206e+01 +3.718006206e+01 -3.8992e+00 +2.0599e+00 +2.0400e+00
3714 0 +6.118054715e-05 +3.718006118e+01 +3.718006118e+01 -3.8992e+00 +2.0599e+00 +2.0400e+00
3783 0 +6.005226809e-05 +3.718006005e+01 +3.718006005e+01 -3.8992e+00 +2.0599e+00 +2.0400e+00
4096 0 +5.866154940e-05 +3.718005866e+01 +3.718005866e+01 -3.8992e+00 +2.0599e+00 +2.0400e+00
12051 0 +5.781485554e-05 +3.718005781e+01 +3.718005781e+01 -3.8992e+00 +2.0599e+00 +2.0400e+00
% f evaluations | g evaluations | best noise-free fitness - Fopt (-1.479000000000e+02) + sum g_i+ | measured fitness | best measured fitness or single-digit g-values | x1 | x2...
1 0 +2.355566030e+01 -1.243443397e+02 -1.243443397e+02 +1.7170e+00 +3.7352e+00 +2.1924e+00
3 0 +1.525245776e+01 -1.326475422e+02 -1.326475422e+02 +2.0910e+00 +4.8746e+00 +9.3201e-01
5 0 +9.691029322e+00 -1.382089707e+02 -1.382089707e+02 +3.5163e+00 +1.9247e+00 +1.4236e+00
7 0 +8.283910876e+00 -1.396160891e+02 -1.396160891e+02 -1.8854e+00 +1.9025e+00 -1.4834e+00
10 0 +2.367057657e+00 -1.455329423e+02 -1.455329423e+02 -1.2633e+00 +7.6764e-01 +1.9421e+00
13 0 +2.314889740e+00 -1.455851103e+02 -1.455851103e+02 -2.1535e+00 -6.4872e-01 +8.6227e-01
62 0 +2.181165291e+00 -1.457188347e+02 -1.457188347e+02 -1.6455e+00 +7.1549e-01 +9.4010e-01
107 0 +1.056615531e+00 -1.468433845e+02 -1.468433845e+02 -1.4126e+00 +5.8762e-01 +1.4588e+00
224 0 +5.363241032e-01 -1.473636759e+02 -1.473636759e+02 -1.7939e+00 +5.3078e-01 +1.6099e+00
282 0 +4.358940440e-01 -1.474641060e+02 -1.474641060e+02 -1.5272e+00 +3.2500e-01 +1.2784e+00
359 0 +1.710097302e-01 -1.477289903e+02 -1.477289903e+02 -1.7020e+00 +8.5563e-02 +1.0281e+00
427 0 +1.530986409e-01 -1.477469014e+02 -1.477469014e+02 -1.7196e+00 +2.6138e-01 +1.1080e+00
553 0 +1.406973242e-01 -1.477593027e+02 -1.477593027e+02 -1.6457e+00 +9.5138e-02 +1.1470e+00
562 0 +6.279175952e-02 -1.478372082e+02 -1.478372082e+02 -1.6723e+00 +1.1465e-01 +1.1658e+00
603 0 +6.164499595e-02 -1.478383550e+02 -1.478383550e+02 -1.6763e+00 +1.4206e-01 +1.1662e+00
662 0 +5.685517734e-02 -1.478431448e+02 -1.478431448e+02 -1.6732e+00 +1.7532e-01 +1.2103e+00
672 0 +3.689156326e-02 -1.478631084e+02 -1.478631084e+02 -1.6671e+00 +1.0780e-01 +1.1520e+00
874 0 +3.212270338e-02 -1.478678773e+02 -1.478678773e+02 -1.6743e+00 +1.2313e-01 +1.1098e+00
921 0 +2.708719638e-02 -1.478729128e+02 -1.478729128e+02 -1.6702e+00 +1.2704e-01 +1.1307e+00
945 0 +2.474629231e-02 -1.478752537e+02 -1.478752537e+02 -1.6646e+00 +1.1921e-01 +1.1109e+00
1191 0 +2.387651920e-02 -1.478761235e+02 -1.478761235e+02 -1.6639e+00 +1.2948e-01 +1.1309e+00
1220 0 +1.900679705e-02 -1.478809932e+02 -1.478809932e+02 -1.6783e+00 +1.3263e-01 +1.1224e+00
1231 0 +1.471519678e-02 -1.478852848e+02 -1.478852848e+02 -1.6660e+00 +1.3197e-01 +1.1399e+00
1280 0 +1.225151450e-02 -1.478877485e+02 -1.478877485e+02 -1.6671e+00 +1.4313e-01 +1.1511e+00
1476 0 +1.174500111e-02 -1.478882550e+02 -1.478882550e+02 -1.6674e+00 +1.4371e-01 +1.1529e+00
1811 0 +1.147674286e-02 -1.478885233e+02 -1.478885233e+02 -1.6718e+00 +1.3816e-01 +1.1419e+00
1853 0 +1.048527359e-02 -1.478895147e+02 -1.478895147e+02 -1.6747e+00 +1.3441e-01 +1.1318e+00
1861 0 +4.827371804e-03 -1.478951726e+02 -1.478951726e+02 -1.6721e+00 +1.3693e-01 +1.1394e+00
1911 0 +3.676449492e-03 -1.478963236e+02 -1.478963236e+02 -1.6722e+00 +1.3644e-01 +1.1384e+00
2018 0 +3.312092549e-03 -1.478966879e+02 -1.478966879e+02 -1.6721e+00 +1.3433e-01 +1.1366e+00
2118 0 +3.048091127e-03 -1.478969519e+02 -1.478969519e+02 -1.6720e+00 +1.3514e-01 +1.1375e+00
2170 0 +2.507067313e-03 -1.478974929e+02 -1.478974929e+02 -1.6711e+00 +1.3484e-01 +1.1364e+00
2218 0 +2.190029171e-03 -1.478978100e+02 -1.478978100e+02 -1.6711e+00 +1.3501e-01 +1.1365e+00
2236 0 +1.173937604e-03 -1.478988261e+02 -1.478988261e+02 -1.6706e+00 +1.3566e-01 +1.1370e+00
2277 0 +6.674106661e-04 -1.478993326e+02 -1.478993326e+02 -1.6704e+00 +1.3504e-01 +1.1368e+00
2427 0 +3.945372391e-04 -1.478996055e+02 -1.478996055e+02 -1.6703e+00 +1.3510e-01 +1.1368e+00
2430 0 +3.329232857e-04 -1.478996671e+02 -1.478996671e+02 -1.6704e+00 +1.3521e-01 +1.1367e+00
2470 0 +2.848055180e-04 -1.478997152e+02 -1.478997152e+02 -1.6704e+00 +1.3526e-01 +1.1368e+00
2617 0 +2.712026880e-04 -1.478997288e+02 -1.478997288e+02 -1.6704e+00 +1.3518e-01 +1.1366e+00
2702 0 +2.374957214e-04 -1.478997625e+02 -1.478997625e+02 -1.6705e+00 +1.3506e-01 +1.1367e+00
2757 0 +1.119694197e-04 -1.478998880e+02 -1.478998880e+02 -1.6704e+00 +1.3509e-01 +1.1366e+00
2957 0 +1.087838323e-04 -1.478998912e+02 -1.478998912e+02 -1.6704e+00 +1.3509e-01 +1.1366e+00
3072 0 +8.460387187e-05 -1.478999154e+02 -1.478999154e+02 -1.6704e+00 +1.3508e-01 +1.1366e+00
3222 0 +7.586084726e-05 -1.478999241e+02 -1.478999241e+02 -1.6704e+00 +1.3508e-01 +1.1366e+00
3517 0 +7.248494188e-05 -1.478999275e+02 -1.478999275e+02 -1.6704e+00 +1.3508e-01 +1.1366e+00
3567 0 +6.767970740e-05 -1.478999323e+02 -1.478999323e+02 -1.6704e+00 +1.3508e-01 +1.1366e+00
3617 0 +6.646242383e-05 -1.478999335e+02 -1.478999335e+02 -1.6704e+00 +1.3508e-01 +1.1366e+00
3667 0 +6.602849450e-05 -1.478999340e+02 -1.478999340e+02 -1.6704e+00 +1.3508e-01 +1.1366e+00
4029 0 +6.192075401e-05 -1.478999381e+02 -1.478999381e+02 -1.6704e+00 +1.3508e-01 +1.1366e+00
4367 0 +6.129688316e-05 -1.478999387e+02 -1.478999387e+02 -1.6704e+00 +1.3508e-01 +1.1366e+00
5060 0 +6.020361909e-05 -1.478999398e+02 -1.478999398e+02 -1.6704e+00 +1.3508e-01 +1.1366e+00
12051 0 +5.987180398e-05 -1.478999401e+02 -1.478999401e+02 -1.6704e+00 +1.3508e-01 +1.1366e+00
