% f evaluations | g evaluations | best noise-free fitness - Fopt (-1.025500000000e+02) + sum g_i+ | measured fitness | best measured fitness or single-digit g-values | x1 | x2...
1 0 +5.778327415e+01 -4.476672585e+01 -4.476672585e+01 -2.9693e+00 -4.3143e+00 +8.8183e-01 +5.3774e-01 -2.3752e+00 -1.5785e+00 +3.1815e+00 +4.7439e+00 -4.0086e+00 -3.1876e-01
3 0 +2.751937524e+01 -7.503062476e+01 -7.503062476e+01 -8.2439e-02 -3.1391e+00 +1.7975e+00 -3.9089e+00 -2.8849e+00 +1.8082e+00 -2.7073e+00 +2.2798e+00 +2.1876e+00 -4.1411e+00
16 0 +2.612216968e+01 -7.642783032e+01 -7.642783032e+01 -5.7922e-01 +5.7771e-01 -1.3194e+00 +2.4575e-01 -3.9305e+00 +2.7332e+00 -1.2993e+00 +4.4155e+00 -3.0344e+00 +1.3426e+00
17 0 +2.309607511e+01 -7.945392489e+01 -7.945392489e+01 +1.0213e+00 -4.2261e+00 +1.4567e+00 -3.1679e+00 -4.2784e-01 +1.5378e+00 -2.6173e+00 +4.6130e+00 -4.4950e+00 -2.4669e+00
45 0 +1.610522552e+01 -8.644477448e+01 -8.644477448e+01 -6.6150e-01 +4.2540e-01 +4.2839e+00 -1.8278e+00 -2.2470e+00 -7.9270e-01 -2.1815e+00 +7.2460e-01 +4.0012e+00 +1.7381e-01
54 0 +1.332665882e+01 -8.922334118e+01 -8.922334118e+01 +2.1243e+00 +2.1063e+00 +1.8195e+00 -1.6532e+00 -4.0840e+00 -1.3981e+00 +1.6855e+00 -1.0224e+00 -4.0803e-01 -1.1321e+00
68 0 +1.031844320e+01 -9.223155680e+01 -9.223155680e+01 +1.2084e+00 -1.1750e+00 +5.8425e-01 -5.9381e-01 +5.3987e-01 -1.1002e+00 -5.2067e-01 +2.8784e+00 +4.5993e-01 +1.7326e+00
93 0 +9.874315394e+00 -9.267568461e+01 -9.267568461e+01 -1.4482e+00 -1.8629e+00 +4.3746e+00 +5.2371e-02 +3.2423e-01 +6.1733e-01 -1.1837e+00 -1.4121e+00 +2.5707e-01 -1.2522e+00
206 0 +8.820465208e+00 -9.372953479e+01 -9.372953479e+01 -9.3139e-01 -2.0867e+00 +2.2333e+00 -1.5684e-01 -1.5375e+00 +1.1960e+00 -1.2838e-01 -7.3359e-01 -4.0637e-01 -1.7971e+00
293 0 +7.967030635e+00 -9.458296936e+01 -9.458296936e+01 -7.2784e-01 -1.9372e+00 +1.7009e+00 -7.5465e-02 -2.3299e+00 +9.5498e-01 -3.1275e-02 -9.6163e-01 -3.3738e-01 -1.7485e+00
365 0 +7.232000572e+00 -9.531799943e+01 -9.531799943e+01 +1.5344e-01 -1.7509e+00 +2.0685e+00 -1.4317e+00 -1.4693e+00 +1.0429e+00 -1.4572e+00 -7.2360e-01 +7.2704e-01 -8.9412e-01
520 0 +7.054776942e+00 -9.549522306e+01 -9.549522306e+01 +2.4050e-01 -4.7866e-01 +2.3892e+00 -3.2555e+00 -1.4277e+00 +1.0270e+00 -1.5007e+00 -6.2222e-01 +7.7382e-01 -5.2876e-01
540 0 +6.495279066e+00 -9.605472093e+01 -9.605472093e+01 +1.0620e+00 +1.6483e+00 +2.3391e+00 -2.6236e+00 -2.1851e+00 +9.9510e-01 -5.8206e-01 -5.3114e-01 +1.3207e+00 -7.2967e-01
1090 0 +6.035888631e+00 -9.651411137e+01 -9.651411137e+01 +1.0620e+00 +1.6479e+00 +2.3391e+00 -2.6237e+00 -2.1851e+00 +9.9510e-01 -5.8195e-01 -5.3112e-01 +1.3207e+00 -7.2965e-01
3480 0 +4.486978506e+00 -9.806302149e+01 -9.806302149e+01 +1.1197e+00 +1.4002e+00 +2.2292e+00 -2.7455e+00 -2.4808e+00 +1.2893e+00 -4.5022e-01 -5.6887e-01 +1.1891e+00 -7.1214e-01
3930 0 +4.307996627e+00 -9.824200337e+01 -9.824200337e+01 +1.1197e+00 +1.4001e+00 +2.2292e+00 -2.7456e+00 -2.4810e+00 +1.2894e+00 -4.5011e-01 -5.6895e-01 +1.1892e+00 -7.1212e-01
40051 0 +4.307996627e+00 -9.824200337e+01 -9.824200337e+01 +1.1197e+00 +1.4001e+00 +2.2292e+00 -2.7456e+00 -2.4810e+00 +1.2894e+00 -4.5011e-01 -5.6895e-01 +1.1892e+00 -7.1212e-01
% f evaluations | g evaluations | best noise-free fitness - Fopt (7.169000000000e+01) + sum g_i+ | measured fitness | best measured fitness or single-digit g-values | x1 | x2...
1 0 +3.505930022e+01 +1.067493002e+02 +1.067493002e+02 +3.5365e+00 +3.0831e+00 +2.3693e+00 -2.3094e+00 +1.1766e+00 -6.4529e-01 -1.9558e+00 -4.2648e+00 -7.7942e-01 -4.9441e+00
8 0 +2.724019271e+01 +9.893019271e+01 +9.893019271e+01 +2.9182e+00 +5.6361e-01 +3.0121e+00 -4.7376e-01 -3.7057e+00 -2.3187e+00 +6.9658e-01 +1.7672e-01 +1.3709e+00 -3.9953e+00
15 0 +2.368360717e+01 +9.537360717e+01 +9.537360717e+01 -1.6711e-01 -1.1868e+00 -2.8645e-01 -2.6631e+00 -1.2878e+00 +4.5020e+00 +4.4332e+00 +2.2387e+00 -2.5324e+00 +1.5948e+00
57 0 +1.815940773e+01 +8.984940773e+01 +8.984940773e+01 +4.9762e-01 -6.1804e-01 +6.9317e-01 -1.0670e+00 -1.9457e+00 +4.4633e+00 +3.4321e+00 -6.2123e-02 +3.3634e-01 +3.0964e-01
58 0 +1.653858620e+01 +8.822858620e+01 +8.822858620e+01 +1.7344e+00 -2.3668e+00 +1.9863e+00 -3.1371e+00 -2.8509e+00 -4.7386e+00 +8.5798e-02 +9.0794e-01 -1.0603e+00 +3.5696e-01
67 0 +1.514540575e+01 +8.683540575e+01 +8.683540575e+01 +5.2806e-01 -5.8614e-01 +2.8014e-01 -4.1451e+00 -8.8569e-01 +1.4053e+00 -2.3178e+00 +5.9049e-01 -2.4378e+00 -8.5339e-02
107 0 +1.291497511e+01 +8.460497511e+01 +8.460497511e+01 +1.6447e+00 -4.7651e-02 +6.1396e-01 -4.1858e+00 +4.8006e-01 +3.6372e-01 +3.1143e-01 +1.9094e+00 +1.3288e-01 -9.5016e-02
156 0 +8.539997558e+00 +8.022999756e+01 +8.022999756e+01 +2.3649e+00 -1.1036e+00 +3.5446e-01 -2.1619e+00 +7.7389e-01 -2.0843e+00 +1.4701e+00 +1.7604e-01 -3.5374e-01 -7.5483e-01
198 0 +7.117398010e+00 +7.880739801e+01 +7.880739801e+01 +1.2014e+00 -1.1917e+00 +6.2380e-01 +2.8797e+00 -5.3298e-01 +7.6987e-01 +1.4400e+00 +2.6015e+00 -3.5875e-01 -1.6949e-01
848 0 +7.078002193e+00 +7.876800219e+01 +7.876800219e+01 +1.2014e+00 -1.1917e+00 +6.2380e-01 +2.8797e+00 -5.3298e-01 +7.6985e-01 +1.4400e+00 +2.6015e+00 -3.5874e-01 -1.6948e-01
22976 0 +6.916985807e+00 +7.860698581e+01 +7.860698581e+01 +1.2030e+00 -1.1732e+00 +5.9905e-01 +1.9948e+00 -1.3692e-01 +5.2528e-01 +1.4494e+00 +2.6171e+00 -4.6733e-01 -1.5058e-01
23790 0 +6.003080585e+00 +7.769308058e+01 +7.769308058e+01 +1.2030e+00 -1.1504e+00 +6.0365e-01 +1.0989e+00 +2.1482e-01 +1.1621e-01 +1.4633e+00 +2.6017e+00 -3.3815e-01 -9.3828e-02
25333 0 +5.780097796e+00 +7.747009780e+01 +7.747009780e+01 +1.2006e+00 -1.1145e+00 +2.3646e-01 +3.6554e-01 +1.4415e-01 -5.8029e-01 +1.4794e+00 +2.6027e+00 -3.3695e-01 -6.7463e-02
25648 0 +5.640285847e+00 +7.733028585e+01 +7.733028585e+01 +1.1991e+00 -1.0243e+00 -1.4078e-01 +1.4632e+00 +2.2355e-01 -5.8166e-01 +1.5431e+00 +2.6043e+00 -3.5293e-01 -1.5552e-02
26148 0 +5.610352826e+00 +7.730035283e+01 +7.730035283e+01 +1.1991e+00 -1.0242e+00 -1.4086e-01 +1.4631e+00 +2.2363e-01 -5.8181e-01 +1.5431e+00 +2.6043e+00 -3.5293e-01 -1.5536e-02
28533 0 +4.806274719e+00 +7.649627472e+01 +7.649627472e+01 +1.1978e+00 -9.6273e-01 +4.3367e-02 +7.8602e-01 +2.2430e-01 -5.8408e-01 +1.5665e+00 +2.6045e+00 -3.7650e-01 +1.3379e-02
40051 0 +4.806274719e+00 +7.649627472e+01 +7.649627472e+01 +1.1978e+00 -9.6273e-01 +4.3367e-02 +7.8602e-01 +2.2430e-01 -5.8408e-01 +1.5665e+00 +2.6045e+00 -3.7650e-01 +1.3379e-02
% f evaluations | g evaluations | best noise-free fitness - Fopt (2.140100000000e+02) + sum g_i+ | measured fitness | best measured fitness or single-digit g-values | x1 | x2...
1 0 +6.323201823e+01 +2.772420182e+02 +2.772420182e+02 -1.0952e+00 -2.4723e+00 -1.9185e+00 +1.3534e+00 +4.6704e+00 +2.8604e+00 -7.2000e-02 -4.8491e+00 -4.6729e+00 +4.1027e+00
3 0 +3.750265049e+01 +2.515126505e+02 +2.515126505e+02 -3.1641e+00 +2.5096e+00 +3.1798e+00 +3.1709e+00 +1.8387e-01 +4.8341e+00 +1.7102e+00 +1.2664e+00 -8.0830e-01 +9.7837e-01
5 0 +2.552015600e+01 +2.395301560e+02 +2.395301560e+02 +1.5839e-01 -2.0804e+00 -2.7527e+00 +2.2626e+00 -2.2887e+00 -1.9406e+00 -6.7633e-01 +3.2434e+00 +5.6307e-01 +3.3331e+00
12 0 +1.187160932e+01 +2.258816093e+02 +2.258816093e+02 +2.4654e+00 +2.7130e-01 +4.3697e+00 +1.5322e+00 +2.2889e+00 +8.8705e-01 +1.4226e-01 +2.8007e+00 -2.6983e+00 -8.9080e-01
139 0 +1.105069373e+01 +2.250606937e+02 +2.250606937e+02 -5.9933e-01 +8.1731e-01 -1.6261e-01 +3.7074e-01 -1.4728e+00 +2.5741e-01 -8.1419e-02 +3.6475e+00 -2.5421e+00 -2.5139e+00
140 0 +1.071474484e+01 +2.247247448e+02 +2.247247448e+02 +6.9180e-01 -2.9955e+00 -1.0905e+00 +8.8358e-01 +1.8569e+00 +2.5619e+00 -2.3313e+00 +2.3339e+00 +2.3678e+00 +4.1323e-01
190 0 +8.589624897e+00 +2.225996249e+02 +2.225996249e+02 +2.5239e-01 -1.9194e+00 +2.0058e+00 +2.3923e-01 +1.7711e+00 +2.9496e+00 -2.3752e+00 +1.7541e+00 -1.9619e+00 +1.0679e+00
475 0 +8.375863742e+00 +2.223858637e+02 +2.223858637e+02 -6.1300e-02 -1.9779e+00 +2.3825e+00 +4.0131e-01 +1.8268e+00 +3.8426e+00 -1.9633e+00 +2.1110e+00 -1.7422e+00 +1.0714e+00
825 0 +7.945398082e+00 +2.219553981e+02 +2.219553981e+02 -6.2816e-02 -1.9785e+00 +2.3816e+00 +4.0088e-01 +1.8265e+00 +3.8429e+00 -1.9634e+00 +2.1124e+00 -1.7422e+00 +1.0712e+00
886 0 +7.918791916e+00 +2.219287919e+02 +2.219287919e+02 +1.2261e-02 -1.5684e+00 +2.0313e+00 +4.0130e-01 +1.8660e+00 +2.6713e+00 -2.0103e+00 +2.2605e+00 -1.6782e+00 +1.1233e+00
948 0 +6.820253411e+00 +2.208302534e+02 +2.208302534e+02 -2.6088e-01 -1.6397e+00 +2.4209e+00 +9.0107e-01 +1.6830e+00 +3.3610e+00 -3.3255e+00 +2.1496e+00 -1.2958e+00 +1.0483e+00
2165 0 +6.721758642e+00 +2.207317586e+02 +2.207317586e+02 +1.1651e-01 -1.8267e+00 +2.1877e+00 +1.0591e+00 +1.7945e+00 +2.7534e+00 -3.3071e+00 +2.1888e+00 -1.0655e+00 +1.0617e+00
2665 0 +6.415083825e+00 +2.204250838e+02 +2.204250838e+02 +1.1658e-01 -1.8268e+00 +2.1876e+00 +1.0591e+00 +1.7947e+00 +2.7532e+00 -3.3073e+00 +2.1887e+00 -1.0654e+00 +1.0617e+00
3430 0 +5.044187344e+00 +2.190541873e+02 +2.190541873e+02 +5.2300e-01 -2.1253e+00 +2.2154e+00 +9.0644e-01 +1.7192e+00 +2.1512e+00 +4.8191e-01 +2.5837e+00 -7.9475e-01 +9.4501e-01
3880 0 +4.687776028e+00 +2.186977760e+02 +2.186977760e+02 +5.2333e-01 -2.1255e+00 +2.2154e+00 +9.0639e-01 +1.7192e+00 +2.1509e+00 +4.8290e-01 +2.5839e+00 -7.9461e-01 +9.4520e-01
7945 0 +4.661384989e+00 +2.186713850e+02 +2.186713850e+02 +5.3900e-01 -2.1355e+00 +2.2155e+00 +9.1115e-01 +1.7021e+00 +2.0326e+00 +4.7078e-01 +2.5838e+00 -7.7682e-01 +8.4765e-01
8513 0 +4.321059057e+00 +2.183310591e+02 +2.183310591e+02 +5.4453e-01 -2.8171e+00 +2.1712e+00 +9.4273e-01 +1.7009e+00 +1.8692e+00 +4.4879e-01 +2.5832e+00 -7.8629e-01 +6.5457e-01
40051 0 +4.274668391e+00 +2.182846684e+02 +2.182846684e+02 +5.4454e-01 -2.8172e+00 +2.1712e+00 +9.4274e-01 +1.7009e+00 +1.8692e+00 +4.4879e-01 +2.5832e+00 -7.8629e-01 +6.5456e-01
% f evaluations | g evaluations | best noise-free fitness - Fopt (-5.848000000000e+01) + sum g_i+ | measured fitness | best measured fitness or single-digit g-values | x1 | x2...
1 0 +9.908135601e+01 +4.060135601e+01 +4.060135601e+01 +3.4242e+00 +3.8559e+00 -4.7959e+00 -2.6737e+00 -1.9455e+00 +1.1922e+00 -4.2605e+00 -2.9420e+00 -4.9533e+00 +2.3783e+00
3 0 +7.112471464e+01 +1.264471464e+01 +1.264471464e+01 -2.4654e-01 -3.1807e+00 -3.6600e+00 +3.0940e-01 +4.6623e+00 +4.9428e+00 -4.5427e+00 +4.6679e+00 -2.9356e-01 +1.0818e+00
4 0 +3.133792196e+01 -2.714207804e+01 -2.714207804e+01 +3.2363e+00 +2.1172e+00 +2.0449e+00 +1.4715e+00 -5.6010e-01 +2.8178e+00 -8.5938e-01 +4.1159e+00 -3.2097e+00 +4.8808e+00
26 0 +1.969408235e+01 -3.878591765e+01 -3.878591765e+01 +1.3507e+00 -1.2230e+00 -9.5567e-01 -1.2018e+00 -7.6771e-01 -3.9434e+00 -1.6599e-01 +1.2110e+00 -7.7696e-01 +2.1819e-01
57 0 +1.871266105e+01 -3.976733895e+01 -3.976733895e+01 -5.2937e-01 -1.6910e+00 -3.4870e+00 -9.3933e-01 +1.4662e+00 +4.2517e+00 +2.4355e-01 +1.3081e+00 +2.2404e+00 -3.3968e-01
58 0 +1.755623284e+01 -4.092376716e+01 -4.092376716e+01 +3.4087e+00 +1.0620e+00 -9.1735e-01 -1.5994e+00 -2.6840e+00 -1.4379e+00 -7.4696e-01 +2.0831e-01 -3.1135e+00 -1.1901e-01
59 0 +1.373639250e+01 -4.474360750e+01 -4.474360750e+01 -1.0553e+00 -1.2204e+00 -2.1551e+00 +1.4653e+00 -4.0824e+00 -3.1225e+00 -1.9672e+00 +1.0091e+00 -8.3692e-01 +1.1926e+00
66 0 +1.039309278e+01 -4.808690722e+01 -4.808690722e+01 +1.0256e+00 +7.9225e-02 -7.2026e-01 -1.7157e+00 -2.4092e-01 -3.0913e+00 +1.0996e+00 -8.0492e-02 -1.0753e+00 +1.0050e+00
168 0 +9.868829037e+00 -4.861117096e+01 -4.861117096e+01 +1.4376e+00 +5.4285e-01 -1.3384e+00 -2.6478e+00 -1.8058e+00 +8.0561e-01 +2.0973e+00 -7.7016e-01 -1.1393e+00 +8.7586e-01
185 0 +8.248619409e+00 -5.023138059e+01 -5.023138059e+01 +1.2605e+00 -4.3595e-01 -7.0437e-01 -2.1655e+00 -7.6338e-01 +2.8179e+00 +2.2526e+00 +2.9071e-01 -9.3602e-01 +2.6772e+00
354 0 +4.798360352e+00 -5.368163965e+01 -5.368163965e+01 +1.7569e+00 +7.0457e-01 -8.1310e-01 -2.4464e+00 -5.5408e-01 +2.3939e+00 +9.9104e-01 +1.6496e-02 -1.2139e+00 -9.7951e-01
600 0 +4.750681461e+00 -5.372931854e+01 -5.372931854e+01 +1.7910e+00 +1.0468e+00 -3.6587e-01 -2.3008e+00 -5.5202e-01 +2.6612e+00 +1.0186e+00 -1.8129e-01 -1.4016e+00 -9.4555e-01
1533 0 +4.123475489e+00 -5.435652451e+01 -5.435652451e+01 +1.7809e+00 +1.0608e+00 -4.1165e-01 -2.0810e+00 -5.4152e-01 +2.7386e+00 +9.5832e-01 -1.8641e-01 -1.3538e+00 -9.1947e-01
2004 0 +3.670429291e+00 -5.480957071e+01 -5.480957071e+01 +1.7910e+00 +1.0961e+00 +2.2968e-01 -1.7268e+00 -5.3943e-01 +2.9797e+00 +9.3309e-01 -2.4837e-01 -1.3874e+00 -8.6275e-01
5074 0 +3.056417814e+00 -5.542358219e+01 -5.542358219e+01 +1.8322e+00 +9.3363e-01 +9.8258e-03 -1.9249e+00 -5.6684e-01 +2.9510e+00 +1.0088e+00 -2.3775e-01 -1.3876e+00 -1.0847e+00
5374 0 +2.565625130e+00 -5.591437487e+01 -5.591437487e+01 +1.8325e+00 +9.3234e-01 +7.3868e-03 -1.9265e+00 -5.6712e-01 +2.9507e+00 +1.0093e+00 -2.3761e-01 -1.3876e+00 -1.0865e+00
8844 0 +2.316239600e+00 -5.616376040e+01 -5.616376040e+01 +1.8243e+00 +9.3234e-01 +7.3882e-03 -1.9265e+00 -5.6712e-01 +2.9504e+00 +1.0102e+00 -2.3761e-01 -1.3875e+00 -1.0885e+00
13157 0 +1.911063642e+00 -5.656893636e+01 -5.656893636e+01 +1.8231e+00 +9.2987e-01 +6.7825e-03 -1.9295e+00 -5.6926e-01 +2.9522e+00 +1.0109e+00 -2.3761e-01 -1.3877e+00 -1.0631e+00
22365 0 +1.776582340e+00 -5.670341766e+01 -5.670341766e+01 +1.8240e+00 +9.2989e-01 +6.7992e-03 -1.9299e+00 -5.6942e-01 +2.9522e+00 +1.0110e+00 -2.3763e-01 -1.3877e+00 -1.0634e+00
22415 0 +1.655199097e+00 -5.682480090e+01 -5.682480090e+01 +1.8249e+00 +9.2991e-01 +6.8161e-03 -1.9303e+00 -5.6926e-01 +2.9522e+00 +1.0110e+00 -2.3768e-01 -1.3877e+00 -1.0639e+00
22557 0 +1.591854310e+00 -5.688814569e+01 -5.688814569e+01 +1.8259e+00 +9.2991e-01 +6.8283e-03 -1.9306e+00 -5.6887e-01 +2.9522e+00 +1.0111e+00 -2.3771e-01 -1.3877e+00 -1.0642e+00
22607 0 +1.574421985e+00 -5.690557801e+01 -5.690557801e+01 +1.8258e+00 +9.2990e-01 +6.8372e-03 -1.9306e+00 -5.6867e-01 +2.9522e+00 +1.0111e+00 -2.3771e-01 -1.3877e+00 -1.0642e+00
22615 0 +1.521679635e+00 -5.695832036e+01 -5.695832036e+01 +1.8256e+00 +9.2992e-01 +6.8276e-03 -1.9306e+00 -5.6863e-01 +2.9522e+00 +1.0111e+00 -2.3771e-01 -1.3877e+00 -1.0642e+00
22657 0 +1.512849361e+00 -5.696715064e+01 -5.696715064e+01 +1.8255e+00 +9.2990e-01 +6.8335e-03 -1.9307e+00 -5.6857e-01 +2.9522e+00 +1.0111e+00 -2.3771e-01 -1.3877e+00 -1.0642e+00
23115 0 +1.474464400e+00 -5.700553560e+01 -5.700553560e+01 +1.8254e+00 +9.2993e-01 +6.8136e-03 -1.9307e+00 -5.6820e-01 +2.9522e+00 +1.0111e+00 -2.3771e-01 -1.3877e+00 -1.0643e+00
24074 0 +1.422049160e+00 -5.705795084e+01 -5.705795084e+01 +1.8248e+00 +9.3028e-01 +6.7166e-03 -1.9309e+00 -5.6815e-01 +2.9519e+00 +1.0113e+00 -2.3769e-01 -1.3877e+00 -1.0626e+00
24124 0 +1.344426193e+00 -5.713557381e+01 -5.713557381e+01 +1.8249e+00 +9.3107e-01 +6.5594e-03 -1.9310e+00 -5.6766e-01 +2.9517e+00 +1.0115e+00 -2.3766e-01 -1.3876e+00 -1.0629e+00
24315 0 +1.317279879e+00 -5.716272012e+01 -5.716272012e+01 +1.8249e+00 +9.3155e-01 +6.4851e-03 -1.9314e+00 -5.6648e-01 +2.9512e+00 +1.0120e+00 -2.3758e-01 -1.3874e+00 -1.0637e+00
29477 0 +1.235970284e+00 -5.724402972e+01 -5.724402972e+01 +1.8250e+00 +9.3155e-01 +6.4867e-03 -1.9314e+00 -5.6619e-01 +2.9511e+00 +1.0120e+00 -2.3759e-01 -1.3871e+00 -1.0636e+00
29615 0 +1.218409216e+00 -5.726159078e+01 -5.726159078e+01 +1.8250e+00 +9.3155e-01 +6.4863e-03 -1.9314e+00 -5.6618e-01 +2.9511e+00 +1.0120e+00 -2.3759e-01 -1.3870e+00 -1.0636e+00
29727 0 +1.201697824e+00 -5.727830218e+01 -5.727830218e+01 +1.8250e+00 +9.3155e-01 +6.4863e-03 -1.9314e+00 -5.6605e-01 +2.9511e+00 +1.0120e+00 -2.3758e-01 -1.3868e+00 -1.0636e+00
31115 0 +1.168869605e+00 -5.731113040e+01 -5.731113040e+01 +1.8250e+00 +9.3158e-01 +6.4918e-03 -1.9313e+00 -5.6617e-01 +2.9511e+00 +1.0119e+00 -2.3760e-01 -1.3869e+00 -1.0637e+00
31815 0 +1.147756247e+00 -5.733224375e+01 -5.733224375e+01 +1.8251e+00 +9.3158e-01 +6.4955e-03 -1.9313e+00 -5.6630e-01 +2.9511e+00 +1.0119e+00 -2.3762e-01 -1.3870e+00 -1.0638e+00
33015 0 +1.121093720e+00 -5.735890628e+01 -5.735890628e+01 +1.8250e+00 +9.3152e-01 +6.5200e-03 -1.9313e+00 -5.6618e-01 +2.9511e+00 +1.0119e+00 -2.3782e-01 -1.3870e+00 -1.0638e+00
35127 0 +1.093189495e+00 -5.738681051e+01 -5.738681051e+01 +1.8250e+00 +9.3150e-01 +6.4735e-03 -1.9313e+00 -5.6620e-01 +2.9510e+00 +1.0119e+00 -2.3803e-01 -1.3868e+00 -1.0637e+00
35674 0 +1.069058201e+00 -5.741094180e+01 -5.741094180e+01 +1.8249e+00 +9.3177e-01 +6.8034e-03 -1.9312e+00 -5.6626e-01 +2.9510e+00 +1.0117e+00 -2.3805e-01 -1.3866e+00 -1.0637e+00
35924 0 +1.044598909e+00 -5.743540109e+01 -5.743540109e+01 +1.8249e+00 +9.3174e-01 +6.8452e-03 -1.9312e+00 -5.6644e-01 +2.9510e+00 +1.0116e+00 -2.3805e-01 -1.3866e+00 -1.0638e+00
36465 0 +1.023173670e+00 -5.745682633e+01 -5.745682633e+01 +1.8250e+00 +9.3174e-01 +6.6530e-03 -1.9311e+00 -5.6661e-01 +2.9510e+00 +1.0116e+00 -2.3805e-01 -1.3866e+00 -1.0638e+00
40051 0 +1.019816805e+00 -5.746018320e+01 -5.746018320e+01 +1.8250e+00 +9.3173e-01 +6.5628e-03 -1.9311e+00 -5.6662e-01 +2.9510e+00 +1.0116e+00 -2.3805e-01 -1.3866e+00 -1.0638e+00
% f evaluations | g evaluations | best noise-free fitness - Fopt (-6.130800000000e+02) + sum g_i+ | measured fitness | best measured fitness or single-digit g-values | x1 | x2...
1 0 +8.892714760e+01 -5.241528524e+02 -5.241528524e+02 +3.0901e+00 +3.7158e+00 -3.3332e+00 -3.5150e+00 -1.6937e+00 -3.1257e+00 +1.8640e+00 -3.8004e+00 -4.3797e+00 -4.5771e+00
2 0 +6.392832216e+01 -5.491516778e+02 -5.491516778e+02 +2.7124e+00 +2.5345e+00 -4.4439e+00 -1.3225e+00 +4.7314e+00 +4.4364e+00 +4.2457e+00 +1.9008e+00 -2.1489e+00 +1.2943e-01
3 0 +3.617771982e+01 -5.769022802e+02 -5.769022802e+02 +3.3702e+00 +4.7783e+00 +1.5338e+00 -2.3987e+00 +2.5514e+00 +1.6292e+00 +3.8418e+00 -6.7994e-01 -7.8796e-01 -4.5652e-01
5 0 +2.420656936e+01 -5.888734306e+02 -5.888734306e+02 +3.6454e-01 -3.0815e+00 -3.2523e+00 +8.7811e-01 +1.5756e+00 -9.0366e-02 +3.5836e+00 -3.1735e+00 -1.4866e+00 -3.5753e-01
10 0 +1.545501499e+01 -5.976249850e+02 -5.976249850e+02 +3.4381e-01 -2.0760e+00 +4.6015e+00 +6.8261e-03 -3.9420e+00 -6.6341e-01 +1.1856e+00 -1.2577e+00 +1.2641e+00 +9.7141e-01
15 0 +1.174149121e+01 -6.013385088e+02 -6.013385088e+02 +2.2261e+00 -2.5956e+00 -1.2982e+00 +1.3237e+00 +6.3383e-01 -1.6408e+00 -4.9468e+00 +9.1929e-01 +2.0854e-01 -2.0518e+00
85 0 +7.440385480e+00 -6.056396145e+02 -6.056396145e+02 +2.0595e+00 +1.1417e+00 -8.2119e-01 +2.2995e-01 +7.0881e-01 -1.1303e+00 +9.3771e-02 -7.2835e-01 -1.5046e-01 -1.9796e+00
241 0 +7.020788172e+00 -6.060592118e+02 -6.060592118e+02 -1.3193e-01 +2.2603e+00 -7.8246e-02 -1.0678e+00 +1.2680e+00 +1.6313e+00 -9.7641e-01 -1.7224e+00 +1.0132e+00 -1.1401e+00
1322 0 +6.214508457e+00 -6.068654915e+02 -6.068654915e+02 +1.5180e+00 +2.5787e+00 -4.9314e-01 -1.2063e+00 +2.1295e+00 +3.3756e-01 -9.9216e-01 -1.4740e+00 +1.4176e+00 -1.7548e+00
1822 0 +5.131601805e+00 -6.079483982e+02 -6.079483982e+02 +1.5182e+00 +2.5790e+00 -4.9321e-01 -1.2062e+00 +2.1297e+00 +3.3721e-01 -9.9206e-01 -1.4740e+00 +1.4177e+00 -1.7550e+00
1872 0 +5.089101250e+00 -6.079908987e+02 -6.079908987e+02 +1.5183e+00 +2.5791e+00 -4.9324e-01 -1.2062e+00 +2.1297e+00 +3.3707e-01 -9.9202e-01 -1.4740e+00 +1.4178e+00 -1.7550e+00
2332 0 +5.006214996e+00 -6.080737850e+02 -6.080737850e+02 +2.5428e+00 +2.5566e+00 -2.2894e-01 -1.2011e+00 +2.5724e+00 -7.1042e-01 -1.0090e+00 -1.0548e+00 +2.0707e+00 -2.2094e+00
2832 0 +4.743446312e+00 -6.083365537e+02 -6.083365537e+02 +2.5431e+00 +2.5567e+00 -2.2896e-01 -1.2011e+00 +2.5726e+00 -7.1067e-01 -1.0090e+00 -1.0548e+00 +2.0708e+00 -2.2095e+00
16809 0 +4.451486294e+00 -6.086285137e+02 -6.086285137e+02 +2.5431e+00 +2.5581e+00 -2.2973e-01 -1.2013e+00 +2.5723e+00 -7.1034e-01 -1.0090e+00 -1.0545e+00 +2.0708e+00 -2.2096e+00
16959 0 +4.362798168e+00 -6.087172018e+02 -6.087172018e+02 +2.5431e+00 +2.5583e+00 -2.2981e-01 -1.2013e+00 +2.5722e+00 -7.1028e-01 -1.0090e+00 -1.0544e+00 +2.0708e+00 -2.2096e+00
40051 0 +4.323966477e+00 -6.087560335e+02 -6.087560335e+02 +2.5431e+00 +2.5583e+00 -2.2981e-01 -1.2013e+00 +2.5722e+00 -7.1032e-01 -1.0090e+00 -1.0544e+00 +2.0708e+00 -2.2096e+00
% f evaluations | g evaluations | best noise-free fitness - Fopt (-1.025500000000e+02) + sum g_i+ | measured fitness | best measured fitness or single-digit g-values | x1 | x2...
1 0 +1.375948486e+02 +3.504484859e+01 +3.504484859e+01 +4.7735e+00 -3.5887e+00 +2.6821e+00 +4.5702e+00 -1.8381e+00 -5.2053e-02 +4.0739e+00 +3.2254e+00 -1.7458e+00 +4.4980e+00
2 0 +5.842745666e+01 -4.412254334e+01 -4.412254334e+01 -3.0654e-02 +2.8444e+00 +3.6346e+00 +2.0315e+00 -4.5054e+00 -2.1679e+00 +7.5742e-02 +4.1011e+00 -1.2274e-01 -4.4089e+00
3 0 +3.659504214e+01 -6.595495786e+01 -6.595495786e+01 -2.3506e+00 +1.5846e+00 +4.6308e+00 -2.7346e+00 -1.9834e+00 -1.4746e+00 -2.3026e+00 +1.1543e+00 +5.6856e-01 +4.2328e+00
4 0 +3.130327236e+01 -7.124672764e+01 -7.124672764e+01 +2.3389e+00 +1.3054e+00 +1.7223e+00 -3.0811e+00 -2.7020e+00 +3.5791e+00 +9.8772e-01 +3.2034e+00 -2.9237e+00 -8.8281e-01
15 0 +1.626303106e+01 -8.628696894e+01 -8.628696894e+01 -5.8370e-01 -1.8731e+00 -1.0018e+00 -1.5760e+00 +1.2287e+00 -2.3613e+00 +4.6033e+00 -2.0627e+00 -2.1312e+00 +3.3799e+00
64 0 +1.610068783e+01 -8.644931217e+01 -8.644931217e+01 -2.6206e+00 -1.9690e+00 +1.2083e-01 +6.0334e-04 -5.9213e-01 -3.2660e+00 -1.7982e+00 +9.0868e-01 -4.1072e+00 +2.1980e+00
67 0 +1.080882686e+01 -9.174117314e+01 -9.174117314e+01 -2.3914e+00 -8.9203e-01 -1.9988e+00 -2.1219e+00 +6.0015e-01 -2.9573e+00 +3.6076e+00 -1.6519e+00 -6.2285e-01 +1.8979e+00
77 0 +7.226896474e+00 -9.532310353e+01 -9.532310353e+01 +1.2006e+00 +4.9306e-01 -4.7579e-01 +1.3462e+00 +1.5146e+00 -7.0726e-01 +1.6917e+00 +9.0983e-01 -2.3240e-01 +3.1239e+00
253 0 +6.714444894e+00 -9.583555511e+01 -9.583555511e+01 +5.8630e-02 +1.6226e+00 +5.3089e-01 -8.2230e-01 +6.7681e-01 -6.0504e-01 -3.0021e+00 +1.0169e+00 -2.2062e-01 +3.3858e+00
454 0 +5.427929623e+00 -9.712207038e+01 -9.712207038e+01 +1.7811e-01 +2.3502e+00 +1.2224e+00 -1.6258e+00 -7.9906e-01 +4.1049e-01 -2.3889e+00 +4.8665e-01 -2.8005e-01 +3.5082e+00
1004 0 +4.315260294e+00 -9.823473971e+01 -9.823473971e+01 +1.7823e-01 +2.3503e+00 +1.2225e+00 -1.6262e+00 -7.9917e-01 +4.1061e-01 -2.3891e+00 +4.8674e-01 -2.8005e-01 +3.5082e+00
3451 0 +3.988548727e+00 -9.856145127e+01 -9.856145127e+01 -1.3968e+00 +4.9104e-01 +1.1563e+00 -2.3902e+00 -5.6620e-01 +1.0964e+00 -2.5253e+00 +5.8437e-01 -2.0168e-01 +2.0234e+00
15435 0 +3.876764505e+00 -9.867323549e+01 -9.867323549e+01 -4.6108e-01 -2.5485e-01 +1.1124e+00 -3.3939e+00 -5.0019e-01 +1.0502e+00 -2.6122e+00 +6.8506e-01 -1.7867e-01 +1.5086e+00
40051 0 +3.876764505e+00 -9.867323549e+01 -9.867323549e+01 -4.6108e-01 -2.5485e-01 +1.1124e+00 -3.3939e+00 -5.0019e-01 +1.0502e+00 -2.6122e+00 +6.8506e-01 -1.7867e-01 +1.5086e+00
% f evaluations | g evaluations | best noise-free fitness - Fopt (7.169000000000e+01) + sum g_i+ | measured fitness | best measured fitness or single-digit g-values | x1 | x2...
1 0 +2.479361196e+01 +9.648361196e+01 +9.648361196e+01 -2.8472e+00 -1.3595e+00 -8.0423e-01 -2.3084e+00 +9.3983e-01 -2.7100e+00 -3.3157e-03 -4.5933e+00 -9.3835e-01 +2.6267e+00
3 0 +2.152185672e+01 +9.321185672e+01 +9.321185672e+01 +3.0883e+00 +5.8319e-01 -1.1800e+00 +4.3445e+00 -3.2054e-01 -4.3901e+00 -1.7375e+00 -2.6625e+00 -1.8808e+00 -2.0552e+00
13 0 +2.061992392e+01 +9.230992392e+01 +9.230992392e+01 -2.0346e+00 -4.4584e+00 +9.4665e-01 -2.9107e+00 +6.5699e-01 +3.9757e+00 +3.3234e+00 +2.0081e+00 -2.6081e+00 -1.3724e-01
19 0 +1.834715632e+01 +9.003715632e+01 +9.003715632e+01 +1.0939e+00 -2.0733e+00 -1.4845e+00 -2.4700e-01 +2.4391e+00 +6.9140e-01 +1.0796e+00 -2.4460e+00 -1.1043e+00 -2.8058e+00
46 0 +1.749934623e+01 +8.918934623e+01 +8.918934623e+01 +1.0544e+00 +2.3820e+00 +2.1984e+00 +2.1183e+00 -4.6896e-01 +1.4758e+00 -1.3998e+00 -8.1516e-01 -1.1573e-01 +2.7617e+00
55 0 +1.603001179e+01 +8.772001179e+01 +8.772001179e+01 +2.3547e+00 -6.7638e-01 +3.3583e+00 +1.8014e+00 -1.7784e+00 -4.3485e+00 -2.6462e+00 -4.5901e+00 -1.4345e+00 +2.4897e+00
59 0 +1.449721336e+01 +8.618721336e+01 +8.618721336e+01 -3.6696e-01 -5.2367e-01 +3.3265e+00 +6.2116e-01 -1.0913e+00 -1.5519e+00 +1.0458e+00 -1.6380e+00 -4.0976e+00 +1.5382e+00
69 0 +1.032140236e+01 +8.201140236e+01 +8.201140236e+01 -8.2198e-01 +1.4133e+00 -3.6803e-01 -3.6052e-01 -1.7488e+00 +2.5201e+00 +9.2322e-01 -2.1692e-01 -1.1988e+00 +1.6490e+00
96 0 +8.038221058e+00 +7.972822106e+01 +7.972822106e+01 -1.4059e-01 +7.5857e-01 +2.5347e+00 +1.4996e+00 -1.2901e-01 +1.9941e+00 -1.5906e+00 -8.2949e-01 -9.7617e-01 +2.3146e+00
160 0 +6.424718243e+00 +7.811471824e+01 +7.811471824e+01 +3.7280e-01 +7.6055e-01 +2.9457e+00 +1.8562e+00 -3.5636e-02 -5.3997e-01 -1.3846e+00 -1.4649e+00 -5.7136e-01 +1.7532e+00
426 0 +5.665591829e+00 +7.735559183e+01 +7.735559183e+01 +2.1454e-01 +9.7087e-01 +2.0366e+00 +1.7631e+00 -1.7870e-02 -6.0589e-01 -1.3261e+00 -1.5915e+00 -2.9107e-01 +9.4245e-01
616 0 +4.840016593e+00 +7.653001659e+01 +7.653001659e+01 +1.4556e-01 +1.0907e+00 +1.6080e+00 +1.7692e+00 +1.2338e-01 -5.9535e-01 -1.3429e+00 -1.6128e+00 -3.8372e-01 +2.0690e+00
946 0 +3.049814557e+00 +7.473981456e+01 +7.473981456e+01 +1.4487e-01 +1.4663e+00 +1.2537e+00 +2.0475e+00 +6.0234e-01 -1.6871e+00 -9.3932e-01 -2.0793e+00 +1.4990e-01 +2.1650e+00
40051 0 +3.049814557e+00 +7.473981456e+01 +7.473981456e+01 +1.4487e-01 +1.4663e+00 +1.2537e+00 +2.0475e+00 +6.0234e-01 -1.6871e+00 -9.3932e-01 -2.0793e+00 +1.4990e-01 +2.1650e+00
% f evaluations | g evaluations | best noise-free fitness - Fopt (2.140100000000e+02) + sum g_i+ | measured fitness | best measured fitness or single-digit g-values | x1 | x2...
1 0 +9.274076668e+01 +3.067507667e+02 +3.067507667e+02 -2.4550e+00 +2.8928e+00 +1.1371e+00 -4.7102e+00 +4.5314e+00 +8.9111e-01 -2.7478e+00 +4.2384e+00 -3.3113e+00 -3.7488e+00
2 0 +2.891149628e+01 +2.429214963e+02 +2.429214963e+02 +2.3903e-01 -4.3664e+00 -8.4376e-01 +1.1564e+00 -3.2113e-01 +1.3215e+00 +4.8056e+00 +1.5301e+00 +2.4999e+00 -3.4972e+00
8 0 +2.412918727e+01 +2.381391873e+02 +2.381391873e+02 -4.6730e+00 -1.2871e+00 +3.1248e+00 -1.0452e+00 +2.0803e+00 +1.6617e+00 -1.1056e+00 +9.8212e-01 +2.8298e+00 -4.9268e+00
18 0 +1.885081827e+01 +2.328608183e+02 +2.328608183e+02 -7.1525e-01 -1.6613e+00 +1.4405e+00 +7.5663e-01 -2.5411e+00 +2.1294e+00 +2.7218e+00 +2.9004e+00 +1.0068e+00 -7.9608e-01
30 0 +1.417458489e+01 +2.281845849e+02 +2.281845849e+02 -2.5916e+00 -6.5257e-01 +1.6516e+00 +1.1611e-03 -1.8087e+00 +1.9282e+00 -2.5537e+00 +1.1179e+00 +5.4214e-01 +1.3422e+00
68 0 +1.282663423e+01 +2.268366342e+02 +2.268366342e+02 -2.9876e+00 -2.1283e+00 +4.8041e-01 +9.6555e-01 +4.4907e-01 +7.0404e-01 +1.5890e+00 -1.5855e+00 -3.8775e-01 -7.9875e-01
85 0 +1.148915886e+01 +2.254991589e+02 +2.254991589e+02 -6.9587e-01 -2.2373e+00 +1.6208e+00 +2.1880e+00 +6.9810e-01 +6.2927e-01 -4.9855e-01 +1.6153e+00 +1.8176e+00 -2.7755e+00
130 0 +9.775529725e+00 +2.237855297e+02 +2.237855297e+02 -1.4576e-01 -2.0968e+00 +1.1734e+00 +2.5869e+00 -1.2930e-01 -5.6066e-01 -7.0842e-01 +1.7485e+00 +2.7341e+00 -5.7372e-01
153 0 +9.620683618e+00 +2.236306836e+02 +2.236306836e+02 +1.0110e+00 -2.5962e+00 +1.2155e+00 +2.0070e+00 +1.2747e+00 +1.7869e-01 +6.0933e-02 +8.6137e-01 +2.8454e+00 -2.3876e+00
251 0 +6.479581757e+00 +2.204895818e+02 +2.204895818e+02 +1.7051e+00 -2.4626e+00 +1.7465e+00 +2.6015e+00 -1.5911e+00 -7.7602e-02 -6.9984e-01 +2.4650e+00 -8.4306e-01 -2.3955e+00
801 0 +6.220931282e+00 +2.202309313e+02 +2.202309313e+02 +1.7052e+00 -2.4626e+00 +1.7465e+00 +2.6016e+00 -1.5904e+00 -7.7578e-02 -6.9989e-01 +2.4650e+00 -8.4266e-01 -2.3958e+00
1911 0 +5.243951378e+00 +2.192539514e+02 +2.192539514e+02 +1.6943e+00 -2.4524e+00 +1.8610e+00 +2.5282e+00 -1.3632e+00 +7.0734e-02 -1.2540e-01 +2.4935e+00 -1.1356e+00 -2.2579e+00
3209 0 +4.813157987e+00 +2.188231580e+02 +2.188231580e+02 +1.6907e+00 -2.4782e+00 +1.7466e+00 +2.5658e+00 -1.4823e+00 +3.7057e-02 -1.6712e-01 +2.5436e+00 -8.1545e-01 -2.2217e+00
8257 0 +4.414700467e+00 +2.184247005e+02 +2.184247005e+02 +1.6911e+00 -2.4783e+00 +1.8119e+00 +2.3476e+00 -1.4761e+00 +1.0880e-01 +7.0511e-01 +2.5222e+00 -5.3958e-01 -2.2133e+00
13208 0 +4.328983711e+00 +2.183389837e+02 +2.183389837e+02 +1.6915e+00 -2.4772e+00 +1.8119e+00 +2.5723e+00 -1.4765e+00 -3.5147e-02 +3.0838e-04 +2.5235e+00 -6.2621e-01 -2.2024e+00
13658 0 +3.979339012e+00 +2.179893390e+02 +2.179893390e+02 +1.6915e+00 -2.4772e+00 +1.8119e+00 +2.5724e+00 -1.4766e+00 -3.5264e-02 +2.1441e-05 +2.5236e+00 -6.2625e-01 -2.2024e+00
40051 0 +3.979339012e+00 +2.179893390e+02 +2.179893390e+02 +1.6915e+00 -2.4772e+00 +1.8119e+00 +2.5724e+00 -1.4766e+00 -3.5264e-02 +2.1441e-05 +2.5236e+00 -6.2625e-01 -2.2024e+00
% f evaluations | g evaluations | best noise-free fitness - Fopt (-5.848000000000e+01) + sum g_i+ | measured fitness | best measured fitness or single-digit g-values | x1 | x2...
1 0 +6.382112830e+01 +5.341128302e+00 +5.341128302e+00 +1.8091e+00 +4.9964e-01 +3.2682e+00 -3.1861e+00 +4.7132e+00 -5.2393e-01 -4.9335e+00 -1.8439e+00 +3.0805e+00 +2.0568e+00
4 0 +5.740716788e+01 -1.072832117e+00 -1.072832117e+00 +3.7224e+00 -3.1717e+00 -2.7435e+00 -4.7999e-02 -2.2824e+00 +3.2513e-01 -4.5115e+00 -4.2589e+00 +4.8947e+00 -3.9197e+00
5 0 +4.841861494e+01 -1.006138506e+01 -1.006138506e+01 -4.0267e+00 +3.9088e+00 +4.0533e-01 +3.8698e+00 +4.8412e+00 -2.9026e+00 +1.7390e+00 +4.6707e+00 +3.1652e+00 +3.1445e+00
6 0 +4.773076038e+01 -1.074923962e+01 -1.074923962e+01 +3.1932e+00 +2.0060e+00 +1.2516e+00 +2.7331e+00 +4.5414e+00 -1.1728e+00 +4.1691e-01 -2.8727e+00 +4.8907e-01 -3.4433e+00
8 0 +4.270732383e+01 -1.577267617e+01 -1.577267617e+01 -2.2075e+00 -4.7944e+00 +2.4913e+00 +1.5590e+00 -4.1038e+00 +3.3402e-01 +3.4433e+00 +2.4330e+00 +4.2735e+00 +8.2622e-02
10 0 +3.997990529e+01 -1.850009471e+01 -1.850009471e+01 +4.5278e+00 -1.4707e+00 +1.3739e+00 +1.6813e+00 -5.6822e-02 +3.6613e+00 -1.8768e+00 -4.9694e+00 -1.1849e-01 +3.3919e+00
11 0 +3.118421423e+01 -2.729578577e+01 -2.729578577e+01 +4.3805e+00 +2.1378e+00 -2.4064e+00 +2.2410e+00 +3.0470e+00 +3.0376e+00 -4.1335e+00 +2.0716e+00 +2.3576e+00 +1.7802e+00
13 0 +2.173061888e+01 -3.674938112e+01 -3.674938112e+01 +4.6159e+00 -2.7569e-01 -2.0062e+00 +1.8360e+00 -1.9936e+00 +3.1377e+00 +2.6257e-01 -1.4308e+00 -3.2754e+00 -1.3559e+00
15 0 +1.818048713e+01 -4.029951287e+01 -4.029951287e+01 -1.6561e+00 +3.3928e+00 -2.2599e+00 +4.1022e-01 -2.2520e+00 -4.8144e+00 -1.3498e-03 +1.4591e-01 -1.9432e+00 +3.1490e+00
18 0 +7.474102303e+00 -5.100589770e+01 -5.100589770e+01 +2.2447e+00 -1.9838e+00 +1.0192e+00 +4.4575e-01 -1.5002e-02 +2.6262e+00 -1.1202e+00 +2.8750e+00 +4.5413e-01 +2.2871e-01
63 0 +6.557684873e+00 -5.192231513e+01 -5.192231513e+01 +1.6492e+00 -2.3709e+00 +2.1986e-01 +5.6841e-01 -1.8050e-02 +1.8693e+00 -6.3793e-01 +4.1497e-01 +7.9626e-01 -2.1018e+00
222 0 +5.446038899e+00 -5.303396110e+01 -5.303396110e+01 +1.1437e+00 -1.6290e+00 -1.0650e-01 -1.8055e+00 +5.3508e-01 +1.6414e+00 +2.0523e+00 -4.0676e-02 +2.1114e-01 -1.1707e+00
248 0 +5.369483970e+00 -5.311051603e+01 -5.311051603e+01 +2.0650e+00 -3.0739e+00 +3.6081e-01 +3.8645e-01 -8.3717e-01 +1.1157e+00 +3.2648e-01 +7.8471e-01 -4.8684e-01 -2.5386e+00
491 0 +5.074051452e+00 -5.340594855e+01 -5.340594855e+01 +1.9431e+00 -2.6216e+00 +1.9567e-01 +4.0515e-01 -4.8508e-01 +7.5453e-01 -1.1693e-01 +7.7479e-01 -4.4894e-01 -2.1564e+00
590 0 +4.981387066e+00 -5.349861293e+01 -5.349861293e+01 +1.9299e+00 -2.4783e+00 +1.5396e-01 +5.2652e-01 -4.0035e-02 +5.5975e-01 -2.0410e-02 -1.0240e-02 -1.2183e-01 -2.2236e+00
850 0 +4.806575792e+00 -5.367342421e+01 -5.367342421e+01 +1.9307e+00 -1.8813e+00 -3.1154e-01 +6.0240e-01 -4.3729e-01 +4.1607e-01 +4.4674e-01 -9.6716e-01 -1.3026e-01 -2.2838e+00
1400 0 +4.779402583e+00 -5.370059742e+01 -5.370059742e+01 +1.9307e+00 -1.8812e+00 -3.1158e-01 +6.0240e-01 -4.3725e-01 +4.1605e-01 +4.4678e-01 -9.6723e-01 -1.3026e-01 -2.2838e+00
2856 0 +4.317828886e+00 -5.416217111e+01 -5.416217111e+01 +1.2268e+00 -1.9004e+00 -2.9628e-01 +1.0357e+00 -4.3404e-01 +5.3043e-01 +2.2815e-01 -9.9412e-01 -1.1124e-01 -1.6049e+00
3575 0 +3.284142312e+00 -5.519585769e+01 -5.519585769e+01 +1.4644e+00 -7.4103e-01 -2.7427e-01 +1.8422e+00 -4.3730e-01 +6.6446e-01 +1.8357e-01 +4.9573e-01 -9.4646e-02 -2.0173e+00
20106 0 +2.870019917e+00 -5.560998008e+01 -5.560998008e+01 +1.6165e+00 +6.5227e-01 -2.8225e-01 +2.3336e+00 -4.4066e-01 +8.0212e-01 +1.2937e-01 +5.7391e-01 -7.7294e-02 -2.1368e+00
20606 0 +2.766461050e+00 -5.571353895e+01 -5.571353895e+01 +1.6165e+00 +6.5254e-01 -2.8225e-01 +2.3337e+00 -4.4066e-01 +8.0215e-01 +1.2936e-01 +5.7408e-01 -7.7290e-02 -2.1369e+00
40051 0 +2.766461050e+00 -5.571353895e+01 -5.571353895e+01 +1.6165e+00 +6.5254e-01 -2.8225e-01 +2.3337e+00 -4.4066e-01 +8.0215e-01 +1.2936e-01 +5.7408e-01 -7.7290e-02 -2.1369e+00
% f evaluations | g evaluations | best noise-free fitness - Fopt (-6.130800000000e+02) + sum g_i+ | measured fitness | best measured fitness or single-digit g-values | x1 | x2...
1 0 +2.621044215e+01 -5.868695578e+02 -5.868695578e+02 -3.0371e+00 +4.2087e-01 +2.7033e+00 -2.0325e-01 +1.9075e+00 -2.1846e+00 +2.5604e+00 +4.2475e+00 -2.5830e+00 -2.6938e+00
6 0 +2.383606799e+01 -5.892439320e+02 -5.892439320e+02 -1.5403e+00 -7.3485e-01 +7.6516e-01 -2.6545e+00 -4.6041e+00 -1.8468e-02 +3.9112e-02 +2.7882e+00 +2.3127e+00 +7.3748e-01
17 0 +1.034342716e+01 -6.027365728e+02 -6.027365728e+02 -2.2348e+00 -3.1480e-01 -1.7380e+00 +9.6726e-01 -8.9992e-01 -2.9301e-01 -1.6679e+00 +1.6294e+00 +1.4018e+00 -4.8065e-01
94 0 +6.883369824e+00 -6.061966302e+02 -6.061966302e+02 -5.2897e-01 -2.6559e+00 -1.0182e+00 +6.6162e-01 -1.5294e+00 -1.5184e-01 +7.8512e-01 +8.1306e-01 -7.3757e-01 +1.5025e+00
138 0 +6.243253777e+00 -6.068367462e+02 -6.068367462e+02 -1.2454e+00 -6.5338e-01 -3.5416e-01 +1.5595e+00 +3.2851e-01 +2.3705e+00 +1.3945e+00 +1.8356e+00 +1.5349e+00 +1.5040e+00
369 0 +5.444181958e+00 -6.076358180e+02 -6.076358180e+02 -1.5349e+00 -1.2691e+00 -3.8361e-01 +1.5246e+00 +1.8597e-02 +2.1884e+00 +1.8458e+00 +2.2512e+00 +6.5434e-01 +1.4256e+00
499 0 +5.368894177e+00 -6.077111058e+02 -6.077111058e+02 -1.4822e+00 -1.2358e+00 -7.9577e-01 +1.7800e+00 +3.4001e-02 +1.0723e+00 +2.4203e+00 +1.9837e+00 -7.6141e-01 +1.7791e+00
885 0 +3.593618568e+00 -6.094863814e+02 -6.094863814e+02 -1.4837e+00 -1.3882e+00 -8.0166e-01 +1.7348e+00 +5.7883e-01 +1.4957e+00 +2.4226e+00 +2.0616e+00 -8.2468e-01 +1.7513e+00
1235 0 +3.068088550e+00 -6.100119114e+02 -6.100119114e+02 -1.4837e+00 -1.3886e+00 -8.0168e-01 +1.7343e+00 +5.8049e-01 +1.4970e+00 +2.4226e+00 +2.0619e+00 -8.2525e-01 +1.7512e+00
7984 0 +2.980030405e+00 -6.100999696e+02 -6.100999696e+02 -1.4844e+00 -1.3884e+00 -8.0171e-01 +1.7346e+00 +5.6012e-01 +1.5033e+00 +2.4207e+00 +2.0580e+00 -8.5661e-01 +1.7511e+00
15422 0 +2.659790226e+00 -6.104202098e+02 -6.104202098e+02 -1.4842e+00 -1.3811e+00 -7.9212e-01 +1.7293e+00 +5.5658e-01 +1.4800e+00 +2.4303e+00 +2.0563e+00 -8.4748e-01 +1.7492e+00
15822 0 +2.585809186e+00 -6.104941908e+02 -6.104941908e+02 -1.4842e+00 -1.3811e+00 -7.9197e-01 +1.7293e+00 +5.5658e-01 +1.4800e+00 +2.4304e+00 +2.0563e+00 -8.4723e-01 +1.7492e+00
31266 0 +2.353662853e+00 -6.107263371e+02 -6.107263371e+02 -1.4842e+00 -1.3745e+00 -7.8872e-01 +1.7100e+00 +5.5550e-01 +1.4688e+00 +2.4468e+00 +2.0562e+00 -8.4414e-01 +1.7452e+00
40051 0 +2.344964504e+00 -6.107350355e+02 -6.107350355e+02 -1.4842e+00 -1.3744e+00 -7.8870e-01 +1.7099e+00 +5.5549e-01 +1.4687e+00 +2.4469e+00 +2.0562e+00 -8.4407e-01 +1.7452e+00
% f evaluations | g evaluations | best noise-free fitness - Fopt (-1.025500000000e+02) + sum g_i+ | measured fitness | best measured fitness or single-digit g-values | x1 | x2...
1 0 +3.310622863e+01 -6.944377137e+01 -6.944377137e+01 -4.1699e+00 +3.7541e-01 +3.0555e+00 +1.9397e+00 +3.9048e+00 +3.9139e+00 -3.2896e+00 +9.6300e-01 +2.6880e+00 -2.8744e-01
5 0 +2.635647267e+01 -7.619352733e+01 -7.619352733e+01 -3.1397e-01 -3.5421e+00 +3.5887e+00 -4.4401e+00 +4.7777e+00 -8.1499e-01 -1.5292e+00 -7.9000e-01 -1.3510e+00 -7.2319e-01
7 0 +1.852052081e+01 -8.402947919e+01 -8.402947919e+01 -1.4719e+00 -7.7552e-01 +2.2063e+00 +4.2223e+00 -1.8864e+00 +2.6082e+00 -2.0993e-01 +2.4559e+00 +3.3633e-01 -1.4698e+00
56 0 +1.626635308e+01 -8.628364692e+01 -8.628364692e+01 -2.6530e+00 -1.9434e+00 +1.9373e-01 -3.0594e-01 -9.4040e-01 +3.8575e+00 -3.1311e-01 -1.6483e+00 -6.0971e-01 -1.0388e+00
73 0 +1.603310020e+01 -8.651689980e+01 -8.651689980e+01 -1.8448e+00 -2.3007e+00 +2.1775e+00 -4.6849e+00 +2.2472e+00 +2.2991e+00 +3.4580e-01 -1.2147e+00 +1.5103e+00 -1.6364e+00
80 0 +1.494538082e+01 -8.760461918e+01 -8.760461918e+01 -2.0356e+00 +7.9598e-01 +2.6153e+00 +1.6776e+00 -1.5770e+00 +2.8131e+00 +3.9960e-01 +1.9884e+00 -3.3143e-01 -2.3576e+00
83 0 +1.147092357e+01 -9.107907643e+01 -9.107907643e+01 +9.2052e-01 -1.5238e+00 +2.7896e+00 +2.1028e-01 +4.3600e-01 +2.8822e+00 +4.2633e-01 +1.6756e+00 +2.1528e+00 +2.4889e+00
180 0 +8.933716144e+00 -9.361628386e+01 -9.361628386e+01 -1.4200e+00 -3.5124e+00 +2.6320e+00 +6.1884e-01 +1.5319e+00 +2.2459e+00 -3.5883e-01 +3.0790e-01 +9.1066e-01 +2.2307e-02
183 0 +7.655823466e+00 -9.489417653e+01 -9.489417653e+01 -5.8278e-02 -1.6880e+00 +3.2053e+00 +9.0857e-01 +1.5416e-01 +2.6533e+00 -4.9727e-01 -1.5356e+00 -1.6706e+00 -1.1489e+00
220 0 +6.955474678e+00 -9.559452532e+01 -9.559452532e+01 -8.9870e-01 -9.3571e-01 +1.8690e+00 +1.2921e+00 +9.2301e-01 +2.7807e+00 -1.2246e+00 -1.8614e+00 -1.8606e+00 -3.5312e-01
395 0 +5.802990876e+00 -9.674700912e+01 -9.674700912e+01 -2.4510e+00 +7.5585e-02 +2.5026e-01 +1.2264e+00 +4.1323e-01 +2.4465e+00 -6.7536e-01 -2.7745e+00 -1.9586e+00 +2.7160e-02
1297 0 +5.602508408e+00 -9.694749159e+01 -9.694749159e+01 -2.6228e+00 +7.5692e-02 +2.5506e-01 +1.2230e+00 +3.7150e-01 +2.4473e+00 -7.0093e-01 -2.7667e+00 -1.9455e+00 +4.8021e-02
2953 0 +4.855689067e+00 -9.769431093e+01 -9.769431093e+01 -2.8860e+00 +9.3951e-02 -4.8447e-02 +1.2283e+00 +3.1459e-01 +2.4400e+00 -7.2688e-01 -2.7986e+00 -1.9066e+00 +5.6384e-02
14129 0 +4.147003024e+00 -9.840299698e+01 -9.840299698e+01 -2.8860e+00 +9.3698e-02 -4.8526e-02 +1.2281e+00 +3.1453e-01 +2.4400e+00 -7.2692e-01 -2.7989e+00 -1.9066e+00 +5.6362e-02
14303 0 +3.956661177e+00 -9.859333882e+01 -9.859333882e+01 -2.8860e+00 +9.3771e-02 -4.8473e-02 +1.2281e+00 +3.1450e-01 +2.4400e+00 -7.2689e-01 -2.7989e+00 -1.9065e+00 +5.6363e-02
14353 0 +3.815714846e+00 -9.873428515e+01 -9.873428515e+01 -2.8860e+00 +9.3833e-02 -4.8424e-02 +1.2281e+00 +3.1450e-01 +2.4400e+00 -7.2689e-01 -2.7989e+00 -1.9065e+00 +5.6361e-02
14403 0 +3.775809496e+00 -9.877419050e+01 -9.877419050e+01 -2.8860e+00 +9.3858e-02 -4.8405e-02 +1.2281e+00 +3.1450e-01 +2.4400e+00 -7.2689e-01 -2.7990e+00 -1.9065e+00 +5.6360e-02
14479 0 +3.671405451e+00 -9.887859455e+01 -9.887859455e+01 -2.8860e+00 +9.3987e-02 -4.8363e-02 +1.2281e+00 +3.1445e-01 +2.4400e+00 -7.2683e-01 -2.7990e+00 -1.9065e+00 +5.6359e-02
14529 0 +3.626504521e+00 -9.892349548e+01 -9.892349548e+01 -2.8860e+00 +9.3998e-02 -4.8320e-02 +1.2282e+00 +3.1444e-01 +2.4400e+00 -7.2682e-01 -2.7990e+00 -1.9065e+00 +5.6359e-02
29090 0 +3.478385928e+00 -9.907161407e+01 -9.907161407e+01 -2.8860e+00 +9.3990e-02 -4.7785e-02 +1.2281e+00 +3.1442e-01 +2.4400e+00 -7.2683e-01 -2.7990e+00 -1.9064e+00 +5.6323e-02
29429 0 +3.424456170e+00 -9.912554383e+01 -9.912554383e+01 -2.8860e+00 +9.4020e-02 -4.7776e-02 +1.2281e+00 +3.1442e-01 +2.4400e+00 -7.2683e-01 -2.7990e+00 -1.9064e+00 +5.6343e-02
29490 0 +3.378135677e+00 -9.917186432e+01 -9.917186432e+01 -2.8860e+00 +9.3990e-02 -4.7775e-02 +1.2282e+00 +3.1442e-01 +2.4400e+00 -7.2683e-01 -2.7990e+00 -1.9064e+00 +5.6364e-02
29603 0 +3.128163846e+00 -9.942183615e+01 -9.942183615e+01 -2.8860e+00 +9.3980e-02 -4.7656e-02 +1.2282e+00 +3.1442e-01 +2.4400e+00 -7.2684e-01 -2.7990e+00 -1.9064e+00 +5.6432e-02
29653 0 +3.057332490e+00 -9.949266751e+01 -9.949266751e+01 -2.8860e+00 +9.3979e-02 -4.7639e-02 +1.2282e+00 +3.1442e-01 +2.4400e+00 -7.2685e-01 -2.7990e+00 -1.9064e+00 +5.6465e-02
29779 0 +3.006345778e+00 -9.954365422e+01 -9.954365422e+01 -2.8860e+00 +9.3969e-02 -4.7593e-02 +1.2283e+00 +3.1442e-01 +2.4400e+00 -7.2686e-01 -2.7990e+00 -1.9063e+00 +5.6448e-02
29790 0 +2.918007573e+00 -9.963199243e+01 -9.963199243e+01 -2.8860e+00 +9.3965e-02 -4.7612e-02 +1.2283e+00 +3.1442e-01 +2.4400e+00 -7.2685e-01 -2.7990e+00 -1.9063e+00 +5.6519e-02
29879 0 +2.856043041e+00 -9.969395696e+01 -9.969395696e+01 -2.8860e+00 +9.3953e-02 -4.7625e-02 +1.2284e+00 +3.1442e-01 +2.4400e+00 -7.2685e-01 -2.7990e+00 -1.9063e+00 +5.6593e-02
29953 0 +2.811523672e+00 -9.973847633e+01 -9.973847633e+01 -2.8860e+00 +9.3954e-02 -4.7627e-02 +1.2284e+00 +3.1442e-01 +2.4400e+00 -7.2685e-01 -2.7990e+00 -1.9063e+00 +5.6633e-02
30081 0 +2.711584458e+00 -9.983841554e+01 -9.983841554e+01 -2.8861e+00 +9.3942e-02 -4.7598e-02 +1.2284e+00 +3.1442e-01 +2.4400e+00 -7.2689e-01 -2.7990e+00 -1.9061e+00 +5.6755e-02
30129 0 +2.689066741e+00 -9.986093326e+01 -9.986093326e+01 -2.8860e+00 +9.3971e-02 -4.7600e-02 +1.2284e+00 +3.1442e-01 +2.4400e+00 -7.2690e-01 -2.7990e+00 -1.9062e+00 +5.6775e-02
40051 0 +2.644340842e+00 -9.990565916e+01 -9.990565916e+01 -2.8860e+00 +9.3977e-02 -4.7574e-02 +1.2284e+00 +3.1442e-01 +2.4400e+00 -7.2687e-01 -2.7990e+00 -1.9062e+00 +5.6847e-02
% f evaluations | g evaluations | best noise-free fitness - Fopt (7.169000000000e+01) + sum g_i+ | measured fitness | best measured fitness or single-digit g-values | x1 | x2...
1 0 +3.261098156e+01 +1.043009816e+02 +1.043009816e+02 +2.5481e+00 -6.3600e-01 +2.0209e+00 -2.2290e+00 -1.1448e+00 +1.2818e+00 +1.7845e+00 +1.8068e-01 -4.3463e+00 -3.0199e+00
3 0 +1.897986868e+01 +9.066986868e+01 +9.066986868e+01 +3.1883e+00 -7.0480e-01 -7.7498e-01 -1.1479e+00 +3.0703e+00 -4.3454e+00 -2.0212e+00 +2.1215e+00 -2.7475e+00 +2.4625e+00
25 0 +1.685840300e+01 +8.854840300e+01 +8.854840300e+01 +1.8263e-01 +1.1592e+00 +7.4171e-01 -2.7741e+00 +6.3482e-01 +1.5326e+00 +5.8605e-01 -1.3708e+00 -1.3667e+00 -4.4515e+00
51 0 +1.406301993e+01 +8.575301993e+01 +8.575301993e+01 -2.0848e+00 -1.5046e+00 +9.7741e-02 +2.6129e-01 +3.2941e+00 +1.9218e+00 +1.9488e-01 -3.2477e-01 -4.0574e-01 -3.9171e+00
60 0 +1.081993519e+01 +8.250993519e+01 +8.250993519e+01 -2.4070e+00 -4.0054e+00 +6.7722e-01 -8.9996e-01 -1.6729e+00 +7.5373e-01 -1.1667e+00 +9.3838e-01 -2.0412e+00 -2.1243e+00
90 0 +8.808571224e+00 +8.049857122e+01 +8.049857122e+01 -2.8754e-01 -1.4922e+00 +6.4495e-01 +1.4932e+00 -1.8300e+00 +4.4778e+00 +8.7116e-01 -3.6666e-01 -6.9936e-01 +1.3910e+00
179 0 +7.343457142e+00 +7.903345714e+01 +7.903345714e+01 -7.2307e-01 +7.7302e-01 +3.3827e-01 +1.8184e+00 -2.0181e+00 -1.6884e+00 -2.8782e-01 -9.6504e-01 -3.6423e-01 +1.5433e+00
414 0 +6.597446534e+00 +7.828744653e+01 +7.828744653e+01 -1.2633e+00 +7.2474e-01 +3.6336e-01 +1.1251e+00 -1.6255e+00 -8.9506e-01 -4.5826e-02 -1.9880e+00 -3.8387e-01 +2.0036e+00
515 0 +5.712310125e+00 +7.740231012e+01 +7.740231012e+01 -1.2352e+00 +5.9853e-01 +3.0258e-01 +6.4973e-01 -9.8586e-01 +9.9753e-02 +1.1952e-02 -1.4610e+00 -4.4816e-01 +1.9523e+00
935 0 +4.932038329e+00 +7.662203833e+01 +7.662203833e+01 -1.2975e+00 +1.6511e+00 +3.2862e-01 +3.3039e-01 -9.8284e-01 -1.4706e-01 +4.6002e-02 -1.2849e+00 -4.3876e-01 +1.9218e+00
2561 0 +3.694795931e+00 +7.538479593e+01 +7.538479593e+01 -1.2779e+00 +1.6619e+00 +3.2699e-01 +4.8536e-01 -9.7590e-01 -5.2233e-01 +9.4797e-02 -1.2444e+00 -4.9475e-01 +1.9206e+00
2861 0 +2.520373611e+00 +7.421037361e+01 +7.421037361e+01 -1.2787e+00 +1.6620e+00 +3.2697e-01 +4.8661e-01 -9.7583e-01 -5.2580e-01 +9.5539e-02 -1.2433e+00 -4.9577e-01 +1.9206e+00
2961 0 +2.499885092e+00 +7.418988509e+01 +7.418988509e+01 -1.2788e+00 +1.6620e+00 +3.2696e-01 +4.8680e-01 -9.7581e-01 -5.2635e-01 +9.5658e-02 -1.2431e+00 -4.9593e-01 +1.9206e+00
9197 0 +2.324292242e+00 +7.401429224e+01 +7.401429224e+01 -1.2788e+00 +1.6620e+00 +3.2679e-01 +4.8641e-01 -9.7552e-01 -5.2634e-01 +9.5836e-02 -1.2431e+00 -4.9676e-01 +1.9206e+00
10461 0 +2.274391984e+00 +7.396439198e+01 +7.396439198e+01 -1.2788e+00 +1.6620e+00 +3.2656e-01 +4.8649e-01 -9.7518e-01 -5.2633e-01 +9.6145e-02 -1.2431e+00 -4.9664e-01 +1.9206e+00
10547 0 +2.179231783e+00 +7.386923178e+01 +7.386923178e+01 -1.2788e+00 +1.6620e+00 +3.2674e-01 +4.8654e-01 -9.7483e-01 -5.2634e-01 +9.6406e-02 -1.2431e+00 -4.9675e-01 +1.9206e+00
10661 0 +2.110225665e+00 +7.380022566e+01 +7.380022566e+01 -1.2788e+00 +1.6620e+00 +3.2689e-01 +4.8659e-01 -9.7489e-01 -5.2634e-01 +9.6457e-02 -1.2431e+00 -4.9684e-01 +1.9206e+00
10961 0 +2.087755604e+00 +7.377775560e+01 +7.377775560e+01 -1.2788e+00 +1.6620e+00 +3.2718e-01 +4.8667e-01 -9.7482e-01 -5.2635e-01 +9.6487e-02 -1.2431e+00 -4.9694e-01 +1.9206e+00
40051 0 +2.074838287e+00 +7.376483829e+01 +7.376483829e+01 -1.2788e+00 +1.6620e+00 +3.2726e-01 +4.8667e-01 -9.7489e-01 -5.2635e-01 +9.6465e-02 -1.2431e+00 -4.9695e-01 +1.9206e+00
% f evaluations | g evaluations | best noise-free fitness - Fopt (2.140100000000e+02) + sum g_i+ | measured fitness | best measured fitness or single-digit g-values | x1 | x2...
1 0 +5.136104602e+01 +2.653710460e+02 +2.653710460e+02 -1.3050e+00 -5.1383e-01 +2.7772e+00 +4.6432e+00 -1.2035e+00 +1.9866e+00 +4.9427e+00 -2.8892e+00 -1.1675e+00 +2.5954e+00
2 0 +4.008722206e+01 +2.540972221e+02 +2.540972221e+02 -3.1860e+00 +1.1613e+00 -4.7512e+00 +2.0573e+00 +3.5232e+00 +3.2538e+00 -1.2035e+00 +1.4476e+00 +2.4990e+00 +2.2162e+00
3 0 +3.166639717e+01 +2.456763972e+02 +2.456763972e+02 +3.7661e+00 -2.7708e+00 -2.2961e+00 -2.1114e+00 +4.1153e+00 +1.2669e+00 +2.4482e+00 -4.4531e-01 +8.6929e-01 -1.1635e-01
4 0 +2.832476308e+01 +2.423347631e+02 +2.423347631e+02 +3.1262e+00 +1.9525e+00 +3.2072e+00 -5.4016e-01 +1.9973e+00 +6.5072e-01 -3.6054e+00 -1.1518e+00 +3.2322e-01 -4.9785e+00
11 0 +2.160507264e+01 +2.356150726e+02 +2.356150726e+02 -1.9588e+00 -1.4731e+00 +1.5041e+00 +6.3454e-01 -1.0611e+00 +2.7607e+00 +1.9819e+00 -2.0421e+00 -5.2099e-01 +1.1783e+00
54 0 +1.148811263e+01 +2.254981126e+02 +2.254981126e+02 +7.3844e-01 +9.0921e-01 +2.4010e+00 +7.0899e-01 -1.6815e+00 +1.6553e+00 +2.2780e+00 -2.5803e+00 +1.0654e-01 -3.4134e+00
90 0 +9.966134022e+00 +2.239761340e+02 +2.239761340e+02 +1.5816e+00 +5.0387e-01 +1.3315e+00 -3.2804e-01 -2.3260e+00 -1.4251e+00 +1.0812e+00 -9.6953e-01 +7.8945e-02 +7.4645e-01
109 0 +8.864701595e+00 +2.228747016e+02 +2.228747016e+02 +1.5849e+00 +3.4541e-01 +8.0288e-01 +6.0558e-01 -1.6793e+00 +2.8410e+00 +1.7154e-01 -6.8685e-01 -3.2342e-01 +1.3879e+00
121 0 +6.854257596e+00 +2.208642576e+02 +2.208642576e+02 -1.1977e+00 -3.5447e+00 +4.7911e-01 -6.1312e-01 -1.4613e+00 +1.2852e+00 -2.1016e-01 +5.3728e-01 +5.1397e-01 -1.4597e+00
571 0 +5.784463002e+00 +2.197944630e+02 +2.197944630e+02 -1.1972e+00 -3.5451e+00 +4.7939e-01 -6.1300e-01 -1.4611e+00 +1.2849e+00 -2.1100e-01 +5.3782e-01 +5.1448e-01 -1.4605e+00
1165 0 +5.171118085e+00 +2.191811181e+02 +2.191811181e+02 -1.1767e+00 -3.5650e+00 +4.6265e-01 -6.2166e-01 -1.4560e+00 +1.2876e+00 -2.1243e-01 +5.8697e-01 +5.1348e-01 -1.4605e+00
2075 0 +4.540135403e+00 +2.185501354e+02 +2.185501354e+02 -1.1217e+00 -1.1223e-01 +5.9927e-01 -7.6530e-01 -1.4633e+00 +1.5606e+00 -8.9786e-03 -2.8303e-02 +6.9297e-02 -1.2708e+00
2445 0 +3.533286056e+00 +2.175432861e+02 +2.175432861e+02 -7.8051e-01 +2.2938e-01 +5.1395e-01 -1.5486e-01 -1.4633e+00 +1.5267e+00 -2.1898e-01 -4.8059e-01 +5.9232e-02 -1.3093e+00
3097 0 +3.253362676e+00 +2.172633627e+02 +2.172633627e+02 -1.0142e+00 +2.4742e-01 +5.0988e-01 -1.7972e-01 -1.4954e+00 +1.3087e+00 -1.9865e-01 -4.8083e-01 +6.4296e-02 -1.2511e+00
4240 0 +3.143019034e+00 +2.171530190e+02 +2.171530190e+02 -1.0789e+00 +3.0027e-01 +3.8151e-01 -1.7354e-01 -1.5142e+00 +1.4117e+00 -1.6051e-01 -5.6284e-01 +6.2458e-02 -2.4323e+00
13752 0 +3.046809943e+00 +2.170568099e+02 +2.170568099e+02 -1.0861e+00 -9.4038e-02 +2.2739e-01 -2.4594e-01 -1.6196e+00 +1.4174e+00 -1.6762e-01 -4.8795e-01 +8.3842e-03 -2.4112e+00
20763 0 +2.672279619e+00 +2.166822796e+02 +2.166822796e+02 -9.0563e-01 -9.1810e-02 +2.6574e-01 -1.3874e-01 -1.5797e+00 +1.4290e+00 -1.7100e-01 -4.8863e-01 +1.0095e-02 -2.1002e+00
40051 0 +2.645023927e+00 +2.166550239e+02 +2.166550239e+02 -7.4654e-01 -5.9937e-02 +2.9355e-01 -2.0191e-01 -1.5404e+00 +1.4381e+00 -1.7436e-01 -5.1991e-01 +9.8915e-03 -2.1736e+00
% f evaluations | g evaluations | best noise-free fitness - Fopt (-5.848000000000e+01) + sum g_i+ | measured fitness | best measured fitness or single-digit g-values | x1 | x2...
1 0 +3.497323577e+01 -2.350676423e+01 -2.350676423e+01 -3.4710e+00 -1.3509e+00 +1.4915e+00 +4.7098e-01 -1.2185e+00 +4.6094e+00 +9.4601e-01 +1.7754e+00 +1.6653e+00 +4.3742e+00
2 0 +2.888705506e+01 -2.959294494e+01 -2.959294494e+01 -7.8904e-01 +4.3950e+00 -8.4832e-01 +2.8967e+00 -3.2720e+00 -1.6221e+00 +2.6515e+00 +2.1255e+00 +1.7390e+00 -3.4256e+00
13 0 +2.581320455e+01 -3.266679545e+01 -3.266679545e+01 -2.0583e-01 -8.9073e-01 -2.8089e+00 +4.4203e+00 -1.5763e+00 -1.2253e+00 -2.1525e+00 -3.3226e+00 -4.5592e-01 +3.8444e-02
17 0 +1.698869627e+01 -4.149130373e+01 -4.149130373e+01 +8.4859e-01 -1.1757e+00 -7.1675e-01 -2.7316e+00 -4.5686e+00 +3.9868e+00 -1.4740e+00 +6.9266e-02 -2.0387e+00 +1.2472e+00
64 0 +1.545311404e+01 -4.302688596e+01 -4.302688596e+01 +1.0777e+00 -1.4298e+00 -3.6480e-01 -1.4715e+00 -2.9754e+00 +7.8738e-01 -1.3895e+00 +8.9036e-01 -2.3815e+00 -2.6724e+00
73 0 +9.507369241e+00 -4.897263076e+01 -4.897263076e+01 +6.3670e-01 -2.3804e+00 -5.6936e-01 -1.1051e+00 +4.5786e-02 +9.3230e-01 -3.6669e-01 +1.2961e+00 -1.0228e+00 +1.5236e+00
104 0 +5.725993980e+00 -5.275400602e+01 -5.275400602e+01 +1.6745e+00 +1.1192e+00 +5.0258e-01 -1.5336e+00 +1.8594e-01 +2.3118e+00 +4.3011e-01 -4.5371e-01 -1.6767e+00 -1.5382e+00
363 0 +5.177518328e+00 -5.330248167e+01 -5.330248167e+01 +1.8491e+00 +1.1147e+00 +1.3049e+00 +2.6262e-01 -5.2843e-01 +2.3725e+00 +3.3383e-01 -3.5349e-01 -1.3975e+00 -1.1349e+00
643 0 +3.209378937e+00 -5.527062106e+01 -5.527062106e+01 +1.7112e+00 +2.3454e+00 +1.0966e+00 +6.5306e-01 -7.1506e-01 +2.4968e+00 +2.9586e-01 -2.2675e-01 -1.3373e+00 -2.2922e-01
1193 0 +3.070989237e+00 -5.540901076e+01 -5.540901076e+01 +1.7112e+00 +2.3458e+00 +1.0966e+00 +6.5310e-01 -7.1509e-01 +2.4969e+00 +2.9586e-01 -2.2674e-01 -1.3373e+00 -2.2915e-01
5138 0 +2.938107036e+00 -5.554189296e+01 -5.554189296e+01 +1.7103e+00 +2.0298e+00 +8.9986e-01 +3.4804e-01 -6.6026e-01 +2.4815e+00 +2.9871e-01 -1.9391e-01 -1.2633e+00 -3.4274e-01
5965 0 +2.644610581e+00 -5.583538942e+01 -5.583538942e+01 +1.5497e+00 +2.0226e+00 +9.9207e-01 +5.5472e-01 -5.3307e-01 +2.8810e+00 +2.8269e-01 -9.1085e-02 -1.2949e+00 -4.0724e-01
6365 0 +2.550320100e+00 -5.592967990e+01 -5.592967990e+01 +1.5495e+00 +2.0225e+00 +9.9219e-01 +5.5493e-01 -5.3289e-01 +2.8814e+00 +2.8278e-01 -9.0947e-02 -1.2950e+00 -4.0668e-01
29135 0 +2.432318628e+00 -5.604768137e+01 -5.604768137e+01 +1.5480e+00 +2.0227e+00 +8.2241e-01 +5.4747e-01 -5.2841e-01 +2.8995e+00 +2.7975e-01 -1.6984e-01 -1.3085e+00 -4.0667e-01
40051 0 +2.432318628e+00 -5.604768137e+01 -5.604768137e+01 +1.5480e+00 +2.0227e+00 +8.2241e-01 +5.4747e-01 -5.2841e-01 +2.8995e+00 +2.7975e-01 -1.6984e-01 -1.3085e+00 -4.0667e-01
% f evaluations | g evaluations | best noise-free fitness - Fopt (-6.130800000000e+02) + sum g_i+ | measured fitness | best measured fitness or single-digit g-values | x1 | x2...
1 0 +5.653348686e+01 -5.565465131e+02 -5.565465131e+02 +2.8895e+00 -1.0947e+00 -3.1110e+00 +1.4260e+00 +3.2734e+00 -2.7401e+00 +3.1352e+00 -3.7740e+00 -4.5872e+00 -2.1600e+00
5 0 +2.767751250e+01 -5.854024875e+02 -5.854024875e+02 +3.4580e+00 +3.4727e+00 -8.7629e-01 +8.5261e-01 +3.2394e+00 +2.9500e+00 -1.6572e+00 -2.0008e-01 -7.7784e-01 -1.2278e+00
9 0 +2.596570323e+01 -5.871142968e+02 -5.871142968e+02 +3.0034e+00 -2.7753e+00 +1.4912e+00 -3.9637e+00 -9.1974e-01 -2.4341e+00 -6.0784e-01 +1.3389e+00 +2.5880e+00 -4.4843e-01
11 0 +2.388030161e+01 -5.891996984e+02 -5.891996984e+02 -1.1605e+00 +1.4842e+00 -6.7125e-01 +7.1441e-01 +4.1515e-01 +4.5192e+00 +1.3322e+00 -1.5128e+00 +9.0811e-01 +2.3868e+00
18 0 +2.310063271e+01 -5.899793673e+02 -5.899793673e+02 -2.1354e+00 -3.8487e+00 +4.7410e+00 -8.5961e-01 -2.0899e+00 -1.8549e+00 +4.2807e+00 -1.5617e+00 -2.6513e+00 +1.0223e+00
35 0 +2.102214060e+01 -5.920578594e+02 -5.920578594e+02 -7.0564e-01 -1.7716e+00 +2.4382e+00 +2.6972e+00 +6.3884e-01 +4.0585e+00 -2.8203e+00 -1.6132e+00 -2.2406e+00 +5.0811e-01
41 0 +1.976869824e+01 -5.933113018e+02 -5.933113018e+02 +1.6616e+00 -1.1740e+00 -2.2048e+00 -2.5179e+00 -1.8925e+00 +2.6875e+00 +3.8022e+00 -1.2213e+00 -1.4135e+00 +1.3367e+00
58 0 +1.911848519e+01 -5.939615148e+02 -5.939615148e+02 +2.2505e+00 -2.2354e+00 -4.2483e+00 -4.3446e+00 -3.7348e+00 +7.5757e-01 -1.1716e+00 -1.6650e+00 -2.2208e-01 +1.3425e-01
60 0 +1.678377481e+01 -5.962962252e+02 -5.962962252e+02 +1.8333e+00 -5.9451e-01 -5.2588e-01 +8.4353e-01 -2.9049e+00 +2.8264e+00 +3.9341e+00 -1.9837e+00 -6.8879e-01 +2.8871e+00
61 0 +1.633863794e+01 -5.967413621e+02 -5.967413621e+02 -9.8438e-01 -2.1933e+00 -3.5581e+00 -1.7051e-01 -3.1956e+00 +2.0857e+00 +3.6540e+00 +3.9620e-03 -1.1502e+00 +1.7289e+00
77 0 +1.559317497e+01 -5.974868250e+02 -5.974868250e+02 -1.3218e-01 +9.4576e-01 -5.3436e-01 +2.3476e+00 -6.2882e-01 -5.9430e-02 -2.3312e+00 -2.2947e-01 -4.2216e+00 -2.2785e-02
101 0 +1.502682353e+01 -5.980531765e+02 -5.980531765e+02 +7.8153e-02 -3.2766e+00 -1.6043e+00 +2.7108e+00 -9.4147e-01 +3.0461e+00 +1.4327e+00 -2.4404e+00 -1.5483e+00 +1.3029e+00
117 0 +1.455773620e+01 -5.985222638e+02 -5.985222638e+02 +7.2095e-01 -3.6169e+00 +2.1512e-01 -1.0755e+00 -9.5915e-01 +1.7810e+00 +3.1470e+00 -9.9037e-01 -1.3929e-02 +9.6440e-01
121 0 +1.385044980e+01 -5.992295502e+02 -5.992295502e+02 +7.6209e-01 -7.9582e-01 -4.1674e-01 +3.5492e-01 +1.5476e-01 +3.8484e+00 +2.7715e+00 -1.1097e+00 +1.5880e-01 -2.4701e+00
129 0 +9.102173659e+00 -6.039778263e+02 -6.039778263e+02 -1.4242e+00 -3.4268e-01 -5.3102e-01 -1.5983e+00 -1.7532e-01 +2.8945e+00 +1.4981e+00 -3.4241e-01 -1.3754e+00 +9.5785e-01
224 0 +7.136980715e+00 -6.059430193e+02 -6.059430193e+02 -2.2541e+00 -1.6762e+00 +1.1469e-01 -1.0854e+00 -6.2581e-01 +2.4552e+00 +2.6004e+00 -1.1464e-01 +4.7515e-02 +8.7031e-01
374 0 +6.699160113e+00 -6.063808399e+02 -6.063808399e+02 -2.6288e+00 -1.7182e+00 +2.0922e-01 -9.8786e-01 -5.6461e-01 +2.3797e+00 +2.7587e+00 -2.5015e-02 +2.3998e-01 +8.2709e-01
533 0 +6.493579684e+00 -6.065864203e+02 -6.065864203e+02 -2.7562e+00 -6.6594e-01 +2.0821e-01 -1.9811e+00 -6.4011e-01 +2.2527e+00 +2.9573e+00 +4.7378e-01 +1.3008e-01 +1.5327e+00
556 0 +5.858526178e+00 -6.072214738e+02 -6.072214738e+02 -2.4729e+00 -1.1724e+00 -2.2028e-01 -2.8053e+00 -6.3501e-01 +1.6534e+00 +2.8068e+00 +1.2137e-01 +1.0233e+00 +1.4382e+00
1056 0 +5.314447183e+00 -6.077655528e+02 -6.077655528e+02 -2.4730e+00 -1.1725e+00 -2.2040e-01 -2.8055e+00 -6.3501e-01 +1.6533e+00 +2.8068e+00 +1.2133e-01 +1.0236e+00 +1.4383e+00
1304 0 +4.522723425e+00 -6.085572766e+02 -6.085572766e+02 -2.3228e+00 -9.7560e-01 -2.0469e-01 -2.9746e+00 -6.5362e-01 +1.6613e+00 +2.8070e+00 +7.5348e-02 +9.2335e-01 +1.4320e+00
8463 0 +4.204444665e+00 -6.088755553e+02 -6.088755553e+02 -2.3254e+00 -9.3969e-01 -2.0502e-01 -2.9746e+00 -6.5449e-01 +1.6638e+00 +2.8022e+00 -2.2792e-02 +9.8213e-01 +1.4316e+00
13005 0 +4.080695029e+00 -6.089993050e+02 -6.089993050e+02 -2.3143e+00 -9.2589e-01 -2.0372e-01 -2.9706e+00 -6.4953e-01 +1.6649e+00 +2.7573e+00 -3.6338e-02 +9.5967e-01 +1.4487e+00
14452 0 +3.833275028e+00 -6.092467250e+02 -6.092467250e+02 -2.3149e+00 -9.0642e-01 -2.0353e-01 -2.9706e+00 -6.4815e-01 +1.6703e+00 +2.7720e+00 -7.9200e-02 +9.6462e-01 +1.4419e+00
17151 0 +3.792825638e+00 -6.092871744e+02 -6.092871744e+02 -2.3515e+00 -1.1459e+00 -1.4764e-01 -2.9608e+00 -6.3581e-01 +1.6702e+00 +2.7278e+00 -6.9675e-02 +9.9910e-01 +1.4948e+00
17258 0 +3.606647425e+00 -6.094733526e+02 -6.094733526e+02 -2.3458e+00 -1.4861e+00 -1.2146e-01 -2.9490e+00 -6.1072e-01 +1.6746e+00 +2.6116e+00 -1.3086e-01 +9.6149e-01 +1.3436e+00
40051 0 +3.606647425e+00 -6.094733526e+02 -6.094733526e+02 -2.3458e+00 -1.4861e+00 -1.2146e-01 -2.9490e+00 -6.1072e-01 +1.6746e+00 +2.6116e+00 -1.3086e-01 +9.6149e-01 +1.3436e+00
